1701328
1701329
1702040
1702041
1702042
1702072
1702073
1702364
1702365
1910316
1910326
1910336
1913146
1913160
1913161
1913162
1913163
1913164
1913165
1913356
1914334
1914335
1914336
1914346
1914347
1321540
1321541
1321543
1321544
1321545
1321547
1321548
1321549
1323065
1323066
1323067
1323068
1323069
1323160
1323161
1323162
1323163
1323164
1323165
1323166
1323167
1323168
1323169
1327360
1327361
1327362
1327363
1327364
1328832
1328887
1329046
1329066
1329260
1329261
1329262
1329263
1329264
1329265
1329266
1329267
1329268
1329269
1570316
1570326
1571306
1571316
1571326
1571336
1571696
1571762
1571763
1571764
1571765
1571766
1573160
1573161
1573162
1573163
1573164
1573165
1573166
1573167
1573168
1573169
1573260
1573261
1573262
1573263
1573264
1573265
1573266
1573267
1573268
1573269
1573366
1573367
1573368
1840306
1840316
1840326
1843146
1843160
1843161
1843162
1843163
1843164
1843165
1843166
1843167
1843168
1843169
1843236
1843266
1843276
1843286
1650117
1650119
1650209
1650316
1650685
1651006
1651009
1651230
1651316
1651364
1651560
1651565
1651566
1651567
1651569
1651970
1652316
1652800
1652816
1652838
1653058
1653061
1653062
1653063
1653065
1653066
1653067
1653068
1653069
1653076
1653116
1653119
1653130
1653160
1653161
1653162
1653163
1653164
1653165
1653166
1653167
1653168
1653169
1653260
1653261
1653262
1653263
1653265
1653266
1653267
1653268
1653269
1653299
1653305
1653316
1653360
1653361
1653362
1653366
1653526
1653895
1655122
1655123
1655193
1655198
1655199
1655800
1655801
1655802
1655803
1655806
1655807
1655809
1655820
1655829
1655876
1656101
1656225
1656259
1656553
1656556
1656651
1657091
1657127
1657316
1657823
1980306
1980316
1980326
1980336
1981307
1983160
1983161
1983162
1983163
1983164
1983166
1983226
1983266
1983316
1983318
1983364
1983365
1983366
1983367
1983368
1983369
1984486
1984496
1986886
1989896
1810316
1810326
1810336
1813160
1813161
1813162
1813163
1813164
1813165
1813166
1813167
1813168
1813169
1813249
1813386
1813387
1813406
1813426
1520316
1520326
1520336
1522665
1522666
1522667
1522668
1522669
1523060
1523061
1523062
1523063
1523064
1523065
1523066
1523067
1523068
1523069
1523160
1523161
1523162
1523163
1523164
1523165
1523306
1523316
1523326
1523366
1523367
1523368
1523369
1524330
1524331
1524332
1524333
1524334
1528426
1528436
1880306
1880316
1880326
1880336
1881206
1881216
1883060
1883061
1883062
1883063
1883064
1883160
1883161
1883162
1883163
1883164
1883165
1883166
1883167
1883168
1883169
1883260
1883261
1883262
1883263
1883264
1883265
1883266
1883267
1883268
1883269
1883360
1883361
1883362
1883363
1883364
1883365
1883366
1883367
1883368
1883369
1883396
1884946
1887564
1887565
1887566
1887567
1887568
1887569
1750316
1750327
1750328
1750329
1753009
1753160
1753161
1753162
1753163
1753164
1753165
1753166
1753167
1753168
1753169
1753316
1753360
1753361
1753362
1753363
1753364
1755960
1755961
1755962
1755963
1755964
1755965
1755966
1755967
1755968
1755969
1759260
1759261
1759262
1759263
1759264
1759265
1759266
1759267
1759268
1759269
1759435
1759436
1759437
1370034
1370036
1370316
1370326
1372246
1372260
1372261
1372262
1372263
1372264
1372265
1372266
1373036
1373037
1373160
1373161
1373162
1373163
1373326
1375446
1375456
1378026
1378046
1378411
1378412
1378446
1378447
1378477
1378478
1378479
1378480
1378481
1378482
1378546
1378547
1378558
1378559
1378560
1378561
1378562
1378563
1378564
1378565
1378566
1378567
1378568
1378569
1470308
1470309
1470316
1470326
1470336
1473006
1473016
1473050
1473051
1473052
1475606
1475607
1475608
1475609
1475646
1340316
1346316
1346343
1346360
1346361
1346362
1346363
1346364
1347235
1347236
1347316
1347360
1347361
1347362
1347363
1347364
1347365
1347366
1347367
1347368
1347369
1348360
1348361
1348362
1348363
1348364
1348365
1580316
1580326
1580336
1583046
1583060
1583061
1583062
1583160
1583161
1583162
1583163
1583164
1583165
1583166
1583167
1583168
1583169
1583260
1583261
1583262
1583263
1583264
1583265
1583266
1583267
1583268
1583316
1760316
1763306
1763316
1765969
1769260
1769261
1769262
1769263
1769264
1769265
1769266
1510036
1510060
1510061
1510062
1510063
1510064
1510065
1510066
1510067
1510068
1510069
1510070
1510071
1510072
1510316
1510326
1510336
1512760
1512761
1512762
1512763
1512764
1512765
1512766
1512767
1512768
1512769
1512841
1512842
1512843
1512844
1512845
1512846
1512865
1512866
1512867
1512868
1512869
1512894
1513260
1513261
1513262
1513263
1513264
1513265
1513266
1513267
1513268
1513269
1513342
1513343
1513360
1513361
1513362
1513363
1513364
1513365
1513366
1513367
1513368
1513369
1517565
1517566
1517567
1517568
1517569
1820316
1820326
1820336
1823006
1823016
1823034
1823046
1823160
1823161
1823162
1823163
1823164
1823165
1823166
1823167
1823168
1823169
1823245
1823246
1823247
1823248
1823249
1823265
1823266
1823267
1823268
1823269
1823360
1823361
1823362
1823363
1823364
1824454
1380316
1380322
1383160
1383161
1383162
1383163
1383164
1383165
1383166
1383167
1383168
1383169
1383260
1383261
1383262
1383263
1383264
1383265
1383266
1383267
1383268
1383269
1383344
1383360
1383361
1383362
1383363
1383364
1383365
1383366
1383367
1383368
1383369
1660316
1663036
1663037
1663038
1663039
1663040
1663041
1663042
1663043
1663044
1663045
1663046
1663047
1663048
1663049
1663060
1663061
1663062
1663063
1663064
1663065
1663066
1663067
1663068
1663069
1663160
1663161
1663162
1663163
1663164
1663165
1663166
1663167
1663168
1663169
1663260
1663261
1663262
1663263
1663264
1663265
1663266
1663267
1663268
1663269
1663360
1663361
1663362
1663363
1663364
1663365
1663366
1663367
1663368
1663369
1663465
1663466
1663467
1663468
1663469
1870316
1870326
1870336
1871300
1871301
1871302
1871303
1871304
1873060
1873061
1873062
1873063
1873064
1873065
1873066
1873067
1873068
1873069
1873160
1873161
1873162
1873163
1873164
1873165
1873166
1873167
1873168
1873169
1873260
1873261
1873262
1873263
1873264
1873265
1873266
1873267
1873268
1873269
1873360
1873361
1873362
1873363
1873364
1873365
1873366
1873367
1873368
1873369
1310245
1310246
1310247
1310248
1310249
1310306
1310316
1310326
1310336
1310669
1311370
1313160
1313161
1313162
1313163
1313164
1313165
1313166
1313167
1313168
1313169
1314315
1316652
1316653
1317173
1317183
1317193
1317194
1317212
1317213
1317214
1317215
1317217
1317218
1317219
1318034
1318035
1318036
1318037
1318038
1318473
1319195
1319196
1319197
1319198
1730316
1730326
1731706
1732563
1732564
1732565
1732566
1732567
1732568
1732569
1733016
1733160
1733161
1733162
1733163
1733164
1733165
1733166
1733167
1733168
1733169
1733189
1733250
1733260
1733261
1733262
1733263
1733264
1733265
1733266
1733267
1733268
1733269
1733360
1733361
1733362
1733363
1733364
1733365
1733366
1733367
1733368
1733369
1733400
1733401
1733402
1733403
1733496
1733497
1733646
1733826
1734076
1734077
1734078
1734079
1734080
1734081
1734082
1734083
1734084
1734085
1734086
1734986
1735870
1735871
1735872
1735873
1735874
1735875
1735876
1735877
1736076
1736077
1736078
1736079
1736306
1736316
1737026
1737028
1360316
1360326
1360336
1361316
1361326
1361336
1362316
1362326
1363316
1363326
1364316
1365316
1365326
1366316
1366326
1367326
1952718
1952719
1954206
1890316
1890326
1893164
1893165
1893166
1893167
1893168
1893260
1893261
1893262
1894266
1894267
1800036
1800046
1800066
1800316
1800326
1800336
1803160
1803161
1803162
1803163
1803167
1803168
1803169
1803260
1803261
1803262
1803263
1803264
1803360
1803361
1803362
1803363
1803364
1803365
1803366
1803367
1803368
1803369
1803406
1803416
1803426
1803436
1803446
1530316
1530336
1533316
1533324
1533336
1534316
1535068
1535069
1535070
1535071
1535406
1535416
1535426
1536946
1536947
1536960
1536961
1536962
1536963
1536964
1536965
1536966
1536967
1537316
1537323
1537324
1537325
1537326
1537327
1537328
1537329
1538306
1538316
1538326
1538336
1538376
1538386
1538396
1990316
1990326
1993020
1993021
1993022
1993023
1993024
1993025
1993026
1993046
1993047
1993048
1993130
1993131
1993132
1993133
1993160
1993161
1993162
1993163
1993164
1993165
1993166
1993167
1993168
1993169
1993180
1993181
1993182
1993183
1993184
1993185
1993186
1993187
1993188
1993189
1993345
1993346
1993347
1993348
1993349
1993360
1993361
1993362
1993365
1993366
1993367
1993368
1993369
1993386
1994370
1994371
1994372
1994373
1994374
1994375
1994376
1994377
1994378
1994379
1994826
1994833
1994834
1994835
1994836
1994846
1560316
1561240
1561241
1561242
1561243
1561244
1561260
1561261
1561262
1561263
1561264
1561360
1561361
1561362
1561363
1561364
1561365
1561366
1561367
1561368
1561369
1563060
1563061
1563062
1563063
1563064
1563065
1563066
1563067
1563068
1563069
1563160
1563161
1563162
1563163
1563164
1563165
1563166
1563167
1563168
1563169
1563260
1563261
1563262
1563263
1563264
1563265
1563266
1563267
1563268
1563269
1563316
1569013
1569014
1569015
1569016
1569017
1569046
1569483
1780036
1780306
1780316
1780326
1780336
1783108
1783126
1783136
1783146
1783206
1783216
1783226
1783236
1783246
1783256
1783266
1783276
1788656
1788876
1850316
1853160
1853161
1853162
1853163
1853164
1853165
1853166
1853167
1853168
1853169
1853181
1853182
1853183
1853184
1853185
1853230
1853231
1853232
1853233
1853260
1853360
1853361
1853362
1853363
1853364
1853365
1853366
1853367
1853368
1853369
1853370
1853371
1853372
1853373
1853375
1853376
1853377
1853378
1853379
1330316
1330336
1331306
1331316
1331326
1331336
1331560
1331561
1331562
1331563
1331564
1332306
1332316
1332326
1333306
1333316
1333326
1334306
1334316
1334326
1334336
1336316
1336360
1336361
1336362
1336363
1336364
1336365
1337306
1337316
1337326
1337336
1337346
1337356
1338316
1338336
1338366
1338367
1339306
1339316
1339326
1339336
1300143
1300183
1301148
1301193
1301194
1301200
1301208
1301321
1302143
1302183
1303148
1303149
1303180
1303181
1304316
1308204
1308205
1308206
1308207
1308208
1308209
1308455
1309130
1309139
1860316
1863040
1863041
1863042
1863043
1863044
1863045
1863060
1863061
1863062
1863063
1863064
1863065
1863066
1863067
1863068
1863069
1863079
1863160
1863161
1863162
1863163
1863164
1863165
1863166
1863167
1863168
1863169
1863260
1863261
1863262
1863263
1863264
1863265
1863266
1863267
1863268
1863269
1863360
1863361
1863375
1863376
1863377
1863378
1863379
1550316
1551260
1551261
1551262
1551263
1551264
1553060
1553061
1553062
1553063
1553064
1553065
1553066
1553067
1553068
1553069
1553160
1553161
1553162
1553163
1553164
1553165
1553166
1553167
1553168
1553169
1553260
1553261
1553262
1553263
1553264
1553265
1553266
1553267
1553268
1553269
1553316
1553340
1553341
1553342
1553343
1553344
1390316
1390326
1393060
1393061
1393062
1393063
1393064
1393065
1393066
1393067
1393068
1393069
1393160
1393161
1393162
1393163
1393164
1393165
1393166
1393167
1393168
1393260
1393261
1393262
1393263
1393264
1393265
1393266
1393267
1393268
1393269
1393392
1393393
1393394
1671316
1671580
1671581
1671582
1671583
1671607
1671608
1672316
1673316
1674049
1674050
1674051
1674052
1674053
1674054
1674055
1674056
1674057
1674058
1674316
1500316
1500326
1500336
1503045
1503046
1503060
1503061
1503062
1503063
1503064
1503065
1503066
1503067
1503068
1503069
1503160
1503161
1503162
1503246
1503316
1507546
1507560
1507561
1507562
1507563
1507564
1507565
1507566
1507567
1507568
1507569
1507646
1507660
1507661
1507662
1507663
1507664
1507665
1507666
1507667
1507668
1508146
1508166
1508167
1508168
1508169
1509760
1509761
1509762
1509763
1509764
1833060
1833061
1833062
1833063
1833064
1833065
1833066
1833067
1833068
1833069
1833160
1833161
1833162
1833163
1833164
1833165
1833166
1833167
1833168
1833169
1833170
1833171
1833172
1833173
1833174
1833360
1833361
1833362
1833363
1833364
1833365
1833366
1833367
1833368
1833369
1622484
1622485
1622486
1622487
1622489
1623164
1623165
1623167
1590316
1590326
1593046
1593060
1593061
1593062
1593063
1593064
1593065
1593066
1593067
1593068
1593146
1593160
1593161
1593162
1593163
1593164
1593165
1593166
1593206
1593216
1593260
1593261
1593262
1593263
1593264
1593306
1593316
1593326
1593336
1593363
1593364
1770316
1770326
1770336
1771650
1771651
1771652
1771653
1771654
1771655
1771656
1771657
1771658
1771659
1771714
1773160
1773161
1773162
1773163
1773164
1773165
1773166
1773167
1773168
1773169
1773260
1773261
1773262
1773263
1773264
1773344
1773345
1773346
1773347
1773348
1773349
1773360
1773361
1773362
1773363
1773364
1773365
1773366
1773367
1773368
1773369
1773406
1773416
1773445
1773446
1773670
1773671
1773672
1773673
1773674
1773675
1773676
1773677
1774370
1774371
1774621
1774622
1774623
1774624
1774625
1774626
1774627
1774628
1777266
1778824
1778828
1450300
1450301
1450302
1450303
1450304
1450316
1452160
1452161
1452162
1452163
1454126
1454136
1455707
1455708
1350316
1350324
1350326
1351300
1351301
1351316
1351326
1358246
1358264
1358266
1358277
1358278
1358279
1358296
