1650718
1652665
1655602
1655609
1656071
1980718
1981379
1984160
1984161
1987107
1987147
1987161
1987162
1987212
1987213
1840718
1842718
1847137
1847138
1847139
1847151
1847189
1570725
1570726
1570727
1571726
1572718
1572726
1577108
1579722
1579723
1321718
1321728
1322740
1322741
1322742
1322743
1322744
1322745
1322746
1322747
1322748
1322749
1323544
1323545
1323546
1323559
1324722
1325718
1325725
1325726
1326492
1326493
1327718
1327750
1327751
1327752
1327753
1327754
1327755
1327756
1327757
1327758
1327759
1329710
1910270
1910271
1910272
1910273
1910274
1910275
1910276
1910277
1910278
1917240
1917241
1917242
1917243
1917244
1701512
1701513
1701548
1701549
1705663
1706779
1706780
1706781
1378990
1470726
1477107
1477177
1477178
1880726
1887180
1887181
1887182
1887183
1887184
1887199
1887213
1887214
1887215
1887216
1887278
1887279
1887280
1887281
1750279
1750726
1757100
1757101
1757102
1757103
1757104
1757105
1757106
1757107
1757108
1757109
1757110
1757111
1757112
1757113
1757114
1757115
1757116
1757117
1757118
1757119
1757121
1757122
1757200
1757201
1757202
1757203
1757204
1757205
1757206
1757207
1757208
1757209
1757210
1757211
1757212
1757213
1757214
1527221
1527222
1527223
1527224
1527225
1527226
1527290
1527291
1527292
1527293
1527294
1527295
1527296
1527297
1527298
1527299
1810718
1812052
1816298
1817156
1817157
1827171
1827172
1827229
1827230
1517102
1517103
1517104
1517105
1517106
1517107
1517108
1517109
1517193
1517194
1517195
1517196
1517197
1517198
1517199
1517280
1517281
1517282
1517283
1517284
1517285
1517286
1517287
1517288
1517289
1517290
1517291
1517292
1517293
1517294
1517295
1517296
1517297
1517298
1517299
1760726
1767118
1767119
1767120
1767135
1767136
1767137
1767138
1767139
1767140
1767141
1767282
1767283
1767284
1767285
1767286
1767287
1767288
1767289
1768395
1768396
1768397
1582666
1582667
1582668
1582669
1582670
1340270
1340271
1340272
1340273
1340274
1340275
1340276
1340277
1340278
1340279
1340300
1340301
1340302
1340303
1340304
1340305
1340306
1340307
1340308
1340309
1345101
1345102
1345103
1346972
1346973
1346974
1346975
1347720
1347721
1347722
1347723
1347724
1347725
1347726
1347727
1347728
1347787
1347788
1347789
1347790
1347791
1347792
1347793
1347794
1347795
1734348
1736238
1736252
1736253
1736427
1737118
1737180
1737181
1737182
1737183
1737184
1738643
1739829
1310076
1311713
1311714
1313583
1313584
1313585
1314726
1317710
1317711
1317712
1317713
1319720
1319721
1319722
1319723
1872767
1872768
1872769
1872770
1872771
1872772
1872773
1872774
1872775
1877119
1877120
1877121
1877122
1877123
1877124
1877200
1877201
1877202
1877203
1877204
1877205
1877206
1877207
1877208
1877209
1877210
1877211
1877213
1877214
1877215
1877216
1877217
1877218
1877219
1660726
1667108
1667109
1667200
1667201
1667202
1667203
1667204
1667205
1667206
1667207
1667208
1667209
1667223
1667224
1387270
1387271
1387272
1387273
1387274
1388675
1388676
1388677
1388678
1388679
1530726
1532700
1532701
1532702
1532703
1532704
1532705
1532789
1533400
1533401
1533421
1533580
1533581
1533582
1533583
1533584
1533585
1533730
1534282
1534283
1534284
1534285
1534286
1534287
1534288
1534700
1534701
1534702
1534703
1534704
1534712
1534713
1534714
1534715
1537721
1537722
1537723
1537724
1538727
1538728
1800726
1804065
1806216
1806425
1807133
1807134
1807192
1807193
1808621
1890726
1894299
1896390
1896391
1896392
1897187
1897188
1897189
1897240
1897241
1897242
1897243
1897244
1898684
1898685
1898686
1899592
1953616
1360724
1361718
1363574
1363575
1363576
1363577
1363627
1363628
1363629
1364718
1366905
1368719
1369718
1330726
1331053
1331054
1331055
1331726
1332982
1332983
1333749
1333994
1334355
1336718
1337796
1338523
1338769
1339619
1780276
1780711
1784780
1786631
1787101
1787136
1787148
1787184
1788689
1789718
1852725
1852727
1852728
1852729
1857122
1857123
1857124
1857125
1857126
1857127
1857128
1857129
1857130
1857131
1857132
1857133
1857230
1857231
1857232
1857233
1857234
1560726
1561481
1562920
1562921
1562922
1562923
1562924
1562925
1562926
1562940
1567150
1567151
1567152
1567153
1567187
1567188
1567189
1567204
1569726
1990726
1994782
1994783
1994784
1997141
1997142
1997143
1997177
1997178
1997179
1997180
1997181
1997182
1997183
1997184
1997185
1997277
1997278
1997279
1998670
1998671
1998672
1998673
1998674
1390726
1397187
1397188
1397189
1397240
1397241
1397242
1397243
1397244
1398684
1398685
1398686
1399775
1399776
1399777
1399778
1399779
1550275
1550276
1550277
1550278
1550279
1554910
1554911
1554912
1554913
1554914
1554915
1554916
1554917
1554918
1554919
1554920
1554921
1554922
1554923
1554924
1554925
1554926
1555920
1555921
1555922
1555923
1555924
1555925
1555926
1557050
1557051
1557052
1557053
1557054
1557055
1557056
1557057
1557058
1557059
1557178
1557179
1557180
1557181
1557182
1557183
1557184
1557185
1557186
1557187
1557188
1557189
1557240
1557241
1557242
1557243
1557244
1558642
1558643
1558660
1558661
1558662
1558663
1558664
1558665
1558666
1558667
1558668
1558740
1558741
1558742
1558743
1558744
1558745
1558746
1558747
1558748
1558749
1558750
1558751
1558752
1558753
1558754
1558755
1558756
1558757
1558758
1558759
1558760
1558761
1558762
1558763
1558764
1558765
1558766
1558767
1558768
1558769
1860279
1860726
1867114
1867169
1867180
1867181
1867182
1867183
1867184
1867185
1867186
1867187
1867188
1867189
1867203
1867204
1867205
1867206
1867207
1867208
1867225
1869400
1869401
1869402
1869403
1869500
1869501
1869502
1869503
1869504
1869505
1303278
1303279
1304483
1304484
1304485
1304486
1304719
1308519
1309324
1309325
1309326
1309847
1452718
1452726
1454492
1457389
1458600
1458601
1458602
1351713
1351714
1351715
1351716
1351717
1351718
1358120
1358121
1358122
1359360
1359361
1359362
1359363
1359364
1359775
1359776
1359777
1359778
1359779
1359780
1359781
1770718
1772030
1772042
1772043
1774055
1776231
1776290
1776302
1777165
1777166
1777175
1592610
1592611
1592612
1592613
1592614
1597168
1597169
1597170
1597171
1597172
1597173
1597174
1597175
1597176
1597177
1597178
1597179
1597180
1597181
1597182
1597183
1597241
1597242
1597243
1597244
1597245
1597246
1597247
1599770
1599771
1599772
1599773
1599774
1599775
1599776
1599777
1599778
1599779
1621715
1830718
1831475
1831476
1831477
1832743
1832744
1837180
1837181
1837182
1837183
1837184
1837185
1837186
1837250
1837251
1837252
1837253
1837254
1837255
1837256
1837257
1837258
1837259
1502718
1502719
1502720
1502721
1502722
1502723
1507183
1507184
1507185
1507186
1507187
1507188
1507189
