1585930
1585931
1585932
1585933
1585934
1585935
1585936
1585937
1585938
1585939
1586065
1586066
1586067
1586068
1586069
1589210
1589211
1589212
1589213
1589214
1760593
1760604
1767997
1768931
1768966
1768991
1345930
1345931
1345932
1345933
1345934
1345935
1345936
1345937
1345938
1345939
1515930
1515931
1515932
1515933
1515934
1515935
1515936
1515937
1515938
1515939
1515940
1515941
1515942
1515943
1515944
1516010
1516011
1516012
1516013
1516014
1516015
1516016
1516017
1516018
1516019
1516055
1516056
1516057
1516058
1516059
1825090
1825091
1825092
1825093
1825094
1825935
1825936
1825937
1825938
1825939
1870593
1875030
1875031
1875032
1875033
1875034
1875035
1875036
1875037
1875038
1875039
1875930
1875931
1875932
1875933
1875934
1875935
1875936
1875937
1875938
1875939
1876020
1876021
1876022
1876023
1876024
1380956
1380957
1385030
1385031
1385032
1385033
1385034
1385035
1385036
1385037
1385038
1385039
1385960
1385961
1385962
1385963
1385964
1385965
1385966
1385967
1385968
1385969
1386030
1386031
1386032
1386033
1386034
1386035
1386036
1386037
1386038
1386039
1660593
1665910
1730503
1730593
1730603
1730604
1730605
1730693
1731830
1731831
1731832
1731833
1731834
1731835
1731836
1731837
1731838
1731839
1732665
1732666
1733802
1733803
1733880
1733881
1733882
1733883
1733884
1733885
1733886
1733887
1733888
1733889
1734601
1734602
1734642
1734643
1734644
1734963
1735064
1735065
1735066
1735067
1735933
1735934
1735935
1310147
1310148
1310593
1310595
1310596
1310597
1311593
1311597
1312314
1312323
1312325
1312326
1312448
1312449
1315934
1315935
1316383
1316385
1317457
1317463
1317810
1317812
1317814
1317828
1317830
1319403
1910503
1910593
1320593
1322504
1323506
1323593
1325593
1327593
1327603
1327695
1328593
1329507
1650405
1650593
1651189
1651329
1651868
1652593
1655938
1656593
1980590
1980591
1983534
1983535
1983536
1983537
1983538
1983539
1983542
1984053
1985930
1985931
1985932
1985933
1985934
1985943
1989030
1989031
1989032
1989034
1989041
1571500
1571501
1571502
1575930
1575931
1575932
1575933
1575934
1579112
1845930
1845931
1845932
1845933
1845934
1845935
1845936
1845937
1845938
1845939
1810593
1814417
1814418
1814419
1814600
1814610
1814611
1814969
1815018
1815019
1815020
1815021
1815022
1815023
1815025
1815026
1815027
1815033
1815085
1815086
1815087
1525905
1525906
1525907
1525908
1525909
1525930
1525931
1525932
1525933
1525934
1525935
1525936
1525937
1525938
1525939
1528030
1528031
1528032
1528033
1528034
1528065
1528066
1528067
1528068
1528069
1475930
1475931
1475932
1475933
1475934
1475935
1475936
1475937
1475938
1475939
1476005
1476006
1476007
1476008
1476009
1370602
1370603
1370604
1370692
1370693
1377477
1377478
1377479
1379980
1379990
1880503
1880593
1885930
1885931
1885932
1885933
1885934
1885935
1885936
1885937
1885938
1885939
1750593
1750603
1755927
1300491
1300492
1300493
1301049
1301570
1301579
1301580
1301589
1302491
1302492
1302493
1303090
1303091
1303092
1303093
1303095
1303096
1304593
1304692
1304693
1304694
1304695
1305548
1305557
1305558
1305559
1305593
1306216
1306217
1306218
1306219
1306246
1307390
1307391
1307392
1307393
1307394
1307395
1307396
1307397
1307398
1307399
1390503
1390593
1395050
1395051
1395052
1395053
1395054
1395055
1395056
1395057
1395058
1395059
1395930
1395931
1395932
1395933
1395934
1395935
1395936
1395937
1395938
1395939
1395940
1395941
1395942
1395943
1395944
1671264
1671267
1671268
1671593
1672593
1673593
1860505
1860593
1860697
1865040
1865050
1865051
1865052
1865053
1865054
1865055
1865056
1865057
1865058
1865935
1865936
1865937
1865938
1865939
1550593
1550693
1505925
1505926
1505927
1505928
1505929
1505930
1505931
1505932
1505933
1505934
1505935
1505936
1505937
1505938
1505939
1506020
1506021
1506022
1506023
1506024
1506025
1506026
1506027
1506028
1506029
1835030
1835031
1835032
1835033
1835034
1835035
1835036
1835037
1835038
1835039
1835935
1835936
1835937
1835938
1835939
1839640
1839641
1839642
1839643
1839644
1350955
1350956
1350957
1350958
1350959
1351506
1351507
1355900
1355901
1355960
1355961
1355990
1355991
1359918
1359919
1359980
1359981
1359982
1359983
1359984
1452583
1452593
1454405
1454949
1458280
1458281
1458282
1458283
1458284
1595930
1595931
1595932
1595933
1596045
1596046
1596047
1596048
1596049
1598037
1598038
1598039
1770503
1770593
1770603
1770693
1772066
1772067
1774400
1774401
1774603
1775929
1775930
1775931
1775932
1775933
1775934
1775935
1775936
1775937
1775938
1775939
1775973
1890503
1890593
1895050
1895051
1895052
1895053
1895054
1895055
1895056
1895057
1895058
1895059
1895930
1895931
1895932
1895933
1895934
1895935
1895936
1895937
1895938
1895939
1895940
1895941
1895942
1895943
1895944
1896543
1896593
1361607
1361608
1361609
1362697
1362698
1362699
1363520
1363521
1364694
1364695
1365694
1365695
1368505
1368506
1368507
1368508
1368509
1800503
1800593
1801676
1801677
1801678
1801679
1802063
1802064
1803390
1803391
1803392
1803393
1803394
1803395
1803396
1803397
1803398
1803399
1804643
1805035
1805036
1805483
1805484
1805485
1805930
1805931
1805932
1805933
1805934
1805935
1805936
1805937
1805938
1805939
1805940
1805941
1805942
1805943
1805972
1805973
1806030
1806031
1806032
1806033
1806034
1806035
1806036
1806037
1806038
1806039
1806040
1806041
1806042
1806043
1806593
1530593
1530605
1533753
1534503
1535903
1535970
1535971
1537592
1537593
1537596
1539233
1539234
1539235
1539243
1539593
1560505
1560593
1565924
1565930
1565931
1565932
1565933
1565934
1565996
1566593
1569593
1784277
1784278
1784279
1785017
1785018
1785019
1785057
1785058
1785059
1785903
1785921
1785931
1785943
1788033
1789185
1789593
1850504
1850593
1855854
1855862
1855935
1855936
1855937
1855940
1855941
1859351
1859352
1859450
1859451
1859452
1859453
1859640
1859663
1859664
1859665
1859666
1859667
1859668
1859669
1859754
1859759
1859760
1859765
1859766
1859767
1859959
1990503
1990593
1994274
1995933
1995934
1995935
1713593
1715593
1716593
1717583
1717584
1717585
1717586
1717593
1330503
1330593
1331371
1331372
1332828
1332829
1332893
1332894
1332895
1333820
1333821
1333822
1334047
1334840
1334841
1334842
1335847
1335848
1335849
1336502
1336503
1337593
1337693
1337694
1337697
1338500
1338501
1338502
1338503
1338504
1338505
1338506
1338593
1339593
