1910508
1910598
1320598
1321503
1321590
1322502
1322505
1323598
1325509
1327506
1327598
1327605
1328596
1329506
1571600
1571601
1571602
1575905
1575906
1575907
1575908
1575909
1845980
1845981
1845982
1845983
1845984
1845985
1845986
1845987
1845988
1845989
1650320
1650598
1651198
1980596
1980597
1983548
1983570
1983571
1983572
1983573
1983574
1984058
1985948
1985980
1985981
1985982
1985983
1985984
1985985
1985986
1985987
1985988
1985989
1989005
1989006
1989045
1989046
1810598
1815964
1815987
1525980
1525981
1525982
1525983
1525984
1525985
1525986
1525987
1525988
1525989
1528055
1528056
1528057
1528058
1528059
1528070
1528071
1528072
1528073
1528074
1880508
1880598
1880600
1880601
1880602
1880603
1880604
1880605
1880606
1880607
1880608
1880609
1885980
1885981
1885982
1885983
1885984
1885985
1885986
1885987
1885988
1885989
1750502
1750598
1755912
1377470
1377471
1377472
1379902
1379903
1379915
1379916
1379917
1379918
1379919
1475980
1475981
1475982
1475983
1475984
1475985
1475986
1475987
1475988
1475989
1476030
1476031
1476032
1476033
1476034
1345980
1345981
1345982
1345983
1345984
1345985
1345986
1345987
1345988
1345989
1585980
1585981
1585982
1585983
1585984
1585985
1585986
1585987
1585988
1585989
1586085
1586086
1586087
1586088
1586089
1760598
1760608
1760609
1768928
1768964
1515910
1515911
1515912
1515913
1515914
1515915
1515916
1515917
1515918
1515919
1516060
1516061
1516062
1516063
1516064
1825055
1825056
1825057
1825058
1825059
1825970
1825971
1825972
1825973
1825974
1825975
1825976
1825977
1825978
1825979
1825980
1825981
1825982
1825983
1825984
1825985
1825986
1825987
1825988
1825989
1380696
1380697
1385080
1385081
1385082
1385083
1385084
1385085
1385086
1385087
1385088
1385089
1385910
1385911
1385912
1385913
1385914
1385915
1385916
1385917
1385918
1385919
1385940
1385941
1385942
1385943
1385944
1386050
1386051
1386052
1386053
1386054
1386055
1386056
1386057
1386058
1386059
1660598
1665948
1870598
1875080
1875081
1875082
1875083
1875084
1875085
1875086
1875087
1875088
1875089
1875970
1875971
1875972
1875973
1875974
1875980
1875981
1875982
1875983
1875984
1875985
1875986
1875987
1875988
1875989
1876025
1876026
1876027
1876028
1876029
1310149
1310790
1310791
1311058
1311084
1311598
1312304
1312305
1312306
1315924
1315936
1315937
1315938
1315939
1316382
1317807
1317829
1319400
1730504
1730598
1730608
1730698
1732667
1733808
1733809
1734600
1734648
1734968
1735031
1735032
1735033
1735034
1735035
1735036
1735037
1735046
1735047
1735048
1735049
1735050
1735051
1735052
1735053
1735054
1735055
1735056
1735057
1735058
1735059
1735068
1735069
1735948
1735949
1735983
1735984
1735985
1735986
1360596
1360597
1360598
1360599
1361693
1361694
1361695
1361696
1362600
1362601
1364690
1364691
1365690
1365691
1366695
1366696
1366697
1366698
1366699
1950010
1890598
1890608
1890698
1895090
1895091
1895092
1895093
1895094
1895095
1895096
1895097
1895098
1895099
1896050
1896051
1896052
1896053
1896054
1896055
1896056
1896057
1896058
1896059
1896530
1896531
1896532
1896533
1896534
1896598
1800508
1800598
1800608
1800698
1802078
1802079
1802080
1802081
1802082
1802083
1802084
1802085
1802086
1804613
1804648
1805488
1805494
1805495
1805946
1805947
1805948
1806012
1806013
1806014
1806015
1806016
1806017
1806018
1806452
1806453
1806579
1806580
1806581
1806582
1806583
1806584
1806585
1806586
1806587
1806588
1806589
1806590
1806598
1809411
1809412
1809413
1530505
1530598
1530603
1533758
1534501
1534505
1534591
1535908
1535993
1535994
1539230
1539231
1539232
1539238
1539245
1539457
1539458
1539459
1539598
1539617
1539618
1990598
1990608
1990698
1995932
1995943
1995944
1560503
1560598
1565961
1565962
1565963
1565984
1566575
1569598
1784296
1784297
1785033
1785034
1785035
1785074
1785075
1785076
1785908
1785927
1785937
1785947
1788038
1789598
1850598
1850698
1855850
1855851
1855852
1855853
1855863
1855864
1855865
1855892
1855900
1855984
1859653
1859654
1859680
1859681
1859682
1859740
1859768
1859769
1330608
1330698
1331373
1331380
1331381
1332858
1332859
1332890
1332891
1332892
1333823
1333824
1334054
1334055
1334833
1334843
1334844
1335840
1335841
1335850
1336505
1336506
1337507
1337590
1337597
1338507
1338508
1338509
1338598
1339401
1339598
1713598
1715598
1716584
1716598
1717587
1717589
1717598
1726847
1300490
1300499
1301568
1302490
1302499
1303080
1304305
1304357
1304598
1305554
1305555
1305556
1306210
1306211
1306212
1306248
1306249
1306700
1306701
1860503
1860598
1865092
1865093
1865094
1865095
1865096
1865097
1865098
1865943
1865985
1865986
1865987
1865988
1865989
1550598
1550698
1390608
1390698
1395090
1395091
1395092
1395093
1395094
1395095
1395096
1395097
1395098
1395099
1396050
1396051
1396052
1396053
1396054
1396055
1396056
1396057
1396058
1396059
1671590
1671598
1672590
1672598
1673590
1673598
1674011
1674012
1505900
1505901
1505902
1505903
1505904
1508055
1508056
1508057
1508058
1508059
1835080
1835081
1835082
1835083
1835084
1835085
1835086
1835087
1835088
1835089
1835905
1835906
1835907
1835908
1835909
1595946
1595947
1595978
1595979
1595980
1595981
1595982
1595983
1595984
1596095
1596096
1770598
1770698
1775046
1775067
1775068
1775979
1775985
1452598
1454408
1458390
1458391
1458392
1458393
1458394
1350755
1350756
1350757
1350758
1350759
1351598
1351599
1355909
1355987
1355988
1355989
1359935
1359936
