1300768
1301761
1302768
1304395
1304477
1306955
1306956
1306957
1306958
1306959
1308013
1308014
1308425
1308426
1308427
1930385
1930395
1933763
1860395
1862395
1863950
1863951
1863952
1863953
1863954
1863956
1863958
1863959
1863998
1863999
1550395
1551527
1551528
1551529
1551540
1551541
1551766
1551767
1551820
1551821
1551822
1551823
1551824
1551825
1551826
1551827
1551828
1553950
1553951
1553952
1553953
1553954
1553955
1553956
1553957
1553958
1553959
1556549
1556589
1556590
1556591
1390395
1393801
1393802
1393803
1393950
1393951
1393952
1393953
1393954
1393955
1393956
1393957
1393958
1393959
1394985
1394986
1394987
1394988
1394989
1671395
1671657
1671658
1671659
1671660
1671661
1671662
1671663
1671664
1671665
1671666
1671667
1671668
1671669
1671670
1671671
1671672
1671673
1671740
1671741
1671742
1671743
1671744
1671745
1671746
1672395
1673395
1674395
1500395
1503950
1503951
1503952
1503953
1503954
1503955
1503956
1503957
1503958
1503959
1830395
1833955
1833956
1833957
1833958
1833959
1623951
1623952
1590395
1593660
1593661
1593662
1593663
1593664
1593950
1593951
1593952
1593953
1593954
1593955
1593956
1593957
1593958
1593959
1770395
1771637
1771910
1771913
1772498
1773722
1773763
1773954
1773955
1773956
1773960
1773961
1774475
1774644
1774645
1774698
1774942
1777285
1779685
1779686
1350395
1350765
1351385
1352395
1356967
1356968
1356969
1452348
1452349
1454209
1458537
1458538
1458539
1458540
1458541
1360347
1360385
1360395
1361395
1362395
1363395
1364395
1365395
1365399
1366395
1367382
1367395
1368395
1369395
1951341
1890395
1893953
1893954
1893955
1893958
1893959
1803959
1530395
1533395
1534389
1534395
1534600
1534601
1534602
1534603
1990395
1993955
1993956
1994395
1994935
1560395
1563950
1563951
1563952
1563953
1563954
1563955
1563956
1563957
1563958
1563959
1564988
1564989
1566435
1569068
1780395
1781491
1783705
1783808
1783820
1783821
1783822
1783823
1783824
1783950
1783951
1783952
1789687
1850395
1850399
1853748
1853749
1853950
1853951
1853952
1853953
1853954
1853955
1856710
1856711
1856712
1856713
1856714
1330395
1332367
1332395
1333395
1334367
1334395
1334686
1334687
1335395
1338395
1710542
1710546
1710561
1712277
1712278
1712279
1712280
1712281
1712282
1712283
1712284
1712285
1712286
1712287
1712288
1713395
1715395
1716395
1717385
1717386
1717387
1717389
1717395
1717467
1718395
1718463
1718464
1719363
1719395
1340395
1346150
1346155
1346156
1346157
1346158
1346159
1580395
1583950
1583951
1583952
1583953
1583954
1583955
1583956
1583957
1583958
1583959
1589020
1589021
1589022
1589023
1589024
1760395
1762961
1762962
1763950
1763951
1763952
1763953
1763954
1763955
1763956
1763957
1763958
1763959
1769478
1769879
1513950
1513951
1513952
1513953
1513954
1513955
1513956
1513957
1513958
1513959
1518840
1518841
1518842
1518843
1518844
1820395
1823620
1823621
1823622
1823623
1823624
1823950
1823951
1823952
1823953
1823954
1823955
1823956
1823957
1823958
1823959
1380395
1383950
1383951
1383952
1383953
1383954
1383955
1383956
1383957
1383958
1383959
1384947
1384948
1384949
1660395
1663950
1663951
1663952
1663953
1663954
1663955
1663956
1663957
1663958
1663959
1665088
1665089
1665090
1665091
1665092
1665093
1665094
1665095
1870395
1873640
1873641
1873642
1873643
1873644
1873950
1873951
1873952
1873953
1873954
1873955
1873956
1873957
1873958
1873959
1879090
1879091
1879092
1879093
1879094
1310369
1310395
1313754
1313755
1313795
1313796
1314050
1318319
1318320
1318321
1319390
1319391
1319392
1319393
1730395
1732625
1733477
1733484
1733548
1733595
1733950
1733951
1733952
1733953
1733954
1733955
1733956
1733957
1733958
1733959
1734485
1734495
1736461
1704265
1704266
1704267
1704268
1704269
1704270
1704271
1704272
1704273
1704274
1704275
1707166
1707395
1708395
1708485
1910395
1914395
1324310
1324311
1325390
1325391
1327305
1327306
1327307
1327395
1328395
1570390
1570395
1571395
1571637
1572932
1572933
1572934
1572935
1572943
1573878
1573879
1840395
1843620
1843842
1843843
1650017
1650395
1650882
1651269
1651395
1651500
1651553
1651668
1652064
1652875
1653181
1653369
1653395
1653515
1653519
1653950
1653951
1653952
1653953
1653954
1653955
1653956
1653957
1653958
1653959
1655189
1655275
1655276
1655561
1655689
1655718
1656009
1656269
1656270
1656271
1656307
1656308
1656309
1656395
1656905
1656906
1657395
1657695
1980395
1981276
1983950
1810395
1813447
1813562
1813725
1813738
1814395
1520395
1523950
1523951
1523952
1523953
1523954
1523955
1523956
1523957
1523958
1523959
1529070
1529071
1529072
1529073
1529074
1880380
1880395
1883841
1883842
1883950
1883951
1883952
1883953
1883954
1883955
1883956
1883957
1883958
1883959
1886420
1750395
1751300
1751301
1751302
1751303
1751304
1751305
1753443
1753444
1753950
1753951
1753952
1753953
1753954
1753956
1758957
1758958
1759130
1759131
1759132
1759133
1759418
1759419
1473855
1473895
1475667
1478320
1478321
1478322
1478323
1478324
1478395
1370344
1370385
1372130
1372131
1372132
1372133
1372134
1372135
1372136
1372137
1372138
1372139
1373395
1373396
1373397
1373398
1373399
1374947
1374948
1374949
1378170
1378171
1378172
1378173
1378174
1378305
1378306
1378307
1378308
1378309
1378395
