1340090
1340091
1340092
1340093
1340094
1340095
1340096
1340097
1340098
1340099
1345960
1345961
1345962
1345963
1345964
1345965
1345966
1345967
1345968
1345969
1348960
1348961
1348962
1348963
1348964
1348965
1348966
1348967
1348968
1348969
1585960
1585961
1585962
1585963
1585964
1585965
1585966
1585967
1585968
1585969
1586020
1586021
1586022
1586023
1586024
1586060
1586061
1586062
1586063
1586064
1588050
1588051
1588052
1588053
1588054
1588055
1588056
1588057
1588058
1588059
1589200
1589201
1589202
1589203
1589204
1760596
1760605
1760606
1767991
1767992
1768924
1768992
1768993
1515965
1515966
1515967
1515968
1515969
1516050
1516051
1516052
1516053
1516054
1825020
1825021
1825022
1825023
1825024
1825065
1825066
1825067
1825068
1825069
1825960
1825961
1825962
1825963
1825964
1825965
1825966
1825967
1825968
1825969
1380690
1380691
1380692
1380693
1380694
1380695
1385040
1385041
1385042
1385043
1385044
1385045
1385046
1385047
1385048
1385049
1385050
1385051
1385052
1385053
1385054
1385055
1385056
1385057
1385058
1385059
1385920
1385921
1385922
1385923
1385924
1385925
1385926
1385927
1385928
1385929
1386080
1386081
1386082
1386083
1386084
1386085
1386086
1386087
1386088
1386089
1660596
1665931
1665932
1665933
1665934
1870596
1875960
1875961
1875962
1875963
1875964
1875965
1875966
1875967
1875968
1875969
1875975
1875976
1875977
1875978
1875979
1876030
1876031
1876032
1876033
1876034
1876035
1876036
1876037
1876038
1876039
1876045
1876046
1876047
1876048
1876049
1876060
1876061
1876062
1876063
1876064
1876065
1876066
1876067
1876068
1876069
1310500
1310501
1310502
1310503
1310504
1310505
1311065
1311066
1311067
1311596
1312330
1312331
1312332
1312333
1312334
1312335
1315910
1315911
1315912
1315913
1315914
1315915
1315916
1315917
1315918
1315919
1315946
1315947
1315948
1315949
1316397
1316398
1316483
1316484
1317460
1317461
1317462
1317466
1317467
1317468
1317800
1317802
1317816
1317831
1317834
1317837
1730596
1730606
1730694
1730695
1730696
1733804
1733805
1734629
1734633
1734634
1734635
1734636
1734637
1734638
1734639
1734954
1734955
1734956
1734957
1734958
1734959
1734966
1735014
1735015
1735020
1735021
1735022
1735023
1735024
1735025
1735026
1735027
1735028
1735029
1735030
1735060
1735061
1735062
1735063
1735960
1735962
1735963
1735964
1735965
1735966
1735967
1735968
1735969
1736510
1736511
1736512
1736513
1736514
1736515
1736516
1736517
1736518
1736519
1739653
1739654
1739655
1739656
1739657
1739658
1739659
1703559
1703560
1704053
1704054
1704055
1704056
1704057
1704058
1704059
1704060
1704061
1704062
1704063
1704064
1704065
1705071
1706193
1706194
1706195
1706196
1707542
1707543
1708196
1708197
1708198
1708199
1910506
1910596
1320596
1321596
1322501
1323501
1323502
1323503
1323504
1323505
1323596
1327596
1327606
1327697
1328508
1329071
1329076
1329087
1329596
1571503
1571504
1571505
1571506
1575910
1575911
1575912
1575913
1575914
1575960
1575961
1575962
1575963
1575964
1575965
1575966
1575967
1575968
1575969
1579110
1840590
1840591
1840592
1840593
1840594
1840595
1840596
1840597
1840598
1840599
1845010
1845011
1845012
1845013
1845014
1845960
1845961
1845962
1845963
1845964
1845965
1845966
1845967
1845968
1845969
1650596
1651193
1651196
1651934
1652086
1652096
1652139
1652196
1657176
1983520
1983521
1983546
1983550
1983551
1984056
1985905
1985906
1985907
1985908
1985909
1985946
1985960
1985961
1985962
1985963
1985964
1985965
1985966
1985967
1985968
1985969
1989000
1989001
1989044
1810596
1814614
1814615
1814962
1814963
1815004
1815014
1815024
1815041
1815042
1815067
1815068
1815069
1815070
1815071
1815072
1815073
1815074
1815075
1815076
1815904
1815914
1815924
1815934
1815953
1815955
1815956
1815957
1815960
1815961
1815962
1815963
1815965
1815966
1815967
1815968
1815969
1815970
1815971
1815972
1815973
1815978
1815979
1525960
1525961
1525962
1525963
1525964
1525965
1525966
1525967
1525968
1525969
1526000
1526001
1526002
1526003
1526004
1526005
1526006
1526007
1526008
1526009
1526010
1526011
1526012
1526013
1526014
1526015
1526016
1526017
1526018
1526019
1526050
1526051
1526052
1526053
1526054
1526055
1526056
1526057
1526058
1526059
1526060
1526061
1526062
1526063
1526064
1526065
1526066
1526067
1526068
1526069
1528060
1528061
1528062
1528063
1528064
1880596
1885020
1885021
1885022
1885023
1885024
1885025
1885026
1885027
1885028
1885029
1885960
1885961
1885962
1885963
1885964
1885965
1885966
1885967
1885968
1885969
1887630
1887631
1887632
1887633
1887634
1750596
1750600
1750601
1750602
1750693
1755906
1755923
1755924
1755925
1755926
1370930
1370931
1370932
1370933
1370934
1370935
1370936
1370937
1370938
1370939
1372080
1374060
1377473
1377474
1377475
1377476
1377990
1377991
1379904
1379905
1379906
1379970
1379971
1379981
1379982
1379983
1475960
1475961
1475962
1475963
1475964
1475965
1475966
1475967
1475968
1475969
1476020
1476021
1476022
1476023
1476024
1300395
1300396
1301561
1301562
1301563
1301564
1301565
1301566
1301567
1302395
1302396
1304306
1304307
1304308
1304309
1304450
1304452
1304453
1304596
1305534
1305535
1305536
1305537
1305538
1305539
1305544
1305545
1305588
1305589
1305596
1306240
1306241
1306242
1306300
1306301
1306302
1306310
1306311
1306312
1306313
1306314
1306315
1306316
1306317
1306318
1306319
1860506
1860590
1860596
1860604
1864990
1864991
1865061
1865069
1865089
1865931
1865932
1865933
1865934
1865941
1865960
1865961
1865962
1865963
1865964
1865965
1865966
1865967
1865968
1865969
1869476
1869574
1869575
1869576
1869830
1869831
1869832
1869833
1550596
1550696
1390606
1390694
1390695
1390696
1395960
1395961
1395962
1395963
1395964
1395965
1395966
1395967
1395968
1395969
1396000
1396001
1396002
1396003
1396004
1396005
1396006
1396007
1396008
1396009
1396010
1396011
1396012
1396013
1396014
1396015
1396016
1396017
1396018
1396019
1671596
1672596
1673596
1674026
1500600
1500601
1500602
1500603
1500604
1500605
1500606
1500607
1500608
1500609
1505920
1505921
1505922
1505923
1505924
1505960
1505961
1505962
1505963
1505964
1505965
1505966
1505967
1505968
1505969
1506050
1506051
1506052
1506053
1506054
1506055
1506056
1506057
1506058
1506059
1835060
1835061
1835062
1835063
1835064
1835065
1835066
1835067
1835068
1835069
1835960
1835961
1835962
1835963
1835964
1835965
1835966
1835967
1835968
1835969
1839625
1839626
1839627
1839628
1839629
1839645
1839646
1839647
1839648
1839649
1595948
1595949
1595960
1595961
1595962
1595963
1595964
1595965
1595966
1595967
1595968
1595969
1596060
1596061
1596062
1596063
1596064
1596065
1596066
1596067
1596068
1596069
1596085
1596086
1596087
1770469
1770596
1770696
1772090
1772091
1772092
1772093
1772094
1772095
1774405
1774406
1774407
1774408
1775011
1775012
1775013
1775014
1775015
1775016
1775017
1775018
1775019
1775069
1775960
1775961
1775962
1775966
1775967
1775968
1775969
1775976
1775977
1452586
1452596
1453570
1453575
1453576
1454404
1454417
1454418
1458380
1458381
1458382
1458383
1458384
1351403
1351594
1351595
1355928
1355929
1355965
1355966
1355967
1355968
1355969
1359956
1359957
1359958
1359959
1359965
1359966
1359967
1359968
1359969
1360500
1360501
1360502
1360503
1360504
1360505
1360506
1360507
1360508
1360509
1360695
1360696
1360697
1360698
1360699
1360755
1360756
1360757
1360758
1360759
1361506
1361507
1361508
1361509
1362590
1362591
1362592
1362593
1362594
1364604
1364605
1364606
1364607
1364608
1364609
1365604
1365605
1365606
1365607
1365608
1365609
1369590
1369591
1369592
1369593
1369594
1369595
1369596
1369597
1369598
1369599
1950011
1950012
1950013
1890596
1890606
1890694
1890695
1890696
1895960
1895961
1895962
1895963
1895964
1895965
1895966
1895967
1895968
1895969
1896000
1896001
1896002
1896003
1896004
1896005
1896006
1896007
1896008
1896009
1896010
1896011
1896012
1896013
1896014
1896015
1896016
1896017
1896018
1896019
1896520
1896521
1896522
1896523
1896524
1896525
1896526
1896527
1896528
1896529
1896546
1896547
1896596
1800596
1800606
1800694
1800695
1800696
1802065
1802066
1802067
1802068
1802069
1804614
1804615
1804616
1804617
1804618
1804619
1804646
1805046
1805047
1805048
1805060
1805061
1805062
1805063
1805064
1805065
1805066
1805067
1805068
1805069
1805070
1805071
1805072
1805073
1805074
1805075
1805486
1805496
1805497
1805960
1805961
1805962
1805963
1805964
1805965
1805966
1805967
1805968
1805969
1806020
1806021
1806022
1806023
1806024
1806025
1806026
1806027
1806028
1806029
1806454
1806455
1806456
1806457
1806458
1806459
1806561
1806562
1806563
1806564
1806565
1806566
1806567
1806568
1806569
1806570
1806571
1806572
1806573
1806574
1806575
1806596
1530506
1530507
1530596
1530693
1533756
1534502
1534506
1534507
1535906
1535966
1535967
1535968
1535969
1539246
1539456
1539596
1539619
1539629
1539634
1539635
1539636
1990596
1990606
1990694
1990695
1990696
1995945
1995946
1995960
1995961
1995962
1560506
1560590
1560596
1560604
1560605
1565904
1565940
1565952
1565953
1565965
1565966
1565967
1565968
1565969
1566505
1566509
1566571
1566596
1569596
1784264
1784265
1784266
1784267
1784268
1784269
1785023
1785024
1785025
1785026
1785027
1785060
1785061
1785062
1785063
1785064
1785065
1785906
1785926
1785936
1785946
1785968
1785969
1785990
1785991
1785992
1785993
1785994
1785995
1785996
1785997
1785998
1785999
1788036
1789188
1789596
1850596
1855906
1855946
1855960
1855961
1859462
1859463
1330606
1330694
1330695
1330696
1332833
1332834
1332835
1332844
1332845
1332870
1332871
1332872
1332880
1332881
1333830
1333831
1333832
1333833
1333834
1333835
1334845
1334846
1334847
1334848
1334849
1335830
1335831
1335832
1335833
1335834
1336500
1336501
1337503
1337596
1337690
1337691
1338596
1338694
1338695
1338696
1338697
1339403
1339596
1712043
1712044
1712045
1712046
1712047
1712048
1712049
1712050
1712051
1712052
1712053
1712054
1712055
1713596
1715584
1715596
1716596
1717263
1717265
1717267
1717596
1718596
1719494
1719501
1719502
1719596
