1870887
1876088
1876089
1878768
1878769
1660887
1730887
1738724
1311690
1315073
1317079
1318748
1318798
1589436
1589437
1760885
1760887
1518499
1821320
1821321
1821322
1821323
1821324
1821325
1828882
1828883
1828884
1818353
1520887
1528455
1528456
1528457
1470887
1473688
1880693
1880885
1880887
1884992
1886962
1886969
1750887
1910887
1320887
1321197
1980887
1981154
1981327
1984477
1986960
1986961
1988770
1988771
1570887
1575844
1575845
1575846
1575847
1575848
1575849
1579879
1840887
1846900
1846901
1848769
1500886
1508722
1509640
1830887
1350887
1357847
1452887
1454658
1459415
1459416
1459417
1459418
1590887
1591187
1592546
1598759
1770887
1778769
1303860
1308742
1398870
1398871
1398872
1398873
1398874
1398875
1398876
1398877
1398878
1398879
1860887
1868762
1868763
1868764
1550887
1560887
1568729
1569464
1784228
1786928
1786929
1786994
1787439
1787469
1858709
1858710
1990887
1998876
1330887
1331273
1332043
1336887
1337887
1338887
1339887
1890887
1898796
1898797
1898798
1361887
1800887
1530887
1533143
1533435
