1990910
1990918
1990920
1990921
1990922
1990923
1990924
1990925
1990926
1990927
1990928
1990929
1992900
1992901
1992902
1992903
1992904
1992905
1992906
1992907
1992908
1992909
1992917
1992990
1992991
1992992
1992993
1992994
1992995
1992996
1992997
1992998
1992999
1994538
1994540
1994541
1994542
1994543
1994544
1994545
1994546
1994547
1994548
1994549
1994550
1994551
1994552
1994553
1994554
1994555
1994630
1994631
1994632
1994633
1994634
1994635
1994636
1994637
1994638
1994639
1994640
1994641
1994642
1994643
1994644
1994645
1994646
1994647
1994648
1994649
1999118
1999119
1999120
1999121
1999122
1999123
1999124
1999125
1999126
1999127
1999128
1999129
1999142
1999143
1999144
1999145
1999146
1999147
1999148
1999149
1999180
1999181
1999182
1999183
1999184
1999185
1999186
1999187
1999188
1999189
1999190
1999191
1999192
1999193
1999194
1999195
1999196
1999197
1999198
1999199
1999280
1999281
1999282
1999283
1999284
1999285
1999286
1999287
1999288
1999289
1999290
1999291
1999292
1999293
1999294
1999295
1999296
1999297
1999298
1999299
1560920
1560921
1560922
1560923
1560924
1560925
1560926
1560927
1560928
1560929
1561900
1561901
1561902
1561903
1561904
1561905
1561906
1561907
1561908
1561909
1561920
1561921
1561922
1561923
1561924
1561925
1561926
1561927
1561928
1561929
1561930
1561931
1561932
1561933
1561934
1561935
1561936
1561937
1561938
1561939
1561940
1561941
1561942
1561943
1561944
1561945
1561946
1561947
1561948
1561949
1566460
1566461
1566462
1566463
1566464
1566465
1566466
1566467
1566468
1566469
1566470
1566471
1566472
1566473
1566474
1566475
1566476
1566477
1566478
1566479
1566480
1566481
1566482
1566483
1566484
1566485
1566486
1566487
1566488
1566489
1566490
1566491
1566492
1566493
1566494
1566495
1566496
1566497
1566498
1566499
1566700
1566701
1566702
1566703
1566704
1566705
1566706
1566707
1566708
1566709
1568600
1568601
1568602
1568603
1568604
1568605
1568606
1568607
1568608
1568609
1568610
1568611
1568612
1568613
1568614
1568615
1568616
1568617
1568618
1568620
1568621
1568622
1568623
1568624
1568625
1568626
1568627
1568628
1568629
1568640
1568641
1568642
1568643
1568644
1568645
1568646
1568647
1568648
1568649
1569140
1569141
1569142
1569143
1569144
1569145
1569146
1569147
1569148
1569149
1569170
1569171
1569172
1569173
1569174
1569175
1569176
1569177
1569178
1569179
1569180
1569181
1569182
1569183
1569184
1569185
1569186
1569187
1569188
1569189
1569190
1569191
1569192
1569193
1569194
1569195
1569196
1569197
1569198
1569199
1780290
1780292
1780293
1780298
1780680
1780688
1780689
1780910
1780918
1780920
1780924
1780928
1780929
1782900
1782901
1782902
1782904
1782908
1782909
1782910
1782918
1782920
1782924
1782929
1782930
1782938
1782939
1782940
1782948
1782949
1782950
1782954
1782958
1782959
1782960
1782961
1782968
1782969
1782970
1782971
1782974
1782975
1782979
1782980
1782981
1782982
1782984
1782985
1782998
1782999
1784764
1784768
1784769
1784778
1786738
1786824
1786828
1786834
1786838
1786839
1786840
1786844
1786848
1786849
1786851
1786852
1786854
1786855
1786858
1786862
1786864
1786867
1786868
1786872
1786874
1786878
1786879
1786880
1786886
1786888
1789910
1789918
1850290
1850291
1850292
1850293
1850294
1850295
1850296
1850297
1850298
1850299
1850910
1850920
1850921
1850922
1850923
1850924
1850925
1850926
1850927
1850928
1850929
1851290
1851291
1851292
1851293
1851294
1851295
1851296
1851297
1851298
1859009
1859100
1859101
1859102
1859103
1859104
1859105
1859106
1859107
1859108
1859140
1859141
1859142
1859143
1859144
1859145
1859146
1859147
1859148
1859149
1859175
1859176
1859177
1859178
1859179
1859184
1859185
1859186
1859187
1859188
1859189
1859191
1859192
1859193
1859194
1859195
1859196
1859197
1859198
1859199
1859200
1859201
1859202
1859203
1859204
1859205
1859206
1859207
1859208
1859209
1859210
1859211
1859212
1859213
1859214
1859215
1859216
1859217
1859218
1859219
1859220
1859221
1859222
1859223
1859224
1859225
1859226
1859227
1859228
1859243
1859244
1859250
1859251
1859252
1859253
1859254
1859255
1859256
1859257
1859258
1859259
1859260
1859261
1859262
1859263
1859264
1859265
1859266
1859267
1859268
1859269
1859270
1859271
1859272
1859273
1859274
1859275
1859276
1859277
1859278
1859279
1859280
1859281
1859282
1859283
1859284
1859285
1859286
1859287
1859288
1859289
1859290
1859291
1859292
1859293
1859294
1859295
1859296
1859297
1859298
1859299
1330918
1330920
1330921
1330922
1330923
1330924
1330925
1330926
1330927
1330928
1330929
1331094
1331097
1331098
1331918
1331920
1331921
1331922
1331923
1331924
1331925
1331926
1331927
1331928
1331929
1332450
1332451
1332452
1332453
1332454
1332455
1332456
1332457
1332458
1332459
1332538
1332545
1332546
1332547
1332548
1332549
1333538
1333539
1334740
1334741
1334742
1334743
1335918
1335920
1335921
1335922
1335923
1335924
1335925
1335926
1335927
1335928
1335929
1336390
1336391
1336392
1336393
1336394
1336395
1336396
1336397
1336398
1336399
1337900
1337901
1337902
1337903
1337904
1337905
1337906
1337907
1337908
1337909
1337918
1337920
1337921
1337922
1337923
1337924
1337925
1337926
1337927
1337928
1337929
1337950
1337951
1337954
1338490
1338491
1338492
1338493
1338494
1338495
1338496
1338497
1338498
1338499
1338918
1338920
1338921
1338922
1338923
1338924
1338925
1338926
1338927
1338928
1338929
1339918
1339928
1711856
1712780
1712781
1712782
1712783
1712784
1712785
1712786
1712787
1712788
1712789
1713900
1713901
1713902
1713903
1713904
1713905
1713906
1713907
1713908
1713909
1713910
1713913
1713914
1713918
1713919
1715900
1715901
1715902
1715903
1715904
1715905
1715906
1715907
1715908
1715909
1715910
1715913
1715914
1715918
1715919
1716900
1716901
1716902
1716903
1716904
1716905
1716906
1716907
1716908
1716909
1716910
1716914
1717910
1717918
1717919
1718900
1718901
1718902
1718903
1718904
1718905
1718906
1718907
1718908
1718909
1718910
1718911
1718917
1718918
1718919
1718920
1718921
1718922
1718923
1718924
1718925
1718926
1718927
1718928
1718929
1360911
1360912
1360915
1360916
1360918
1360919
1360920
1360924
1360925
1360926
1360928
1360929
1361920
1361921
1361922
1361924
1361925
1361926
1361928
1361929
1362920
1362924
1362926
1362927
1362928
1362929
1363021
1363022
1363023
1363025
1363028
1363670
1363671
1363680
1363681
1364920
1364921
1364923
1364924
1364925
1364926
1364927
1364928
1364929
1365911
1365914
1365918
1365919
1365920
1365921
1365923
1365924
1365925
1365926
1365928
1365929
1366913
1366918
1366919
1366920
1366922
1366923
1366924
1366925
1366926
1366927
1366928
1366929
1367910
1367911
1367912
1367913
1367916
1367917
1367918
1367920
1367921
1367922
1367924
1367925
1367926
1367927
1367928
1367929
1368919
1368920
1368924
1368925
1368926
1368928
1368929
1950290
1950918
1959128
1959131
1959138
1959150
1959151
1959152
1959153
1959154
1959155
1959156
1959157
1959158
1959159
1890918
1890920
1890921
1890922
1890923
1890924
1890925
1890926
1890927
1890928
1890929
1896660
1896661
1896662
1896663
1896664
1896665
1896666
1896667
1896668
1896669
1896670
1896671
1896672
1896673
1896674
1896675
1896676
1896677
1896678
1896679
1896680
1896681
1896682
1896683
1896684
1896685
1896686
1896687
1896688
1896689
1896690
1896691
1896692
1896693
1896694
1899110
1899111
1899112
1899113
1899114
1899115
1899116
1899117
1899118
1899119
1899120
1899121
1899122
1899123
1899124
1899125
1899126
1899127
1899128
1899129
1899130
1899131
1899132
1899133
1899134
1899135
1899136
1899137
1899138
1899139
1899180
1899181
1899182
1899183
1899184
1899185
1899186
1899187
1899188
1899189
1899190
1899191
1899192
1899193
1899194
1899195
1899196
1899197
1899198
1899199
1899280
1899281
1899282
1899283
1899284
1899285
1899286
1899287
1899288
1899289
1800910
1800918
1800920
1800921
1800922
1800923
1800924
1800925
1800926
1800927
1800928
1800929
1804900
1804901
1804902
1804903
1804904
1804905
1804906
1804907
1804908
1804909
1804910
1804918
1804920
1804921
1804922
1804923
1804924
1804925
1804926
1804927
1804928
1804929
1804940
1804941
1804942
1804943
1804944
1804945
1804946
1804947
1804948
1804949
1804950
1804951
1804952
1804953
1804954
1804955
1804956
1804957
1804958
1804959
1804960
1804961
1804962
1804963
1804964
1804965
1804966
1804967
1804968
1804969
1806430
1806431
1806432
1806433
1806434
1806435
1806436
1806437
1806438
1806439
1806650
1806651
1806652
1806653
1806654
1806655
1806656
1806657
1806658
1806659
1806660
1806661
1806662
1806663
1806664
1806665
1806666
1806667
1806668
1806669
1806670
1806671
1806672
1806673
1806674
1806675
1806676
1806677
1806678
1806679
1806680
1806681
1806682
1806683
1806684
1806685
1806686
1806687
1806688
1806689
1806690
1806691
1806692
1806693
1806694
1806695
1806696
1806697
1806698
1806699
1808220
1808221
1808222
1808223
1808224
1808225
1808226
1808227
1808228
1808229
1808250
1808251
1808252
1808253
1808254
1808255
1808256
1808257
1808258
1808259
1808260
1808261
1808262
1808263
1808264
1808265
1808266
1808267
1808268
1808269
1808910
1808911
1808912
1808913
1808914
1808915
1808916
1808917
1808918
1808919
1808920
1808921
1808922
1808923
1808924
1808925
1808926
1808927
1808928
1808929
1809100
1809101
1809102
1809103
1809104
1809105
1809106
1809107
1809108
1809109
1809118
1809119
1809128
1809129
1809138
1809139
1809158
1809159
1809178
1809179
1809180
1809181
1809182
1809183
1809184
1809185
1809186
1809187
1809188
1809189
1809200
1809201
1809202
1809203
1809204
1809205
1809206
1809207
1809208
1809209
1809210
1809211
1809212
1809213
1809214
1809215
1809216
1809217
1809218
1809219
1809220
1809221
1809222
1809223
1809224
1809225
1809226
1809227
1809228
1809229
1809230
1809231
1809232
1809233
1809234
1809235
1809236
1809237
1809238
1809239
1809240
1809241
1809242
1809243
1809244
1809245
1809246
1809247
1809248
1809249
1809250
1809251
1809252
1809253
1809254
1809255
1809256
1809257
1809258
1809259
1809260
1809261
1809262
1809263
1809264
1809265
1809266
1809267
1809268
1809269
1809270
1809271
1809272
1809273
1809274
1809275
1809276
1809277
1809278
1809279
1809280
1809281
1809282
1809283
1809284
1809285
1809286
1809287
1809288
1809289
1809290
1809291
1809292
1809293
1809294
1809295
1809296
1809297
1809298
1809299
1530920
1530921
1530922
1530923
1530924
1530925
1530926
1530927
1530928
1530929
1531940
1531941
1531942
1531943
1531944
1531945
1531946
1531947
1531948
1531949
1531970
1531971
1531972
1531973
1531974
1531975
1531976
1531977
1531978
1531979
1531990
1531991
1531992
1531993
1531994
1531995
1531996
1531997
1531998
1531999
1533230
1533231
1533232
1533233
1533234
1533235
1533236
1533237
1533238
1533239
1533240
1533241
1533242
1533243
1533244
1533245
1533246
1533247
1533248
1533249
1533790
1533900
1533901
1533902
1533903
1533904
1533905
1533906
1533907
1533908
1533909
1533910
1533911
1533912
1533913
1533914
1533915
1533916
1533917
1533918
1533919
1533920
1533921
1533922
1533923
1533924
1533925
1533926
1533927
1533928
1533929
1534920
1534921
1534922
1534923
1534924
1534925
1534926
1534927
1534928
1534929
1535336
1535346
1535349
1535350
1535351
1535352
1535353
1535354
1535355
1535356
1535357
1535358
1535359
1535360
1535361
1535362
1535363
1535364
1535365
1535366
1535367
1535368
1535369
1535370
1535371
1535372
1535373
1535374
1535375
1535376
1535377
1535378
1538450
1538454
1538460
1538464
1538860
1538861
1538862
1538863
1538864
1538865
1538866
1538867
1538868
1538869
1538900
1538901
1538902
1538903
1538904
1538905
1538906
1538907
1538908
1538909
1538910
1538918
1538920
1538921
1538922
1538923
1538924
1538925
1538926
1538927
1538928
1538929
1538934
1538935
1538936
1538940
1538941
1538942
1538943
1538944
1538945
1538946
1538947
1538967
1538968
1538969
1539410
1539418
1539800
1539801
1539802
1539803
1539804
1539805
1539806
1539807
1539808
1539809
1539900
1539901
1539902
1539903
1539904
1539905
1539906
1539907
1539908
1539909
1539910
1539918
1539923
1539924
1539925
1539940
1539941
1539942
1539943
1539944
1539945
1539946
1539947
1539948
1539949
1500290
1500291
1500292
1500293
1500294
1500295
1500296
1500297
1500298
1500299
1500920
1500924
1500925
1500926
1500928
1500929
1502900
1502901
1502902
1502903
1502904
1502905
1502906
1502907
1502908
1502909
1502914
1502918
1502920
1502921
1502922
1502923
1502924
1502925
1502926
1502927
1502928
1502929
1502935
1502948
1502955
1502957
1502961
1502967
1502975
1502980
1502988
1502990
1502991
1502992
1502993
1502994
1502995
1502996
1502997
1502998
1502999
1509105
1509109
1509115
1509118
1509119
1509128
1509132
1509133
1509137
1509144
1509148
1509152
1509153
1509154
1509158
1509159
1509162
1509163
1509167
1509175
1509176
1509177
1509183
1509185
1509186
1509189
1509400
1509401
1509402
1509403
1509404
1509405
1509406
1509407
1509408
1509409
1830290
1830291
1830292
1830293
1830294
1830295
1830296
1830297
1830298
1830299
1830910
1830918
1830920
1830921
1830922
1830923
1830924
1830925
1830926
1830927
1830928
1830929
1832940
1832948
1832956
1832957
1832958
1832968
1832970
1832971
1832972
1832973
1832974
1832975
1832976
1832977
1832978
1832979
1832992
1832993
1832994
1832995
1832996
1839100
1839101
1839102
1839103
1839104
1839105
1839106
1839107
1839108
1839109
1839140
1839144
1839145
1839148
1839169
1839180
1839181
1839182
1839184
1839185
1839186
1839198
1839200
1839201
1839202
1839203
1839204
1839205
1839206
1839207
1839208
1839209
1839210
1839211
1839212
1839213
1839214
1839215
1839216
1839217
1839218
1839219
1839230
1839235
1839236
1839237
1839238
1839239
1839240
1839241
1839242
1839243
1839244
1839245
1839246
1839247
1839248
1839249
1839250
1839251
1839252
1839253
1839254
1839255
1839256
1839257
1839258
1839259
1839260
1839261
1839262
1839263
1839264
1839265
1839266
1839267
1839268
1839269
1839285
1839286
1839287
1839288
1839289
1839295
1839296
1839297
1839298
1839299
1839545
1839549
1621942
1590290
1590291
1590292
1590293
1590294
1590295
1590296
1590297
1590298
1590299
1590920
1590929
1592930
1592931
1592932
1592944
1592948
1592955
1592956
1592972
1592973
1592977
1592980
1592989
1592990
1592991
1592992
1592993
1592994
1592995
1592996
1592997
1592998
1592999
1593480
1593481
1593482
1593483
1593484
1593485
1593486
1593487
1593488
1593489
1599116
1599126
1599127
1599134
1599138
1599143
1599145
1599160
1599161
1599162
1599163
1599164
1599165
1599166
1599167
1599168
1599169
1599170
1599171
1599172
1599173
1599174
1599175
1599176
1599177
1599178
1599179
1599180
1599185
1599189
1599194
1599198
1770290
1770291
1770292
1770293
1770294
1770295
1770296
1770297
1770298
1770299
1770910
1770918
1770920
1770921
1770922
1770923
1770924
1770925
1770926
1770927
1770928
1770929
1771950
1771951
1771952
1771953
1771954
1771955
1771956
1771957
1771958
1771959
1771966
1771967
1771968
1772900
1772901
1772907
1772908
1772909
1772910
1772929
1772938
1772939
1772950
1772951
1773060
1773061
1773062
1773063
1773064
1773065
1773066
1773067
1773068
1773069
1773462
1773463
1774230
1774231
1774232
1774233
1774234
1774235
1774236
1774237
1774238
1774239
1774240
1774241
1774242
1774249
1774900
1774901
1774902
1774903
1774904
1774910
1774911
1774912
1774913
1774914
1774915
1774922
1774928
1774929
1774930
1774931
1774932
1774933
1774934
1774935
1774936
1774937
1774938
1774939
1776210
1776211
1776212
1776213
1776214
1776222
1776223
1776224
1776225
1776226
1776227
1776228
1776229
1776460
1776461
1776462
1776463
1776464
1776465
1776466
1776467
1776468
1776469
1776476
1776500
1776501
1776502
1776503
1776504
1776505
1776506
1776507
1776508
1776509
1776580
1776581
1776582
1776583
1776584
1776585
1776586
1776587
1776588
1776589
1776660
1776661
1776662
1776663
1776664
1776665
1776666
1776667
1776668
1776669
1777890
1777891
1777892
1777893
1777894
1777895
1777896
1777897
1777898
1777899
1778240
1778241
1778242
1778243
1778244
1778245
1778246
1778247
1778248
1778249
1778250
1778251
1778252
1778253
1778254
1778255
1778256
1778257
1778258
1778259
1778260
1778261
1778262
1778263
1778264
1778265
1778266
1778267
1778268
1778269
1778270
1778271
1778272
1778273
1778274
1778275
1778276
1778277
1778278
1778279
1778280
1778281
1778282
1778283
1778284
1778285
1778286
1778287
1778288
1778289
1778290
1778291
1778292
1778293
1778294
1778295
1778296
1778297
1778298
1778299
1778800
1778801
1778802
1778803
1778804
1778805
1778806
1778807
1778808
1778809
1778910
1778911
1778912
1778913
1778914
1778915
1778916
1778917
1778918
1779100
1779101
1779102
1779119
1779120
1779121
1779122
1779123
1779124
1779125
1779126
1779127
1779128
1779129
1779130
1779131
1779132
1779133
1779134
1779135
1779136
1779137
1779138
1779139
1779140
1779141
1779142
1779143
1779144
1779145
1779146
1779147
1779148
1779150
1779151
1779152
1779153
1779154
1779155
1779156
1779157
1779158
1779159
1779160
1779161
1779162
1779163
1779164
1779165
1779166
1779167
1779168
1779169
1779170
1779171
1779172
1779173
1779174
1779175
1779176
1779177
1779178
1779179
1779180
1779181
1779182
1779183
1779184
1779185
1779186
1779187
1779188
1779189
1779190
1779191
1779192
1779193
1779194
1779195
1779196
1779197
1779198
1779199
1779200
1779201
1779202
1779203
1779204
1779205
1779206
1779207
1779208
1779209
1779220
1779221
1779222
1779223
1779224
1779225
1779226
1779227
1779228
1779229
1779230
1779231
1779232
1779233
1779234
1779235
1779236
1779237
1779238
1779239
1779240
1779241
1779242
1779243
1779244
1779245
1779246
1779247
1779248
1779249
1779250
1779251
1779252
1779253
1779254
1779255
1779256
1779257
1779258
1779259
1779260
1779261
1779262
1779263
1779264
1779265
1779266
1779267
1779268
1779269
1779270
1779271
1779272
1779273
1779274
1779275
1779276
1779277
1779278
1779279
1779280
1779281
1779282
1779283
1779284
1779285
1779286
1779287
1779288
1779289
1779290
1779291
1779292
1779293
1779294
1779295
1779296
1779297
1779298
1779299
1779404
1779560
1779561
1779562
1779563
1779564
1779565
1779566
1779567
1779568
1779569
1779570
1779571
1779572
1779573
1779574
1779575
1779576
1779577
1779578
1779579
1779580
1779581
1779582
1779583
1779586
1779587
1779591
1779592
1779593
1779595
1350918
1351910
1351911
1351912
1351913
1351914
1351915
1351916
1351917
1351918
1351919
1357149
1357180
1357181
1357182
1357183
1357184
1357185
1357186
1357187
1357188
1357189
1357190
1357191
1357192
1357193
1357194
1357195
1357196
1357197
1357198
1357199
1357200
1357201
1357202
1357203
1357204
1357205
1357206
1357207
1357208
1357209
1357210
1357211
1357212
1357213
1357214
1357215
1357216
1357217
1357218
1357219
1357220
1357221
1357222
1357223
1357224
1357225
1357226
1357227
1357228
1357229
1357240
1357241
1357242
1357243
1357244
1357245
1357246
1357247
1357248
1357249
1357250
1357251
1357252
1357253
1357254
1357255
1357256
1357257
1357258
1357259
1357280
1357281
1357282
1357283
1357284
1357285
1357286
1357287
1357288
1357289
1357290
1357291
1357292
1357293
1357294
1357295
1357296
1357297
1357298
1357299
1452670
1452671
1452672
1452673
1452674
1452675
1452676
1452677
1452678
1452679
1452687
1452688
1452689
1453680
1453681
1453682
1453683
1453684
1453690
1453691
1453692
1453693
1453694
1453695
1453696
1454460
1454461
1454462
1454463
1454464
1454465
1454470
1454478
1457210
1457211
1457212
1457213
1457214
1457215
1457216
1457217
1457218
1457219
1459475
1459476
1459477
1459478
1459479
1459480
1459481
1459482
1459483
1459484
1459485
1459486
1459487
1459488
1459489
1459490
1459491
1459492
1459493
1459494
1459495
1459496
1459497
1459498
1459499
1459577
1459578
1459579
1459580
1459581
1459582
1459583
1459584
1459585
1459586
1459587
1459588
1459589
1459590
1459591
1459592
1459593
1459594
1459595
1459596
1459597
1459598
1459599
1720900
1720910
1720920
1726219
1300290
1300291
1300292
1300293
1300294
1300295
1300296
1300297
1300298
1300299
1300840
1300841
1300842
1301084
1301085
1302280
1302281
1302282
1302283
1302284
1302285
1302286
1302287
1302288
1302289
1302290
1302291
1302292
1302293
1302294
1302295
1302296
1302297
1302298
1302299
1302840
1302841
1302842
1302851
1302856
1302859
1303290
1303291
1303292
1303293
1303294
1303295
1303296
1303297
1303298
1303299
1303858
1303859
1303893
1306037
1306038
1306039
1306040
1306041
1306042
1307290
1307291
1307292
1307293
1307294
1307295
1307296
1307297
1307298
1307299
1308090
1308091
1308092
1308093
1308750
1308751
1308752
1308753
1308754
1308755
1308756
1308757
1308758
1308759
1308895
1308896
1308897
1308898
1308899
1309029
1309690
1309691
1309692
1309693
1309694
1309695
1309696
1309697
1309698
1309699
1860290
1860291
1860292
1860293
1860294
1860295
1860296
1860297
1860298
1860299
1860928
1862845
1862846
1862847
1862848
1862856
1862857
1862858
1862859
1862900
1862901
1862902
1862903
1862904
1862905
1862906
1862907
1862908
1862909
1862910
1862914
1862915
1862919
1862920
1862924
1862925
1862926
1862928
1862929
1862930
1862931
1862932
1862933
1862934
1862935
1862936
1862937
1862938
1862939
1862940
1862941
1862942
1862943
1862944
1862945
1862946
1862947
1862948
1862949
1862950
1862951
1862952
1862953
1862954
1862955
1862956
1862957
1862958
1862959
1862960
1862961
1862962
1862963
1862964
1862965
1862966
1862967
1862968
1862969
1868180
1868181
1868182
1868183
1868184
1868185
1868186
1868187
1868188
1868189
1868194
1868290
1868291
1868292
1868293
1868294
1868295
1868296
1868297
1868298
1868299
1869007
1869008
1869057
1869152
1869155
1869157
1869163
1869180
1869181
1869182
1869183
1869184
1869185
1869186
1869187
1869188
1869189
1869195
1869197
1869198
1869442
1550290
1550291
1550292
1550293
1550294
1550295
1550296
1550297
1550298
1550299
1550918
1552900
1552901
1552902
1552903
1552904
1552905
1552906
1552907
1552908
1552909
1552920
1552921
1552922
1552923
1552924
1552925
1552926
1552927
1552928
1552929
1552930
1552931
1552932
1552933
1552934
1552935
1552936
1552937
1552938
1552939
1552940
1552941
1552942
1552943
1552944
1552945
1552946
1552947
1552948
1552949
1552950
1552951
1552952
1552953
1552954
1552955
1552956
1552957
1552958
1552959
1552960
1552961
1552962
1552963
1552964
1552965
1552966
1552967
1552968
1552969
1559180
1559181
1559182
1559183
1559184
1559185
1559186
1559187
1559188
1559189
1559410
1559411
1559412
1559413
1559414
1559415
1559416
1559417
1559418
1559419
1559460
1559461
1559462
1559463
1559464
1559465
1559466
1559467
1559468
1559469
1559480
1559481
1559482
1559483
1559484
1559485
1559486
1559487
1559488
1559489
1559490
1559491
1559492
1559493
1559494
1559495
1559496
1559497
1559498
1559499
1559616
1559617
1559618
1559640
1559641
1559642
1559643
1559644
1559660
1559661
1559662
1559663
1559664
1559665
1559666
1559667
1559668
1559669
1559680
1559681
1559682
1559683
1559684
1559685
1559686
1559687
1559688
1559689
1390029
1390092
1390918
1390920
1390921
1390922
1390923
1390924
1390925
1390926
1390927
1390928
1390929
1399110
1399111
1399112
1399113
1399114
1399115
1399116
1399117
1399118
1399119
1399120
1399121
1399122
1399123
1399124
1399125
1399126
1399127
1399128
1399129
1399130
1399131
1399132
1399133
1399134
1399135
1399136
1399137
1399138
1399139
1399180
1399181
1399182
1399183
1399184
1399185
1399186
1399187
1399188
1399189
1399190
1399191
1399192
1399193
1399194
1399195
1399196
1399197
1399198
1399199
1399280
1399281
1399282
1399283
1399284
1399285
1399286
1399287
1399288
1399289
1671919
1672842
1672843
1672844
1672845
1672846
1672847
1672871
1672872
1672873
1672874
1672875
1672876
1672877
1672878
1672879
1672880
1672881
1672882
1672883
1672884
1672885
1672886
1672887
1672888
1672889
1672890
1672891
1810090
1810091
1810092
1810910
1810918
1810920
1810921
1810922
1810923
1810924
1810925
1810926
1810927
1810928
1810929
1813390
1813391
1813392
1813393
1813394
1813395
1813396
1813397
1813398
1813399
1814230
1814231
1814236
1814237
1814238
1814239
1814241
1814242
1814247
1814248
1814682
1814683
1814687
1814688
1814689
1814900
1814901
1814902
1814903
1814904
1814905
1814906
1814907
1814908
1814909
1814910
1814911
1814918
1814919
1814920
1814921
1814922
1814923
1814924
1814925
1814926
1814927
1814928
1814929
1814930
1814931
1814932
1814933
1814934
1814935
1814936
1814937
1814938
1814939
1814940
1814941
1814942
1814943
1814944
1814945
1814946
1814947
1814948
1814949
1816170
1816180
1816181
1816182
1816183
1816184
1816185
1816186
1816187
1816188
1816189
1816190
1816191
1816192
1816193
1816194
1816195
1816196
1816197
1816198
1816199
1816500
1816509
1816510
1816515
1816516
1816520
1816521
1816522
1816523
1816524
1816525
1816526
1816527
1816528
1816529
1816530
1816531
1816532
1816533
1816534
1816535
1816536
1816537
1816538
1816539
1816540
1816541
1816542
1816543
1816544
1816545
1816546
1816547
1816548
1816549
1816660
1816661
1816662
1816663
1816664
1816665
1816666
1816667
1818240
1818241
1818242
1818243
1818244
1818250
1818251
1818252
1818253
1818254
1818255
1818256
1818257
1818258
1818259
1818260
1818261
1818262
1818263
1818264
1818265
1818266
1818267
1818268
1818269
1818910
1818911
1818912
1818913
1818914
1818915
1818916
1818917
1818918
1818919
1818920
1818921
1818922
1818923
1818924
1818925
1818926
1818927
1818928
1818929
1819100
1819101
1819102
1819103
1819104
1819105
1819106
1819107
1819108
1819109
1819110
1819111
1819112
1819113
1819114
1819120
1819121
1819124
1819125
1819126
1819127
1819132
1819133
1819140
1819141
1819144
1819145
1819146
1819147
1819155
1819156
1819157
1819158
1819165
1819166
1819167
1819175
1819176
1819177
1819185
1819186
1819187
1819188
1819189
1819190
1819191
1819194
1819196
1819197
1819198
1819199
1819200
1819201
1819202
1819203
1819204
1819205
1819206
1819207
1819208
1819209
1819210
1819211
1819212
1819213
1819214
1819215
1819216
1819217
1819218
1819219
1819220
1819221
1819222
1819223
1819224
1819225
1819226
1819227
1819228
1819229
1819230
1819231
1819232
1819233
1819234
1819235
1819236
1819237
1819238
1819239
1819240
1819241
1819242
1819243
1819244
1819245
1819246
1819247
1819248
1819249
1819250
1819251
1819252
1819253
1819254
1819256
1819257
1819258
1819259
1819260
1819261
1819262
1819263
1819264
1819265
1819266
1819267
1819268
1819269
1819270
1819271
1819272
1819273
1819274
1819275
1819276
1819277
1819278
1819279
1819280
1819281
1819282
1819283
1819284
1819285
1819286
1819287
1819288
1819289
1819290
1819291
1819292
1819293
1819294
1819295
1819296
1819297
1819298
1819299
1520240
1520241
1520242
1520243
1520244
1520245
1520246
1520247
1520248
1520249
1520290
1520291
1520292
1520293
1520294
1520295
1520296
1520297
1520298
1520299
1520918
1520920
1520921
1520922
1520923
1520924
1520925
1520926
1520927
1520928
1520929
1522900
1522901
1522902
1522903
1522904
1522905
1522906
1522907
1522908
1522909
1522920
1522921
1522922
1522923
1522924
1522925
1522926
1522927
1522928
1522929
1522930
1522931
1522932
1522933
1522934
1522935
1522936
1522937
1522938
1522939
1522988
1522989
1524904
1524906
1524908
1524909
1524918
1524919
1524920
1524921
1524922
1524923
1524924
1524925
1524926
1524927
1524928
1524929
1528928
1528934
1528935
1528936
1528937
1528938
1528945
1528947
1528948
1529118
1529119
1529141
1529145
1529148
1529149
1529157
1529159
1529168
1529169
1529181
1529183
1529184
1529185
1529186
1529187
1529191
1529196
1529198
1529199
1880290
1880291
1880292
1880293
1880294
1880295
1880296
1880297
1880298
1880299
1880918
1880920
1880921
1880922
1880923
1880924
1880925
1880926
1880927
1880928
1880929
1882160
1882161
1882162
1882163
1882164
1882165
1882166
1882167
1882168
1882169
1882170
1882171
1882172
1882173
1882174
1882175
1882176
1882177
1882178
1882179
1882900
1882901
1882902
1882903
1882904
1882905
1882906
1882907
1882908
1882909
1882910
1882918
1882920
1882921
1882922
1882923
1882924
1882925
1882926
1882927
1882928
1882929
1882930
1882934
1882935
1882940
1882944
1882948
1882949
1882950
1882951
1882952
1882953
1882954
1882955
1882956
1882957
1882958
1882959
1882960
1882964
1882970
1882978
1882980
1882984
1882988
1882989
1884020
1884024
1884028
1884029
1884030
1884031
1884034
1884036
1884038
1884039
1884040
1884045
1884046
1884048
1889144
1889148
1889190
1889191
1889192
1889193
1889194
1889195
1889196
1889197
1889198
1889199
1889200
1889201
1889202
1889203
1889204
1889205
1889206
1889207
1889208
1889209
1889215
1750290
1750293
1750294
1750296
1750297
1750298
1750299
1750910
1750920
1750928
1470290
1470291
1470292
1470293
1470294
1470295
1470296
1470297
1470298
1470299
1470918
1470920
1470921
1470922
1470923
1470924
1470925
1470926
1470927
1470928
1470929
1472770
1472771
1472772
1472773
1472774
1472775
1472776
1472780
1472784
1472790
1472798
1472900
1472901
1472902
1472903
1472904
1472905
1472906
1472907
1472908
1472909
1472913
1472914
1472917
1472918
1472920
1472921
1472922
1472923
1472924
1472925
1472926
1472927
1472928
1472929
1472940
1472941
1472942
1472943
1472944
1472945
1472946
1472947
1472948
1472949
1472986
1472988
1472996
1472998
1476090
1476091
1476092
1476093
1476094
1476095
1476096
1476097
1476098
1476099
1476580
1476581
1476582
1479105
1479106
1479108
1479109
1479110
1479111
1479112
1479113
1479114
1479115
1479116
1479117
1479118
1479119
1479156
1479157
1479158
1479159
1479166
1479167
1479168
1479169
1479178
1479179
1479180
1479181
1479182
1479183
1479184
1479200
1479201
1479202
1479203
1479204
1479205
1479206
1479207
1479208
1479209
1479210
1479211
1479212
1479213
1479214
1479215
1479216
1479217
1479218
1479219
1479220
1479221
1479222
1479223
1479224
1479225
1479226
1479227
1479228
1479229
1370022
1370023
1370024
1370027
1370028
1370029
1370911
1370912
1370914
1370918
1370919
1370920
1370921
1370922
1370924
1370925
1370926
1370928
1370929
1372040
1372041
1372042
1372043
1372045
1372049
1372051
1372052
1372053
1372054
1372055
1372058
1372060
1372061
1372062
1372063
1372065
1372072
1372073
1372075
1372076
1372077
1375982
1375987
1375988
1375989
1375990
1375991
1375992
1375993
1375994
1375995
1375996
1375997
1375998
1375999
1377200
1377201
1377202
1377203
1377204
1377205
1377206
1377207
1377208
1377209
1377210
1377211
1377212
1377213
1377214
1377215
1377216
1377217
1377218
1377219
1377240
1377241
1377242
1377243
1377244
1377245
1377246
1377247
1377248
1377249
1377250
1377251
1377252
1377253
1377254
1700290
1700291
1700292
1700293
1700294
1700295
1700296
1700297
1700298
1700299
1700910
1700911
1700914
1700915
1701920
1701921
1701922
1701923
1701924
1701925
1701926
1701927
1701928
1701929
1702900
1702901
1702902
1702903
1702904
1702905
1702906
1702907
1702908
1702909
1702910
1702911
1702912
1702913
1702914
1702915
1703070
1703071
1703072
1703073
1703074
1703076
1703077
1703078
1703079
1703080
1703081
1703082
1703083
1703084
1703085
1703086
1703087
1703088
1703089
1703090
1703091
1703092
1703093
1703094
1703095
1703096
1703097
1703098
1703099
1703100
1703101
1703102
1703103
1703104
1703941
1703942
1703943
1703944
1703945
1703946
1703947
1703948
1704082
1704890
1704891
1704892
1704893
1704894
1704895
1704896
1704897
1704898
1704899
1705030
1705062
1705129
1705166
1705229
1705247
1705250
1705289
1705370
1705529
1705561
1705623
1705676
1705729
1705734
1705769
1705779
1705812
1707290
1707291
1707292
1707293
1707294
1707295
1707296
1707297
1707298
1707299
1708290
1708291
1708292
1708293
1708294
1708295
1708296
1708297
1708298
1708299
1708910
1708911
1708912
1708913
1708914
1708915
1709290
1709292
1709293
1709294
1709295
1709296
1709297
1709298
1709299
1910290
1910291
1910918
1910920
1910921
1910922
1910923
1910924
1910925
1910926
1910927
1910928
1910929
1914461
1914462
1914463
1914464
1914465
1914466
1914520
1914521
1914522
1914523
1914524
1914525
1914526
1914527
1919105
1919106
1919107
1919108
1919109
1919170
1919171
1919172
1320140
1320141
1320142
1320143
1320144
1320145
1320146
1320147
1320148
1320149
1320150
1320151
1320152
1320153
1320154
1320155
1320156
1320157
1320158
1320159
1320160
1320161
1320162
1320163
1320164
1320165
1320166
1320167
1320168
1320169
1320170
1320171
1320172
1320173
1320174
1320175
1320176
1320177
1320178
1320179
1320180
1320181
1320182
1320183
1320184
1320185
1320186
1320187
1320188
1320189
1322700
1322701
1322702
1322703
1322704
1322705
1322706
1322707
1322708
1322709
1322770
1322771
1322772
1322773
1322774
1322775
1322776
1322777
1322778
1322779
1322780
1322781
1322782
1322783
1322784
1322785
1322786
1322787
1322788
1322789
1322800
1322801
1322802
1322803
1322804
1322805
1322806
1322807
1322808
1322809
1324410
1325940
1325941
1325942
1325943
1325944
1325945
1325946
1325947
1325948
1325949
1325970
1325971
1325972
1325973
1325974
1325975
1325976
1325977
1325978
1325979
1325980
1325981
1325982
1325983
1325984
1325985
1325986
1325987
1325988
1325989
1325990
1325991
1325992
1325993
1325994
1325995
1325996
1325997
1325998
1325999
1327920
1327921
1327922
1327923
1327924
1327925
1327926
1327927
1327928
1327929
1327930
1327931
1327932
1327933
1327934
1327935
1327936
1327937
1327938
1327939
1327940
1327941
1327942
1327943
1327944
1327945
1327946
1327947
1327948
1327949
1328920
1328921
1328922
1328923
1328924
1328925
1328926
1328927
1328928
1328929
1328930
1328931
1328932
1328933
1328934
1328935
1328936
1328937
1328938
1328939
1328980
1328981
1328982
1328983
1328984
1328985
1328986
1328987
1328988
1328989
1329900
1329901
1329902
1329903
1329904
1329905
1329906
1329907
1329908
1329909
1329910
1329911
1329912
1329913
1329916
1329917
1329919
1570290
1570291
1570292
1570293
1570294
1570295
1570296
1570297
1570298
1570299
1570600
1570601
1570602
1570603
1570604
1570910
1570918
1570920
1570924
1570928
1571044
1571048
1571049
1571918
1571921
1571928
1571929
1572191
1572194
1572195
1572196
1572197
1572198
1576910
1576918
1576920
1576929
1577170
1577171
1577172
1577173
1577174
1577175
1577176
1577177
1577178
1577179
1577180
1577190
1577191
1577192
1577193
1577194
1577195
1577196
1577197
1577198
1577199
1840290
1840291
1840292
1840293
1840294
1840295
1840299
1840910
1840918
1840920
1841780
1841781
1841782
1841783
1841784
1841785
1841786
1841787
1841788
1841789
1841790
1841791
1841792
1841793
1841794
1841795
1841796
1841797
1841798
1841799
1842900
1842901
1842904
1842908
1842909
1842910
1842918
1842920
1842922
1842924
1842928
1842950
1842951
1842952
1842953
1842954
1842955
1842957
1842958
1842959
1842960
1842961
1842962
1842963
1842964
1842966
1842967
1842970
1842971
1842972
1842973
1842974
1842975
1842976
1842977
1842978
1842979
1849111
1849112
1849113
1849114
1849115
1849116
1849117
1849118
1849119
1849590
1849591
1849592
1849593
1849594
1849595
1849596
1849597
1849598
1849599
1650152
1650290
1650920
1650922
1650928
1651029
1651078
1651080
1651081
1651229
1651385
1651490
1652144
1652176
1652617
1653328
1653905
1655029
1655717
1656126
1656127
1656129
1656252
1656253
1656263
1656829
1656910
1656950
1657112
1657122
1980290
1980291
1980292
1980294
1980298
1980299
1980910
1980918
1981519
1982900
1982908
1982910
1982914
1982918
1982919
1982920
1982921
1982924
1982925
1982926
1982930
1982931
1982934
1982936
1982938
1982939
1982940
1982942
1982944
1982947
1982948
1982949
1982960
1982961
1982962
1982963
1982964
1982965
1982966
1982967
1982968
1982969
1982970
1982971
1982972
1982973
1982974
1982975
1982976
1982977
1982978
1982979
1982980
1982981
1982982
1982983
1982984
1982985
1982986
1982987
1982988
1982989
1988892
1989088
1989098
1989127
1989141
1989142
1989143
1989145
1989450
1989451
1989452
1989453
1989454
1989455
1989456
1989457
1989458
1989459
1989492
1989494
1989495
1989498
1989499
1989871
1989874
1989877
1380029
1380915
1380918
1380919
1389143
1389180
1389181
1389182
1389183
1389184
1389185
1389186
1389187
1389188
1389189
1389190
1389191
1389192
1389193
1389194
1389195
1389196
1389197
1389198
1389199
1389280
1389281
1389282
1389283
1389284
1389285
1389286
1389287
1389288
1389289
1660290
1660291
1660292
1660293
1660294
1660295
1660296
1660297
1660298
1660299
1660910
1660918
1660920
1660924
1660925
1870000
1870018
1870019
1870040
1870041
1870042
1870043
1870044
1870045
1870046
1870047
1870048
1870049
1870058
1870059
1870078
1870079
1870080
1870081
1870082
1870083
1870084
1870085
1870086
1870087
1870088
1870089
1870090
1870091
1870092
1870093
1870094
1870095
1870096
1870097
1870098
1870099
1870290
1870291
1870292
1870293
1870294
1870295
1870296
1870297
1870298
1870299
1870670
1870671
1870672
1870673
1870674
1870675
1870676
1870677
1870678
1870679
1870680
1870681
1870682
1870683
1870684
1870685
1870686
1870687
1870688
1870689
1870918
1870920
1870921
1870922
1870923
1870924
1870925
1870926
1870927
1870928
1870929
1871030
1871031
1871032
1871033
1871034
1871035
1871036
1871037
1871038
1871039
1871040
1871041
1871042
1871043
1871044
1871045
1871046
1871047
1871048
1871049
1871050
1871051
1871054
1871055
1871056
1871057
1871060
1871061
1871062
1871064
1871068
1871070
1871071
1871072
1871073
1871074
1871075
1871076
1871077
1871078
1871079
1871080
1871081
1871082
1871083
1871084
1871085
1871086
1871087
1871088
1871089
1871090
1871091
1871092
1871093
1871094
1871095
1871096
1871097
1871098
1871099
1871730
1871731
1871732
1871733
1871734
1871735
1871736
1871737
1871738
1871739
1872900
1872901
1872902
1872903
1872904
1872905
1872906
1872907
1872908
1872909
1872918
1872920
1872921
1872922
1872923
1872924
1872925
1872926
1872927
1872928
1872929
1872930
1872931
1872932
1872933
1872934
1872935
1872936
1872937
1872938
1872939
1872948
1872950
1872951
1872952
1872953
1872954
1872955
1872956
1872957
1872958
1872959
1872986
1872987
1872990
1872996
1872997
1872998
1874035
1874039
1874040
1874041
1874042
1874043
1874044
1874045
1874046
1874047
1874048
1874049
1874064
1878940
1878941
1878942
1878943
1878944
1878945
1878946
1878947
1878948
1878949
1879148
1879198
1879240
1879241
1879242
1879243
1879244
1879245
1879246
1879247
1879248
1879249
1879250
1879251
1879252
1879253
1879254
1879255
1879256
1879257
1879258
1879259
1879260
1879261
1879262
1879263
1879264
1879265
1879266
1879267
1879268
1879269
1879270
1879271
1879272
1879273
1879274
1879275
1879276
1879277
1879278
1879279
1879280
1879281
1879282
1879283
1879284
1879285
1879286
1879287
1879288
1879289
1879290
1879291
1879292
1879293
1879294
1879295
1879296
1879297
1879298
1879299
1310950
1310951
1310952
1310953
1310954
1310955
1310956
1310957
1310958
1310959
1311040
1311041
1311042
1311043
1311044
1311045
1311046
1311047
1311048
1311049
1311910
1311911
1311912
1311913
1311914
1311915
1311916
1311917
1311918
1311919
1314918
1314920
1314921
1314922
1314923
1314924
1314925
1314926
1314927
1314928
1314929
1315200
1315201
1315202
1315203
1315204
1315205
1315206
1315207
1315208
1315209
1315210
1315211
1315212
1315213
1315214
1315215
1315216
1315217
1315218
1315219
1315240
1315241
1315242
1315243
1315244
1315245
1315246
1315247
1315248
1315249
1316571
1316572
1316573
1316574
1316575
1316578
1316579
1318600
1318601
1318602
1318603
1318604
1318605
1318606
1318607
1318608
1318609
1318610
1318611
1318612
1318613
1318614
1318615
1318616
1318617
1318618
1318619
1319330
1319331
1319332
1319333
1319334
1319335
1319336
1319337
1319338
1319339
1730088
1730290
1730291
1730292
1730293
1730294
1730295
1730296
1730297
1730298
1730299
1730910
1730918
1730920
1730921
1730922
1730923
1730924
1730925
1730926
1730927
1730928
1730929
1731660
1731661
1731662
1731663
1731664
1731665
1731666
1731667
1731668
1731669
1731951
1731952
1731959
1731985
1731986
1731987
1731988
1731989
1731990
1731991
1731992
1731993
1731994
1731995
1731996
1731997
1731998
1731999
1734210
1734211
1734212
1734213
1734214
1734215
1734216
1734217
1734218
1734219
1734220
1734221
1734222
1734223
1734224
1734225
1734226
1734227
1734228
1734229
1734230
1734231
1734232
1734233
1734292
1734293
1734294
1734295
1734296
1734297
1734298
1734299
1734900
1734901
1734902
1734903
1734905
1734906
1734907
1734908
1734909
1734910
1734911
1734912
1734913
1734914
1734915
1734925
1734926
1734933
1734934
1734935
1738243
1738256
1738257
1738267
1738697
1738698
1738699
1738910
1738911
1738912
1738913
1738914
1738915
1738916
1738917
1738918
1738919
1738920
1739111
1739112
1739113
1739114
1739115
1739116
1739117
1739118
1739119
1739123
1739124
1739125
1739140
1739141
1739142
1739143
1739144
1739145
1739146
1739147
1739148
1739149
1739158
1739160
1739161
1739162
1739163
1739164
1739165
1739166
1739167
1739168
1739170
1739171
1739172
1739173
1739174
1739175
1739176
1739177
1739178
1739179
1739180
1739181
1739182
1739183
1739184
1739185
1739186
1739187
1739188
1739189
1739190
1739191
1739192
1739193
1739194
1739195
1739196
1739197
1739198
1739199
1739205
1739206
1739220
1739221
1739222
1739223
1739224
1739225
1739226
1739227
1739228
1739229
1739244
1739245
1739246
1739247
1739248
1739249
1739250
1739251
1739252
1739253
1739254
1739255
1739256
1739257
1739258
1739259
1739270
1739271
1739272
1739273
1739274
1739275
1739276
1739277
1739278
1739279
1739280
1739281
1739282
1739283
1739284
1739285
1739286
1739287
1739288
1739289
1739290
1739291
1739292
1739293
1739294
1739295
1739296
1739297
1739298
1739299
1739561
1739562
1739563
1739564
1739565
1739566
1739567
1739660
1739661
1739662
1739663
1739664
1739665
1739666
1739667
1739668
1739669
1739867
1739868
1340294
1340295
1340296
1340297
1340298
1342977
1344190
1344490
1344890
1346860
1346861
1346862
1346865
1346866
1346867
1346870
1346871
1346872
1346875
1346876
1346877
1346881
1346882
1346883
1346884
1346885
1346888
1346892
1346893
1346895
1346897
1347400
1347401
1347402
1347403
1347405
1347406
1347407
1347410
1347411
1347412
1347413
1347415
1347416
1347417
1347429
1347435
1347436
1347437
1347446
1347447
1347450
1347451
1347452
1347453
1347464
1347465
1347466
1347467
1347468
1348446
1348447
1348451
1348452
1348453
1348454
1348455
1348458
1348459
1348460
1348461
1348462
1348463
1348466
1348467
1348480
1348481
1348490
1348491
1348492
1348493
1348495
1348810
1348811
1348812
1348813
1348814
1348815
1348818
1348819
1348821
1348822
1348823
1348826
1348827
1348831
1348832
1348833
1348835
1348846
1348847
1580290
1580291
1580292
1580293
1580294
1580295
1580296
1580297
1580298
1580299
1580918
1580920
1580921
1580922
1580923
1580924
1580925
1580926
1580927
1580928
1580929
1582900
1582901
1582902
1582903
1582904
1582905
1582906
1582907
1582908
1582909
1582910
1582920
1582921
1582922
1582923
1582924
1582925
1582926
1582927
1582928
1582929
1582930
1582931
1582932
1582933
1582934
1582935
1582936
1582937
1582938
1582939
1582946
1582947
1582953
1582954
1582955
1582958
1582960
1582961
1582962
1582963
1582964
1582965
1582966
1582967
1582968
1582969
1582970
1582971
1582972
1582973
1582974
1582975
1582976
1582977
1582978
1582979
1582984
1582988
1582990
1582991
1582992
1582993
1587732
1587734
1587738
1587739
1587744
1587748
1587755
1587765
1589130
1589139
1589142
1589144
1589148
1589149
1589170
1589171
1589172
1589173
1589174
1589175
1589176
1589177
1589178
1589179
1760290
1760291
1760292
1760293
1760294
1760295
1760296
1760297
1760298
1760299
1760910
1760920
1761290
1761291
1762900
1762901
1762902
1762903
1762904
1762905
1762906
1762907
1762908
1762909
1762910
1762914
1762915
1762919
1762920
1762921
1762922
1762923
1762924
1762925
1762926
1762927
1762928
1762929
1769100
1769101
1769102
1769103
1769104
1769105
1769106
1769107
1769108
1769109
1769110
1769111
1769112
1769113
1769114
1769115
1769116
1769117
1769118
1769119
1769120
1769121
1769122
1769123
1769124
1769134
1769135
1769139
1769198
1769199
1510290
1510291
1510292
1510293
1510294
1510295
1510296
1510297
1510298
1510299
1510911
1510920
1510921
1510922
1510923
1510924
1510925
1510926
1510927
1510928
1510929
1511480
1511481
1511482
1511483
1511484
1511485
1511486
1511487
1511488
1511489
1511498
1512900
1512901
1512902
1512903
1512904
1512905
1512906
1512907
1512908
1512909
1512918
1512920
1512921
1512922
1512923
1512924
1512925
1512926
1512927
1512928
1512929
1512931
1512936
1512939
1512944
1512948
1512956
1512965
1512982
1512988
1512993
1519141
1519142
1519143
1519144
1519145
1519146
1519147
1519148
1519157
1519158
1519168
1519181
1519184
1519185
1519186
1519188
1519189
1519190
1519191
1820290
1820291
1820292
1820293
1820294
1820295
1820296
1820297
1820298
1820299
1820910
1820918
1820920
1820921
1820922
1820923
1820924
1820925
1820926
1820927
1820928
1820929
1822000
1822001
1822002
1822003
1822004
1822005
1822006
1822007
1822008
1822009
1822017
1822018
1822019
1822040
1822048
1822050
1822051
1822052
1822053
1822054
1822055
1822056
1822057
1822058
1822059
1822060
1822061
1822068
1822080
1822081
1822082
1822083
1822084
1822085
1822086
1822087
1822090
1822900
1822901
1822902
1822903
1822904
1822905
1822906
1822907
1822908
1822909
1824080
1824088
1824089
1829100
1829101
1829102
1829103
1829104
1829105
1829106
1829107
1829108
1829109
1829140
1829141
1829142
1829143
1829144
1829145
1829146
1829147
1829148
1829149
1829180
1829181
1829182
1829183
1829184
1829185
1829186
1829187
1829188
1829189
1829190
1829191
1829192
1829193
1829194
1829195
1829196
1829197
1829198
1829199
1829200
1829201
1829202
1829203
1829204
1829205
1829206
1829207
1829208
1829209
1829216
1829217
1829218
1829240
1829241
1829244
1829245
1829246
1829248
1829249
1829256
1829257
1829267
1829268
1829280
1829281
1829282
1829283
1829284
1829285
1829286
1829287
1829288
1829289
1829290
1829291
1829292
1829293
1829294
1829295
1829296
1829297
1829298
1829299
