1350574
1350578
1350584
1350588
1350668
1350669
1350674
1350678
1350684
1350688
1351574
1351584
1351588
1351674
1351678
1351688
1356600
1356601
1356602
1356603
1356604
1356605
1356606
1356607
1356608
1356609
1356630
1356631
1356632
1356633
1356634
1356635
1356636
1356637
1356638
1356639
1356650
1356651
1356652
1356653
1356654
1356655
1356656
1356657
1356658
1356659
1356660
1356661
1356662
1356663
1356664
1356740
1356741
1356742
1356743
1356744
1356745
1356746
1356747
1356748
1356749
1356780
1356781
1356782
1356783
1356784
1356785
1356786
1356787
1356788
1356789
1356790
1356791
1356792
1356793
1356794
1358650
1358651
1358652
1358653
1358654
1358655
1358656
1358657
1358658
1358659
1358660
1358661
1358662
1358663
1358664
1358665
1358666
1358667
1358668
1358669
1358670
1358671
1358672
1358673
1358674
1358675
1358676
1358677
1358678
1358679
1358680
1358681
1358682
1358683
1358684
1358685
1358686
1358687
1358688
1358689
1358690
1358691
1358692
1358693
1358694
1452210
1452211
1452212
1452213
1452214
1452215
1452216
1452217
1452218
1452219
1452243
1452244
1452245
1453221
1453222
1454164
1454174
1454175
1454702
1454704
1454714
1454724
1454729
1454730
1454732
1454733
1454734
1454735
1454736
1454737
1454738
1454744
1454790
1458070
1458071
1458072
1458073
1458074
1458075
1458076
1458077
1458078
1458079
1458080
1458081
1458082
1458083
1458084
1458085
1458086
1458087
1458088
1458089
1458090
1458091
1458092
1458093
1458094
1458095
1458096
1458097
1458098
1770574
1770584
1770645
1770646
1770647
1770648
1770649
1770660
1770661
1770662
1770668
1770669
1770674
1770688
1775703
1775704
1775705
1775706
1775707
1775740
1775741
1775742
1775743
1775744
1775745
1775746
1775747
1775748
1775749
1775783
1775784
1775785
1775786
1775787
1775820
1775822
1775823
1775824
1776730
1776731
1776732
1776733
1776734
1778850
1778851
1778852
1778853
1778854
1779460
1779461
1779988
1590574
1590584
1590650
1590651
1590652
1590653
1590654
1590655
1590656
1590657
1590658
1590659
1590674
1590684
1592430
1592431
1592432
1592433
1592434
1592435
1592436
1592437
1592438
1592439
1595740
1595741
1595742
1595743
1595744
1595745
1595746
1595747
1595748
1595749
1595785
1595786
1595787
1595788
1595789
1595820
1595821
1595822
1595823
1595824
1595825
1595826
1595827
1595828
1595829
1595880
1595881
1595882
1595883
1595884
1595885
1595886
1595887
1595888
1595889
1596780
1596781
1596782
1596783
1596784
1596785
1596786
1596787
1596788
1596789
1596800
1596801
1596802
1596803
1596804
1596805
1596806
1596807
1596808
1596809
1596840
1596841
1596842
1596843
1596844
1596845
1596846
1596847
1596848
1596849
1596890
1596891
1596892
1596893
1596894
1596895
1596896
1596897
1596898
1596899
1598860
1598861
1598862
1598863
1598864
1598865
1598866
1598867
1598868
1598869
1599020
1599021
1599022
1599023
1599024
1599025
1599026
1599027
1599028
1599029
1599050
1599051
1599052
1599053
1599054
1599055
1599056
1599057
1599058
1599059
1830574
1830584
1831295
1831296
1831297
1831298
1831299
1835290
1835291
1835292
1835293
1835294
1835295
1835296
1835297
1835298
1835299
1835740
1835741
1835742
1835743
1835744
1835745
1835746
1835747
1835748
1835749
1835820
1835821
1835822
1835823
1835824
1835825
1835826
1835827
1835828
1835829
1835840
1835841
1835842
1835843
1835844
1835845
1835846
1835847
1835848
1835849
1836740
1836741
1836742
1836743
1836744
1836745
1836746
1836747
1836748
1836749
1836820
1836821
1836822
1836823
1836824
1836825
1836826
1836827
1836828
1836829
1836840
1836841
1836842
1836843
1836844
1836845
1836846
1836847
1836848
1836849
1839580
1839581
1839582
1839583
1839584
1839585
1839586
1839587
1839588
1839589
1500574
1500584
1505740
1505741
1505742
1505743
1505744
1505745
1505746
1505747
1505748
1505749
1505800
1505801
1505802
1505803
1505804
1505805
1505806
1505807
1505808
1505809
1505820
1505821
1505822
1505823
1505824
1505825
1505826
1505827
1505828
1505829
1505840
1505841
1505842
1505843
1505844
1505845
1505846
1505847
1505848
1505849
1505880
1505881
1505882
1505883
1505884
1505885
1505886
1505887
1505888
1505889
1506740
1506741
1506742
1506743
1506744
1506745
1506746
1506747
1506748
1506749
1508840
1508841
1508842
1508843
1508844
1508845
1508846
1508847
1508848
1508849
1508880
1508881
1508882
1508883
1508884
1508885
1508886
1671574
1672574
1673030
1673031
1673032
1673033
1673574
1390574
1390584
1390660
1390661
1390662
1390668
1390669
1390674
1390684
1395740
1395741
1395742
1395743
1395744
1395745
1395746
1395747
1395748
1395749
1395780
1395781
1395782
1395783
1395784
1395785
1395786
1395787
1395788
1395789
1395820
1395821
1395822
1395823
1395824
1395825
1395826
1395827
1395828
1395829
1395830
1395831
1395832
1395833
1395834
1395835
1395836
1395837
1395838
1395839
1396780
1396781
1396782
1396783
1396784
1396785
1396786
1396787
1396788
1396789
1396820
1396821
1396822
1396823
1396824
1396825
1396826
1396827
1396828
1396829
1396830
1396831
1396832
1396833
1396834
1396835
1396836
1396837
1396838
1396839
1398930
1398931
1398932
1398933
1398934
1398935
1398936
1398937
1398938
1398939
1550020
1550021
1550022
1550023
1550024
1550025
1550026
1550027
1550028
1550029
1550574
1550580
1550584
1555700
1555701
1555702
1555703
1555704
1555705
1555706
1555707
1555708
1555709
1555740
1555741
1555742
1555743
1555744
1555745
1555746
1555747
1555748
1555749
1555785
1555786
1555787
1555788
1555789
1555820
1555821
1555822
1555823
1555824
1555825
1555826
1555827
1555828
1555829
1555830
1555831
1555832
1555833
1555834
1555835
1555836
1555837
1555838
1555839
1555840
1555841
1555842
1555843
1555844
1860574
1860584
1860660
1860661
1860662
1860668
1860669
1860686
1860687
1865740
1865741
1865742
1865743
1865744
1865745
1865746
1865747
1865748
1865749
1865820
1865821
1865822
1865823
1865824
1865825
1865826
1865827
1865828
1865829
1865840
1865841
1865842
1865843
1865844
1865845
1865846
1865847
1865848
1865849
1866740
1866741
1866742
1866743
1866744
1866745
1866746
1866747
1866748
1866749
1866780
1866781
1866782
1866783
1866784
1866785
1866786
1866787
1866788
1866789
1866825
1866826
1866827
1866828
1866829
1866853
1866854
1866855
1866856
1866857
1866858
1866859
1866880
1866881
1866882
1866883
1866884
1866885
1866886
1866887
1866888
1866889
1300370
1300371
1300372
1300373
1300374
1300375
1300376
1300377
1300378
1300379
1300890
1300891
1300892
1300893
1300894
1300895
1300896
1300897
1300898
1300899
1301037
1302370
1302371
1302372
1302373
1302374
1302375
1302376
1302377
1302378
1302379
1302890
1302891
1302892
1302893
1302894
1302895
1302896
1302897
1302898
1302899
1303460
1303461
1303462
1303463
1303464
1303465
1303466
1303467
1303468
1303469
1304040
1304041
1304042
1304043
1304044
1305670
1305671
1305672
1305673
1305674
1305675
1305676
1305677
1305678
1305679
1305680
1305681
1305682
1305683
1305684
1305685
1305686
1305687
1305688
1305689
1305690
1305691
1305692
1305693
1305694
1305695
1305696
1305697
1305698
1305699
1306560
1306561
1306562
1306563
1306564
1306565
1306566
1306567
1306568
1306569
1306580
1306581
1306582
1306583
1306584
1306585
1306586
1306587
1306588
1306589
1307190
1307191
1307192
1307193
1307194
1307195
1307196
1307197
1307198
1307199
1308190
1308191
1308192
1308193
1308194
1308195
1308196
1308197
1308198
1308199
1308290
1308291
1308292
1308293
1308294
1308295
1308296
1308297
1308298
1308299
1309482
1309483
1309574
1309590
1309591
1309592
1309593
1309594
1309595
1309596
1309597
1309598
1309599
1726038
1728037
1728087
1712226
1712227
1713116
1713117
1713118
1713119
1713160
1713161
1713162
1713163
1713165
1713167
1713168
1713169
1713171
1713172
1713173
1713175
1713176
1713177
1713178
1713179
1713270
1713271
1713272
1713273
1713274
1713275
1713276
1713277
1713278
1713279
1713280
1713281
1713282
1713283
1713284
1713285
1713286
1713287
1713289
1713330
1713334
1713340
1713341
1713342
1713343
1713344
1713345
1713346
1713347
1713348
1713349
1713440
1713441
1716574
1717574
1718418
1718419
1718574
1718660
1718661
1718662
1718663
1718664
1718665
1718667
1718669
1718940
1718941
1718942
1718943
1718944
1718970
1718971
1718972
1718973
1718975
1718976
1718977
1718978
1718979
1718980
1718981
1718982
1718983
1719574
1719922
1719933
1719955
1330574
1330584
1330660
1330661
1330662
1330663
1330664
1330665
1330666
1330667
1330668
1330669
1330674
1330684
1332574
1332584
1332588
1332594
1332612
1333574
1333584
1333660
1333661
1333662
1333663
1333664
1333665
1333666
1333667
1333668
1333669
1333686
1333687
1333688
1333689
1334574
1334584
1334595
1334596
1334597
1334598
1334599
1335574
1335584
1335590
1335591
1335592
1335593
1335594
1335595
1335596
1335597
1335598
1335599
1336243
1336244
1336245
1336246
1336247
1336248
1336283
1336284
1336285
1336286
1336287
1336288
1337244
1337245
1337387
1337388
1337389
1337574
1337584
1337688
1338574
1338584
1338660
1338661
1338662
1338663
1338664
1338665
1338666
1338667
1339574
1339584
1339660
1339661
1339662
1339663
1339664
1339665
1339666
1339667
1339668
1339669
1339674
1339684
1780574
1780584
1781562
1781563
1781590
1781591
1781592
1781593
1781594
1781595
1781596
1781597
1781598
1781599
1781663
1781694
1781695
1781696
1781697
1781698
1781699
1782670
1785580
1785581
1785582
1785583
1785584
1785585
1785702
1785707
1785728
1785729
1785737
1785738
1785739
1785743
1785744
1785766
1785780
1785781
1785844
1785887
1785888
1785889
1785893
1785894
1785895
1786797
1786798
1786799
1788824
1789570
1789571
1850574
1850584
1850588
1850650
1850651
1850652
1850653
1850654
1850655
1850656
1855760
1855761
1855762
1855763
1855764
1855765
1855766
1855767
1855768
1855769
1855780
1855781
1855782
1855783
1855784
1855785
1855786
1855787
1855788
1855789
1855795
1855796
1855797
1855798
1855800
1855801
1855802
1855803
1855804
1855805
1855806
1855807
1855808
1855809
1560574
1560584
1560660
1560661
1560662
1560668
1560669
1560674
1560684
1561460
1561461
1561462
1561463
1561464
1561465
1561466
1561468
1561469
1561470
1561471
1561472
1561473
1561474
1561475
1561476
1561477
1561478
1561479
1565740
1565741
1565742
1565743
1565744
1565745
1565746
1565747
1565748
1565749
1565780
1565781
1565782
1565783
1565784
1565785
1565786
1565787
1565788
1565789
1565820
1565821
1565822
1565823
1565824
1565825
1565826
1565827
1565828
1565829
1565830
1565831
1565832
1565833
1565834
1565835
1565836
1565837
1565838
1565839
1565840
1565841
1565842
1565843
1565844
1565845
1565846
1565847
1565848
1565849
1566910
1566911
1566912
1566913
1566914
1566915
1566916
1566917
1566918
1566919
1566920
1566921
1566922
1566923
1566924
1566925
1566926
1566927
1566928
1566929
1567620
1567622
1567623
1567625
1567627
1567628
1567629
1567630
1567631
1567632
1567635
1567636
1567638
1569574
1569586
1569589
1990574
1990584
1990654
1990658
1990659
1990660
1990670
1990674
1990688
1994101
1994111
1994145
1995702
1995703
1995706
1995740
1995741
1995742
1995743
1995744
1995745
1995747
1995748
1995749
1995783
1995784
1995785
1995786
1995788
1997522
1997523
1997524
1997532
1997533
1997534
1530574
1530584
1530660
1530661
1530662
1530663
1530664
1530665
1530666
1530667
1530668
1530669
1530674
1530684
1531450
1531451
1531452
1531453
1531454
1531455
1531456
1531457
1531458
1531459
1532574
1532584
1533660
1533661
1533662
1533663
1533664
1533665
1533666
1533667
1533668
1533669
1533771
1534574
1534584
1534585
1535510
1535511
1535512
1535513
1535514
1535515
1535516
1535517
1535518
1535519
1535574
1535584
1535588
1535600
1535601
1535602
1535603
1535604
1535605
1535606
1535607
1535608
1535609
1535644
1535645
1535646
1535647
1535648
1535649
1535674
1535684
1535688
1537260
1537261
1537262
1537263
1537264
1537265
1537266
1537267
1537268
1537269
1538137
1538138
1538139
1538188
1538189
1538190
1538191
1538192
1538193
1538194
1538195
1538196
1538197
1538198
1538199
1538240
1538241
1538242
1538243
1538244
1539430
1539431
1539432
1539574
1539720
1539721
1539722
1539723
1539724
1539725
1800574
1800584
1800664
1800665
1800670
1800674
1800684
1804205
1804206
1804207
1804208
1804209
1804250
1804251
1804252
1804253
1804254
1805740
1805741
1805742
1805743
1805744
1805745
1805746
1805747
1805748
1805749
1805820
1805821
1805822
1805823
1805824
1805825
1805826
1805827
1805828
1805829
1805850
1805851
1805852
1805853
1805854
1805855
1805856
1805857
1805858
1805859
1806710
1806711
1806712
1806713
1806714
1806715
1806716
1806717
1806718
1806719
1806720
1806721
1806722
1806723
1806724
1806725
1806726
1806727
1806728
1806729
1806730
1806731
1806732
1806733
1806734
1806735
1806736
1806737
1806738
1806739
1806740
1806741
1806742
1806743
1806744
1806750
1806751
1806752
1806753
1806754
1806755
1806756
1806757
1806758
1806759
1806900
1806901
1806902
1806903
1806904
1806905
1806906
1806907
1806908
1806909
1806910
1806911
1806912
1806913
1806914
1806915
1806916
1806917
1806918
1806919
1806920
1806921
1806922
1806923
1806924
1806925
1806926
1806927
1807420
1807421
1807422
1807423
1807424
1809450
1809451
1809452
1809453
1809454
1809455
1809456
1809457
1809458
1809459
1809474
1890574
1890584
1890660
1890661
1890662
1890668
1890669
1890674
1890684
1895740
1895741
1895742
1895743
1895744
1895745
1895746
1895747
1895748
1895749
1895780
1895781
1895782
1895783
1895784
1895785
1895786
1895787
1895788
1895789
1895820
1895821
1895822
1895823
1895824
1895825
1895826
1895827
1895828
1895829
1895830
1895831
1895832
1895833
1895834
1895835
1895836
1895837
1895838
1895839
1896620
1896621
1896622
1896623
1896624
1896638
1896639
1896780
1896781
1896782
1896783
1896784
1896785
1896786
1896787
1896788
1896789
1896820
1896821
1896822
1896823
1896824
1896825
1896826
1896827
1896828
1896829
1896830
1896831
1896832
1896833
1896834
1896835
1896836
1896837
1896838
1896839
1896940
1896941
1896942
1896943
1896944
1896980
1896981
1896982
1896983
1896984
1896985
1896986
1896987
1896988
1896989
1898930
1898931
1898932
1898933
1898934
1898935
1898936
1898937
1898938
1898939
1950584
1951796
1951797
1951799
1951822
1951828
1951834
1951838
1951911
1951918
1951929
1953258
1953323
1953576
1953838
1953883
1954825
1954827
1954829
1954860
1954861
1954869
1954870
1954871
1954872
1954875
1954877
1954879
1955515
1955521
1955523
1955529
1955805
1955808
1956031
1956055
1956056
1956057
1956058
1956403
1956404
1956418
1956434
1956442
1956447
1956475
1956478
1956490
1956491
1958814
1360061
1360062
1360574
1360578
1360584
1360588
1360658
1360659
1360674
1360678
1360684
1360688
1361574
1361588
1361656
1361657
1361658
1361659
1361678
1361688
1362574
1362584
1362674
1362680
1362681
1362682
1362683
1362684
1364574
1364584
1364660
1364661
1364662
1364663
1364664
1364665
1364666
1364667
1364668
1365574
1365578
1365584
1365588
1365674
1365678
1365684
1365688
1368570
1368571
1368572
1368573
1368580
1368581
1368582
1368583
1368584
1368585
1368586
1368587
1368588
1368589
1730574
1730584
1730645
1730646
1730647
1730648
1730649
1730650
1730651
1730652
1730653
1730674
1730688
1732670
1732671
1732672
1732673
1732674
1732675
1732676
1734680
1734681
1734682
1734855
1734856
1734857
1734858
1734859
1735475
1735476
1735741
1735742
1735745
1735748
1736580
1736581
1736582
1736583
1736709
1736720
1736721
1736722
1736723
1736724
1736725
1736726
1736727
1736728
1736729
1737410
1737411
1739574
1739806
1739807
1310552
1310553
1310554
1310555
1310556
1310557
1310558
1310574
1311574
1311660
1311661
1311662
1311663
1311664
1311665
1311666
1311667
1311668
1311669
1312380
1312381
1312382
1312383
1312384
1312385
1312386
1312387
1312388
1312389
1313630
1313631
1313632
1313633
1313634
1313635
1313636
1313637
1313638
1313639
1315740
1315741
1315742
1315743
1315744
1315745
1315746
1315747
1315748
1315749
1316496
1316497
1316498
1316499
1316590
1316591
1316592
1316593
1316594
1317515
1317516
1317517
1317518
1317519
1317590
1317591
1317592
1317593
1317594
1317595
1317596
1317597
1317598
1317599
1318430
1318431
1318432
1318433
1318434
1318444
1318574
1318590
1318591
1318592
1318593
1318594
1318595
1318596
1318597
1318598
1318599
1318685
1318686
1318687
1318688
1318689
1870574
1870584
1875740
1875741
1875742
1875743
1875744
1875745
1875746
1875747
1875748
1875749
1875830
1875831
1875832
1875833
1875834
1875835
1875836
1875837
1875838
1875839
1875840
1875841
1875842
1875843
1875844
1875845
1875846
1875847
1875848
1875849
1875880
1875881
1875882
1875883
1875884
1876850
1876851
1876852
1876853
1876854
1876855
1876856
1876857
1876858
1876859
1660574
1660584
1660588
1665717
1665718
1665719
1380580
1380581
1380582
1380583
1380584
1380585
1380586
1380587
1380588
1380589
1380663
1380664
1380665
1380666
1380667
1381942
1381943
1381944
1381980
1381981
1381982
1381983
1381984
1381985
1381986
1381987
1381988
1381989
1385740
1385741
1385742
1385743
1385744
1385745
1385746
1385747
1385748
1385749
1385780
1385781
1385782
1385783
1385784
1385785
1385786
1385787
1385788
1385789
1385820
1385821
1385822
1385823
1385824
1385825
1385826
1385827
1385828
1385829
1385830
1385831
1385832
1385833
1385834
1385835
1385836
1385837
1385838
1385839
1386780
1386781
1386782
1386783
1386784
1386785
1386786
1386787
1386788
1386789
1388440
1388441
1388442
1388443
1388444
1388445
1388446
1388447
1388448
1388449
1820574
1820584
1825740
1825741
1825742
1825743
1825744
1825870
1825871
1825872
1825873
1825874
1825875
1825876
1825877
1825878
1825879
1826740
1826741
1826742
1826743
1826744
1826745
1826746
1826747
1826748
1826749
1826850
1826851
1826852
1826853
1826854
1826855
1826856
1826857
1826858
1826859
1826860
1826861
1826862
1826863
1826864
1826865
1826866
1826867
1826868
1826869
1510574
1510584
1515830
1515831
1515832
1515833
1515834
1515835
1515836
1515837
1515838
1515839
1516810
1516811
1516812
1516813
1516814
1516815
1516816
1516817
1516818
1516819
1516850
1516851
1516852
1516853
1516854
1516855
1516856
1516857
1516858
1516859
1760574
1760584
1760655
1760656
1760657
1760658
1760659
1760674
1760681
1760682
1760683
1760684
1760685
1760686
1760687
1760688
1760689
1768199
1768235
1768236
1768237
1768238
1768239
1768245
1768246
1580574
1580584
1582420
1582421
1582422
1582423
1582424
1582425
1582426
1582427
1582428
1582429
1582450
1582451
1582452
1582453
1582454
1582455
1582456
1582457
1582458
1582459
1582555
1582556
1582557
1582558
1582559
1585740
1585741
1585742
1585743
1585744
1585745
1585746
1585747
1585748
1585749
1585840
1585841
1585842
1585843
1585844
1585845
1585846
1585847
1585848
1585849
1586720
1586721
1586722
1586723
1586724
1586725
1586726
1586727
1586728
1586729
1586730
1586731
1586732
1586733
1586734
1586735
1586736
1586737
1586738
1586739
1586740
1586741
1586742
1586743
1586744
1586745
1586746
1586747
1586748
1586749
1586750
1586751
1586752
1586753
1586754
1586755
1586756
1586757
1586758
1586759
1586780
1586781
1586782
1586783
1586784
1586785
1586786
1586787
1586788
1586789
1586930
1586931
1586932
1586933
1586934
1586935
1586936
1586937
1586938
1586939
1586950
1586951
1586952
1586953
1586954
1586955
1586956
1586957
1586958
1586959
1588800
1588801
1588802
1588803
1588804
1588805
1588806
1588807
1588808
1588809
1588810
1588811
1588812
1588813
1588814
1588815
1588816
1588817
1588818
1588819
1588850
1588851
1588852
1588853
1588854
1588855
1588856
1588857
1588858
1588859
1342920
1342921
1342922
1342923
1342924
1342925
1342926
1342927
1342928
1342929
1342930
1342931
1342932
1342933
1342934
1342935
1342936
1342937
1342938
1342939
1345470
1345471
1345472
1345473
1345474
1345475
1345476
1345477
1345478
1345479
1345610
1345611
1345612
1345613
1345614
1345615
1345616
1345617
1345618
1345619
1348420
1348421
1348422
1348423
1348424
1348425
1348426
1348427
1348428
1348429
1348600
1348601
1348602
1348603
1348604
1348605
1348606
1348607
1348608
1348609
1348640
1348641
1348642
1348643
1348644
1348645
1348646
1348647
1348648
1348649
1348660
1348661
1348662
1348663
1348664
1348665
1348666
1348667
1348668
1348669
1970614
1470574
1470584
1472703
1472704
1475702
1475703
1475716
1475717
1475718
1475719
1475730
1475731
1475732
1475733
1475734
1475802
1475803
1475804
1475805
1475806
1475807
1475808
1475809
1370574
1370584
1370674
1370684
1373210
1373211
1373212
1373213
1373214
1373215
1373216
1373217
1373218
1373219
1373600
1373601
1373602
1373603
1373604
1373605
1373606
1373607
1373608
1373609
1373610
1373611
1373612
1373613
1373614
1373615
1373616
1373617
1373618
1373619
1373840
1373841
1373842
1373843
1373844
1373845
1373846
1373847
1373848
1373849
1373880
1373881
1373882
1373883
1373884
1373885
1373886
1373887
1373888
1373889
1375740
1375741
1375742
1375743
1375744
1375745
1375746
1375747
1375748
1375749
1377700
1377701
1377702
1377703
1377704
1377705
1377706
1377707
1377708
1377709
1377710
1377711
1377712
1377713
1377714
1377715
1377716
1377717
1377718
1377719
1377720
1377721
1377722
1377723
1377724
1377725
1377726
1377727
1377728
1377729
1377793
1377794
1377795
1377796
1377797
1377798
1377799
1378000
1378001
1378002
1378003
1378004
1378005
1378006
1378007
1378008
1378009
1880574
1880584
1880674
1880684
1881527
1881528
1881529
1885740
1885741
1885742
1885743
1885744
1885745
1885746
1885747
1885748
1885749
1885800
1885801
1885802
1885803
1885804
1885805
1885806
1885807
1885808
1885809
1885821
1885822
1885823
1885824
1885825
1885840
1885841
1885842
1885843
1885844
1885845
1885846
1885847
1885848
1885849
1886760
1886761
1886762
1886763
1886764
1886785
1886786
1886787
1886788
1886789
1886860
1886861
1886862
1886863
1886864
1886865
1886866
1886867
1886868
1886869
1886890
1886891
1886892
1886893
1886894
1886895
1886896
1886897
1886898
1886899
1888860
1888861
1888862
1888863
1888864
1888865
1888866
1888867
1888868
1888869
1889260
1889261
1889262
1889263
1889264
1889265
1889266
1889267
1750574
1750584
1750658
1750659
1750668
1750674
1750686
1750687
1520574
1520584
1525740
1525741
1525742
1525743
1525744
1525745
1525746
1525747
1525748
1525749
1525784
1525785
1525786
1525787
1525788
1525789
1525810
1525811
1525812
1525813
1525814
1525815
1525816
1525817
1525818
1525819
1525820
1525821
1525822
1525823
1525824
1525825
1525826
1525827
1525828
1525829
1525830
1525831
1525832
1525833
1525834
1525835
1525836
1525837
1525838
1525839
1526780
1526781
1526782
1526783
1526784
1526785
1526786
1526787
1526788
1526789
1526837
1526838
1526839
1526840
1526841
1526842
1526843
1526844
1810012
1810013
1810014
1810574
1810584
1810660
1810661
1810662
1810663
1810664
1810665
1810666
1810667
1810668
1810669
1814203
1814204
1814205
1815740
1815741
1815742
1815743
1815744
1815745
1815746
1815747
1815748
1815749
1815820
1815821
1815822
1815823
1815824
1815825
1815826
1815827
1815828
1815829
1815845
1815846
1815847
1815848
1815849
1815855
1815856
1815857
1816720
1816721
1816722
1816723
1816724
1650574
1651840
1652174
1652946
1655748
1655882
1657174
1980574
1980584
1980588
1981236
1981474
1981686
1981725
1981726
1981727
1981728
1981729
1981730
1981731
1981732
1981733
1981734
1981735
1981736
1981737
1981738
1981739
1981774
1981781
1981788
1981789
1981790
1981791
1981792
1981845
1982289
1983838
1985708
1985745
1985746
1985747
1985748
1985749
1985784
1985785
1985786
1985787
1985788
1985789
1985820
1985821
1985822
1985823
1985824
1985825
1985826
1985827
1985828
1985829
1985830
1985831
1985832
1985833
1985886
1988300
1988301
1988302
1988303
1988304
1988305
1988306
1988307
1988308
1988309
1988326
1988385
1988410
1988411
1988412
1988413
1988414
1988882
1840574
1840584
1845740
1845741
1845742
1845743
1845744
1845745
1845746
1845747
1845748
1845749
1845860
1845861
1845862
1845863
1845864
1845865
1845866
1845867
1845868
1845869
1570574
1570584
1570682
1570683
1570684
1570685
1570686
1570687
1570688
1570689
1572425
1572426
1572427
1572428
1572429
1572680
1572681
1572682
1572683
1572684
1572800
1572801
1572802
1572803
1572804
1572805
1575740
1575741
1575742
1575743
1575744
1575745
1575746
1575747
1575748
1575749
1575780
1575781
1575782
1575783
1575784
1575785
1575786
1575787
1579410
1579411
1579412
1579413
1320574
1320584
1320805
1320806
1320807
1320808
1320809
1321660
1321661
1321662
1321663
1321664
1321665
1321666
1321667
1321668
1321669
1321674
1321682
1321683
1321684
1322142
1322144
1322187
1322188
1322189
1322190
1322191
1322192
1322193
1322194
1322195
1322196
1322197
1322198
1322199
1323574
1323584
1324550
1324551
1324552
1324553
1324554
1324555
1324556
1324557
1324558
1324559
1324560
1324561
1324562
1324563
1324564
1324565
1324566
1324567
1324568
1324569
1324850
1324851
1324852
1324853
1324854
1324855
1324856
1324857
1324858
1324859
1324860
1324861
1324862
1324863
1324864
1324865
1324866
1324867
1324868
1324869
1324870
1324871
1324872
1324873
1324874
1325093
1325094
1325095
1325096
1325097
1325098
1325190
1325196
1325197
1325222
1325223
1325224
1325225
1325226
1325227
1325228
1325229
1325240
1325241
1325242
1325243
1325244
1325574
1325584
1327670
1327672
1327674
1327678
1327682
1327684
1328220
1328221
1328222
1328223
1328224
1328225
1328226
1328227
1328228
1328229
1328574
1328584
1329144
1329190
1329191
1329192
1329193
1329194
1329195
1329196
1329197
1329198
1329199
1329574
1329584
1329681
1329682
1329683
1329684
1329685
1329686
1910574
1910584
1910686
1914474
1915725
1915726
1700574
1700583
1700584
1700675
1700676
1700677
1700678
1700679
1700969
1700993
1700994
1700995
1700996
1700997
1700998
1700999
1701249
1701250
1701251
1701252
1701253
1701254
1701255
1701256
1701257
1702248
1702249
1702250
1702251
1702252
1702253
1702254
1702255
1702256
1702257
1702258
1702259
1705078
1705109
1705134
1705177
1705391
1705511
1705578
1705612
1705696
1705904
1705905
1705906
1705907
1705908
1705909
1705910
1705911
1705912
1705913
1705914
1705915
1705916
1705917
1705918
1705919
1705920
1705921
1705922
1705923
1707425
1707426
1707427
1707428
1707429
1707780
1707781
1707782
1707783
1707784
1707785
1707786
1707787
1707788
1707789
1707790
1707791
1707792
1707793
1707794
1707795
1707796
1707797
1707798
1707799
1707910
1707911
1707912
1707913
1707914
1709480
1709481
1709482
1709483
1709484
1709490
1709665
1709666
1709844
1709845
1709863
1709864
1709865
1709866
1709867
1709868
1709869
1709870
1709871
1709872
1709873
1709874
1709875
1709876
1709877
1709878
1709879
1709968
