1352952
1352953
1357820
1357821
1357822
1357823
1357824
1357825
1357826
1357827
1357828
1357829
1452892
1454159
1454655
1459518
1459519
1459520
1459521
1770880
1770882
1778796
1590882
1591175
1592543
1592544
1592545
1596904
1596905
1596920
1596921
1596922
1596923
1596924
1596925
1596926
1596927
1596928
1598756
1598757
1598758
1598788
1598789
1830692
1830693
1830694
1830695
1830696
1830697
1830698
1830699
1831304
1831305
1831306
1831307
1831308
1831309
1831346
1831347
1831348
1831349
1838750
1838751
1838752
1838753
1838754
1838755
1838756
1838757
1838758
1838759
1509698
1509699
1673890
1673891
1673892
1390882
1398702
1398820
1398821
1398822
1398823
1398824
1398825
1398826
1398827
1398828
1398829
1558730
1558731
1558732
1558733
1558734
1558735
1558736
1860882
1866925
1866928
1866929
1303594
1303595
1303596
1309521
1309947
1309948
1309949
1715692
1716692
1717692
1718474
1718692
1718693
1719692
1330882
1331272
1332045
1332497
1333045
1336882
1337882
1338882
1339882
1786920
1786921
1786922
1786923
1787406
1787407
1787427
1787428
1787429
1787498
1787499
1858703
1858704
1858729
1858932
1560882
1568756
1568757
1568758
1569469
1990882
1994882
1996928
1996929
1530882
1533169
1533170
1533434
1536865
1536866
1536867
1536868
1536869
1536882
1536895
1536896
1538882
1539392
1539398
1539480
1539481
1539492
1800882
1808789
1808792
1808815
1808816
1808817
1808818
1808819
1808820
1808821
1890882
1898820
1898821
1898822
1898823
1898824
1360876
1361882
1361940
1362882
1362884
1362885
1362886
1362887
1362889
1730882
1738714
1738728
1738753
1310855
1310882
1311692
1311698
1317069
1318756
1318757
1878820
1878821
1878822
1878823
1878824
1660692
1660693
1660694
1668720
1668729
1380878
1388786
1388787
1828810
1828811
1828812
1828813
1828814
1828815
1828816
1828817
1828818
1828819
1510860
1510861
1510862
1510863
1510864
1518490
1518491
1518492
1518493
1518494
1518495
1518496
1518497
1518498
1760692
1760695
1588753
1588754
1588755
1589440
1589441
1589442
1589443
1589444
1470882
1473686
1473687
1478730
1478731
1478732
1478733
1478734
1478735
1478736
1478737
1478738
1478739
1370862
1375920
1375921
1375922
1375923
1375924
1880692
1880699
1884994
1884995
1884996
1886920
1886921
1886922
1886923
1886924
1886927
1886928
1886929
1750882
1758412
1758710
1758711
1758712
1758713
1758717
1758718
1758721
1758722
1758723
1758725
1758729
1520880
1520881
1520882
1520884
1520885
1520889
1528722
1528763
1810886
1810889
1818369
1818704
1818726
1980692
1981157
1981323
1984468
1984469
1986964
1986965
1986966
1986967
1986990
1986991
1986992
1840690
1840692
1840698
1840699
1846995
1846996
1846997
1846998
1570692
1570693
1570698
1570699
1575890
1575891
1575892
1575893
1575894
1575895
1575896
1575897
1575898
1575899
1320882
1910692
1910882
1918426
1707845
1707846
1707847
1560877
1568770
1568771
1568772
1568773
1568774
1569467
1569707
1850877
1850887
1858716
1858936
1780877
1786890
1786891
1786892
1786893
1786992
1787455
1787456
1787457
1789136
1789137
1990877
1994877
1998770
1998771
1998777
1998779
1999593
1713877
1715877
1716709
1716877
1717477
1717690
1717693
1717877
1718814
1719812
1719813
1719815
1719816
1719877
1330877
1330889
1331264
1331265
1332058
1333058
1335466
1335467
1336877
1336889
1337877
1337889
1338877
1338889
1339877
1339889
1890877
1898770
1898771
1898772
1898773
1898774
1360877
1360889
1361877
1361889
1361947
1362877
1364877
1365877
1953997
1800877
1808770
1808771
1808777
1808778
1808779
1808891
1808892
1530877
1533154
1533155
1533156
1533448
1534877
1536877
1539147
1539832
1539877
1500877
1500887
1500888
1500889
1508770
1508771
1508772
1508773
1508774
1509670
1509671
1509672
1509673
1509674
1509675
1509676
1509677
1509678
1509679
1830877
1831310
1831311
1831312
1831313
1831314
1831340
1831341
1831342
1831343
1838776
1838777
1838778
1838779
1452882
1454648
1454652
1459522
1459523
1459524
1459525
1350877
1350889
1351877
1352969
1352975
1352976
1352977
1352978
1352979
1352990
1352997
1352999
1357770
1357771
1357772
1357773
1357774
1357775
1357776
1357777
1357778
1357779
1590877
1591176
1591177
1591238
1591239
1591274
1591275
1591276
1596930
1596931
1597498
1597499
1598707
1598708
1598709
1598728
1598729
1598770
1598771
1598772
1598773
1598774
1770877
1778706
1778770
1778771
1778772
1778791
1300864
1301337
1301348
1301349
1303865
1303866
1308743
1309430
1309529
1309740
1309741
1309988
1309989
1727855
1390877
1390889
1398770
1398771
1398772
1398773
1398774
1398775
1398776
1398777
1398778
1398779
1398840
1398841
1398842
1398843
1398844
1398845
1398846
1398847
1398848
1398849
1673902
1673903
1673904
1673905
1673906
1673907
1860877
1868775
1868776
1868777
1868778
1868779
1550877
1558737
1558738
1558739
1810877
1810887
1816460
1818700
1818770
1818771
1818772
1818773
1818774
1818775
1818776
1818777
1520877
1528442
1528443
1528444
1528445
1528446
1370867
1370869
1370877
1375905
1375906
1375907
1375908
1375909
1470877
1473670
1473671
1478717
1478775
1478776
1478777
1478778
1478779
1750877
1758414
1758703
1758714
1758715
1758716
1758719
1758733
1758734
1758735
1758736
1758737
1758797
1880877
1884974
1884975
1884976
1884977
1884978
1884979
1886970
1886971
1886972
1886973
1886974
1886975
1886976
1886977
1886978
1888770
1888771
1888772
1888773
1888774
1888775
1888776
1888777
1888778
1888779
1910877
1918429
1918770
1918771
1918772
1918773
1320877
1321195
1321196
1323877
1703461
1703462
1703463
1707765
1707766
1707767
1707768
1707769
1980697
1980877
1981151
1981160
1981161
1981162
1981163
1981164
1981318
1986970
1986971
1986972
1986973
1986974
1988772
1988773
1988774
1988775
1988776
1988777
1988778
1988779
1570694
1570695
1570696
1570697
1570877
1571877
1572185
1575800
1575801
1575802
1575803
1575804
1575810
1575811
1575812
1575813
1575814
1575815
1575816
1575817
1575818
1575819
1579877
1840877
1846930
1846931
1846932
1846980
1846981
1846982
1846983
1848770
1848771
1848772
1848773
1870877
1872483
1872484
1872485
1872486
1872540
1872541
1872542
1872543
1878770
1878771
1878772
1878773
1878774
1878775
1878776
1878777
1878778
1878779
1388770
1388771
1388772
1388773
1388774
1388775
1388776
1388777
1388778
1388779
1660696
1660877
1660889
1668705
1668706
1668707
1668712
1668721
1668739
1668740
1668741
1668742
1730877
1738770
1738772
1738775
1738776
1738777
1738778
1738779
1310864
1310877
1311410
1311877
1315050
1315051
1315052
1317064
1317065
1317066
1318771
1318772
1318773
1318774
1580865
1580866
1580877
1582512
1582513
1582514
1582515
1588788
1588789
1589428
1589429
1760877
1768707
1510870
1510871
1510872
1510873
1510874
1510875
1510876
1510877
1510878
1510879
1518770
1518771
1518772
1518773
1518774
1518775
1518776
1518777
1518778
1518779
1518815
1518816
1518817
1518818
1518819
1821410
1821411
1821412
1821413
1821414
1821415
1821416
1821417
1821418
1821419
1828770
1828771
1828772
1828773
1828774
1828775
1828776
1828777
1828778
1828779
1350870
1357800
1357801
1357802
1357803
1357804
1357805
1357806
1357807
1357808
1357809
1452890
1454644
1459405
1459406
1459407
1459408
1459409
1770870
1778702
1778704
1778759
1590870
1591180
1591181
1591182
1591183
1591268
1591269
1592506
1592507
1592508
1592509
1592550
1592551
1592552
1592553
1592554
1596900
1596901
1596902
1596903
1597485
1597486
1597487
1597488
1597489
1598700
1598701
1598702
1598703
1598704
1598705
1598706
1598790
1598791
1598792
1830870
1838700
1838701
1838702
1838703
1838704
1838705
1838706
1838707
1838708
1838709
1838869
1838870
1838871
1838872
1838873
1838874
1838875
1838876
1838877
1838878
1838879
1501225
1501226
1501227
1501228
1501229
1501230
1501231
1501232
1501233
1501234
1501235
1501236
1501237
1501238
1501239
1508720
1508721
1508775
1508776
1508777
1508778
1508779
1509425
1509426
1509427
1509428
1509429
1509653
1509654
1509655
1509656
1509657
1509658
1509659
1509682
1509683
1509684
1390870
1550870
1860870
1868705
1868707
1868708
1868709
1303863
1303864
1308748
1309433
1309520
1309745
1309964
1727771
1727854
1727864
1713870
1715709
1715870
1716690
1716870
1717473
1717870
1719694
1719817
1719818
1719819
1719870
1330870
1331268
1332042
1332496
1333042
1336870
1337870
1338870
1339870
1780870
1784235
1784236
1784237
1784238
1784239
1784240
1784241
1784242
1784243
1784244
1784245
1784246
1784247
1784248
1784249
1786894
1786895
1786896
1786897
1786898
1787410
1787411
1787412
1787413
1787414
1787415
1787416
1787417
1787443
1787444
1787445
1787446
1787447
1787448
1787449
1787450
1787451
1787452
1787453
1787454
1850870
1850880
1858700
1858939
1560870
1567046
1567047
1567048
1568700
1568701
1568702
1568703
1568704
1569700
1990870
1991270
1991277
1991280
1991287
1991297
1994870
1994899
1998400
1998401
1998402
1998403
1998404
1998405
1998406
1998407
1998408
1998409
1998990
1999580
1999590
1530870
1533179
1533449
1534870
1536827
1536828
1536870
1538870
1538885
1539144
1539145
1539146
1539833
1539834
1539835
1539836
1539868
1539870
1800870
1808700
1808701
1808702
1808703
1808707
1808708
1808709
1808722
1808890
1890870
1898700
1898701
1898702
1898703
1898704
1898785
1898805
1953995
1360870
1361870
1362870
1363880
1363881
1363882
1363883
1363884
1363885
1363886
1363887
1363888
1363889
1364870
1364967
1364968
1365870
1730870
1738702
1738703
1738705
1738706
1738707
1738708
1738709
1738781
1738783
1738793
1310858
1311699
1311870
1315068
1315069
1317057
1317058
1318754
1318755
1870870
1660699
1660870
1668700
1668701
1668702
1668703
1668730
1668746
1668747
1668748
1388700
1388701
1388702
1388703
1388704
1388705
1388706
1388707
1388708
1388709
1388710
1388711
1388712
1388713
1821420
1821421
1821422
1821423
1821424
1821425
1821426
1821427
1821428
1821429
1828700
1828701
1828702
1828703
1828704
1828705
1828706
1828707
1828708
1828709
1512530
1512531
1512532
1512533
1512534
1512535
1512536
1512537
1512538
1512539
1512540
1512541
1512542
1512543
1512544
1512545
1512546
1512547
1512548
1512549
1512660
1512661
1512662
1512663
1512664
1512665
1512666
1512667
1512668
1512669
1518700
1518701
1518702
1518703
1518704
1518705
1518706
1518707
1518708
1518709
1519850
1519851
1519852
1519853
1519854
1519855
1519856
1519857
1519858
1519859
1760870
1768701
1580860
1580861
1580862
1580863
1580864
1589420
1589421
1589422
1589423
1589424
1589425
1589426
1589427
1340880
1340881
1340882
1340883
1340884
1340885
1340886
1340887
1344187
1344288
1344487
1346620
1346621
1346622
1346623
1346624
1470870
1473664
1473665
1473666
1476910
1476911
1476912
1476913
1476914
1476915
1476916
1476917
1476918
1476919
1478700
1478701
1478702
1478703
1478704
1478705
1478706
1478707
1370860
1880870
1880881
1880882
1884984
1884985
1884986
1884987
1884988
1884989
1886940
1886941
1886942
1886943
1886944
1886950
1886951
1886952
1886953
1886954
1886955
1886956
1886957
1886958
1886959
1886960
1886961
1888700
1888701
1888702
1888703
1888704
1888705
1888706
1888707
1750870
1758419
1758707
1758726
1758790
1520870
1524080
1524081
1524082
1524083
1524084
1524085
1524086
1524087
1524088
1524089
1528450
1528451
1528452
1528453
1528454
1528700
1528701
1528702
1528703
1528704
1528705
1528706
1528707
1528708
1528709
1528770
1528771
1528772
1528773
1528774
1528775
1528776
1528777
1528778
1528779
1816470
1816471
1818355
1818708
1650870
1980690
1980694
1980870
1981105
1981106
1981165
1981166
1981167
1981168
1981169
1981315
1984894
1984895
1984896
1984897
1984898
1984899
1986900
1986954
1986955
1986956
1986957
1986958
1986959
1988700
1988701
1988702
1988703
1988704
1988705
1988706
1988707
1988708
1988709
1840870
1846922
1846923
1846924
1846925
1846926
1846927
1846928
1846929
1848760
1848761
1848762
1848763
1848764
1848765
1848766
1848767
1848768
1570870
1570880
1570881
1570882
1575010
1575011
1575012
1575013
1575014
1575015
1575016
1575017
1575018
1575019
1575240
1575241
1575242
1575243
1575244
1575245
1575246
1575247
1575248
1575249
1575290
1575291
1575292
1575293
1575294
1575295
1575296
1575297
1575298
1575299
1575805
1575806
1575807
1575808
1575809
1577025
1320870
1321184
1321185
1321186
1323860
1323870
1327863
1327864
1327865
1327866
1327867
1327868
1327869
1327870
1329490
1329491
1329492
1910870
1914304
1914307
1914313
1914321
1916917
1916918
1916919
1918700
1918701
1918702
1918703
1918704
1918705
1918706
1918707
1918708
1918709
1918763
1918764
1918765
1918766
1918767
1918768
1918769
1918788
1918840
1918841
1703458
1703459
1703460
1707830
1707831
1707832
1707834
1890881
1898810
1898811
1898812
1898813
1898814
1898817
1898818
1898819
1360878
1361881
1361941
1362871
1362880
1362881
1800881
1808793
1808802
1808803
1808804
1808805
1808806
1808807
1808809
1808810
1808811
1808896
1530881
1533177
1533178
1533430
1536861
1536862
1536863
1536864
1536881
1536890
1536891
1536892
1536893
1538880
1538881
1539380
1539381
1539382
1539383
1539391
1539393
1560881
1567042
1568790
1568791
1568792
1569701
1858701
1858702
1786772
1786773
1786985
1786986
1786987
1786988
1786989
1786997
1787440
1787441
1787442
1990881
1996910
1996911
1715691
1716691
1717691
1717694
1718470
1718690
1718691
1719691
1330881
1331270
1332048
1332498
1333048
1336881
1337881
1338881
1339881
1303597
1303598
1303599
1308530
1309524
1309962
1309963
1390088
1390881
1398810
1398811
1398812
1398813
1398814
1398815
1398816
1398817
1398818
1398819
1860881
1866915
1866918
1866919
1550881
1501212
1501213
1501214
1501215
1501216
1508760
1508761
1508762
1508763
1508764
1508765
1508766
1508767
1508768
1508769
1830690
1830691
1830889
1831321
1831322
1831323
1831324
1452891
1454643
1459410
1459411
1459412
1459413
1459414
1357810
1357811
1357812
1357813
1357814
1357815
1357816
1357841
1590881
1591179
1591279
1592464
1592465
1592466
1592467
1592468
1592469
1592540
1592541
1592542
1596915
1596916
1596917
1596918
1596919
1597493
1597494
1597495
1770881
1778703
1778724
1778732
1778754
1778755
1778756
1778757
1320881
1321183
1323861
1707833
1707869
1707879
1980691
1570690
1570691
1571870
1575205
1575206
1575207
1575230
1575231
1575232
1575233
1575234
1575235
1575236
1575237
1575238
1575239
1840689
1840691
1846962
1846963
1846964
1846965
1846966
1846967
1846968
1846969
1848789
1848790
1848791
1848792
1848793
1848794
1848795
1848796
1818377
1818718
1818749
1528725
1528726
1370861
1370881
1375925
1375926
1375927
1375928
1375929
1470881
1473674
1473675
1473676
1473677
1473678
1478716
1478800
1478801
1478802
1478803
1478804
1478805
1478806
1478807
1478808
1478809
1750881
1758727
1758739
1880691
1884960
1884961
1884962
1884963
1884993
1886910
1886911
1886912
1886913
1886914
1886915
1886916
1886917
1886918
1886919
1888708
1888709
1581215
1581216
1588760
1588761
1588762
1588763
1588779
1589430
1589431
1589432
1589433
1589434
1589435
1589445
1760691
1760693
1519840
1519841
1519842
1519843
1519844
1519845
1519846
1519847
1519848
1519849
1519867
1519868
1519869
1820690
1820691
1820692
1820693
1820694
1828800
1828801
1828802
1828803
1828804
1828805
1828806
1828807
1828808
1828809
1878790
1878791
1878792
1878793
1878794
1878795
1878796
1878797
1878798
1878799
1388790
1388791
1388792
1388793
1660690
1660691
1660695
1730881
1738704
1738729
1738749
1738750
1738751
1738773
1310881
1311418
1311691
1315076
1317053
1317054
1318797
1520872
1524095
1528720
1528721
1810872
1818372
1818720
1818721
1818722
1818727
1818728
1818729
1818748
1880872
1884964
1884965
1884966
1884967
1884968
1884969
1886980
1886981
1886982
1886983
1886984
1886985
1886986
1886987
1888720
1888721
1888722
1888723
1888724
1888725
1888726
1888727
1888728
1888729
1750872
1758411
1758415
1758702
1758720
1758728
1758732
1758792
1758793
1470872
1473662
1473663
1478712
1478720
1478721
1478722
1478723
1478724
1370864
1370866
1376920
1376921
1376922
1376923
1376924
1703454
1703455
1703456
1703457
1705692
1707835
1707836
1707837
1707838
1707839
1320872
1321190
1323872
1910872
1914302
1914322
1914325
1914326
1916910
1918720
1918721
1918722
1918723
1918724
1918725
1918726
1918727
1918728
1918729
1918736
1918737
1918738
1918739
1918774
1918775
1918776
1918777
1918778
1918779
1918789
1918847
1840872
1846975
1846976
1846977
1846978
1846979
1848749
1848750
1848751
1848752
1848753
1848754
1848755
1570872
1571872
1572186
1575020
1575021
1575022
1575023
1575024
1575025
1575270
1575271
1575272
1575273
1575274
1575275
1575276
1575277
1575278
1575279
1575280
1575281
1575282
1575283
1575284
1575285
1575286
1575287
1575288
1575289
1650872
1651872
1980872
1980885
1981107
1981120
1981121
1981122
1981123
1981124
1981316
1982885
1986901
1986902
1986903
1986904
1986905
1986906
1986907
1986993
1986994
1986995
1986996
1986997
1986998
1986999
1988720
1988721
1988722
1988723
1988724
1988725
1988726
1988727
1988728
1988729
1660872
1668722
1668732
1668733
1668743
1380876
1388720
1388721
1388722
1388723
1388724
1388725
1388726
1388727
1388728
1388729
1870872
1872496
1872497
1872498
1872499
1876090
1876091
1876092
1876093
1876094
1876095
1876096
1878720
1878721
1878722
1878723
1878724
1878725
1878726
1878727
1878728
1878729
1310856
1310857
1310872
1311412
1311872
1315063
1315064
1315065
1317075
1317076
1318746
1318768
1318769
1730872
1738720
1738722
1738725
1738726
1738727
1340495
1340496
1340497
1340498
1340499
1346615
1346616
1760872
1768702
1580872
1581217
1581218
1581219
1581220
1582517
1587770
1587771
1587772
1587773
1587774
1587775
1587776
1587777
1587778
1587779
1588730
1588731
1588732
1588733
1588734
1588735
1588736
1588737
1588738
1588739
1589450
1589451
1589452
1589453
1589454
1589455
1589456
1589457
1589458
1589459
1820695
1820696
1820697
1820698
1820699
1821330
1821331
1821332
1821333
1821334
1821335
1821336
1821337
1821338
1821339
1828720
1828721
1828722
1828723
1828724
1828725
1828726
1828727
1828728
1828729
1512500
1512501
1512502
1512503
1512504
1512505
1512506
1512507
1512508
1512509
1512510
1512511
1512512
1512513
1512514
1512515
1512516
1512517
1512518
1512519
1512520
1512521
1512522
1512523
1512524
1512525
1512526
1512527
1512528
1512529
1518720
1518721
1518722
1518723
1518724
1518725
1518726
1518727
1518728
1518729
1519832
1519833
1519834
1519835
1519836
1519837
1519838
1519839
1990872
1991272
1991282
1991292
1991294
1991299
1994872
1994892
1994898
1998720
1998721
1998722
1998723
1998727
1998728
1998729
1998992
1999582
1999588
1999592
1780872
1784220
1784221
1784222
1784223
1784224
1784225
1784226
1784227
1786899
1786900
1786901
1786902
1786903
1786991
1787460
1787461
1787462
1787463
1787464
1787465
1850882
1858720
1858721
1560872
1568720
1568721
1568722
1568723
1568724
1568725
1568726
1569702
1330872
1331274
1331278
1332055
1332494
1332495
1333055
1336872
1337872
1338872
1339872
1713872
1715872
1716694
1716696
1716697
1716698
1716700
1716704
1716872
1717470
1717471
1717472
1717872
1718473
1718701
1718702
1718703
1718705
1719872
1360872
1360882
1361872
1361880
1361942
1362872
1364872
1365872
1890872
1898707
1898708
1898720
1898721
1898722
1898723
1898724
1530872
1533167
1533168
1533433
1534872
1536829
1536830
1536831
1536872
1536898
1536899
1538872
1538877
1539394
1539395
1539396
1539397
1539491
1539872
1800872
1808720
1808721
1808728
1808729
1830872
1831300
1831301
1831302
1831303
1831315
1831316
1831317
1831318
1831319
1831425
1831426
1831427
1831428
1831429
1838720
1838721
1838722
1838723
1838724
1838725
1838726
1838727
1838728
1508725
1508726
1508727
1508728
1508729
1509690
1509691
1509692
1509693
1509694
1509695
1509696
1509697
1770872
1778720
1778722
1778723
1778789
1590872
1591120
1591121
1591122
1591123
1591124
1591224
1591225
1591226
1591227
1591228
1591229
1591260
1591261
1591262
1591263
1591264
1591265
1591266
1591267
1596908
1596909
1598760
1598761
1598762
1598763
1598764
1350872
1350882
1352963
1352964
1352965
1352972
1352992
1357720
1357721
1357722
1357723
1357724
1357725
1357726
1357727
1357728
1357729
1357785
1357786
1357787
1357788
1357789
1452880
1453890
1453891
1453892
1453893
1453894
1454645
1301336
1301339
1301344
1303862
1308740
1308741
1309525
1309749
1309984
1309985
1550872
1558726
1558727
1558728
1558729
1860872
1860885
1868723
1868725
1868726
1868727
1868728
1868729
1390872
1398720
1398721
1398722
1398723
1398724
1398725
1398726
1398727
1398728
1398729
1398850
1398851
1398852
1398853
1398854
1398855
1398856
1398857
1398858
1398859
1990886
1998879
1560886
1568759
1569460
1786776
1786777
1786938
1786939
1786993
1787477
1787478
1787479
1858707
1858708
1330886
1331275
1332044
1336886
1337886
1338886
1339886
1717707
1717708
1717709
1718479
1719708
1719709
1719800
1361886
1890886
1898836
1898837
1898838
1800886
1530886
1533144
1533442
1500885
1509641
1509680
1509681
1830886
1590886
1591186
1592555
1598730
1598731
1770886
1778797
1452886
1454657
1459428
1459429
1350886
1357846
1303593
1308744
1860886
1866923
1866924
1550886
1398860
1398861
1398862
1398863
1398864
1398865
1398866
1398867
1398868
1398869
1673896
1673897
1673898
1818350
1520886
1880698
1880884
1880886
1884991
1886979
1750886
1470886
1473689
1700886
1708423
1708424
1708425
1910886
1918849
1320886
1321194
1570884
1570885
1570886
1577020
1577021
1577022
1577023
1577024
1840886
1846920
1846921
1848759
1980886
1981153
1981326
1984476
1986962
1986963
1988750
1988751
1660886
1870886
1872480
1872481
1872482
1872549
1876099
1311693
1315072
1317056
1318749
1318799
1730886
1738754
1581225
1588758
1760881
1760886
1519861
1821311
1821312
1821313
1828880
1828881
1703450
1703451
1703452
1703453
1707860
1707861
1707862
1707863
1707864
1707865
1910874
1914303
1914310
1914314
1914317
1914323
1914324
1916914
1916915
1916916
1918740
1918741
1918742
1918743
1918744
1918745
1918746
1918747
1918748
1918749
1918837
1918838
1918839
1918842
1918843
1918844
1918870
1918871
1918872
1918873
1918874
1918875
1918876
1918877
1918878
1918879
1320874
1321187
1321188
1321189
1323862
1323864
1323874
1327873
1327874
1327875
1327876
1327877
1327878
1327879
1570874
1571874
1572180
1572181
1572182
1575208
1575209
1575210
1575211
1575212
1575213
1575214
1575215
1575216
1575217
1575218
1575219
1575220
1575221
1575222
1575223
1575224
1579874
1579880
1579881
1840874
1846902
1846903
1846904
1846905
1846906
1846907
1846908
1846909
1848740
1848741
1848742
1848743
1848744
1848745
1848746
1848747
1848748
1980699
1980874
1981100
1981125
1981126
1981127
1981128
1981129
1981313
1986929
1986930
1986931
1986932
1986933
1986934
1986935
1986936
1986937
1988740
1988741
1988742
1988743
1988744
1988745
1988746
1988747
1988748
1988749
1810874
1810884
1816465
1818290
1818291
1818292
1818293
1818294
1818296
1818297
1818299
1818356
1818357
1818358
1818359
1818366
1818370
1818374
1818393
1818713
1818723
1818740
1818741
1818742
1818743
1818744
1818745
1818746
1818779
1818784
1520874
1528723
1528724
1528729
1528740
1528741
1528742
1528743
1528744
1528745
1528746
1528747
1528748
1528749
1528780
1528781
1528782
1528783
1528784
1528785
1528786
1528787
1528788
1528789
1528790
1528791
1528792
1528793
1528794
1528795
1528796
1528797
1528798
1528799
1528800
1528801
1528802
1528803
1528804
1528805
1528806
1528807
1528808
1528809
1750874
1758413
1758416
1758418
1758700
1758724
1758730
1758738
1758796
1880874
1881234
1881235
1881236
1881237
1881238
1881239
1886988
1888740
1888741
1888742
1888743
1888744
1888745
1888746
1888747
1888748
1888749
1888798
1888799
1889598
1470874
1470885
1473640
1473641
1473642
1478714
1478740
1478741
1478742
1478743
1478744
1370868
1370874
1373270
1373271
1373272
1373273
1373274
1373275
1373276
1373277
1373278
1373279
1376950
1376951
1376952
1376953
1376954
1376955
1376956
1376957
1376958
1376959
1376965
1376966
1376967
1376968
1376969
1376970
1376971
1376972
1376973
1376974
1376975
1376976
1376977
1376978
1376979
1376980
1376981
1376982
1376983
1376984
1376985
1376986
1376987
1376988
1376989
1340870
1340871
1340872
1340873
1340874
1340875
1340876
1340877
1340878
1340879
1346600
1346601
1346602
1346603
1346604
1346605
1346606
1346607
1346608
1346609
1346610
1346611
1346612
1580874
1582502
1582503
1582504
1582505
1582506
1582507
1582508
1582509
1582510
1582511
1587780
1587781
1587782
1587783
1587784
1587785
1587786
1587787
1587788
1587789
1588740
1588741
1588742
1588743
1588744
1588745
1588746
1588747
1588748
1588749
1588790
1588791
1588792
1588793
1588794
1588795
1588796
1588797
1589187
1589188
1760874
1760889
1768714
1768716
1510865
1510866
1510867
1510868
1510869
1518740
1518741
1518742
1518743
1518744
1518745
1518746
1518747
1518748
1518749
1518780
1518781
1518782
1518783
1518784
1518785
1518786
1518787
1518788
1518789
1518790
1518791
1518792
1518793
1518794
1518795
1518796
1518797
1518798
1518799
1518800
1518801
1518802
1518803
1518804
1518805
1518806
1518807
1518808
1518809
1518810
1518811
1518812
1518813
1518814
1821314
1821315
1821316
1821317
1821318
1821319
1821370
1821371
1821372
1821373
1821374
1821375
1821376
1821377
1821378
1821379
1821440
1821441
1821442
1821443
1821444
1821445
1821446
1821447
1821448
1821449
1828740
1828741
1828742
1828743
1828744
1828745
1828746
1828747
1828748
1828749
1828840
1828841
1828842
1828843
1828844
1828845
1828846
1828847
1828848
1828849
1380874
1388714
1388715
1388716
1388717
1388718
1388719
1388740
1388741
1388742
1388743
1388744
1388745
1388746
1388747
1388748
1388749
1660874
1668708
1668714
1668715
1668716
1668717
1668731
1668734
1668735
1668736
1668737
1668738
1870874
1872544
1872545
1872546
1872547
1872548
1878740
1878741
1878742
1878743
1310863
1310874
1311411
1311874
1315053
1315054
1315055
1317070
1317071
1317072
1318745
1318776
1318777
1318778
1730874
1738742
1738745
1738746
1738747
1360874
1361874
1361884
1361944
1362874
1364874
1364965
1364966
1365874
1890874
1898740
1898741
1898742
1898743
1898744
1800874
1808740
1808741
1808746
1808747
1808748
1808749
1530874
1533157
1533158
1533159
1533443
1533444
1533445
1534874
1536838
1536839
1536840
1536841
1536842
1536843
1536844
1536845
1536846
1536874
1538874
1538875
1538876
1539137
1539142
1539143
1539149
1539384
1539399
1539493
1539874
1990874
1991273
1991276
1991283
1991286
1991290
1991291
1991296
1994874
1994884
1994888
1998740
1998741
1998742
1998743
1998744
1998745
1998746
1998747
1998748
1998749
1998789
1998795
1998796
1999584
1560874
1568740
1568741
1568742
1568743
1568744
1568745
1568746
1568747
1568748
1568749
1569709
1850872
1850874
1858727
1858930
1858933
1858938
1859315
1859317
1859318
1859319
1780690
1780691
1780692
1780693
1780694
1780695
1780696
1780697
1780698
1780699
1780874
1784229
1784230
1784231
1784232
1784233
1784234
1786990
1787430
1787431
1787432
1330874
1331262
1331263
1332057
1332490
1332491
1333057
1335468
1336874
1337874
1338874
1339874
1713874
1715708
1715874
1716470
1716471
1716472
1716473
1716474
1716874
1717874
1718704
1719704
1719803
1719806
1719807
1719874
1300863
1301334
1301345
1301346
1303867
1303868
1308747
1309431
1309527
1309746
1309747
1309986
1309987
1860874
1860889
1868744
1868745
1868746
1868747
1868748
1868749
1550874
1550882
1555995
1555996
1555997
1555998
1555999
1390874
1398740
1398741
1398742
1398743
1398744
1398745
1398746
1398747
1398748
1398749
1398890
1398891
1398892
1398893
1398894
1398895
1398896
1398897
1398898
1398899
1501220
1501221
1508740
1508741
1508742
1508743
1508744
1508745
1508746
1508747
1508748
1508749
1830874
1830880
1830881
1830882
1831344
1831350
1831351
1831352
1831353
1831354
1831355
1831356
1831357
1831358
1831359
1831360
1831361
1831362
1831363
1831364
1831365
1831366
1831367
1831368
1831424
1838740
1838741
1838742
1838743
1838744
1838745
1838746
1838747
1838748
1838749
1838830
1838831
1838832
1838833
1838834
1838835
1838836
1838837
1838838
1838850
1838851
1838852
1838853
1838854
1838855
1838856
1838857
1838858
1838859
1838886
1590874
1591140
1591141
1591142
1591143
1591144
1591145
1591146
1591147
1591148
1591192
1591193
1591194
1591195
1591196
1591197
1591198
1591199
1591200
1591201
1591202
1591203
1591204
1591205
1591206
1591207
1591208
1591209
1592470
1592471
1592472
1592473
1592474
1592475
1592476
1592477
1592478
1592479
1592480
1592481
1592482
1592483
1592484
1592485
1592486
1592487
1592488
1592489
1592490
1592491
1592492
1592493
1592494
1592495
1592496
1592497
1592498
1592499
1596910
1596911
1596912
1596913
1596914
1597450
1597451
1597452
1597453
1597454
1597455
1597456
1597457
1597458
1597459
1597460
1597461
1597462
1597463
1597464
1597465
1597466
1597467
1597468
1597469
1598740
1598741
1598742
1598743
1598744
1598745
1598746
1598747
1598748
1598749
1770874
1778740
1778741
1778779
1778790
1350874
1350881
1350884
1352956
1352957
1352958
1352959
1352974
1352985
1352986
1352987
1352988
1352989
1357735
1357736
1357737
1357738
1357739
1357740
1357741
1357742
1357743
1357744
1357745
1357746
1357747
1357748
1357749
1452889
1453895
1453896
1453897
1453898
1453899
1454647
1821400
1821401
1821402
1821403
1821404
1821405
1821406
1821407
1821408
1821409
1828790
1828791
1828792
1828793
1828794
1828795
1828796
1828797
1828798
1828799
1512550
1512551
1512552
1512553
1512554
1512555
1512556
1512557
1512558
1512559
1512560
1512561
1512562
1512563
1512564
1512565
1512566
1512567
1512568
1512569
1515480
1515481
1515482
1515483
1515484
1515485
1515486
1515487
1515488
1515489
1519830
1519831
1760879
1768709
1589189
1589194
1589195
1589196
1589197
1589198
1589199
1589446
1589447
1589448
1589449
1346617
1346618
1346619
1730879
1738792
1738795
1738796
1738797
1738798
1310859
1310879
1311415
1311879
1315079
1317074
1318790
1318791
1318792
1318793
1870879
1870884
1870885
1872487
1872488
1872489
1660879
1388794
1388795
1388796
1388797
1388798
1388799
1980879
1980884
1840879
1846941
1846942
1846943
1846999
1848774
1848775
1848776
1848777
1848778
1848779
1570879
1575026
1575027
1575028
1575029
1575030
1575031
1575820
1575821
1575822
1575823
1575824
1575825
1575826
1575827
1575828
1575829
1575834
1575835
1575836
1575837
1575838
1575839
1320879
1321198
1321199
1323879
1910879
1914306
1914309
1914319
1918790
1918791
1918792
1918793
1918794
1918795
1918796
1918797
1918798
1918799
1918845
1708426
1708427
1708428
1470879
1473672
1473673
1476935
1476936
1476937
1476938
1476939
1478725
1478726
1478727
1478728
1478729
1478790
1478791
1478792
1478793
1478794
1478795
1478796
1478797
1478798
1478799
1375900
1375901
1375902
1375903
1375904
1376907
1376908
1376909
1376990
1376991
1376992
1376993
1376994
1376995
1376996
1376997
1376998
1376999
1880879
1881230
1881231
1881232
1881233
1888790
1888791
1888792
1888793
1888794
1888795
1888796
1888797
1889640
1889641
1889642
1889643
1889644
1889645
1889646
1889647
1889648
1889649
1750879
1520879
1528766
1528767
1528768
1528769
1810879
1816463
1816464
1818379
1818390
1818391
1818392
1818394
1818790
1818791
1818792
1818794
1818795
1818796
1818797
1818798
1818799
1673908
1673909
1390879
1398709
1398790
1398791
1398792
1398793
1398794
1398795
1398796
1398797
1398798
1398799
1550879
1860879
1868792
1868793
1868794
1303331
1308531
1308532
1309537
1309965
1309966
1350879
1357790
1357791
1357792
1357793
1357794
1357795
1357796
1357797
1357798
1357799
1357817
1357818
1357819
1452894
1454642
1459419
1459420
1459421
1459422
1770879
1778737
1778739
1778746
1778749
1778792
1778793
1778799
1590699
1590879
1591126
1591127
1591128
1591129
1591295
1591296
1591297
1591298
1591299
1592524
1592525
1592526
1592527
1592528
1592529
1592539
1598796
1598797
1598798
1598799
1830879
1831325
1831326
1831327
1831328
1831329
1831337
1831338
1831339
1831420
1831421
1831422
1831423
1838770
1838771
1838772
1838773
1838774
1838775
1838790
1838791
1838792
1838793
1838794
1838795
1838796
1838797
1838798
1838799
1500870
1500871
1500872
1500873
1500874
1500875
1500876
1500880
1500881
1508790
1508791
1508792
1508793
1508794
1508795
1508796
1508797
1508798
1508799
1530879
1533165
1533166
1533446
1534879
1536857
1536858
1536859
1536879
1538878
1538879
1539138
1539139
1539494
1539495
1539496
1539866
1539879
1800879
1808277
1808279
1808299
1808388
1808772
1808773
1808790
1808791
1808797
1808798
1808799
1808894
1890879
1898790
1898791
1898792
1898793
1898794
1898839
1360879
1361879
1361949
1362879
1364879
1364969
1365879
1713879
1715879
1716879
1717478
1717879
1718694
1719801
1719802
1719879
1330879
1331277
1332047
1332499
1333047
1333477
1336879
1337879
1338879
1339879
1780879
1786904
1786905
1786906
1786907
1786995
1850879
1858717
1560879
1568796
1568797
1568798
1568799
1569468
1990879
1991279
1991281
1991284
1991289
1991298
1994879
1994889
1994894
1998790
1998791
1998792
1998793
1998794
1998797
1998798
1998799
1998994
1999589
1999599
1502510
1502511
1502512
1502513
1502514
1502515
1502516
1502517
1502518
1502519
1508700
1508701
1508702
1508703
1508704
1508705
1508706
1508707
1508708
1508709
1508710
1508711
1508712
1508713
1508714
1508715
1508716
1508717
1508718
1508719
1509660
1509661
1509662
1509663
1509664
1509665
1509666
1509667
1509668
1509669
1830871
1831370
1831371
1831372
1831373
1831374
1831375
1831376
1831377
1831378
1831379
1831380
1831381
1831382
1831383
1831384
1831385
1831386
1831387
1831388
1831389
1831390
1831391
1831392
1831393
1831394
1831395
1831396
1831397
1831398
1831399
1831410
1831411
1831412
1831413
1831414
1831415
1831416
1831417
1831430
1831431
1831432
1831433
1831434
1831435
1831436
1831437
1831438
1831439
1831440
1831441
1831442
1831443
1831444
1831445
1831446
1831447
1831448
1831449
1831450
1831451
1831452
1831453
1831454
1831455
1831456
1831457
1831458
1831459
1838710
1838711
1838712
1838713
1838714
1838715
1838716
1838717
1838718
1838719
1838800
1838801
1838802
1838803
1838804
1838805
1838806
1838807
1838808
1838809
1838810
1838811
1838812
1838813
1838814
1838815
1838816
1838817
1838818
1838819
1838820
1838821
1838822
1838823
1838824
1838825
1838826
1838827
1838828
1838829
1838839
1838840
1838841
1838842
1838843
1838844
1838845
1838846
1838847
1838848
1838849
1838888
1452884
1452896
1452897
1452898
1452899
1453860
1453861
1453862
1453863
1453864
1453865
1453866
1453867
1453868
1453869
1453870
1453871
1453872
1453873
1453874
1453875
1453876
1453877
1453878
1453879
1453880
1453881
1453882
1453883
1453884
1453885
1454150
1454151
1454152
1454153
1454154
1454155
1454156
1454157
1454158
1454640
1454641
1454650
1454651
1350871
1350880
1351870
1351871
1351872
1351873
1351874
1351875
1351876
1351878
1351879
1352900
1352901
1352902
1352903
1352904
1352905
1352906
1352907
1352908
1352909
1352910
1352911
1352912
1352913
1352914
1352915
1352916
1352917
1352918
1352919
1352920
1352921
1352922
1352923
1352924
1352925
1352926
1352927
1352928
1352929
1352930
1352931
1352932
1352933
1352934
1352935
1352936
1352937
1352938
1352939
1352940
1352941
1352942
1352943
1352944
1352945
1357700
1357701
1357702
1357703
1357704
1357705
1357706
1357707
1357708
1357709
1357710
1357711
1357712
1357713
1357714
1357715
1357716
1357717
1357718
1357719
1590871
1590880
1590884
1590885
1590889
1591150
1591151
1591152
1591153
1591154
1591155
1591156
1591157
1591158
1591159
1591160
1591161
1591162
1591163
1591164
1591165
1591166
1591167
1591168
1591169
1591170
1591171
1591172
1591173
1591174
1591210
1591211
1591212
1591213
1591214
1591215
1591216
1591217
1591218
1591219
1591240
1591241
1591242
1591243
1591244
1591245
1591246
1591247
1591248
1591249
1591250
1591251
1591252
1591253
1591254
1591255
1591256
1591257
1591258
1591259
1592510
1592511
1592512
1592513
1592514
1592515
1592516
1592517
1592518
1592519
1592520
1592521
1592522
1592523
1596940
1596941
1596942
1596943
1596944
1596945
1596946
1596947
1596948
1596949
1596950
1596951
1596952
1596953
1596954
1596955
1596956
1596957
1596958
1596959
1597480
1597481
1597482
1597483
1597484
1598710
1598711
1598712
1598713
1598714
1598715
1598716
1598717
1598718
1598719
1770871
1770885
1778700
1778701
1778710
1778711
1778712
1778713
1778714
1778715
1778716
1778717
1778718
1778719
1778725
1778726
1778727
1778728
1778729
1778736
1778744
1778745
1778747
1778777
1778784
1778785
1778786
1778787
1778794
1778795
1778798
1300865
1300866
1300867
1300868
1300869
1301086
1301330
1301331
1301332
1301333
1301335
1303333
1303334
1303335
1303336
1303337
1303338
1303339
1306420
1306421
1306422
1306423
1306424
1306425
1306426
1306427
1306428
1306429
1307870
1307871
1307872
1307873
1307874
1307875
1307876
1307877
1307878
1307879
1308533
1308534
1308535
1308536
1308537
1308538
1308539
1309530
1309531
1309532
1309533
1309534
1309535
1309536
1309940
1309941
1309942
1309943
1309944
1309945
1309946
1309990
1309991
1309992
1309993
1309994
1309995
1309996
1309997
1309998
1309999
1727850
1727851
1727852
1390087
1390871
1390880
1390884
1390885
1390886
1390887
1398710
1398711
1398712
1398713
1398714
1398715
1398716
1398717
1398718
1398719
1398760
1398761
1398762
1398763
1398764
1398765
1398766
1398767
1398768
1398769
1673899
1673900
1860871
1860880
1866900
1866901
1866902
1866903
1866904
1866905
1866906
1866907
1866908
1866909
1866910
1866911
1866916
1866917
1866920
1866921
1866922
1866926
1866927
1868700
1868701
1868702
1868703
1868704
1868706
1868710
1868711
1868712
1868713
1868714
1868715
1868716
1868717
1868718
1868719
1868720
1868721
1868722
1868724
1868731
1868732
1868733
1868735
1868736
1868740
1868741
1868742
1868743
1868750
1868751
1868752
1868753
1868754
1868756
1868757
1868760
1868761
1868766
1868767
1868770
1868771
1868772
1868773
1868774
1868780
1868781
1868782
1868783
1868784
1868786
1868790
1868791
1550871
1550880
1550884
1550885
1550889
1555960
1555961
1555962
1555963
1555964
1555965
1555966
1555967
1555968
1555969
1555970
1555971
1555972
1555973
1555974
1555975
1555976
1555977
1555978
1555979
1555980
1555981
1555982
1555983
1555984
1555985
1555986
1555987
1555988
1555989
1555990
1555991
1558700
1558701
1558702
1558703
1558704
1558705
1558706
1558707
1558708
1558709
1558710
1558711
1558712
1558713
1558714
1558715
1558716
1558717
1558718
1558719
1558720
1558721
1558722
1558723
1558724
1558725
1560871
1560880
1560884
1560885
1560889
1568705
1568706
1568707
1568708
1568709
1568710
1568711
1568712
1568713
1568714
1568715
1568716
1568717
1568718
1568719
1568737
1568738
1568739
1568760
1568761
1568762
1568763
1568764
1568765
1568775
1568776
1568777
1568778
1568779
1568785
1568786
1568787
1568788
1568789
1569466
1569704
1569705
1569706
1850871
1850881
1850883
1850884
1850885
1850886
1850888
1850889
1858719
1858724
1858725
1858726
1858730
1858731
1858732
1858733
1858734
1858735
1858736
1858737
1858738
1858739
1858931
1858934
1858935
1859310
1859311
1859312
1859313
1859314
1859316
1780871
1784205
1784206
1784207
1784208
1784209
1784210
1784211
1784212
1784213
1784214
1784215
1784216
1784217
1784218
1784219
1786940
1786941
1786942
1786943
1786944
1786945
1786946
1786947
1786948
1786949
1786950
1786951
1786952
1786953
1786954
1786955
1786956
1786957
1786958
1786959
1786960
1786961
1786962
1786963
1786964
1786965
1786966
1786967
1786968
1786969
1786970
1786971
1786972
1786973
1786974
1786975
1786976
1786977
1786978
1786979
1786980
1786981
1786982
1786983
1786984
1786998
1786999
1787480
1787481
1787482
1787483
1787484
1787485
1787486
1787487
1787488
1787489
1789325
1789326
1789327
1789328
1789329
1789870
1789871
1789872
1789873
1789874
1789875
1789876
1789877
1789878
1789879
1990871
1990880
1990884
1990885
1990889
1991271
1991278
1994860
1994861
1994862
1994863
1994864
1994865
1994866
1994867
1994868
1994869
1994871
1996912
1996913
1996914
1996915
1996920
1996921
1996922
1996923
1996924
1996925
1996926
1996927
1998710
1998711
1998712
1998713
1998714
1998715
1998716
1998717
1998718
1998719
1998736
1998762
1998763
1998764
1998765
1998766
1998772
1998773
1998774
1998775
1998776
1998783
1998784
1998785
1998786
1998810
1998811
1998812
1998813
1998814
1998815
1998816
1998817
1998819
1998832
1998833
1998834
1998835
1998840
1998841
1998842
1998843
1998844
1998845
1998846
1998847
1998848
1998849
1998850
1998851
1998852
1998853
1998854
1998855
1998856
1998857
1998858
1998859
1998870
1998871
1998872
1998873
1998874
1998875
1998877
1998991
1998999
1999581
1999594
1713871
1715470
1715471
1715472
1715473
1715474
1715475
1715476
1715477
1715478
1715479
1715690
1715693
1715694
1715695
1715696
1715697
1715698
1715699
1715700
1715701
1715702
1715703
1715704
1715705
1715706
1715707
1715871
1716699
1716871
1717699
1717700
1717871
1718476
1718699
1718800
1718801
1718802
1718803
1718805
1718806
1718807
1718808
1718809
1718810
1718811
1718812
1718813
1718815
1718816
1718817
1718818
1718819
1719690
1719693
1719695
1719696
1719697
1719698
1719699
1719804
1719814
1719871
1719876
1330871
1330880
1330884
1330885
1331250
1331251
1331252
1331253
1331254
1331255
1331256
1331257
1331258
1331259
1332050
1332051
1332052
1332053
1332054
1333041
1333043
1333044
1333046
1333049
1333050
1333051
1333052
1333053
1333054
1335460
1335461
1335462
1335463
1335464
1335465
1335490
1335491
1335492
1335493
1335494
1335495
1335496
1335497
1335498
1335499
1336871
1336880
1336884
1336885
1337871
1337880
1337884
1337885
1338871
1338880
1338884
1338885
1339871
1339880
1339884
1339885
1890871
1890880
1890884
1890885
1890889
1898705
1898706
1898709
1898710
1898711
1898712
1898713
1898714
1898715
1898716
1898717
1898718
1898719
1898725
1898726
1898727
1898728
1898729
1898735
1898736
1898745
1898746
1898747
1898748
1898749
1898755
1898756
1898757
1898758
1898759
1898767
1898768
1898769
1898775
1898776
1898777
1898778
1898779
1898786
1898787
1898788
1898789
1898795
1898799
1898806
1898807
1898808
1898809
1898815
1898816
1898827
1898828
1898829
1898840
1898841
1898842
1898843
1898844
1898845
1898846
1898847
1898848
1898849
1360871
1360880
1360881
1360884
1360885
1360886
1360887
1360888
1361871
1361960
1361961
1361962
1361963
1361964
1361965
1361966
1361967
1361968
1361969
1362940
1362941
1362942
1362943
1362944
1362945
1362946
1362947
1362948
1362949
1362960
1362961
1362962
1362963
1362964
1362965
1362966
1362967
1362968
1362969
1364871
1364880
1364881
1364882
1364883
1364884
1364885
1364886
1364887
1364888
1364889
1365871
1365880
1365881
1365882
1365883
1365884
1365885
1365886
1365887
1365888
1365889
1366870
1366871
1366872
1366873
1366874
1366875
1366876
1366877
1366878
1366879
1366970
1366971
1366972
1366973
1366974
1366975
1366976
1366977
1366978
1366979
1367870
1367871
1367872
1367873
1367874
1367875
1367876
1367877
1367878
1367879
1368870
1368871
1369870
1369871
1369872
1369873
1369874
1369875
1369876
1369877
1369878
1369879
1952330
1952331
1952332
1952334
1952335
1952336
1952337
1953074
1953336
1953996
1800871
1800880
1800884
1800885
1800889
1806480
1806481
1806482
1806483
1806484
1806485
1806486
1806487
1806488
1806489
1808270
1808271
1808272
1808273
1808274
1808275
1808276
1808278
1808290
1808291
1808292
1808293
1808294
1808295
1808296
1808297
1808298
1808380
1808381
1808382
1808383
1808384
1808385
1808386
1808387
1808389
1808704
1808705
1808706
1808710
1808711
1808712
1808713
1808714
1808715
1808716
1808717
1808718
1808719
1808723
1808724
1808725
1808726
1808727
1808732
1808734
1808735
1808736
1808737
1808742
1808743
1808744
1808745
1808752
1808753
1808754
1808755
1808774
1808775
1808776
1808782
1808783
1808784
1808785
1808786
1808794
1808795
1808796
1808801
1808812
1808813
1808814
1808823
1808824
1808825
1808826
1808827
1808829
1808830
1808831
1808832
1808834
1808840
1808841
1808842
1808843
1808844
1808845
1808846
1808847
1808848
1808849
1808898
1808899
1530871
1530880
1530884
1530885
1530889
1533131
1533171
1533172
1533173
1533174
1533175
1533176
1533439
1534871
1536800
1536801
1536802
1536803
1536804
1536805
1536806
1536807
1536808
1536809
1536810
1536811
1536812
1536813
1536814
1536815
1536816
1536817
1536818
1536819
1536820
1536821
1536822
1536823
1536824
1536825
1536826
1536871
1536880
1536884
1536885
1536886
1536887
1536889
1538871
1538883
1538884
1538888
1538889
1539133
1539134
1539135
1539136
1539148
1539490
1539497
1539837
1539838
1539839
1539840
1539841
1539842
1539843
1539844
1539845
1539846
1539847
1539848
1539849
1539850
1539851
1539852
1539853
1539854
1539855
1539856
1539857
1539858
1539859
1539860
1539861
1539862
1539863
1539864
1539865
1539867
1539869
1539871
1870871
1872500
1872501
1872502
1872503
1872504
1872505
1872506
1872507
1872508
1872509
1872510
1872511
1872512
1872513
1872514
1872515
1872516
1872517
1872518
1872519
1878700
1878701
1878702
1878703
1878704
1878705
1878706
1878707
1878708
1878709
1878710
1878711
1878712
1878713
1878714
1878715
1878716
1878717
1878718
1878719
1878744
1878745
1878746
1878747
1878748
1878749
1878809
1878810
1878811
1878812
1878813
1878814
1878815
1878816
1878817
1878818
1878819
1878829
1878840
1878841
1878842
1878843
1878844
1878845
1878846
1878847
1878848
1878849
1878850
1878851
1878852
1878853
1878854
1878855
1878856
1878857
1878858
1878859
1380087
1380870
1380871
1380872
1380873
1380875
1380879
1388800
1388801
1388802
1388803
1388804
1388805
1388806
1388807
1388808
1388809
1388810
1388811
1388812
1388813
1388814
1388815
1388816
1388817
1388818
1388819
1388820
1388821
1388822
1388823
1388824
1388825
1388826
1388827
1388828
1388829
1388830
1388831
1388832
1388833
1388834
1388835
1388836
1388837
1388838
1388839
1388840
1388841
1388842
1388843
1388844
1388845
1388846
1388847
1388848
1388849
1388850
1388851
1388852
1388853
1388854
1388855
1388856
1388857
1388858
1388859
1388860
1388861
1388862
1388863
1388864
1388865
1388866
1388867
1388868
1388869
1388870
1388871
1388872
1388873
1388874
1388875
1388876
1388877
1388878
1388879
1388880
1388881
1388882
1388883
1388884
1388885
1388886
1388887
1388888
1388889
1388890
1388891
1388892
1388893
1388894
1388895
1388896
1388897
1388898
1388899
1660697
1660698
1660871
1660880
1660881
1660882
1660884
1660885
1668709
1668710
1668711
1668718
1668719
1668723
1668744
1668745
1668749
1730009
1730871
1730880
1730889
1738700
1738701
1738710
1738711
1738712
1738713
1738715
1738716
1738717
1738718
1738719
1738721
1738733
1738739
1738741
1738759
1738764
1738771
1738774
1738784
1738789
1738791
1738794
1738799
1310850
1310851
1310852
1310853
1310854
1310865
1310866
1310867
1310868
1310869
1310870
1310871
1310876
1310880
1310883
1310884
1310885
1310886
1310887
1310889
1311414
1311420
1311421
1311422
1311423
1311424
1311425
1311426
1311427
1311428
1311429
1311620
1311621
1311622
1311623
1311624
1311625
1311626
1311627
1311628
1311629
1311695
1311871
1315070
1315071
1315074
1315075
1317060
1317061
1317062
1317063
1318740
1318741
1318742
1318743
1318744
1318770
1318781
1318782
1318783
1318784
1318785
1318786
1318787
1318788
1318789
1580870
1580871
1580875
1580876
1580879
1580880
1580881
1580882
1580884
1580885
1580886
1580887
1580888
1580889
1581200
1581201
1581202
1581203
1581204
1581205
1581206
1581207
1581208
1581209
1581210
1581211
1581212
1581213
1581214
1582525
1582526
1582527
1582528
1582529
1587790
1587791
1587792
1587793
1587794
1587795
1587796
1587797
1587798
1587799
1588700
1588701
1588702
1588703
1588704
1588705
1588706
1588707
1588708
1588709
1588710
1588711
1588712
1588713
1588714
1588715
1588716
1588717
1588718
1588719
1588720
1588721
1588722
1588723
1588724
1588725
1588726
1588727
1588728
1588729
1588780
1588781
1588782
1588783
1588784
1588785
1588786
1588787
1760690
1760696
1760697
1760698
1760699
1760871
1760880
1760884
1768700
1768704
1768710
1768711
1768712
1768717
1768719
1344588
1344687
1344688
1344787
1344887
1344987
1519870
1519871
1519872
1519873
1519874
1519875
1519876
1519877
1519878
1519879
1519880
1519881
1519882
1519883
1519884
1519885
1519886
1519887
1519888
1519889
1519890
1519891
1519892
1519893
1519894
1519895
1519896
1519897
1519898
1519899
1820670
1820671
1820672
1820673
1820674
1820675
1820676
1820677
1820678
1820679
1820680
1820681
1820682
1820683
1820684
1820685
1820686
1820687
1820688
1820689
1820870
1820871
1820872
1820873
1820874
1820875
1820876
1820877
1820878
1820879
1820880
1820881
1820882
1820883
1820884
1820885
1820886
1820887
1820888
1820889
1821300
1821301
1821302
1821303
1821304
1821305
1821306
1821307
1821308
1821309
1821340
1821341
1821342
1821343
1821344
1821345
1821346
1821347
1821348
1821349
1821350
1821351
1821352
1821353
1821354
1821355
1821356
1821357
1821358
1821359
1821380
1821381
1821382
1821383
1821384
1821385
1821386
1821387
1821388
1821389
1821390
1821391
1821392
1821393
1821394
1821395
1821396
1821397
1821398
1821399
1821455
1821456
1821457
1821458
1821459
1821460
1821461
1821462
1821463
1821464
1828710
1828711
1828712
1828713
1828714
1828715
1828716
1828717
1828718
1828719
1828820
1828821
1828822
1828823
1828824
1828825
1828826
1828827
1828828
1828829
1828860
1828861
1828862
1828863
1828864
1828865
1828866
1828867
1828868
1828869
1828870
1828871
1828872
1828873
1828874
1828875
1828876
1828877
1828878
1828879
1828890
1828891
1828892
1828893
1828894
1828895
1828896
1828897
1828898
1828899
1810088
1810089
1810870
1810871
1810875
1810881
1810882
1810885
1816461
1816462
1818351
1818352
1818354
1818364
1818371
1818381
1818382
1818384
1818385
1818386
1818387
1818389
1818480
1818481
1818482
1818483
1818484
1818485
1818486
1818487
1818488
1818489
1818701
1818702
1818705
1818706
1818710
1818711
1818712
1818715
1818716
1818725
1818730
1818731
1818732
1818750
1818751
1818752
1818781
1818782
1520871
1528440
1528441
1528710
1528711
1528712
1528713
1528714
1528715
1528716
1528717
1528718
1528719
1528810
1528811
1528812
1528813
1528814
1528815
1528816
1528817
1528818
1528819
1528820
1528821
1528822
1528823
1528824
1528825
1528826
1528827
1528828
1528829
1528830
1528831
1528832
1528833
1528834
1528835
1528836
1528837
1528838
1528839
1528840
1528841
1528842
1528843
1528844
1528845
1528846
1528847
1528848
1528849
1370060
1370061
1370062
1370063
1370064
1370065
1370066
1370067
1370068
1370069
1370840
1370841
1370842
1370843
1370844
1370845
1370846
1370847
1370848
1370849
1370870
1370871
1370872
1370873
1370876
1370879
1370880
1370884
1370885
1370886
1370887
1370888
1370889
1374088
1375910
1375911
1375912
1375913
1375914
1375915
1375916
1375917
1375918
1375919
1375940
1375941
1375942
1375943
1375944
1375945
1375946
1375947
1375948
1375949
1375950
1375951
1375952
1375953
1375954
1375955
1375956
1375957
1375958
1375959
1376910
1376911
1376912
1376913
1376914
1376915
1376916
1376917
1376918
1376919
1470871
1470884
1470889
1473645
1473646
1473647
1473648
1473649
1473650
1473651
1473652
1473653
1473654
1473655
1473656
1473657
1473658
1473659
1476419
1476577
1478710
1478711
1478719
1478745
1478746
1478747
1478748
1478749
1478780
1478781
1478782
1478783
1478784
1478785
1478786
1478787
1478788
1478789
1750871
1750880
1750884
1750885
1750889
1758410
1758701
1758708
1758731
1758791
1758798
1758799
1880871
1880880
1880888
1881220
1881221
1881222
1881223
1881224
1881225
1881226
1881227
1881228
1881229
1886070
1886071
1886072
1886073
1886074
1886075
1886076
1886077
1886078
1886079
1888710
1888711
1888712
1888713
1888714
1888715
1888716
1888717
1888718
1888719
1888788
1889588
1889596
1889597
1910871
1910880
1910884
1910885
1910889
1914301
1914311
1914327
1914328
1918420
1918421
1918422
1918423
1918424
1918425
1918427
1918428
1918710
1918711
1918712
1918713
1918714
1918715
1918716
1918717
1918718
1918719
1320871
1320880
1320884
1320885
1320889
1321160
1321161
1321162
1321163
1321164
1321165
1321166
1321167
1321168
1321169
1321170
1321171
1321172
1321173
1321174
1321175
1321176
1321177
1321178
1321179
1321192
1323866
1323867
1323868
1323869
1323871
1327871
1327872
1329493
1329494
1329495
1329496
1329497
1700870
1700871
1700872
1700873
1700874
1700875
1700876
1700877
1700878
1700879
1701900
1701901
1701902
1701903
1701904
1701905
1701906
1702840
1702841
1702842
1702843
1702844
1702845
1702846
1702847
1702848
1702849
1702860
1702861
1702862
1702863
1702864
1702865
1702866
1702867
1702868
1702869
1702870
1702871
1702872
1702873
1702874
1702875
1702876
1702877
1702878
1702879
1703420
1703421
1703422
1703423
1703424
1703425
1703426
1703427
1703428
1703429
1703430
1703431
1703432
1703433
1703434
1703435
1703436
1703437
1703438
1703439
1703440
1703441
1703442
1703443
1703444
1705032
1705173
1705220
1705253
1705364
1705398
1705502
1705567
1705568
1705569
1705632
1705677
1705691
1705784
1707760
1707761
1707762
1707763
1707764
1708860
1708861
1708862
1708863
1708864
1708865
1708866
1708867
1708868
1708869
1709650
1709651
1709652
1709653
1709654
1709655
1709656
1709657
1709658
1709659
1980871
1980880
1980881
1980882
1980888
1981110
1981111
1981112
1981113
1981114
1981115
1981116
1981117
1981118
1981119
1981158
1981159
1981312
1984884
1984885
1984886
1984887
1984888
1984889
1984890
1986975
1986976
1986977
1986978
1986979
1986980
1986981
1986982
1986983
1986984
1986985
1986986
1986987
1986988
1986989
1988710
1988711
1988712
1988713
1988714
1988715
1988716
1988717
1988718
1988719
1650871
1651870
1651871
1652040
1652656
1653920
1570871
1571871
1571876
1571879
1572187
1572188
1572189
1575200
1575201
1575202
1575203
1575204
1579882
1579883
1579884
1579885
1579886
1579887
1579888
1579889
1840871
1844080
1844081
1844082
1844083
1844084
1844085
1844086
1844087
1844088
1844089
1844090
1844091
1844092
1844093
1844094
1844095
1844096
1844097
1844098
1844099
1846800
1846801
1846802
1846803
1846804
1846805
1846806
1846807
1846808
1846809
1846810
1846811
1846812
1846813
1846814
1846815
1846816
1846817
1846818
1846819
1846820
1846821
1846822
1846823
1846824
1846825
1846826
1846827
1846828
1846829
1846910
1846911
1846912
1846913
1846914
1846915
1846916
1846917
1846918
1846919
1848707
1848708
1848709
1848710
1848711
1848712
1848713
1848714
1848715
1848716
1848717
1848718
1848719
1848720
1848721
1848722
1848723
1848724
1848725
1848726
1848727
1848728
1848729
1848730
1848731
1848732
1848733
1848734
1848735
1848736
1848737
1848738
1848739
1848800
1848801
1848802
1848803
1848804
1848805
1848806
1848807
1848808
1848809
1848810
1848811
1848812
1848813
1848814
1848815
1848816
1848817
1848818
1848819
1848820
1848821
1848822
1848823
1848824
1848825
1848826
1848827
1848828
1848829
1848830
1848831
1848832
1848833
1848834
1848835
1848836
1848837
1848838
1848839
1848840
1848841
1848842
1848843
1848844
1848845
1848846
1848847
1848848
1848849
1848850
1848851
1848852
1848853
1848854
1848855
1848856
1848857
1848858
1848859
1848860
1848861
1848862
1848863
1848864
1848865
1848866
1848867
1848868
1848869
1848870
1848871
1848872
1848873
1848874
1848875
1848876
1848877
1848878
1848879
1848880
1848881
1848882
1848883
1848884
1848885
1848886
1848887
1848888
1848889
1848890
1848892
1848893
1848894
1848895
1848896
1848897
1848898
1848899
1849133
1849134
1849135
1849136
1849137
1849138
1713876
1715876
1716702
1716703
1716876
1717475
1717876
1718804
1719808
1719809
1719810
1719811
1330876
1331276
1332046
1336876
1337876
1338876
1339876
1560876
1568766
1568767
1568768
1568769
1569461
1780876
1784200
1784201
1784202
1784203
1784204
1786912
1786913
1786918
1786919
1786996
1787470
1787471
1787472
1787473
1850876
1858713
1990876
1994876
1994886
1994896
1998760
1998761
1998767
1998768
1998769
1998996
1999586
1999596
1800876
1808760
1808761
1808762
1808763
1808764
1808765
1808766
1808767
1808768
1808769
1808828
1808895
1530876
1533140
1533141
1533142
1533447
1534876
1536850
1536851
1536852
1536876
1539140
1539141
1539498
1539499
1539830
1539831
1539876
1890876
1898760
1898761
1898762
1898763
1898764
1360875
1361876
1361946
1362876
1364876
1365876
1368872
1368873
1368874
1350876
1357760
1357761
1357762
1357763
1357764
1357765
1357766
1357767
1357768
1357769
1452881
1454654
1459526
1459527
1459528
1459529
1590697
1590876
1591125
1591230
1591231
1591232
1591233
1591234
1591235
1591236
1591237
1591272
1591273
1596906
1596907
1596929
1598753
1598754
1598755
1598765
1598766
1598767
1598768
1598769
1770876
1778705
1778707
1778709
1778734
1778735
1778742
1778751
1778760
1778761
1778762
1778763
1778764
1778765
1778766
1778767
1778768
1500882
1500883
1500884
1501217
1501218
1501219
1502522
1502523
1502524
1502525
1502526
1502527
1502528
1502529
1509650
1509651
1509652
1830876
1831320
1831330
1831345
1831369
1838760
1838761
1838762
1838763
1838764
1838765
1838766
1838767
1838768
1838769
1838860
1838861
1838862
1838863
1838864
1838865
1838866
1838867
1838868
1390876
1398706
1860876
1868765
1868768
1868769
1550876
1303330
1308746
1309437
1309438
1309538
1309748
1309969
1470876
1473667
1473668
1473669
1476920
1476921
1476922
1476923
1476924
1476925
1476926
1476927
1476928
1476929
1476960
1476961
1476962
1476963
1476964
1476965
1476966
1476967
1476968
1476969
1478760
1478761
1478762
1478763
1478764
1478765
1478766
1478767
1478768
1478769
1478770
1478771
1478772
1478773
1478774
1376960
1376961
1376962
1376963
1376964
1880876
1884870
1884871
1884872
1884873
1884980
1886925
1886926
1888760
1888761
1888762
1888763
1888764
1888765
1888766
1888767
1888768
1888769
1889622
1889623
1889624
1889625
1889626
1889627
1889628
1889629
1889630
1889631
1889632
1889633
1889634
1889635
1889636
1889637
1889638
1889639
1750876
1758706
1810876
1816476
1816477
1818367
1818368
1818376
1818717
1818759
1818760
1818761
1818762
1818763
1818764
1818765
1818766
1818767
1818768
1818769
1520876
1528860
1528861
1528862
1528863
1528864
1528865
1528866
1528867
1528868
1528869
1980696
1980876
1981136
1981137
1981138
1981139
1981150
1981317
1986924
1986925
1986926
1986927
1986928
1988760
1988761
1988762
1988763
1988764
1988765
1988766
1988767
1988768
1988769
1570876
1575038
1575039
1575870
1575871
1575872
1575873
1575874
1575875
1575876
1575877
1575878
1575879
1575880
1575881
1575882
1575883
1575884
1575885
1575886
1575887
1575888
1575889
1576980
1576981
1576982
1576983
1576984
1576985
1576986
1576987
1576988
1576989
1579876
1840876
1846950
1846951
1846952
1846990
1846991
1846992
1846993
1846994
1848780
1848781
1848782
1848783
1848784
1848785
1848786
1848787
1848788
1910876
1916913
1918760
1918761
1918762
1320876
1321181
1323876
1707844
1707848
1707849
1708429
1730876
1730884
1730885
1738760
1738761
1738762
1738765
1738766
1738767
1311417
1311876
1315078
1317059
1318760
1318761
1318762
1318763
1870876
1878760
1878761
1388750
1388751
1388752
1388753
1388754
1388760
1388761
1388762
1388763
1388764
1388765
1388766
1388767
1388768
1388769
1388784
1388785
1660876
1510880
1510881
1510882
1510883
1510884
1512670
1512671
1512672
1512673
1512674
1512675
1512676
1512677
1512678
1512679
1512680
1512681
1512682
1512683
1512684
1512685
1512686
1512687
1512688
1512689
1512690
1512691
1512692
1512693
1512694
1512695
1512696
1512697
1512698
1512699
1518710
1518711
1518712
1518713
1518714
1518715
1518716
1518717
1518718
1518719
1518760
1518761
1518762
1518763
1518764
1518765
1518766
1518767
1518768
1518769
1519862
1519863
1519864
1828760
1828761
1828762
1828763
1828764
1828765
1828766
1828767
1828768
1828769
1581226
1581227
1581228
1581229
1588759
1589190
1589191
1589192
1589193
1760876
1768706
1340490
1340491
1340492
1340493
1340494
1361883
1362883
1890883
1898830
1898831
1898832
1898833
1898834
1800883
1808833
1808835
1808836
1808837
1808838
1808839
1530883
1533160
1533161
1533162
1533441
1536883
1990883
1991293
1994883
1994897
1998830
1998831
1998836
1998837
1998838
1998839
1560883
1568793
1568794
1568795
1569463
1858705
1858706
1786774
1786775
1786934
1786935
1786936
1786937
1787418
1787420
1787421
1787422
1330088
1330883
1331271
1332049
1336883
1337883
1338883
1339883
1717479
1717695
1717696
1717697
1718478
1719705
1719706
1719707
1303592
1309439
1309522
1309960
1309961
1860883
1866912
1866913
1866914
1550883
1390883
1398700
1398701
1398703
1398830
1398831
1398832
1398833
1398834
1398835
1398836
1398837
1398838
1398839
1673893
1673894
1673895
1501200
1501201
1501202
1501203
1501204
1501205
1501206
1501207
1501208
1501209
1501210
1501211
1508780
1508781
1508782
1508783
1508784
1508785
1508786
1508787
1508788
1508789
1830883
1830884
1831408
1831409
1831418
1831419
1838883
1838885
1838887
1838889
1838890
1838891
1838892
1838893
1838894
1838895
1838896
1838897
1838898
1590690
1590691
1590692
1590693
1590694
1590695
1590696
1590883
1591184
1591185
1591189
1592547
1592548
1592549
1597490
1597491
1597492
1598725
1598726
1598727
1770883
1770884
1778721
1778738
1778743
1778748
1778773
1452883
1454659
1459510
1459511
1459512
1459513
1352960
1352961
1352962
1352998
1357830
1357831
1357832
1357833
1357842
1357843
1357844
1708420
1708421
1708422
1910883
1914316
1914320
1916912
1918830
1918831
1918832
1918833
1918834
1918835
1918836
1320883
1321193
1323863
1570883
1575840
1575841
1575842
1575843
1575860
1575861
1575862
1575863
1575864
1575865
1575866
1575867
1575868
1575869
1576990
1576991
1576992
1576993
1576994
1576995
1576996
1579870
1840880
1840881
1840882
1840883
1840884
1840885
1840889
1846961
1846984
1846985
1846986
1846987
1846988
1846989
1848797
1848798
1848799
1980883
1981109
1981147
1981148
1981149
1981321
1986948
1986949
1986950
1986951
1988780
1988781
1988782
1988783
1988784
1988785
1810883
1818360
1818361
1818362
1818380
1818383
1818388
1818399
1818707
1818709
1818719
1818734
1520883
1524090
1524091
1524092
1524093
1524094
1528760
1528761
1528762
1750883
1758417
1880690
1880694
1880695
1880696
1880697
1880883
1884997
1884998
1884999
1889580
1889581
1889582
1889583
1889584
1889585
1889586
1889587
1889620
1889621
1370883
1375930
1375931
1375932
1375933
1375934
1375935
1375936
1375937
1375938
1375939
1470883
1473684
1473685
1476900
1476901
1476902
1476903
1476904
1476905
1476906
1476907
1476908
1476909
1478708
1478709
1478750
1478751
1478752
1478753
1478754
1478755
1478756
1478757
1478758
1478759
1340888
1340889
1580869
1580883
1582500
1582501
1588798
1588799
1760882
1760883
1512645
1512646
1512647
1512648
1512649
1512650
1512651
1512652
1512653
1512654
1512655
1512656
1512657
1512658
1512659
1519860
1821450
1821451
1821452
1821453
1821454
1828830
1828831
1828832
1828833
1828834
1828835
1828836
1828837
1828838
1828839
1660883
1668713
1870880
1870881
1870882
1870883
1872490
1872491
1872492
1872493
1872494
1872495
1878830
1878831
1878832
1878833
1878834
1878835
1878836
1878837
1878838
1878839
1311416
1317055
1318747
1318758
1318759
1730883
1738723
1738743
1738744
1738748
1738768
1738769
1810880
1810888
1816467
1816468
1818396
1818397
1818714
1818724
1818793
1520888
1524096
1524097
1524098
1524099
1528447
1528448
1528449
1528727
1528728
1528764
1528765
1880889
1884990
1886900
1886901
1886902
1886903
1886904
1886905
1886906
1886907
1886908
1886909
1888789
1889589
1889599
1750888
1470888
1473679
1478718
1370882
1376900
1376901
1376902
1376903
1707875
1707876
1707877
1707878
1910888
1918848
1320888
1570888
1570889
1571878
1577040
1577041
1577042
1577043
1577044
1577045
1577046
1577047
1577048
1577049
1579871
1840888
1846953
1846954
1846955
1846956
1846957
1846958
1846959
1846960
1848756
1848757
1848758
1651879
1980889
1981108
1981325
1984478
1984479
1984880
1984881
1984882
1984883
1986908
1986909
1986910
1660888
1870888
1870889
1876097
1876098
1878762
1878763
1878764
1878765
1878766
1878767
1310888
1311694
1311696
1315066
1315067
1317077
1317078
1318775
1318779
1730888
1738734
1738763
1738788
1581221
1581222
1581223
1581224
1588756
1588757
1589438
1589439
1760694
1760888
1768718
1510885
1510886
1510887
1510888
1510889
1512607
1512608
1512609
1519865
1519866
1821310
1821326
1821327
1821328
1821329
1828885
1828886
1828887
1828888
1828889
1998878
1560888
1567040
1567041
1568727
1568728
1569462
1786778
1786779
1786924
1786925
1786926
1786927
1787409
1787458
1787459
1858714
1858718
1858728
1330888
1331269
1332041
1336888
1337888
1338888
1339888
1717698
1717701
1717702
1717703
1717704
1717705
1717706
1718477
1719700
1719701
1719702
1719703
1361888
1362888
1368875
1368876
1368877
1368878
1368879
1890888
1898800
1898801
1898802
1898803
1898804
1800888
1808733
1808800
1808808
1808822
1808893
1808897
1530888
1533163
1533164
1533440
1536860
1536888
1500878
1500879
1501222
1501223
1501224
1830888
1838880
1838881
1838882
1838884
1590888
1591149
1591220
1591221
1591222
1591223
1591278
1596936
1596937
1596938
1596939
1598793
1598794
1598795
1770888
1770889
1778778
1350888
1357834
1357835
1357836
1357837
1357838
1357839
1357848
1452888
1453886
1453887
1453888
1453889
1454656
1301338
1301347
1303861
1309523
1309744
1860888
1868795
1868796
1868797
1868798
1868799
1550888
1390888
1398704
1398880
1398881
1398882
1398883
1398884
1398885
1398886
1398887
1398888
1398889
1673901
1830875
1830885
1502500
1502501
1502502
1502503
1502504
1502505
1502506
1502507
1502508
1502509
1508750
1508751
1508752
1508753
1508754
1508755
1508756
1508757
1508758
1508759
1509420
1509421
1509422
1509423
1509424
1770875
1778708
1778750
1778752
1778753
1590698
1590875
1591190
1591191
1591270
1591271
1592500
1592501
1592502
1592503
1592504
1592505
1592556
1592557
1592558
1592559
1596934
1596935
1597496
1597497
1598750
1598751
1598752
1598775
1598776
1452885
1454653
1459514
1459515
1459516
1459517
1350875
1352954
1352955
1357750
1357751
1357752
1357753
1357754
1357755
1357756
1357757
1357758
1357759
1303332
1308749
1309435
1309436
1309539
1309967
1309968
1550875
1555992
1555993
1555994
1860875
1868755
1868758
1868759
1390875
1398705
1398750
1398751
1398752
1398753
1398754
1398755
1398756
1398757
1398758
1398759
1990875
1991274
1991275
1991285
1991288
1991295
1994875
1994885
1994895
1998724
1998725
1998726
1998750
1998751
1998752
1998753
1998754
1998755
1998756
1998757
1998758
1998759
1998995
1999585
1999595
1999597
1850875
1858712
1780875
1786908
1786909
1786910
1786911
1787419
1787423
1787424
1787425
1787426
1789130
1789131
1789132
1789133
1789134
1789135
1560875
1568750
1568751
1568752
1568753
1568754
1568755
1569465
1330875
1331279
1332059
1333059
1336875
1337875
1338875
1339875
1713875
1715875
1716705
1716706
1716707
1716708
1716875
1717476
1717875
1718471
1718695
1718696
1718697
1719875
1361875
1361945
1362875
1364875
1365875
1890875
1898750
1898751
1898752
1898753
1898754
1530875
1533151
1533152
1533153
1533431
1534875
1536847
1536848
1536849
1536875
1536894
1536897
1539385
1539386
1539387
1539875
1800875
1808750
1808751
1808756
1808757
1808758
1808759
1660875
1388780
1388781
1388782
1388783
1870875
1872520
1872521
1872522
1872523
1872524
1872525
1872526
1872527
1872528
1872529
1872530
1872531
1872532
1872533
1872534
1872535
1872536
1872537
1872538
1872539
1878750
1878751
1878752
1878753
1878754
1878755
1878756
1878757
1878758
1878759
1878800
1878801
1878802
1878803
1878804
1878805
1878806
1878807
1878808
1310875
1311419
1311875
1315077
1317073
1318750
1318751
1318752
1318753
1730875
1738752
1738755
1738756
1738757
1738758
1346613
1346614
1760875
1768705
1768715
1588750
1588764
1588765
1588766
1588767
1588768
1588769
1821465
1821466
1821467
1821468
1821469
1828750
1828751
1828752
1828753
1828754
1828755
1828756
1828757
1828758
1828759
1828850
1828851
1828852
1828853
1828854
1828855
1828856
1828857
1828858
1828859
1518480
1518481
1518482
1518483
1518484
1518485
1518486
1518487
1518750
1518751
1518752
1518753
1518754
1518755
1518756
1518757
1518758
1518759
1520875
1528458
1528750
1528751
1528752
1528753
1528754
1528755
1528756
1528757
1528758
1528759
1816466
1816475
1818295
1818365
1818375
1818395
1818753
1818754
1818755
1818756
1818757
1818758
1750875
1758705
1880875
1884981
1884982
1884983
1886989
1888750
1888751
1888752
1888753
1888754
1888755
1888756
1888757
1888758
1888759
1889590
1889591
1889592
1889593
1889594
1889595
1370865
1370875
1376904
1376905
1376906
1470875
1473643
1473644
1478715
1707840
1707841
1707842
1707843
1320875
1321180
1323865
1323875
1327860
1327861
1327862
1910875
1914305
1914315
1914329
1918750
1918751
1918752
1918753
1918754
1918755
1918756
1918757
1918758
1918759
1918846
1840693
1840694
1840695
1840696
1840697
1840875
1846944
1846945
1846946
1846947
1846948
1846949
1570875
1571875
1576997
1576998
1576999
1577026
1577027
1577028
1577029
1577030
1577031
1577032
1577033
1577034
1577035
1577036
1577037
1577038
1577039
1579875
1980695
1980875
1981101
1981140
1981141
1981142
1981143
1981144
1981145
1981146
1981320
1986938
1986939
1986940
1986941
1986942
1988752
1988753
1988754
1988755
1988756
1988757
1988758
1988759
1580878
1582516
1588751
1588752
1588775
1588776
1588777
1588778
1589180
1589181
1589182
1589183
1589184
1589185
1589186
1760878
1768708
1512570
1512571
1512572
1512573
1512574
1512575
1512576
1512577
1512578
1512579
1512580
1512581
1512582
1512583
1512584
1512585
1512586
1512587
1512588
1512589
1512590
1512591
1512592
1512593
1512594
1512595
1512596
1512597
1512598
1512599
1512600
1512601
1512602
1512603
1512604
1512605
1512606
1518488
1518489
1828780
1828781
1828782
1828783
1828784
1828785
1828786
1828787
1828788
1828789
1870878
1876080
1876081
1876082
1876083
1876084
1876085
1876086
1876087
1878780
1878781
1878782
1878783
1878784
1878785
1878786
1878787
1878788
1878789
1388788
1388789
1660878
1730878
1738780
1738782
1738785
1738786
1738787
1310862
1310878
1311413
1311878
1315056
1315057
1315058
1317050
1317051
1317052
1318764
1318765
1318766
1318767
1318780
1910878
1914308
1914318
1918780
1918781
1918782
1918783
1918784
1918785
1918786
1918787
1320878
1321182
1323878
1707866
1707867
1707868
1980698
1980878
1981152
1981322
1984460
1984461
1984462
1984463
1984464
1984465
1986919
1986920
1986921
1986922
1986923
1988786
1988787
1988788
1988789
1988790
1988791
1988792
1570878
1575032
1575033
1575034
1575035
1575036
1575037
1575830
1575831
1575832
1575833
1575850
1575851
1575852
1575853
1575854
1575855
1575856
1575857
1575858
1575859
1579878
1840680
1840681
1840682
1840683
1840684
1840685
1840686
1840687
1840688
1840878
1846933
1846934
1846935
1846936
1846937
1846938
1846939
1846940
1810878
1816469
1816478
1816479
1818298
1818378
1818398
1818739
1818747
1818778
1818780
1818783
1818785
1818786
1818787
1818788
1818789
1520878
1528459
1528850
1528851
1528852
1528853
1528854
1528855
1528856
1528857
1528858
1528859
1370878
1376925
1376926
1376927
1376928
1376929
1470878
1473680
1473681
1473682
1473683
1476930
1476931
1476932
1476933
1476934
1750878
1758704
1880878
1884970
1884971
1884972
1884973
1886963
1886964
1886965
1886966
1886967
1886968
1888780
1888781
1888782
1888783
1888784
1888785
1888786
1888787
1300862
1301342
1301343
1303869
1309432
1309528
1309982
1309983
1390878
1398707
1398708
1398780
1398781
1398782
1398783
1398784
1398785
1398786
1398787
1398788
1398789
1860878
1868785
1868787
1868788
1868789
1550878
1508723
1508724
1509642
1509643
1509644
1509645
1509646
1509647
1509648
1509649
1830878
1838729
1838780
1838781
1838782
1838783
1838784
1838785
1838786
1838787
1838788
1838789
1452895
1454649
1459423
1459424
1459425
1459426
1459427
1350878
1350885
1352950
1352951
1352970
1352971
1357780
1357781
1357782
1357783
1357784
1357840
1357845
1357849
1590878
1591178
1591277
1591290
1591291
1591292
1591293
1591294
1596932
1596933
1597478
1597479
1598720
1598721
1598722
1598723
1598724
1598780
1598781
1598782
1598783
1598784
1598785
1598786
1598787
1770878
1778780
1778781
1778782
1778783
1778788
1890878
1898780
1898781
1898782
1898783
1898784
1361878
1361948
1362878
1363870
1363871
1363872
1363873
1363874
1363875
1363876
1363877
1363878
1363879
1364878
1365878
1800878
1808780
1808781
1808787
1808788
1530878
1533148
1533149
1533150
1533432
1534878
1536853
1536854
1536855
1536856
1536878
1539130
1539388
1539389
1539390
1539878
1560878
1567034
1568780
1568781
1568782
1568783
1568784
1569708
1850878
1858715
1858937
1780878
1786930
1786931
1786932
1786933
1787408
1787474
1787475
1787476
1789138
1789139
1990878
1994878
1994880
1994891
1998780
1998781
1998782
1998787
1998788
1998997
1999583
1999587
1999591
1999598
1713878
1715878
1716701
1716878
1717474
1717878
1718472
1718698
1718700
1719878
1330878
1331260
1331261
1332056
1333056
1335469
1336878
1337878
1338878
1339878
1870887
1876088
1876089
1878768
1878769
1660887
1730887
1738724
1311690
1315073
1317079
1318748
1318798
1589436
1589437
1760885
1760887
1518499
1821320
1821321
1821322
1821323
1821324
1821325
1828882
1828883
1828884
1818353
1520887
1528455
1528456
1528457
1470887
1473688
1880693
1880885
1880887
1884992
1886962
1886969
1750887
1910887
1320887
1321197
1980887
1981154
1981327
1984477
1986960
1986961
1988770
1988771
1570887
1575844
1575845
1575846
1575847
1575848
1575849
1579879
1840887
1846900
1846901
1848769
1500886
1508722
1509640
1830887
1350887
1357847
1452887
1454658
1459415
1459416
1459417
1459418
1590887
1591187
1592546
1598759
1770887
1778769
1303860
1308742
1398870
1398871
1398872
1398873
1398874
1398875
1398876
1398877
1398878
1398879
1860887
1868762
1868763
1868764
1550887
1560887
1568729
1569464
1784228
1786928
1786929
1786994
1787439
1787469
1858709
1858710
1990887
1998876
1330887
1331273
1332043
1336887
1337887
1338887
1339887
1890887
1898796
1898797
1898798
1361887
1800887
1530887
1533143
1533435
1830873
1831331
1831332
1831333
1831334
1831335
1831336
1831400
1831401
1831402
1831403
1831404
1831405
1831406
1831407
1838730
1838731
1838732
1838733
1838734
1838735
1838736
1838737
1838738
1838739
1838899
1502520
1502521
1508730
1508731
1508732
1508733
1508734
1508735
1508736
1508737
1508738
1508739
1509410
1509411
1509412
1509413
1509414
1509415
1509416
1509417
1509418
1509419
1509685
1509686
1509687
1509688
1509689
1452893
1454646
1459400
1459401
1459402
1459403
1459404
1350873
1350883
1352946
1352947
1352948
1352949
1352966
1352967
1352968
1352973
1352980
1352981
1352982
1352983
1352984
1352991
1352993
1352994
1352995
1352996
1357730
1357731
1357732
1357733
1357734
1770873
1778730
1778731
1778733
1778758
1778774
1778775
1778776
1590873
1591130
1591131
1591132
1591133
1591134
1591135
1591136
1591137
1591138
1591139
1591188
1591280
1591281
1591282
1591283
1591284
1591285
1591286
1591287
1591288
1591289
1592460
1592461
1592462
1592463
1592530
1592531
1592532
1592533
1592534
1592535
1592536
1592537
1592538
1597470
1597471
1597472
1597473
1597474
1597475
1597476
1597477
1598732
1598733
1598734
1598735
1598736
1598737
1598738
1598739
1598777
1598778
1598779
1300860
1300861
1301340
1301341
1303590
1303591
1308745
1309434
1309526
1309742
1309743
1309980
1309981
1390873
1398730
1398731
1398732
1398733
1398734
1398735
1398736
1398737
1398738
1398739
1398800
1398801
1398802
1398803
1398804
1398805
1398806
1398807
1398808
1398809
1550873
1860873
1860884
1868730
1868734
1868737
1868738
1868739
1850873
1858711
1858722
1858723
1780873
1786914
1786915
1786916
1786917
1787400
1787401
1787402
1787403
1787404
1787405
1787433
1787434
1787435
1787436
1787437
1787438
1787490
1787491
1787492
1787493
1787494
1787495
1787496
1787497
1560873
1567043
1567045
1568730
1568731
1568732
1568733
1568734
1568735
1568736
1569703
1990873
1994873
1994887
1994893
1998730
1998731
1998732
1998733
1998734
1998735
1998737
1998738
1998739
1998778
1998993
1998998
1713873
1715873
1716475
1716476
1716477
1716478
1716479
1716693
1716695
1716873
1717873
1718475
1718706
1718707
1718708
1718709
1719873
1330873
1331266
1331267
1332040
1332492
1332493
1333040
1336873
1337873
1338873
1339873
1890873
1898730
1898731
1898732
1898733
1898734
1898737
1898738
1898739
1898765
1898766
1898825
1898826
1898835
1360873
1360883
1361873
1361885
1361943
1362873
1364873
1364960
1364961
1364962
1364963
1364964
1365873
1530873
1533145
1533146
1533147
1533436
1533437
1533438
1534873
1536832
1536833
1536834
1536835
1536836
1536837
1536873
1538873
1538886
1538887
1539131
1539132
1539482
1539483
1539484
1539485
1539486
1539487
1539488
1539489
1539873
1800873
1808730
1808731
1808738
1808739
1870873
1876070
1876071
1876072
1876073
1876074
1876075
1876076
1876077
1876078
1876079
1878730
1878731
1878732
1878733
1878734
1878735
1878736
1878737
1878738
1878739
1878825
1878826
1878827
1878828
1660873
1380877
1388730
1388731
1388732
1388733
1388734
1388735
1388736
1388737
1388738
1388739
1388755
1388756
1388757
1388758
1388759
1730873
1738730
1738731
1738732
1738735
1738736
1738737
1738738
1738740
1310860
1310861
1310873
1311697
1311873
1315059
1315060
1315061
1315062
1317067
1317068
1318794
1318795
1318796
1760873
1768703
1768713
1580867
1580868
1580873
1582518
1582519
1582520
1582521
1582522
1582523
1582524
1588770
1588771
1588772
1588773
1588774
1340890
1340891
1340892
1340893
1340894
1340895
1340896
1340897
1340898
1340899
1346625
1346626
1346627
1346628
1346629
1821360
1821361
1821362
1821363
1821364
1821365
1821366
1821367
1821368
1821369
1821430
1821431
1821432
1821433
1821434
1821435
1821436
1821437
1821438
1821439
1828730
1828731
1828732
1828733
1828734
1828735
1828736
1828737
1828738
1828739
1512610
1512611
1512612
1512613
1512614
1512615
1512616
1512617
1512618
1512619
1512620
1512621
1512622
1512623
1512624
1512625
1512626
1512627
1512628
1512629
1512630
1512631
1512632
1512633
1512634
1512635
1512636
1512637
1512638
1512639
1512640
1512641
1512642
1512643
1512644
1515490
1515491
1515492
1515493
1515494
1515495
1515496
1515497
1515498
1515499
1518730
1518731
1518732
1518733
1518734
1518735
1518736
1518737
1518738
1518739
1520873
1528730
1528731
1528732
1528733
1528734
1528735
1528736
1528737
1528738
1528739
1810873
1816472
1816473
1816474
1818363
1818373
1818703
1818733
1818735
1818736
1818737
1818738
1370863
1376930
1376931
1376932
1376933
1376934
1376935
1376936
1376937
1376938
1376939
1376940
1376941
1376942
1376943
1376944
1376945
1376946
1376947
1376948
1376949
1470873
1470880
1473660
1473661
1478713
1750873
1758709
1880873
1884874
1884875
1884876
1884877
1884878
1884879
1886930
1886931
1886932
1886933
1886934
1886935
1886936
1886937
1886938
1886939
1886945
1886946
1886947
1886948
1886949
1888730
1888731
1888732
1888733
1888734
1888735
1888736
1888737
1888738
1888739
1320873
1321191
1323873
1329498
1329499
1910873
1916911
1918730
1918731
1918732
1918733
1918734
1918735
1703445
1703446
1703447
1703448
1703449
1705693
1707870
1707871
1707872
1707873
1707874
1980693
1980873
1981102
1981103
1981104
1981130
1981131
1981132
1981133
1981134
1981135
1981314
1986911
1986912
1986913
1986914
1986915
1986916
1986917
1986918
1988730
1988731
1988732
1988733
1988734
1988735
1988736
1988737
1988738
1988739
1840873
1846970
1846971
1846972
1846973
1846974
1848700
1848701
1848702
1848703
1848704
1848705
1848706
1570873
1571873
1572183
1572184
1575000
1575001
1575002
1575003
1575004
1575005
1575006
1575007
1575008
1575009
1575225
1575226
1575227
1575228
1575229
1575250
1575251
1575252
1575253
1575254
1575255
1575256
1575257
1575258
1575259
1575260
1575261
1575262
1575263
1575264
1575265
1575266
1575267
1575268
1575269
1579872
1579873
