1650724
1651724
1652710
1655263
1657715
1980724
1981380
1987137
1987139
1987142
1987189
1987190
1987222
1987223
1988839
1840723
1840724
1840725
1847128
1847129
1847158
1847172
1571782
1572724
1577106
1579713
1579719
1321724
1323564
1323727
1323728
1323729
1324725
1325723
1325724
1326495
1326496
1327724
1327763
1327764
1327765
1327766
1329428
1329712
1329713
1329760
1329761
1329762
1329763
1910727
1910728
1917134
1704791
1704793
1708261
1708262
1708263
1708264
1708265
1708266
1370726
1377400
1377401
1377402
1377403
1377404
1377405
1377406
1377407
1377408
1379789
1379790
1379791
1379792
1379793
1379794
1379795
1379796
1379797
1379798
1379799
1477108
1477198
1477199
1880869
1887236
1887237
1887238
1887239
1887240
1887241
1887242
1887243
1887244
1887285
1887286
1887287
1750869
1751275
1751276
1751277
1751278
1751279
1757145
1757146
1757147
1757148
1757149
1757150
1757151
1757152
1757153
1757154
1757155
1757215
1757216
1757217
1757218
1757219
1757220
1757221
1757222
1757223
1757249
1520726
1527174
1527175
1527176
1527177
1527178
1527179
1527209
1810724
1812038
1816299
1816305
1816306
1818697
1820726
1827114
1827115
1827116
1827117
1827118
1827119
1827236
1827237
1827241
1510726
1767128
1767129
1768384
1768388
1768389
1580726
1582782
1582783
1582784
1582785
1582786
1582787
1582788
1582789
1587198
1587199
1587216
1587217
1587218
1587219
1587288
1587289
1587290
1587291
1587292
1587293
1587294
1587295
1587296
1587297
1587298
1587299
1340960
1340961
1344072
1344073
1344074
1344075
1344076
1344079
1344080
1344081
1344082
1344085
1344086
1344087
1344088
1344089
1344090
1344091
1344092
1344094
1344096
1344097
1344098
1344100
1344101
1344102
1344103
1344104
1344105
1344106
1344107
1344108
1344109
1344110
1344111
1344112
1344113
1344114
1344115
1344116
1344117
1344118
1344119
1344122
1344133
1344134
1344135
1344136
1344137
1344138
1344141
1344142
1344143
1344144
1344145
1344146
1344147
1344148
1344149
1344150
1344151
1344152
1344153
1344154
1344156
1344158
1344159
1344160
1344164
1344165
1344166
1344167
1344168
1344169
1344171
1344172
1344173
1344174
1344175
1344176
1344177
1344178
1344179
1344180
1344181
1344182
1344185
1344186
1344188
1344189
1344191
1344192
1344193
1344195
1344197
1344198
1344199
1344200
1344201
1344202
1344203
1344204
1344205
1344206
1344207
1344208
1344209
1344210
1344211
1344212
1344213
1344214
1344215
1344216
1344217
1344218
1344219
1344228
1344233
1344234
1344235
1344236
1344237
1344239
1344240
1344241
1344242
1344243
1344244
1344245
1344246
1344247
1344248
1344249
1344250
1344251
1344252
1344253
1344256
1344258
1344259
1344260
1344261
1344262
1344264
1344265
1344267
1344268
1344271
1344272
1344273
1344274
1344275
1344276
1344277
1344278
1344279
1344280
1344281
1344282
1344285
1344286
1344287
1344289
1344291
1344292
1344293
1344294
1344295
1344296
1344297
1344298
1344300
1344301
1344302
1344303
1344304
1344305
1344306
1344307
1344308
1344309
1344310
1344311
1344312
1344313
1344314
1344315
1344316
1344317
1344318
1344319
1344326
1344327
1344328
1344330
1344331
1344332
1344333
1344334
1344335
1344336
1344337
1344339
1344340
1344341
1344342
1344343
1344344
1344345
1344346
1344347
1344348
1344349
1344350
1344351
1344352
1344353
1344354
1344356
1344357
1344358
1344359
1344360
1344361
1344362
1344363
1344364
1344365
1344366
1344367
1344368
1344369
1344370
1344371
1344373
1344374
1344375
1344376
1344377
1344378
1344379
1344380
1344381
1344382
1344385
1344386
1344387
1344388
1344389
1344390
1344391
1344392
1344393
1344394
1344395
1344396
1344397
1344398
1344399
1344400
1344401
1344402
1344403
1344404
1344405
1344406
1344407
1344408
1344409
1344410
1344411
1344412
1344413
1344414
1344415
1344416
1344417
1344418
1344419
1344420
1344421
1344422
1344423
1344424
1344425
1344426
1344427
1344428
1344429
1344430
1344431
1344432
1344433
1344434
1344435
1344436
1344437
1344438
1344439
1344440
1344441
1344442
1344443
1344444
1344445
1344446
1344447
1344448
1344449
1344450
1344451
1344452
1344453
1344454
1344456
1344458
1344459
1344460
1344461
1344462
1344463
1344464
1344465
1344466
1344467
1344469
1344470
1344471
1344473
1344474
1344475
1344476
1344477
1344478
1344479
1344480
1344481
1344482
1344485
1344486
1344488
1344489
1344491
1344492
1344493
1344494
1344495
1344496
1344497
1344498
1344499
1344500
1344501
1344502
1344503
1344504
1344505
1344506
1344507
1344508
1344509
1344510
1344511
1344512
1344513
1344514
1344515
1344516
1344517
1344518
1344519
1344520
1344521
1344522
1344523
1344524
1344525
1344526
1344527
1344528
1344529
1344530
1344531
1344532
1344533
1344534
1344535
1344536
1344537
1344538
1344539
1344540
1344541
1344542
1344543
1344544
1344545
1344546
1344547
1344548
1344549
1344550
1344551
1344552
1344553
1344554
1344555
1344557
1344558
1344559
1344560
1344561
1344562
1344563
1344564
1344566
1344567
1344568
1344570
1344571
1344573
1344574
1344575
1344576
1344577
1344578
1344580
1344581
1344582
1344585
1344586
1344587
1344589
1344591
1344592
1344593
1344594
1344595
1344596
1344597
1344598
1344599
1344600
1344601
1344602
1344603
1344604
1344605
1344606
1344607
1344608
1344609
1344610
1344611
1344612
1344613
1344614
1344615
1344616
1344617
1344618
1344619
1344620
1344621
1344622
1344623
1344624
1344625
1344626
1344627
1344628
1344629
1344630
1344631
1344632
1344633
1344634
1344635
1344636
1344637
1344638
1344639
1344640
1344641
1344642
1344643
1344644
1344645
1344646
1344647
1344648
1344649
1344650
1344651
1344652
1344653
1344654
1344656
1344657
1344658
1344659
1344660
1344661
1344662
1344663
1344664
1344665
1344666
1344667
1344668
1344669
1344670
1344671
1344672
1345116
1345117
1345118
1345119
1345120
1345121
1346976
1346977
1346978
1347735
1347736
1347737
1347738
1347739
1347754
1347755
1347756
1347757
1347758
1730724
1734346
1734352
1734358
1735448
1736234
1736239
1736247
1736254
1736255
1736256
1736257
1736258
1736259
1736260
1736261
1736262
1736339
1736413
1736416
1736425
1736429
1737119
1737147
1737160
1737161
1737162
1737187
1737188
1737189
1738631
1738632
1738633
1738634
1738635
1738636
1738637
1738638
1738639
1738640
1738641
1738642
1738646
1738659
1738660
1739822
1739823
1739824
1311449
1311705
1311706
1313597
1313598
1314725
1316562
1317714
1317715
1317716
1317717
1319710
1319711
1319712
1319713
1870726
1872757
1872758
1872759
1872760
1872761
1872762
1872763
1872764
1872765
1872766
1877270
1877271
1877272
1877273
1877274
1660869
1667102
1667103
1667120
1667121
1667122
1667123
1667143
1667144
1380726
1387290
1387291
1387292
1387293
1387294
1388690
1388691
1388692
1388693
1388694
1530869
1532749
1532750
1532751
1532752
1532753
1532754
1532755
1533402
1533403
1533586
1533747
1533748
1533749
1534272
1534273
1534274
1534275
1800869
1804068
1806246
1806428
1807138
1807139
1807159
1808627
1808628
1890869
1897183
1897184
1897185
1897186
1897286
1897287
1897288
1897289
1897290
1897291
1898696
1898697
1898698
1898699
1360726
1361724
1362715
1364724
1365715
1367723
1367724
1367725
1367726
1367727
1713724
1715724
1716719
1716720
1716721
1716722
1716723
1716724
1716725
1717724
1718714
1719279
1719710
1719711
1719713
1330869
1331050
1331051
1331052
1331751
1331752
1332978
1332979
1333747
1333748
1333975
1333976
1333977
1336723
1337799
1338524
1338525
1339616
1780715
1786620
1786636
1787106
1787140
1787141
1787186
1789715
1850726
1852721
1852722
1857195
1857196
1857197
1857198
1857199
1857265
1857266
1857267
1857268
1857269
1560869
1561483
1561489
1562941
1562942
1562972
1562973
1562974
1562975
1562976
1562977
1562978
1562979
1567108
1567109
1567183
1567184
1567185
1567186
1569725
1990869
1997148
1997150
1997151
1997152
1997153
1997154
1997155
1997156
1998646
1998647
1998657
1998658
1998659
1390086
1390869
1397183
1397184
1397185
1397186
1397286
1397287
1397288
1397289
1397290
1397291
1398696
1398697
1398698
1398699
1399790
1399791
1399792
1399793
1399794
1550726
1554978
1554979
1557247
1557248
1557249
1557257
1557258
1557259
1557260
1557261
1557262
1557263
1557264
1557265
1557266
1557267
1557268
1557269
1558615
1558616
1558617
1558618
1558619
1860863
1860869
1867161
1867199
1867217
1867218
1867240
1867241
1867242
1867243
1867244
1867245
1867246
1867247
1867248
1867249
1867260
1867261
1867262
1867424
1869600
1869601
1869602
1300061
1303275
1303276
1303277
1304487
1304488
1304489
1304718
1308517
1308518
1309320
1309321
1309322
1309323
1309842
1309843
1452724
1452725
1454493
1457118
1458610
1458611
1458612
1458613
1358132
1358133
1358134
1358135
1359378
1359379
1359791
1359792
1359793
1359794
1359795
1359796
1359797
1359798
1359799
1770721
1770724
1772028
1776291
1776410
1777155
1777156
1777157
1778621
1778622
1778623
1778675
1778676
1590726
1590863
1590864
1590865
1590866
1590867
1590868
1590869
1592666
1592667
1592668
1592669
1597195
1597196
1597260
1597261
1597262
1597263
1597264
1597265
1597266
1597267
1597268
1830724
1837111
1837112
1837113
1837114
1837115
1837116
1837240
1837241
1837242
1837243
1837244
1837245
1837246
1837247
1837248
1500726
1507190
1507191
1507192
1507193
1507194
1507195
1507196
1507197
1507198
1507199
1507200
1507288
1507289
