1910850
1910851
1915121
1916510
1916511
1916514
1918500
1918501
1918540
1918541
1919255
1919980
1919981
1919982
1919983
1919984
1919985
1919986
1919987
1919988
1919989
1320851
1700820
1700821
1700822
1700840
1700841
1700850
1700851
1701848
1701849
1701850
1701851
1701852
1701853
1701854
1701855
1701856
1702850
1702851
1702852
1702853
1702854
1702855
1702856
1702857
1702858
1702859
1703563
1703564
1703565
1703566
1703567
1705034
1705207
1705397
1705545
1705581
1705633
1705790
1706488
1706489
1706490
1706491
1706492
1706493
1706494
1706495
1706496
1706497
1706498
1706499
1706500
1706501
1706502
1706503
1707850
1707851
1707852
1707853
1707854
1707855
1707856
1707857
1707858
1707859
1708850
1708851
1708852
1708853
1708854
1708855
1708856
1708857
1708858
1708859
1709900
1709901
1709902
1709903
1709904
1709905
1709906
1709907
1709908
1709909
1650159
1650385
1650643
1650667
1650669
1650802
1650804
1650851
1650855
1651082
1651712
1651851
1651854
1652596
1652780
1652781
1652782
1652783
1652785
1652786
1652787
1652805
1652806
1652808
1653409
1653912
1980850
1980851
1980858
1981529
1988500
1988501
1988502
1988503
1988504
1988560
1988561
1988562
1988563
1988564
1988565
1988566
1988567
1988568
1988569
1988670
1988671
1570850
1570851
1570860
1570861
1571850
1571851
1571860
1571861
1572210
1572211
1572212
1572213
1572214
1576100
1576101
1576102
1576103
1576104
1576105
1576106
1576160
1576161
1576162
1576163
1576164
1576165
1576166
1576167
1576168
1576169
1576170
1576171
1576172
1576173
1576174
1576175
1576176
1576177
1576178
1576179
1576180
1576181
1576182
1576183
1576184
1576185
1576186
1576187
1576188
1576189
1576190
1576191
1576192
1576193
1576194
1840850
1840851
1846750
1846751
1846752
1846753
1846754
1846755
1846756
1846757
1846758
1846759
1846760
1846761
1846762
1846763
1846764
1846765
1846766
1846767
1846768
1846769
1846770
1846771
1846772
1846773
1846774
1846775
1846776
1846777
1846778
1846779
1846780
1846781
1846782
1846783
1846784
1846785
1846786
1846787
1846788
1846789
1846790
1846791
1846792
1846793
1846794
1846795
1846796
1846797
1846798
1846799
1848400
1848401
1848402
1848403
1848404
1848405
1848406
1848407
1848408
1848409
1848410
1848411
1848412
1848413
1848414
1848490
1848491
1848492
1848493
1848494
1848495
1848496
1848497
1848498
1848499
1848500
1848501
1848502
1848503
1848504
1848505
1848506
1848507
1848508
1848509
1848510
1848511
1848512
1848513
1848514
1848680
1848681
1848682
1848683
1848684
1848685
1848686
1848687
1848688
1848689
1848690
1848691
1848692
1848693
1848694
1848695
1848696
1848697
1848698
1848699
1849120
1849121
1849122
1849123
1849124
1849125
1849126
1849980
1849981
1849982
1849983
1849984
1849985
1849986
1849987
1849988
1849989
1810084
1810085
1810850
1810851
1811180
1811181
1811182
1811183
1811184
1811185
1811186
1811187
1811188
1811189
1811190
1811191
1811192
1811193
1811194
1811195
1811196
1811197
1811198
1811199
1814350
1814351
1814355
1815310
1815311
1816480
1816481
1816482
1816483
1816484
1816485
1816486
1816487
1816488
1816489
1816670
1816671
1816672
1816673
1816674
1816675
1816676
1816677
1816678
1816679
1818410
1818411
1818500
1818501
1818502
1818503
1818504
1818507
1818508
1818509
1818510
1818511
1818512
1818513
1818514
1818515
1818516
1818517
1818518
1818519
1818555
1818556
1818800
1818801
1818810
1818811
1818850
1818851
1819810
1819811
1819812
1819813
1819814
1819815
1819816
1819820
1819821
1819822
1819823
1819824
1819825
1819826
1819827
1819828
1819829
1819850
1819851
1819852
1819853
1819854
1819855
1819856
1819857
1819858
1819859
1819860
1819861
1819862
1819863
1819864
1520850
1520851
1528500
1528501
1528502
1528503
1528504
1528505
1528506
1528507
1528508
1528509
1528510
1528511
1528512
1528513
1528514
1528515
1528516
1528517
1528518
1528519
1528550
1528551
1528552
1528553
1528554
1528555
1528556
1528557
1528558
1528559
1528560
1528561
1528562
1528563
1528564
1528590
1528591
1528592
1528593
1528594
1528595
1528596
1528597
1528598
1528599
1528600
1528601
1528602
1528603
1528604
1528605
1528606
1528607
1528608
1528609
1470850
1470851
1472750
1472751
1472752
1472753
1472754
1472755
1472756
1472757
1472758
1472759
1476575
1478500
1478501
1478502
1478503
1478504
1478505
1478506
1478507
1478508
1478509
1478510
1478511
1478540
1478541
1478542
1478543
1478544
1478545
1478546
1478547
1478548
1478549
1478550
1478551
1478552
1478553
1478554
1478555
1478556
1478557
1478558
1478559
1478560
1376500
1376501
1376502
1376503
1376504
1376505
1376506
1376507
1376508
1376509
1376510
1376511
1376512
1376513
1376514
1376515
1376516
1376517
1376518
1376519
1376580
1376581
1376582
1376583
1376584
1880850
1880851
1888490
1888491
1888492
1888493
1888494
1888495
1888496
1888497
1888498
1888499
1888500
1888501
1888502
1888503
1888504
1888505
1888506
1888507
1888508
1888509
1888510
1888511
1888512
1888513
1888514
1888515
1888516
1888517
1888518
1888519
1888600
1888601
1888602
1888603
1888604
1888605
1888606
1888607
1888608
1888609
1888610
1888611
1888612
1888613
1888614
1889230
1889231
1889232
1889233
1889234
1889235
1889236
1889237
1889238
1889239
1750850
1750851
1758420
1758421
1758430
1758431
1758440
1758441
1758470
1758471
1758472
1758473
1758474
1758477
1758481
1758500
1758504
1758510
1758511
1758515
1758517
1758521
1758524
1758531
1758537
1758538
1758540
1758542
1758544
1758546
1758547
1758550
1758551
1758553
1758556
1758557
1758558
1758570
1758571
1758572
1758573
1758574
1758575
1758576
1758577
1758578
1758579
1758580
1758581
1758590
1758591
1758593
1758595
1758596
1758598
1758599
1758600
1758601
1758610
1758611
1758620
1758621
1758630
1758631
1758674
1758675
1758676
1758690
1758691
1758750
1758751
1758752
1758753
1758754
1758755
1758756
1758757
1758850
1758851
1758860
1758861
1758862
1580850
1580851
1588500
1588501
1588502
1588503
1588504
1588505
1588506
1588507
1588508
1588509
1588510
1588550
1588551
1588552
1588553
1588554
1760850
1760851
1767891
1767892
1767893
1768400
1768401
1768402
1768404
1768411
1768412
1768420
1768421
1768422
1768423
1768424
1768425
1768426
1768427
1768428
1768429
1768500
1768501
1768502
1768503
1768504
1768505
1768506
1768507
1768508
1768509
1768510
1768511
1768530
1768531
1768534
1510850
1510851
1518070
1518071
1518072
1518073
1518074
1518080
1518081
1518082
1518083
1518084
1518085
1518086
1518087
1518088
1518089
1518500
1518501
1518502
1518503
1518504
1518505
1518506
1518507
1518508
1518509
1518510
1518511
1518512
1518513
1518514
1518515
1518516
1518517
1518518
1518519
1518695
1518696
1518697
1518698
1518699
1820850
1820851
1821200
1821201
1821202
1827500
1827501
1827502
1827503
1827504
1827505
1827506
1827507
1827508
1827509
1827510
1827511
1827512
1827513
1827514
1827515
1827516
1827517
1827518
1827519
1827520
1827521
1827522
1827523
1827524
1827525
1827526
1827527
1827528
1827529
1827530
1827531
1827532
1827533
1827534
1827535
1827536
1827537
1827538
1827539
1828500
1828501
1828502
1828503
1828504
1828505
1828506
1828507
1828508
1828509
1828510
1828511
1828512
1828513
1828514
1828515
1828516
1828517
1828518
1828519
1828600
1828601
1828602
1828603
1828604
1828605
1828606
1828607
1828608
1828609
1828610
1828611
1828612
1828613
1828614
1828615
1828616
1828617
1828618
1828619
1870850
1870851
1878500
1878501
1878502
1878503
1878504
1878505
1878506
1878507
1878508
1878509
1878510
1878511
1878512
1878513
1878514
1878515
1878516
1878517
1878518
1878519
1878600
1878601
1878602
1878603
1878604
1878605
1878606
1878607
1878608
1878609
1878610
1878611
1878612
1878613
1878614
1878660
1878661
1878662
1878663
1878664
1878665
1878666
1878667
1878668
1878669
1878670
1878671
1878672
1878673
1878674
1878675
1878676
1878677
1878678
1878679
1879800
1879801
1879802
1879803
1879804
1879805
1879806
1879807
1879808
1879809
1879860
1879861
1879862
1879863
1879864
1879870
1879871
1879872
1879873
1879874
1879875
1879876
1879877
1879878
1879879
1879880
1879881
1879882
1879883
1879884
1879885
1879886
1879887
1879888
1879889
1380085
1380940
1380941
1380942
1380943
1380944
1380945
1380946
1380947
1380948
1380949
1388500
1388501
1388502
1388503
1388504
1388505
1388506
1388507
1388508
1388509
1388510
1388511
1388512
1388513
1388514
1388515
1388516
1388517
1388518
1388519
1660850
1660851
1660852
1668380
1668381
1668390
1668391
1668470
1668471
1668480
1668481
1668490
1668491
1668500
1668501
1668510
1668511
1668520
1668521
1668530
1668531
1668532
1668533
1668540
1668541
1668550
1668551
1668552
1668553
1668554
1668555
1668556
1668557
1668558
1668559
1668780
1668781
1668782
1668783
1730850
1730851
1731190
1731197
1731198
1731199
1736500
1736501
1736502
1736503
1736504
1736505
1736506
1736507
1736508
1738410
1738411
1738413
1738420
1738421
1738422
1738423
1738424
1738500
1738501
1738502
1738503
1738510
1738511
1738515
1738516
1738517
1738518
1738519
1738520
1738521
1738522
1738523
1738524
1738530
1738531
1738533
1738534
1738536
1738546
1738547
1738548
1738549
1738551
1738554
1738556
1738557
1738559
1738561
1738563
1738567
1738569
1738577
1738579
1738581
1738583
1738585
1738587
1738591
1738593
1738594
1738595
1738597
1738599
1738850
1738851
1738852
1738853
1738854
1311630
1311631
1311632
1311649
1311850
1311851
1312360
1312361
1312460
1312461
1312467
1315800
1315801
1315802
1315803
1315804
1315805
1315806
1315807
1315808
1315809
1319510
1319511
1319520
1319521
1890850
1890851
1893200
1893201
1898400
1898401
1898402
1898403
1898404
1898405
1898406
1898407
1898408
1898409
1898410
1898411
1898412
1898413
1898414
1898415
1898416
1898417
1898418
1898419
1898430
1898431
1898432
1898433
1898434
1898435
1898436
1898437
1898438
1898439
1898455
1898456
1898457
1898458
1898459
1898480
1898481
1898482
1898483
1898484
1898485
1898486
1898487
1898488
1898489
1898500
1898501
1898502
1898503
1898504
1898505
1898510
1898511
1898512
1898513
1898514
1898515
1898516
1898517
1898518
1898519
1898540
1898541
1898550
1898551
1898552
1898553
1898554
1898555
1898556
1898557
1898558
1898559
1360850
1360851
1360852
1360853
1360854
1360855
1360856
1360857
1360858
1360859
1361850
1361851
1361857
1361858
1361859
1362850
1362851
1362856
1363850
1363851
1363900
1363901
1363902
1363903
1363904
1363905
1363906
1363907
1363908
1363909
1363910
1363911
1363912
1363913
1363914
1364850
1364851
1365850
1365851
1366850
1366851
1367850
1367851
1368850
1368851
1952753
1952758
1953614
1800850
1800851
1808360
1808361
1808362
1808425
1808426
1808435
1808436
1808500
1808501
1808502
1808503
1808507
1808508
1808509
1808510
1808511
1808512
1808513
1808514
1808515
1808516
1808517
1808518
1808519
1809600
1809601
1809602
1809603
1809604
1809605
1809606
1809607
1809608
1809609
1809610
1809611
1809612
1809613
1809614
1809615
1809616
1809617
1809618
1809619
1530850
1530851
1532900
1532901
1532910
1532920
1532930
1532931
1532940
1532941
1532950
1532960
1532970
1532980
1532990
1533132
1533850
1533851
1533860
1533950
1533951
1534851
1560850
1560851
1567091
1568510
1568511
1568512
1568513
1568514
1568515
1568516
1568517
1568518
1568519
1568530
1568531
1568541
1568550
1568551
1568560
1568590
1569271
1569274
1780850
1780851
1788090
1788091
1788092
1788093
1788094
1788095
1788096
1788097
1788098
1788099
1788500
1788501
1788502
1788503
1788504
1788505
1788506
1788507
1788508
1788509
1788530
1788531
1788532
1788533
1788540
1788541
1788542
1788543
1788544
1788545
1788546
1788547
1788548
1788549
1788550
1788551
1788552
1788553
1788554
1788555
1788556
1788557
1788558
1788559
1788560
1788561
1788562
1788563
1788564
1788565
1788566
1788567
1788568
1788569
1788570
1788571
1788572
1788573
1788574
1788575
1788576
1788577
1788578
1788579
1788580
1788581
1788582
1788583
1788584
1788585
1788586
1788587
1788588
1788589
1788590
1788591
1788592
1788593
1788594
1788595
1788596
1788597
1788598
1788599
1788602
1788603
1788604
1788607
1789850
1789851
1850850
1850851
1858440
1858441
1858500
1858501
1858502
1858503
1858504
1858505
1858506
1858507
1858508
1858509
1858519
1858540
1858541
1858542
1858543
1858562
1858580
1858581
1858582
1858583
1858584
1858585
1858586
1858587
1858588
1858680
1858681
1858682
1858683
1858684
1858685
1858686
1858687
1858688
1858689
1858690
1858691
1858692
1858693
1858694
1858695
1858696
1858697
1858698
1858699
1859380
1859381
1859382
1859384
1859385
1859386
1859387
1859388
1990850
1990851
1990852
1991700
1991701
1991704
1998440
1998441
1998450
1998451
1998500
1998501
1998510
1998511
1998514
1998521
1998526
1998530
1998531
1998540
1998541
1998550
1998551
1998554
1998555
1998560
1998561
1998564
1998566
1998570
1998571
1998575
1998580
1998581
1998585
1998590
1998591
1998595
1998596
1998599
1712080
1712081
1712082
1712083
1712084
1712085
1712086
1712087
1712088
1712089
1713840
1713841
1713842
1713843
1713844
1713845
1713846
1713847
1713848
1713849
1713850
1713851
1713854
1713855
1713858
1713859
1713920
1713921
1713922
1713923
1713924
1713925
1713926
1713927
1713928
1713929
1715850
1715851
1715854
1715855
1715858
1715859
1715920
1715921
1715922
1715923
1715924
1715925
1715926
1715927
1715928
1715929
1716850
1716851
1716854
1716855
1716858
1716859
1716920
1716921
1716922
1716923
1716924
1716925
1716926
1716927
1716928
1716929
1717851
1717854
1717924
1718850
1718851
1718852
1718853
1718854
1718855
1718856
1718857
1718858
1718859
1719850
1719851
1719852
1719853
1719854
1719855
1719856
1719857
1719858
1719859
1907880
1907881
1907882
1907883
1907884
1907885
1907886
1330850
1330851
1331040
1331220
1331221
1331222
1331223
1331224
1331225
1331226
1331227
1331228
1332960
1332961
1333960
1333961
1336850
1336851
1336860
1336861
1336869
1337850
1337851
1338510
1338511
1338514
1338550
1338551
1339850
1339851
1300780
1300781
1300782
1300783
1300784
1300785
1300786
1300788
1301078
1301743
1301745
1301746
1301747
1301748
1302780
1302781
1302782
1302783
1302784
1302785
1302786
1302788
1303780
1303781
1303782
1303783
1303784
1303785
1303786
1303787
1303788
1303789
1307850
1307851
1307852
1307853
1307854
1307855
1307856
1307857
1307858
1307859
1308780
1308781
1308782
1308783
1308784
1308785
1309850
1309851
1930850
1930851
1931664
1931665
1931666
1931667
1931668
1931669
1931670
1931671
1931672
1931673
1931674
1931675
1933850
1933851
1938000
1938001
1938010
1938011
1938550
1938551
1939110
1939111
1727866
1390008
1390850
1390851
1398400
1398401
1398402
1398403
1398404
1398405
1398406
1398407
1398408
1398409
1398410
1398411
1398412
1398413
1398414
1398415
1398416
1398417
1398418
1398419
1398430
1398431
1398432
1398433
1398434
1398435
1398436
1398437
1398438
1398439
1398440
1398441
1398480
1398481
1398482
1398483
1398484
1398485
1398486
1398487
1398488
1398489
1398500
1398501
1398502
1398503
1398504
1398505
1398510
1398511
1398512
1398513
1398514
1398515
1398516
1398517
1398518
1398519
1398540
1398541
1398542
1398543
1398544
1398545
1398546
1398547
1398548
1398549
1398550
1398551
1398552
1398553
1398554
1398555
1398556
1398557
1398558
1398559
1671851
1671852
1671853
1671854
1671855
1671856
1671857
1671858
1671859
1860850
1860851
1868410
1868411
1868415
1868416
1868417
1868418
1868500
1868501
1868502
1868503
1868504
1868505
1868510
1868511
1868512
1868513
1868514
1868515
1868516
1868517
1868518
1868519
1868541
1868544
1869072
1869073
1869074
1869075
1550850
1550851
1551900
1551901
1551902
1551903
1551904
1551905
1551906
1551907
1551908
1551909
1551910
1551911
1551912
1551913
1551914
1551915
1551916
1551917
1551918
1551919
1551954
1551955
1551956
1551957
1551958
1551959
1558510
1558511
1558512
1558513
1558514
1558515
1558516
1558517
1558524
1558527
1558528
1558529
1558553
1559770
1559771
1559772
1559910
1559911
1559912
1559913
1559914
1559915
1559916
1559917
1559918
1500851
1508590
1508591
1508592
1508593
1508594
1508595
1508596
1508597
1508598
1508599
1508600
1508601
1508602
1508603
1508604
1830080
1830081
1830082
1830083
1830084
1830085
1830086
1830087
1830088
1830089
1830250
1830251
1830252
1830253
1830254
1830255
1830256
1830257
1830258
1830259
1830260
1830261
1830262
1830263
1830264
1830265
1830266
1830267
1830268
1830269
1830850
1830851
1830860
1830861
1351190
1351191
1351192
1351193
1351194
1351195
1351196
1351197
1351198
1351199
1351850
1351851
1359500
1359501
1359502
1359503
1359504
1359505
1359506
1359507
1359508
1359509
1359510
1359511
1359512
1359513
1359514
1359515
1359516
1359517
1359518
1359519
1452561
1452564
1453560
1453561
1453562
1453564
1453565
1453566
1453567
1453568
1454380
1454381
1454390
1454391
1459390
1459391
1459392
1459393
1459394
1459395
1459396
1459397
1459398
1459399
1590250
1590251
1590260
1590261
1590268
1590269
1590850
1590851
1598500
1598501
1598510
1598511
1598512
1598513
1598514
1598515
1598516
1598517
1598518
1598519
1770850
1770851
1771668
1771669
1771800
1771801
1778410
1778411
1778412
1778413
1778414
1778415
1778416
1778417
1778418
1778419
1778480
1778481
1778490
1778491
1778495
1778496
1778498
1778499
1778500
1778501
1778510
1778511
1778512
1778513
1778514
1778515
1778516
1778530
1778531
1778534
1778535
1778536
1778537
1778538
1778539
1778540
1778541
1778544
1778545
1778546
1778555
1778559
1778560
1778561
1778564
1778566
1778569
1778573
1778580
1778581
1778584
1778588
1778589
1778592
1778593
1778594
1778595
1778596
1778599
