1930853
1931662
1931663
1933853
1938003
1938013
1938014
1938553
1939113
1300789
1301708
1301709
1301744
1302789
1303558
1304950
1304951
1308690
1309853
1550853
1551930
1558533
1558536
1559780
1559919
1559930
1559931
1860853
1868419
1868530
1868535
1868536
1868537
1868538
1868539
1868543
1869077
1671850
1390853
1398443
1398530
1398531
1398532
1398570
1398571
1398572
1398573
1398574
1830853
1830863
1833400
1833401
1833402
1833403
1833404
1833405
1833406
1833407
1833408
1833409
1833410
1833411
1833412
1833413
1833414
1838538
1838539
1838540
1838541
1838542
1838543
1838544
1838545
1500853
1770853
1771803
1778483
1778503
1778533
1778543
1590253
1590254
1590263
1590264
1590853
1598530
1598531
1452563
1454383
1454393
1459355
1459356
1459357
1459358
1459359
1350853
1351853
1359530
1359531
1359532
1359533
1359534
1359535
1359536
1359537
1359538
1359539
1361853
1363853
1364853
1365853
1366853
1367853
1368853
1369850
1369851
1369852
1890853
1893442
1893443
1898452
1898453
1898454
1898530
1898531
1898532
1898543
1898570
1898571
1898572
1898573
1898574
1530853
1532903
1532913
1532923
1532933
1532943
1532953
1532963
1532973
1532983
1533853
1533863
1533953
1534853
1800853
1808314
1808315
1808316
1808330
1808331
1808332
1808333
1808334
1808335
1808336
1808337
1808338
1808339
1808430
1808431
1808530
1808531
1808532
1808533
1808534
1808535
1808536
1808537
1808538
1808539
1990853
1998443
1998503
1998513
1998533
1998563
1850853
1858539
1858579
1858589
1858643
1858668
1858669
1859383
1780853
1784400
1784401
1784858
1784859
1788519
1788520
1788521
1788522
1788608
1788609
1788610
1788611
1789853
1560853
1568535
1568536
1568537
1568538
1568539
1568543
1569273
1330853
1331043
1331073
1331240
1331241
1332963
1333963
1336853
1336863
1337853
1338513
1338553
1339853
1713853
1715853
1716853
1717850
1717853
1717855
1717858
1760853
1768403
1768413
1768513
1768523
1768537
1580853
1587015
1587016
1587017
1588570
1588571
1588572
1588573
1588574
1588575
1588576
1820853
1822460
1822461
1822462
1822463
1822464
1822465
1822466
1822467
1822468
1822469
1822470
1822471
1822472
1822473
1822474
1822475
1822476
1822477
1822478
1822479
1828530
1828531
1828532
1828533
1828534
1828535
1828536
1828537
1828538
1828539
1828630
1828631
1828632
1828633
1828634
1828635
1828636
1828637
1828638
1828639
1510853
1511775
1511776
1511777
1511778
1511779
1512130
1512131
1512132
1512133
1512134
1518535
1518536
1518537
1518538
1518539
1518540
1518541
1518542
1518543
1518544
1660853
1668383
1668393
1668473
1668483
1668493
1668503
1668513
1668523
1668543
1668565
1668566
1668567
1668568
1668569
1668786
1668787
1388530
1388531
1388532
1388533
1388534
1388535
1388536
1388537
1388538
1388539
1870853
1872270
1872271
1872272
1872273
1872274
1872275
1872276
1872277
1872278
1872279
1874470
1874471
1874472
1874473
1874474
1878530
1878531
1878532
1878533
1878534
1878535
1878536
1878537
1878538
1878539
1878865
1878866
1878867
1311640
1311641
1311853
1312363
1312463
1315813
1315823
1315831
1315833
1319513
1319523
1730853
1700853
1701857
1701858
1701859
1320850
1320853
1323850
1323851
1910853
1918503
1918543
1840853
1848415
1848416
1848417
1848418
1848419
1848530
1848531
1848532
1848533
1848534
1848610
1848611
1848612
1848613
1848614
1848615
1848616
1848617
1848618
1848619
1570853
1570863
1571853
1571863
1572219
1576116
1576117
1576118
1577230
1577231
1577232
1577233
1577234
1577235
1577236
1577237
1577238
1577239
1980853
1981537
1988510
1988511
1988512
1988513
1988514
1988575
1988576
1988577
1988578
1988579
1988673
1650805
1652793
1520853
1810853
1815313
1818413
1818530
1818531
1818532
1818533
1818534
1818538
1818539
1818803
1818813
1818853
1750853
1758423
1758433
1758443
1758480
1758482
1758483
1758501
1758503
1758513
1758523
1758543
1758552
1758603
1758613
1758623
1758633
1758673
1758693
1758770
1758853
1758867
1758868
1758869
1880853
1888530
1888531
1888532
1888533
1888534
1888535
1888536
1888537
1888538
1888539
1888615
1888616
1888617
1888618
1888619
1889250
1889251
1889252
1889253
1889254
1370853
1372153
1372154
1372155
1376530
1376531
1376532
1376533
1376534
1376535
1376536
1376537
1376538
1376539
1470853
1470867
1470868
1470869
1478513
1478580
1478581
1478582
1478583
1478584
