1310458
1311458
1311558
1312458
1313458
1313671
1314458
1314958
1315458
1319458
1319925
1319926
1319927
1730458
1734561
1660458
1664538
1664580
1664581
1664582
1664583
1380485
1384580
1384581
1384582
1384583
1384584
1384585
1384586
1384587
1384588
1384589
1384660
1384661
1384662
1384663
1384664
1384665
1384666
1384667
1384668
1384669
1389593
1870458
1871458
1871476
1871477
1871478
1872458
1874580
1874581
1874588
1874589
1820458
1824980
1824981
1824987
1824988
1824989
1513466
1513467
1514580
1514581
1514582
1514583
1760458
1761458
1764558
1764559
1764580
1764581
1580458
1750458
1880458
1881455
1881458
1881478
1884551
1884552
1884553
1884554
1884580
1884581
1884582
1884583
1884584
1884585
1884586
1884623
1884650
1884651
1884652
1884653
1884654
1884655
1884656
1884657
1884658
1884659
1470458
1478458
1479458
1370458
1370485
1374580
1374581
1374582
1374585
1374587
1374588
1374589
1374660
1374665
1374666
1374667
1374668
1374669
1374670
1374671
1374672
1374673
1374674
1374675
1374676
1374677
1374678
1374679
1376672
1376673
1376674
1376675
1379648
1379649
1379650
1379651
1379652
1520458
1521458
1524586
1524587
1524588
1524589
1524691
1524692
1524693
1524694
1810458
1814542
1818288
1840458
1844580
1844581
1844582
1844583
1844584
1570455
1570458
1571465
1573455
1573458
1575455
1575458
1576455
1576458
1576599
1577455
1577458
1577600
1577606
1980458
1981559
1984500
1984580
1984581
1984628
1988981
1650193
1650302
1650458
1651061
1651271
1651341
1651458
1651703
1651981
1652107
1652458
1653458
1655458
1656840
1657458
1320458
1320671
1321288
1321458
1323458
1325158
1328458
1910458
1770458
1774522
1775889
1590458
1594580
1350457
1450645
1450646
1450647
1450648
1450649
1452458
1830458
1832455
1832458
1832462
1832465
1832466
1832468
1832469
1834586
1834587
1834588
1834589
1834641
1834642
1834643
1834698
1509456
1509457
1509458
1509459
1622754
1550458
1554508
1556191
1558191
1860458
1864580
1864581
1864582
1864583
1864584
1864585
1864586
1864587
1864588
1864589
1671458
1672111
1672120
1672458
1673458
1674401
1674402
1674458
1674493
1674498
1390458
1394587
1394588
1394589
1303966
1303967
1303968
1303969
1304525
1308959
1308960
1308961
1308962
1309148
1309160
1309161
1330458
1331458
1332938
1332948
1333938
1333948
1334938
1335108
1335138
1335148
1335258
1335458
1335966
1335967
1338458
1339458
1990458
1994593
1850458
1854526
1854548
1780458
1784508
1784526
1784556
1784558
1784581
1788426
1560458
1563640
1563641
1563642
1564587
1564588
1564589
1569458
1530458
1532650
1800458
1804580
1804588
1361458
1362458
1363458
1363485
1364467
1366458
1367458
1368458
1369458
1890458
1894545
1894546
1894587
1894588
1894589
