1623615
1623616
1623617
1830534
1830544
1831580
1831581
1831582
1831583
1831584
1831585
1831586
1831587
1831588
1831589
1831590
1831591
1831592
1831593
1831594
1831595
1831596
1831597
1831598
1831599
1835340
1835341
1835342
1835343
1835344
1835345
1835346
1835347
1835348
1835349
1500534
1505340
1505341
1505342
1505343
1505344
1505345
1505346
1505347
1505348
1505349
1506534
1506544
1506650
1506651
1506652
1506653
1506654
1506655
1506656
1506657
1506658
1506659
1506660
1506661
1506662
1506663
1506920
1506921
1506922
1506923
1506924
1506925
1506926
1506927
1506928
1506929
1509250
1509251
1509252
1509253
1509254
1509255
1509256
1509257
1509258
1452512
1452534
1453504
1453526
1454345
1454374
1454784
1457003
1457004
1457363
1457364
1457766
1458580
1458581
1458582
1458583
1458584
1458585
1458586
1459710
1459711
1350534
1350544
1351534
1351544
1351630
1356248
1356249
1357340
1357341
1357342
1357343
1357344
1357345
1357346
1357347
1357348
1357349
1358340
1358341
1358342
1358343
1358344
1358345
1358346
1358347
1358348
1358349
1358990
1358991
1358992
1358993
1358994
1770534
1770544
1770637
1775340
1775341
1775342
1775343
1775344
1775345
1775346
1775347
1775348
1775349
1776317
1590534
1590544
1591007
1594991
1594992
1595340
1595341
1595342
1595343
1595344
1595375
1595376
1595377
1595378
1595379
1595477
1596336
1596337
1596338
1596339
1596349
1596405
1596415
1596416
1596417
1596418
1596419
1596470
1596471
1596520
1596521
1596522
1596534
1596590
1596591
1596592
1596593
1596594
1596595
1596596
1596597
1596598
1596599
1596963
1596964
1596974
1596975
1596976
1596977
1599875
1599876
1599877
1599878
1599879
1300176
1301175
1301176
1301276
1302056
1302061
1302176
1304746
1305340
1305341
1305342
1305343
1305344
1305345
1305346
1305347
1305348
1305349
1308276
1671534
1672534
1672544
1672545
1672547
1673534
1673869
1673870
1673871
1673874
1390534
1390544
1395340
1395341
1395342
1395343
1395344
1395345
1395346
1395347
1395348
1395349
1396920
1396921
1396922
1396923
1396924
1396925
1396926
1396927
1396928
1396929
1550534
1550544
1555260
1555261
1555262
1555263
1555264
1555340
1555341
1556440
1556441
1556442
1556443
1558912
1558913
1558914
1558915
1558916
1558917
1558918
1558919
1860534
1860640
1861360
1861361
1861534
1865340
1865341
1865342
1865343
1865344
1865345
1865346
1865347
1865348
1865349
1865351
1865475
1865476
1867835
1867836
1867838
1780534
1780544
1785214
1785228
1785234
1785251
1785267
1785299
1785340
1785341
1785342
1785343
1785344
1785345
1785346
1785347
1785348
1785349
1786104
1786105
1786185
1786186
1786187
1786188
1786260
1786261
1786262
1786263
1786264
1786265
1786266
1786267
1786268
1786269
1786490
1786491
1786492
1786493
1786494
1786495
1786496
1786497
1786498
1786499
1786522
1786523
1786524
1786525
1786526
1786527
1786528
1786529
1786534
1786544
1786690
1786691
1786692
1786714
1788834
1789534
1789544
1850534
1850544
1850640
1855340
1855341
1855342
1855343
1855344
1855345
1855346
1855347
1855348
1855349
1855448
1856113
1856114
1856115
1856116
1856117
1856118
1856119
1856212
1856213
1856214
1856215
1856463
1856467
1856468
1859625
1859626
1859627
1560534
1560544
1560638
1561518
1561534
1561544
1562120
1562123
1562130
1562425
1562426
1562427
1562428
1562431
1562432
1562433
1562434
1562442
1562443
1562444
1562862
1562863
1562866
1565340
1566441
1566600
1566614
1566686
1566698
1568478
1568479
1568880
1568950
1568951
1568952
1568953
1568954
1568955
1569230
1569822
1569824
1990534
1990544
1990637
1991250
1995340
1995341
1995342
1995343
1995344
1995345
1995346
1995347
1995348
1995349
1330534
1330544
1331060
1332626
1332627
1333626
1333627
1334462
1334626
1334627
1335442
1335443
1335534
1335544
1335626
1335627
1335684
1336534
1336544
1337534
1337544
1337550
1337551
1338534
1338544
1339534
1339544
1339626
1339627
1890534
1890544
1895342
1895343
1895344
1895345
1895346
1895347
1895348
1895349
1895450
1896300
1896301
1952961
1952962
1360534
1361534
1362534
1362637
1363945
1363946
1363947
1363948
1363949
1364534
1365534
1366534
1366862
1367534
1367862
1368534
1369534
1369769
1530534
1530544
1531534
1531544
1531580
1531581
1531582
1531583
1531584
1531585
1531586
1531587
1531588
1531589
1533534
1533544
1533998
1534534
1534545
1800534
1800544
1805340
1805341
1805342
1805343
1805344
1805345
1805346
1805347
1805348
1805349
1870534
1870639
1875340
1875341
1875342
1875343
1875344
1875345
1875346
1875347
1875348
1875349
1876391
1876392
1876393
1876394
1876395
1876534
1876544
1876550
1876551
1876552
1876553
1876554
1876555
1876556
1876557
1876558
1876559
1876600
1876601
1876602
1876603
1876604
1876605
1876606
1876607
1876608
1876609
1876945
1876946
1876947
1876948
1876949
1660534
1660544
1665210
1665211
1665212
1665213
1665214
1665215
1665340
1665341
1665342
1665343
1665344
1665345
1665346
1665347
1665348
1665349
1665400
1665401
1665402
1665403
1665404
1668808
1668809
1380534
1385340
1385341
1385342
1385343
1385344
1385345
1385346
1385347
1385348
1385349
1386920
1386921
1386922
1386923
1386924
1386925
1386926
1386927
1386928
1386929
1388468
1388469
1730534
1730544
1730637
1735386
1735469
1310534
1310544
1314534
1315345
1315346
1315347
1315348
1315349
1316523
1316524
1316534
1317333
1317334
1317343
1317614
1317626
1317627
1317684
1318135
1318136
1318137
1318138
1318139
1318410
1318411
1318412
1760534
1760544
1761534
1761578
1761579
1761590
1761591
1761592
1761593
1761594
1761595
1761596
1761597
1761598
1761599
1765341
1765342
1765343
1765344
1765345
1766080
1766081
1766240
1766241
1766242
1766243
1766244
1766245
1766246
1766247
1766306
1766307
1766308
1766730
1766731
1766732
1766733
1766734
1766735
1766736
1766737
1766738
1766739
1768620
1768621
1768622
1580534
1580544
1580681
1580682
1580683
1580684
1580685
1580686
1580687
1580688
1582006
1585340
1585341
1585342
1585343
1585344
1585345
1585346
1585347
1585348
1585349
1586312
1586331
1586332
1586376
1586389
1586415
1586416
1586417
1586418
1586419
1586534
1586590
1586591
1586592
1586593
1586594
1586595
1340229
1340534
1340544
1340677
1340678
1340679
1340685
1340686
1340687
1340688
1340689
1344056
1344856
1344956
1345518
1345519
1345539
1345540
1346515
1346516
1346517
1346518
1346519
1346534
1347515
1347516
1347517
1347518
1347519
1347534
1820534
1820630
1825340
1825341
1825342
1825343
1825344
1825345
1825346
1825347
1825348
1825349
1826300
1826301
1826302
1826303
1826304
1826305
1826306
1826307
1826308
1826309
1826534
1826544
1826610
1826611
1826612
1826613
1826614
1826615
1826616
1826617
1826618
1826619
1826644
1826669
1510534
1515340
1515341
1515342
1515343
1515344
1515345
1515346
1515347
1515348
1515349
1516534
1516590
1516591
1516592
1516593
1516594
1516595
1516596
1516597
1516598
1516599
1516610
1516690
1516691
1516692
1516693
1516694
1516695
1516696
1516697
1516698
1516699
1516971
1516972
1519434
1520534
1520690
1520691
1520692
1520693
1520694
1520695
1520696
1520697
1521534
1521544
1524419
1525340
1525341
1525342
1525343
1525344
1525345
1525346
1525347
1525348
1525349
1526534
1526690
1526691
1526692
1526693
1526694
1526695
1526696
1526697
1526942
1526943
1526944
1526945
1526946
1526947
1526948
1526949
1527534
1527570
1527571
1528889
1810534
1810544
1815340
1815341
1815342
1815344
1815347
1815348
1815349
1816202
1816206
1370534
1370639
1372391
1372392
1373434
1377495
1379130
1379131
1379132
1379133
1379134
1379135
1379136
1379137
1379138
1379139
1379220
1379221
1379222
1379223
1379224
1379345
1379346
1379347
1379348
1379349
1470534
1475340
1475341
1475342
1475343
1475344
1475345
1475346
1476880
1476881
1476882
1476883
1476884
1476980
1476981
1476982
1476983
1476984
1476985
1476986
1476987
1476988
1476989
1880534
1880544
1881534
1885340
1885341
1885342
1885343
1885344
1885345
1885346
1885347
1885348
1885349
1886570
1886571
1886572
1886573
1886574
1886575
1886576
1886577
1886578
1886579
1886580
1886581
1886582
1886583
1886584
1886585
1886586
1886587
1886588
1886589
1886600
1886601
1886602
1886603
1886604
1886605
1886606
1886607
1886608
1886609
1888820
1888821
1888822
1888823
1888824
1750534
1750544
1751500
1751501
1751502
1751503
1751504
1751505
1751506
1751507
1751508
1751509
1751510
1751511
1751512
1751513
1751514
1751515
1751516
1751517
1751518
1751519
1751534
1751558
1751559
1751560
1751561
1751562
1751563
1751564
1752860
1752861
1752862
1752863
1752864
1752865
1752866
1752867
1752868
1752869
1754578
1754579
1755340
1755341
1755342
1755343
1755344
1755345
1755346
1755347
1755348
1755349
1755534
1755544
1756025
1756147
1756148
1756149
1756240
1756241
1756242
1756243
1756244
1756720
1756721
1756722
1756723
1756724
1756725
1756726
1756727
1756728
1756729
1758805
1758806
1758807
1758808
1758809
1759459
1320534
1321044
1321097
1321098
1321099
1322097
1322098
1322099
1322534
1322544
1323534
1325534
1325544
1325622
1325623
1325624
1325625
1325626
1325627
1327534
1327544
1328534
1328544
1329023
1329028
1329534
1910534
1910544
1910637
1915340
1915341
1915345
1915346
1915347
1650205
1650306
1650534
1650544
1650721
1651050
1651208
1651249
1651281
1651585
1651639
1651952
1651964
1652143
1652271
1652369
1652534
1652566
1652574
1652621
1652834
1653079
1653131
1653159
1653191
1653564
1653575
1653734
1653784
1653826
1653829
1653834
1653864
1655016
1655034
1655047
1655282
1655340
1655341
1655342
1655343
1655344
1655345
1655346
1655347
1655348
1655349
1655534
1655813
1656001
1656006
1656007
1656036
1656803
1657144
1657486
1657534
1980534
1980544
1980610
1980611
1980612
1981180
1981181
1981182
1981183
1981253
1981491
1981931
1981932
1981933
1981934
1981935
1985340
1985341
1985342
1985343
1985344
1985345
1985346
1985347
1985348
1985349
1986200
1986201
1986202
1986203
1986204
1986205
1986206
1986207
1986208
1986209
1986243
1840534
1840544
1845340
1845341
1845342
1845343
1845344
1845345
1845346
1845347
1845348
1845349
1846380
1846381
1846382
1846383
1846384
1846410
1846411
1846412
1846413
1846414
1846415
1846416
1846417
1846418
1846419
1570534
1571534
1571544
1572509
1572534
1572544
1572608
1572609
1572619
1575340
1575341
1575342
1575343
1575344
1575345
1575346
1575347
1575348
1575349
