1330348
1330359
1331348
1331359
1332748
1332759
1333348
1333359
1335348
1335359
1336348
1336359
1338348
1338359
1339348
1339359
1990348
1990359
1993562
1993563
1993582
1993583
1993590
1993591
1993592
1993593
1993594
1993595
1993596
1993597
1993598
1993599
1560348
1560359
1563590
1563591
1563592
1563593
1563594
1563595
1563596
1563597
1563598
1563599
1569844
1569847
1569853
1569869
1850359
1853430
1853431
1853432
1853433
1853449
1853590
1853591
1853592
1853593
1853594
1853595
1853596
1853597
1853598
1853599
1780359
1783534
1783535
1783536
1783537
1783538
1783539
1783559
1783569
1783572
1783573
1783574
1783575
1783576
1783597
1783598
1783599
1783616
1783617
1783637
1783638
1783639
1783640
1783657
1783658
1783659
1783687
1783688
1783689
1789789
1800348
1800359
1803590
1803591
1803592
1803593
1803594
1803595
1803596
1803597
1803598
1803599
1530359
1533304
1533306
1533309
1533359
1533369
1534096
1534097
1534098
1534099
1534359
1536484
1536489
1536490
1536498
1536499
1538359
1538369
1538672
1538679
1538689
1538859
1539259
1360359
1361063
1361069
1361343
1361359
1362069
1362344
1362359
1363359
1364344
1364359
1364365
1365344
1365359
1365363
1365367
1366359
1890348
1890359
1893506
1893507
1893508
1893509
1590348
1590359
1593409
1593444
1593445
1593446
1593447
1593448
1593556
1593557
1593558
1593559
1593590
1593591
1593592
1593593
1593594
1593595
1593596
1593597
1593598
1593599
1770348
1770359
1773493
1773495
1773529
1773562
1773579
1773586
1773590
1773592
1773593
1773594
1773595
1773596
1773597
1773598
1773599
1350359
1350979
1351359
1354612
1354619
1354648
1354649
1354658
1354659
1359355
1359356
1359357
1359358
1359359
1450190
1450191
1450192
1450193
1450194
1452279
1452280
1452299
1454189
1454199
1500348
1500359
1503453
1503454
1503455
1503456
1503457
1503458
1503459
1503502
1503503
1503504
1503505
1503506
1503507
1503508
1503509
1503540
1503541
1503542
1503543
1503544
1503545
1503546
1503547
1503548
1503549
1503590
1503591
1503592
1503593
1503594
1503595
1503596
1503597
1503598
1503599
1830359
1833590
1833591
1833592
1833593
1833594
1833595
1833596
1833597
1833598
1833599
1623564
1623590
1623591
1623592
1860359
1861359
1863428
1863429
1863449
1863454
1863459
1863469
1863480
1863481
1863482
1863483
1863549
1863590
1863591
1863592
1863593
1863594
1863595
1863596
1863597
1863598
1863630
1863631
1863632
1863633
1863634
1863635
1863636
1863637
1863638
1863639
1864939
1864959
1550340
1550341
1550342
1550343
1550359
1551348
1551349
1551359
1551397
1552570
1552571
1552572
1552573
1552574
1552585
1552586
1552587
1552588
1552589
1553480
1553481
1553482
1553483
1553484
1553485
1553486
1553487
1553488
1553489
1553590
1553591
1553592
1553593
1553594
1553595
1553596
1553597
1553598
1553599
1553625
1553626
1553627
1553628
1553629
1558290
1558291
1558292
1558293
1558294
1558295
1558296
1558297
1558298
1558299
1390348
1390359
1393409
1393410
1393437
1393438
1393439
1393486
1393487
1393488
1393489
1393590
1393591
1393592
1393593
1393594
1393595
1393596
1393597
1393598
1393599
1399485
1399486
1399487
1399488
1399489
1399495
1399496
1399497
1399498
1399499
1671359
1672359
1673359
1674359
1300800
1300801
1301531
1301541
1302800
1302801
1303341
1303344
1303801
1303804
1304440
1306801
1308034
1309651
1309661
1309751
1309761
1309901
1750340
1750359
1751830
1751831
1751832
1751833
1751834
1751835
1751836
1751837
1751838
1751839
1753590
1753591
1753592
1753593
1753594
1753595
1753596
1753597
1753598
1753599
1753600
1753601
1753602
1753613
1753614
1753615
1753616
1753617
1753618
1753634
1753635
1753636
1753637
1753638
1753639
1753640
1753641
1753642
1753643
1753644
1753645
1753646
1753647
1753648
1753649
1753650
1753651
1753652
1753653
1753654
1753655
1753656
1753657
1753658
1753659
1753660
1753661
1753662
1753663
1753664
1753665
1753666
1753667
1753668
1753669
1880359
1883445
1883446
1883447
1883448
1883449
1883590
1883591
1883592
1883593
1883594
1883595
1883596
1883597
1883598
1883599
1470359
1471795
1471796
1473501
1473590
1473591
1473592
1473593
1473594
1473595
1473596
1473597
1473598
1473599
1479745
1479746
1479747
1479748
1479749
1370059
1370359
1372098
1372099
1373427
1373428
1373429
1375390
1375391
1375392
1375393
1375394
1375395
1375396
1375397
1375398
1375399
1810344
1810348
1810359
1813492
1813497
1813522
1813534
1813545
1813590
1813591
1813592
1813593
1813594
1813595
1813596
1813597
1813598
1813599
1520348
1520359
1523436
1523437
1523473
1523474
1523475
1523565
1523566
1523567
1523568
1523569
1523590
1523591
1523592
1523593
1523594
1523595
1523596
1523597
1523598
1523599
1529670
1529671
1529672
1529673
1529674
1529675
1529676
1529677
1529678
1529679
1570359
1571359
1572169
1573532
1573533
1573534
1573535
1573536
1573537
1573538
1573539
1573590
1573591
1573592
1573593
1573594
1573595
1573596
1573597
1573598
1573599
1840359
1840645
1840646
1840647
1840648
1840649
1843427
1843428
1843429
1843486
1843487
1843488
1843489
1843490
1843491
1843492
1843493
1843590
1843591
1843592
1843593
1843594
1843595
1843596
1843597
1843598
1843599
1980340
1980348
1980359
1981540
1983432
1983433
1983434
1983435
1983462
1983476
1983477
1983478
1983479
1983484
1983485
1983499
1983502
1983503
1983519
1988859
1650359
1650780
1651359
1652045
1652392
1652821
1652826
1653359
1653489
1655967
1655969
1656359
1657243
1657732
1701838
1701839
1910348
1910359
1913581
1913582
1913583
1913590
1913591
1913592
1913593
1913594
1913595
1320348
1320359
1320989
1322359
1322369
1323320
1323321
1323322
1323323
1323324
1323325
1323326
1323348
1323359
1328359
1329359
1329379
1329386
1329397
1329399
1329459
1329467
1310009
1310019
1310348
1310359
1311119
1311124
1311129
1313309
1313314
1313319
1313329
1313339
1313341
1313469
1315274
1315279
1315289
1315299
1319119
1319124
1319129
1730346
1730347
1730359
1733517
1733519
1733589
1380347
1383409
1383410
1383437
1383438
1383439
1383446
1383447
1383448
1383470
1383471
1383472
1383473
1383494
1383495
1383496
1383586
1383587
1383588
1383589
1383590
1383591
1383592
1383593
1383594
1383595
1383596
1383597
1383598
1383599
1660359
1663403
1663404
1663405
1663406
1663407
1663408
1663409
1663430
1663431
1663432
1663433
1663434
1663435
1663436
1663437
1663438
1663439
1663509
1663590
1663591
1663592
1663593
1663594
1663595
1663596
1663597
1663598
1663599
1663619
1663650
1663651
1663652
1663653
1663654
1663655
1663656
1663657
1663658
1663659
1663690
1663691
1663692
1663693
1663694
1663695
1663696
1663697
1663698
1663699
1664936
1664937
1664938
1664939
1665640
1665641
1665642
1665643
1665644
1665645
1665646
1665647
1665648
1665649
1665690
1665691
1665692
1665693
1665694
1665695
1665696
1665697
1665698
1665699
1870359
1873565
1873566
1873567
1873568
1873569
1873590
1873591
1873592
1873593
1873596
1873597
1873598
1873599
1510348
1510359
1511043
1511044
1511045
1511046
1511047
1511048
1511049
1513504
1513505
1513506
1513590
1513591
1513592
1513593
1513594
1513595
1513596
1513597
1513598
1513599
1820359
1823590
1823591
1823592
1823593
1823594
1823595
1823596
1823597
1823598
1823599
1829570
1829571
1829572
1829573
1829574
1829575
1829576
1829577
1829578
1829579
1829590
1829591
1829592
1829593
1829594
1829595
1829596
1829597
1829598
1829599
1340348
1340359
1345336
1345337
1345338
1345339
1345390
1345391
1345392
1345393
1345394
1345395
1345396
1345397
1345398
1345399
1346690
1346691
1346692
1346693
1346694
1346695
1346696
1346697
1346698
1346699
1346720
1346721
1346722
1346723
1346724
1346725
1346726
1346727
1346728
1346729
1580348
1580359
1583525
1583526
1583527
1583528
1583529
1583539
1583590
1583591
1583592
1583593
1583594
1583595
1583596
1583597
1583598
1583599
1760359
1763400
1763401
1763402
1763403
1763404
1763405
1763406
1763407
1763408
1763409
1763529
1763556
1763557
1763558
1763559
1763590
1763591
1763592
1763593
1763594
1763595
1763596
1763597
1763598
1763599
1763600
1763601
1763602
1769622
1769624
1769625
1769629
