1991620
1991621
1991622
1991623
1991624
1991625
1991626
1991627
1991628
1991629
1991630
1991631
1991632
1991633
1991634
1991635
1991636
1991637
1991638
1991639
1991640
1991641
1991642
1991643
1991644
1991645
1991646
1991647
1991648
1991649
1994537
1999100
1999101
1999102
1999103
1999104
1999105
1560910
1561910
1561950
1561951
1561952
1561953
1561954
1561955
1561956
1561957
1561958
1561959
1566710
1566711
1566712
1566713
1566714
1566715
1566716
1566717
1566718
1566719
1566720
1566721
1566722
1566723
1566724
1566725
1566726
1566727
1566728
1566729
1569100
1569101
1569102
1569103
1569104
1569105
1569106
1569107
1569108
1569109
1782990
1784760
1784770
1786730
1786820
1786830
1786850
1786860
1786870
1330910
1331090
1331910
1332530
1333530
1333540
1333541
1333542
1333543
1334744
1335910
1336910
1336911
1336912
1337910
1337930
1337940
1337952
1338910
1339910
1339920
1360910
1360914
1360921
1361910
1361918
1362910
1362918
1363673
1363674
1363683
1363689
1364910
1364918
1365910
1366910
1368910
1368918
1959120
1890910
1896654
1896655
1896656
1896657
1899100
1899101
1899102
1899103
1899104
1899105
1899200
1899201
1899202
1899203
1899204
1899205
1899206
1899207
1899208
1899209
1530910
1531900
1531901
1531902
1531903
1531904
1531905
1531906
1531907
1531908
1533220
1533221
1533610
1533611
1534910
1534918
1535311
1535312
1535313
1535314
1535315
1500910
1500918
1502910
1502919
1502930
1502944
1502950
1502960
1509100
1509104
1509106
1509110
1509134
1509135
1509138
1509142
1509180
1590910
1590926
1590927
1592910
1592920
1592921
1592924
1592925
1592928
1592929
1592935
1592936
1592937
1592946
1592947
1592962
1592963
1592974
1592976
1592978
1592986
1592987
1599100
1599101
1599102
1599103
1599104
1599108
1599109
1599124
1599128
1599135
1599136
1599137
1599147
1599181
1599184
1599188
1599190
1350910
1357100
1357101
1357102
1357103
1357104
1357105
1357106
1357107
1357108
1357109
1357275
1357276
1357277
1357278
1357279
1452680
1452681
1452690
1300844
1300854
1300855
1300856
1302070
1302071
1302072
1302073
1302074
1302075
1302076
1302077
1302078
1302079
1302844
1302854
1302855
1303854
1303855
1306034
1306035
1306036
1306044
1308766
1308767
1308768
1308769
1309294
1309295
1309296
1309297
1309298
1309299
1309810
1309811
1860910
1860920
1868197
1868198
1868199
1869100
1869101
1869102
1869103
1869104
1869105
1869106
1869107
1869108
1869109
1550910
1552910
1559100
1559101
1559102
1559103
1559104
1559105
1559106
1559107
1559108
1559109
1559200
1559201
1559202
1559203
1559204
1559205
1559206
1559207
1559208
1559209
1559210
1559211
1559212
1559213
1559214
1559215
1559216
1559217
1559218
1559219
1559614
1559615
1559645
1559646
1559647
1559670
1559671
1559672
1559673
1559674
1559675
1559676
1559677
1559678
1559679
1390910
1399100
1399101
1399102
1399103
1399104
1399105
1399200
1399201
1399202
1399203
1399204
1399205
1399206
1399207
1399208
1399209
1671910
1671918
1672848
1520910
1522910
1522940
1522949
1522950
1522958
1522960
1522970
1522971
1522980
1522990
1522991
1524900
1524910
1528920
1528930
1528931
1528940
1528949
1529100
1529101
1529102
1529103
1529104
1529105
1529106
1529107
1529108
1529109
1529110
1529140
1529180
1529190
1750291
1750292
1880910
1889100
1889101
1889102
1889103
1889104
1889105
1889106
1889107
1889108
1889109
1889140
1889150
1889158
1889180
1889181
1470910
1479100
1370020
1370910
1372050
1372059
1372070
1375970
1375971
1375972
1375983
1375984
1375985
1375986
1377255
1377256
1377257
1377258
1377259
1377260
1377261
1377262
1910910
1914460
1914537
1914538
1919100
1919180
1919181
1919182
1919183
1919184
1320190
1320191
1320192
1320193
1320910
1322000
1322790
1322794
1322795
1323910
1325900
1325901
1325902
1325903
1325904
1325905
1325910
1327910
1327950
1327951
1327952
1327953
1327954
1327955
1327956
1327957
1327958
1327959
1328910
1328940
1328941
1571040
1571910
1571920
1572190
1981521
1988890
1989080
1989090
1989094
1989100
1989101
1989102
1989103
1989104
1989105
1989106
1989107
1989108
1989109
1989490
1989870
1380091
1380910
1380914
1389100
1389101
1389102
1389103
1389104
1389105
1389106
1389107
1389108
1389109
1389147
1389148
1389149
1389200
1389201
1389202
1389203
1389204
1389205
1389206
1389207
1389208
1389209
1389290
1389291
1389292
1389293
1389294
1389295
1389296
1389297
1389298
1389299
1870001
1870002
1870003
1870004
1870005
1870006
1870007
1870008
1870009
1870910
1871720
1871721
1871722
1871723
1871724
1871725
1871726
1871727
1871728
1871729
1871740
1871754
1872910
1872940
1872980
1874030
1874034
1874050
1874059
1874060
1874070
1879100
1879101
1879102
1879103
1879104
1879105
1879106
1879107
1879108
1879109
1879140
1879150
1879151
1879188
1879190
1879194
1310960
1310961
1310962
1310963
1314910
1315230
1315231
1315232
1315233
1315234
1318623
1318624
1318625
1318626
1319630
1319631
1340293
1340910
1342970
1346850
1346851
1346852
1346853
1346855
1346856
1346857
1346891
1347404
1347408
1347409
1347425
1347426
1347427
1347454
1347455
1347458
1347460
1347461
1347462
1348440
1348449
1348456
1348457
1348486
1348487
1348806
1348807
1348816
1348817
1348840
1348849
1580910
1582914
1582918
1582944
1582948
1582951
1582952
1582980
1582994
1582995
1582998
1587740
1587761
1589100
1589110
1589135
1589140
1589150
1589159
1589165
1510910
1511490
1512910
1512930
1512940
1512953
1512961
1512962
1512974
1512978
1512979
1512980
1512995
1519100
1519101
1519102
1519103
1519104
1519105
1519106
1519107
1519108
1519109
1519180
1519197
1330913
1331093
1331913
1332533
1332543
1332544
1333533
1333534
1333535
1334745
1335913
1336913
1336914
1336915
1336916
1336917
1336918
1337913
1337933
1337934
1337943
1337944
1338913
1339913
1339923
1780683
1780913
1780923
1782903
1782913
1782923
1782933
1782943
1782953
1782963
1782964
1782972
1782973
1782983
1782988
1782993
1784763
1784773
1786733
1786823
1786833
1786843
1786853
1786861
1786863
1786871
1786873
1786883
1789913
1850913
1859130
1859131
1859132
1859133
1859134
1859135
1859136
1859137
1859138
1859139
1859151
1859152
1859153
1859154
1859155
1859156
1859157
1859158
1859159
1859163
1859164
1859165
1859232
1859233
1859234
1859235
1859236
1859237
1859238
1560913
1560918
1561913
1561960
1561961
1561962
1561963
1561964
1561965
1561966
1561967
1561968
1561969
1566730
1566731
1566732
1566733
1566734
1566735
1566736
1566737
1566738
1566739
1568630
1568631
1568632
1568633
1569130
1569131
1569132
1569133
1569134
1569135
1569136
1569137
1569138
1569139
1990913
1992921
1992922
1992923
1992924
1992925
1992926
1992927
1992928
1992929
1994522
1994523
1994524
1994525
1994526
1994650
1994651
1999130
1999131
1999132
1999163
1999164
1999165
1999166
1999167
1999168
1999169
1999222
1999223
1999224
1999225
1999226
1999227
1999228
1999229
1999230
1999231
1999232
1999233
1999234
1999235
1999236
1999237
1999238
1999239
1999240
1999241
1999242
1999243
1999244
1999245
1999246
1999247
1999248
1999249
1999250
1999251
1999252
1999253
1999254
1999255
1999256
1999257
1999258
1999259
1530913
1531909
1531910
1531911
1531912
1531913
1531914
1531915
1531916
1533222
1533223
1533224
1533225
1533612
1533613
1533614
1533615
1534913
1535306
1535307
1535308
1535309
1535310
1535339
1535343
1535394
1535395
1535396
1538453
1538463
1538913
1538937
1538938
1538948
1538949
1538960
1538961
1538962
1538963
1539413
1539913
1539931
1539932
1539933
1800913
1804913
1804936
1804937
1809130
1809131
1809132
1809133
1809134
1809135
1809136
1809137
1809148
1809168
1890913
1896652
1896653
1899154
1899163
1899164
1899165
1899166
1899167
1899168
1899169
1899230
1899231
1899232
1899233
1899234
1899235
1899236
1899237
1899238
1899239
1959123
1360913
1360923
1361913
1361923
1362913
1362923
1363677
1363678
1363685
1364913
1365913
1367923
1368913
1368923
1452683
1452684
1452693
1453674
1453685
1453686
1453697
1453698
1453699
1454467
1454473
1459440
1459441
1459442
1459443
1459444
1459445
1459446
1459447
1459560
1459561
1459562
1459563
1459564
1350913
1357130
1357131
1357132
1357133
1357134
1357135
1357136
1357137
1357138
1357139
1357150
1357151
1357152
1357153
1357154
1357230
1357231
1357232
1357233
1357234
1357235
1357236
1357237
1357238
1357239
1357270
1357271
1357272
1357273
1357274
1770913
1771975
1771976
1771977
1771978
1771979
1772902
1772903
1772904
1772913
1773070
1773071
1773072
1773073
1773468
1773469
1774243
1774248
1774907
1774908
1774918
1774923
1776220
1776221
1776470
1776471
1776910
1776911
1776912
1776913
1776914
1776915
1776916
1776917
1776918
1776919
1778919
1778920
1778921
1778922
1779103
1779104
1779105
1779588
1779589
1779590
1590913
1592903
1592904
1592908
1592913
1592923
1592926
1592927
1592933
1592943
1592966
1592967
1592971
1592975
1592984
1592988
1599113
1599117
1599129
1599130
1599139
1599149
1599193
1830913
1832930
1832931
1832932
1832933
1832934
1832935
1832936
1832937
1832938
1832939
1832943
1839119
1839130
1839131
1839132
1839133
1839134
1839135
1839136
1839137
1839138
1839139
1839143
1839158
1839183
1839231
1839232
1839233
1839234
1839280
1839281
1839282
1839283
1839284
1839294
1839541
1839543
1500913
1500923
1502913
1502933
1502943
1502953
1502958
1502963
1502965
1502971
1502983
1509103
1509113
1509116
1509123
1509127
1509130
1509139
1509143
1509164
1509168
1509182
1390913
1399154
1399163
1399164
1399165
1399166
1399167
1399168
1399169
1399230
1399231
1399232
1399233
1399234
1399235
1399236
1399237
1399238
1399239
1550913
1552913
1559130
1559131
1559132
1559133
1559134
1559135
1559136
1559137
1559138
1559139
1559193
1559199
1559220
1559221
1559222
1559223
1559224
1559225
1559226
1559227
1559228
1559229
1559230
1559231
1559232
1559233
1559234
1559235
1559236
1559237
1559238
1559239
1559240
1559241
1559242
1559243
1559244
1559245
1559246
1559247
1559248
1559249
1559424
1559425
1559630
1559631
1559632
1559633
1559634
1860913
1860923
1860924
1860925
1862840
1862841
1862842
1862843
1862844
1862850
1862851
1862852
1862853
1862855
1862913
1862923
1868196
1869130
1869131
1869132
1869133
1869134
1869135
1869136
1869137
1869138
1869139
1869196
1300843
1300852
1300853
1302641
1302646
1302843
1302852
1302853
1303840
1303841
1303842
1303843
1306030
1306031
1306032
1306033
1306043
1308760
1308761
1308762
1308763
1309394
1309395
1309396
1309397
1309398
1309399
1309812
1309813
1309814
1370913
1370923
1372056
1372057
1372066
1372067
1372074
1372078
1375962
1375963
1375964
1375965
1375966
1375967
1375968
1375969
1377271
1377272
1377273
1377274
1377275
1377276
1377277
1377278
1470913
1472783
1472788
1472793
1472794
1472930
1472931
1472932
1472933
1472934
1472935
1472936
1472937
1472938
1472939
1472950
1472951
1472952
1472953
1472954
1472955
1472956
1472957
1472958
1472959
1479103
1479130
1479131
1479132
1479133
1479134
1479135
1479136
1479137
1479138
1880913
1882913
1882933
1882943
1882963
1882973
1882983
1884023
1884025
1884033
1884037
1884043
1884049
1889130
1889131
1889132
1889133
1889134
1889135
1889136
1889137
1889138
1889139
1889143
1889153
1889156
1889183
1889188
1889213
1889218
1750913
1750923
1750924
1750925
1520913
1522913
1522943
1522953
1522963
1522964
1522973
1522983
1522993
1522996
1524903
1524905
1524913
1528923
1528933
1528943
1528946
1529130
1529131
1529132
1529133
1529134
1529135
1529136
1529137
1529138
1529139
1529143
1529193
1810913
1814232
1814233
1814913
1814914
1816173
1816174
1816503
1816504
1816513
1816514
1816518
1819130
1819131
1819134
1819135
1819136
1819137
1819138
1819139
1819142
1819143
1819149
1819150
1819151
1819152
1819153
1819154
1819170
1819171
1819172
1819173
1819174
1819180
1819181
1819182
1819183
1819184
1819192
1819193
1819195
1650913
1651913
1655963
1656709
1656913
1980293
1980913
1981520
1982903
1982913
1982923
1982933
1982943
1988893
1989083
1989093
1989117
1989130
1989131
1989132
1989133
1989134
1989135
1989136
1989137
1989138
1989139
1989147
1989148
1989460
1989461
1989462
1989463
1989464
1989465
1989466
1989467
1989468
1989469
1989483
1989493
1989873
1840297
1840298
1840913
1840923
1840924
1840928
1842903
1842913
1842923
1570605
1570606
1570607
1570608
1570609
1570913
1570923
1570929
1571043
1571913
1571923
1571925
1572193
1576913
1576923
1576928
1577163
1577164
1577183
1320194
1320195
1320196
1320197
1320198
1320199
1320913
1320918
1321982
1322003
1322004
1322005
1322793
1322829
1323913
1325906
1325907
1325908
1325909
1325913
1325920
1327913
1327914
1327915
1327960
1327961
1327962
1327963
1327964
1327965
1327966
1327967
1327968
1327969
1328141
1328913
1328942
1910913
1914528
1914529
1914530
1914531
1914532
1919103
1919130
1919131
1919132
1919133
1919134
1919135
1919136
1919137
1919138
1919139
1919160
1919161
1919162
1919163
1919164
1730913
1734234
1734392
1734393
1734394
1734395
1734396
1734397
1734398
1734399
1734920
1734921
1734922
1734923
1734930
1734931
1736568
1736569
1738244
1738260
1738261
1738262
1738263
1738264
1738265
1738266
1738695
1738696
1738921
1738922
1738923
1738924
1738925
1738926
1738927
1738928
1738929
1739101
1739102
1739104
1739105
1739106
1739107
1739109
1739159
1739210
1739211
1739212
1739217
1739218
1739219
1739865
1739866
1310847
1310910
1310911
1310912
1310913
1310964
1310965
1311030
1311031
1311032
1311033
1311034
1311035
1314913
1315235
1315236
1315237
1315238
1315239
1318620
1318621
1318622
1319632
1319633
1870030
1870031
1870032
1870033
1870034
1870035
1870036
1870037
1870038
1870039
1870913
1871053
1871063
1871743
1872913
1872943
1872949
1872983
1872984
1872991
1872993
1874033
1874038
1874053
1874063
1874073
1874078
1879130
1879131
1879132
1879133
1879134
1879135
1879136
1879137
1879138
1879139
1879143
1879153
1879168
1879169
1879189
1879193
1879195
1879196
1879230
1879231
1879232
1879233
1879234
1879235
1879236
1879237
1879238
1879239
1660913
1660923
1660928
1380913
1389130
1389131
1389132
1389133
1389134
1389135
1389136
1389137
1389138
1389139
1389144
1389145
1389146
1389230
1389231
1389232
1389233
1389234
1389235
1389236
1389237
1389238
1389239
1389250
1389251
1389252
1389253
1389254
1389255
1389256
1389257
1389258
1389259
1820913
1822030
1822031
1822032
1822033
1822034
1822035
1822036
1822037
1822038
1822039
1822043
1822063
1822065
1822091
1822093
1824083
1829130
1829131
1829132
1829133
1829134
1829135
1829136
1829137
1829138
1829139
1829230
1829231
1829232
1829233
1829234
1829235
1829236
1829237
1829238
1829239
1829243
1510913
1511493
1512913
1512933
1512943
1512955
1512967
1512973
1512981
1512984
1512989
1512991
1512992
1519130
1519131
1519132
1519133
1519134
1519135
1519136
1519137
1519138
1519139
1519183
1519193
1760913
1760923
1760924
1761292
1761293
1762913
1769133
1580913
1582915
1582919
1582942
1582943
1582983
1587733
1587743
1587764
1587768
1589103
1589104
1589108
1589132
1589133
1589143
1589153
1589154
1589158
1340291
1340913
1342973
1344290
1346890
1346894
1346898
1346899
1347414
1347418
1347419
1347424
1347428
1347445
1347469
1348442
1348443
1348801
1348842
1348843
1320914
1323914
1325914
1325918
1328914
1329914
1329918
1910298
1910914
1650914
1651914
1980914
1981527
1982904
1982928
1988894
1989086
1989118
1989119
1989140
1989144
1989878
1840914
1842914
1570914
1571914
1571924
1576914
1576919
1577188
1520914
1522914
1522948
1522954
1522998
1524914
1528924
1529144
1529156
1529167
1529189
1529192
1810914
1816178
1816508
1819255
1470914
1472778
1472789
1472916
1472983
1472989
1472997
1479186
1479187
1479188
1479189
1375961
1377299
1880914
1882914
1882968
1882974
1882985
1889149
1889159
1889186
1889187
1750914
1760914
1760918
1769128
1769136
1580914
1582913
1582916
1582917
1582956
1582957
1582996
1582997
1587745
1587762
1589109
1589136
1589137
1589152
1342974
1344590
1346873
1348830
1820914
1822044
1822069
1822089
1822095
1822096
1822097
1822098
1822099
1824084
1829219
1829258
1829269
1829278
1510914
1510918
1512914
1512949
1512963
1512990
1519140
1519159
1519169
1519195
1870056
1870057
1870914
1871058
1871069
1871744
1871758
1872914
1872944
1872968
1872969
1872989
1874054
1874058
1874074
1879115
1879118
1879159
1879199
1660914
1389140
1389141
1389142
1730914
1731968
1731969
1734235
1734246
1734247
1734248
1734249
1734290
1734291
1738254
1738255
1738691
1738692
1738693
1738694
1739207
1739242
1739243
1739860
1739861
1310801
1314914
1315225
1315226
1315406
1315407
1316577
1890914
1899140
1899141
1899142
1899143
1899144
1899145
1899146
1899147
1899148
1899149
1899150
1899156
1899240
1899241
1899242
1899243
1899244
1899245
1899246
1899247
1899248
1899249
1361914
1362914
1364914
1367914
1368914
1530914
1530918
1534914
1535323
1535324
1535330
1535340
1535390
1535391
1538458
1538468
1538914
1538952
1538953
1539414
1539914
1539938
1539939
1800914
1804914
1809140
1809141
1809142
1809143
1809144
1809145
1809146
1809147
1780294
1780684
1780914
1782914
1782928
1782934
1782944
1782994
1784774
1786734
1786829
1786859
1786889
1789914
1850914
1859109
1859229
1560914
1561914
1561998
1561999
1566790
1566791
1566792
1566793
1566794
1568634
1568635
1568636
1568637
1568638
1568639
1569166
1569167
1990914
1991618
1992916
1994658
1999140
1999141
1999156
1330914
1331914
1332466
1332467
1332534
1335914
1337914
1338914
1339914
1339924
1303851
1303852
1303853
1308099
1308764
1309822
1309823
1390914
1399140
1399141
1399142
1399143
1399144
1399145
1399146
1399147
1399148
1399149
1399150
1399156
1399240
1399241
1399242
1399243
1399244
1399245
1399246
1399247
1399248
1399249
1550914
1552914
1559140
1559141
1559142
1559143
1559194
1559195
1559196
1559197
1559198
1559627
1559628
1559629
1559635
1559636
1559637
1559638
1559639
1860914
1869009
1869140
1869141
1869142
1869143
1869144
1869145
1869146
1869147
1869148
1869149
1869443
1869444
1830914
1832944
1832987
1832988
1832989
1832997
1832998
1839190
1839191
1839192
1839193
1839194
1839195
1839196
1839197
1839290
1839291
1839292
1839293
1839544
1839548
1500914
1502915
1502989
1509136
1509156
1350914
1452694
1454474
1459450
1459451
1459452
1459453
1459454
1770914
1771972
1772914
1772926
1772941
1773467
1778925
1779118
1779406
1590925
1592965
1599125
1599140
1599187
1599199
1770915
1771969
1772915
1772923
1772924
1772925
1772952
1773464
1774247
1776472
1776473
1776474
1777290
1777291
1777292
1777293
1777294
1777295
1777296
1777297
1777298
1777299
1778923
1778924
1779117
1779405
1590915
1590917
1592900
1592909
1592915
1592945
1592951
1592952
1592953
1592954
1592958
1599105
1599114
1599115
1599118
1599119
1599131
1599132
1599133
1599144
1599148
1599195
1452695
1453673
1454475
1459469
1459470
1459471
1459573
1459574
1350915
1357142
1357143
1357144
1357145
1357146
1830915
1832945
1832950
1832951
1832952
1832953
1832954
1832955
1832986
1839150
1839151
1839152
1839153
1839154
1839155
1839156
1839157
1500915
1502934
1502945
1502959
1502970
1502978
1502985
1509145
1509151
1509155
1550915
1550925
1550926
1550927
1550928
1550929
1552915
1559149
1559150
1559151
1559152
1559153
1559154
1559155
1559156
1559157
1559158
1559159
1559426
1559427
1559428
1559429
1559450
1559451
1559452
1559453
1559454
1559455
1559456
1559457
1559612
1559613
1860915
1862854
1869049
1869050
1869051
1869055
1869056
1869150
1869151
1869153
1869154
1869156
1869158
1869159
1869448
1671915
1672915
1673915
1390915
1399151
1399152
1399153
1399155
1399250
1399251
1399252
1399253
1399254
1399255
1399256
1399257
1399258
1399259
1303890
1303891
1303892
1308480
1308481
1309800
1309801
1309802
1309803
1330915
1331095
1331915
1332463
1332464
1332465
1332535
1334749
1335915
1337915
1337935
1337941
1337945
1337959
1338915
1339915
1339925
1713915
1715915
1716915
1717901
1717915
1990915
1991610
1991611
1991612
1991613
1994535
1994536
1994556
1994557
1994558
1999150
1999151
1999152
1999153
1999154
1999155
1780295
1780685
1780915
1780925
1782905
1782915
1782925
1782935
1782945
1782955
1782965
1782995
1784765
1784775
1786735
1786825
1786835
1786845
1786865
1786875
1786885
1789915
1850915
1859000
1859092
1859093
1859094
1859095
1859096
1859150
1859242
1560915
1561915
1561996
1561997
1566785
1566786
1566787
1566788
1566789
1569155
1569156
1569157
1569158
1569159
1530915
1531969
1531980
1531981
1531982
1531983
1531984
1531985
1531986
1531987
1533264
1533265
1533266
1533267
1533268
1533269
1533626
1533627
1533628
1533629
1534915
1535325
1535326
1535327
1535345
1535392
1535393
1538455
1538465
1538915
1538950
1538951
1539415
1539915
1539936
1539937
1800915
1804915
1809150
1809151
1809152
1809153
1809154
1809155
1809156
1809157
1959125
1361915
1362915
1362925
1364915
1365915
1366915
1367915
1368915
1890915
1899151
1899152
1899153
1899155
1899250
1899251
1899252
1899253
1899254
1899255
1899256
1899257
1899258
1899259
1310926
1310927
1310928
1310929
1314915
1315403
1315404
1315405
1315493
1316576
1318627
1318628
1318629
1730915
1731953
1731954
1731955
1734928
1734939
1734944
1734945
1734946
1734947
1738252
1738253
1739240
1739241
1660915
1389150
1389151
1389152
1389153
1389154
1389155
1389156
1389157
1389158
1389159
1870050
1870051
1870052
1870053
1870054
1870055
1870915
1871065
1871745
1871755
1871756
1871757
1872915
1872945
1872985
1872995
1874055
1874065
1874075
1879145
1879155
1879156
1879157
1879158
1820915
1822045
1824085
1829150
1829151
1829152
1829153
1829154
1829155
1829156
1829157
1829158
1829250
1829251
1829252
1829253
1829254
1829255
1510915
1511495
1512915
1512935
1512947
1512964
1512968
1512970
1512996
1519150
1519151
1519152
1519153
1519154
1519155
1519156
1340915
1342975
1344690
1347420
1348469
1348820
1760915
1760925
1760928
1769125
1769138
1580915
1582945
1582985
1587735
1587749
1587763
1589145
1589155
1880915
1882915
1882945
1882965
1882975
1884035
1889145
1889155
1889168
1889169
1889179
1889184
1889185
1750915
1370025
1370915
1377222
1377223
1377224
1377296
1377297
1377298
1470915
1472785
1472795
1472915
1472984
1472985
1472993
1472995
1479150
1479151
1479152
1479153
1479154
1479155
1520915
1522915
1522945
1522955
1522965
1522974
1522986
1522999
1524915
1528925
1529150
1529151
1529152
1529153
1529154
1529155
1810915
1814685
1816175
1816505
1819159
1840915
1840925
1842905
1842915
1842925
1570915
1570925
1571045
1571915
1576099
1576915
1576925
1577165
1577185
1650915
1651915
1655707
1655915
1655918
1656915
1980915
1981526
1982905
1982915
1982945
1988895
1989085
1989095
1989150
1989151
1989152
1989153
1989154
1989155
1989156
1989157
1989484
1989485
1989486
1989487
1989875
1320915
1323915
1325915
1325939
1328915
1329915
1910915
1919110
1919111
1919112
1919113
1919114
1919115
1919116
1919117
1919118
1919119
1919140
1919141
1919142
1919143
1919144
1919150
1919151
1919152
1919153
1919154
1990910
1990918
1990920
1990921
1990922
1990923
1990924
1990925
1990926
1990927
1990928
1990929
1992900
1992901
1992902
1992903
1992904
1992905
1992906
1992907
1992908
1992909
1992917
1992990
1992991
1992992
1992993
1992994
1992995
1992996
1992997
1992998
1992999
1994538
1994540
1994541
1994542
1994543
1994544
1994545
1994546
1994547
1994548
1994549
1994550
1994551
1994552
1994553
1994554
1994555
1994630
1994631
1994632
1994633
1994634
1994635
1994636
1994637
1994638
1994639
1994640
1994641
1994642
1994643
1994644
1994645
1994646
1994647
1994648
1994649
1999118
1999119
1999120
1999121
1999122
1999123
1999124
1999125
1999126
1999127
1999128
1999129
1999142
1999143
1999144
1999145
1999146
1999147
1999148
1999149
1999180
1999181
1999182
1999183
1999184
1999185
1999186
1999187
1999188
1999189
1999190
1999191
1999192
1999193
1999194
1999195
1999196
1999197
1999198
1999199
1999280
1999281
1999282
1999283
1999284
1999285
1999286
1999287
1999288
1999289
1999290
1999291
1999292
1999293
1999294
1999295
1999296
1999297
1999298
1999299
1560920
1560921
1560922
1560923
1560924
1560925
1560926
1560927
1560928
1560929
1561900
1561901
1561902
1561903
1561904
1561905
1561906
1561907
1561908
1561909
1561920
1561921
1561922
1561923
1561924
1561925
1561926
1561927
1561928
1561929
1561930
1561931
1561932
1561933
1561934
1561935
1561936
1561937
1561938
1561939
1561940
1561941
1561942
1561943
1561944
1561945
1561946
1561947
1561948
1561949
1566460
1566461
1566462
1566463
1566464
1566465
1566466
1566467
1566468
1566469
1566470
1566471
1566472
1566473
1566474
1566475
1566476
1566477
1566478
1566479
1566480
1566481
1566482
1566483
1566484
1566485
1566486
1566487
1566488
1566489
1566490
1566491
1566492
1566493
1566494
1566495
1566496
1566497
1566498
1566499
1566700
1566701
1566702
1566703
1566704
1566705
1566706
1566707
1566708
1566709
1568600
1568601
1568602
1568603
1568604
1568605
1568606
1568607
1568608
1568609
1568610
1568611
1568612
1568613
1568614
1568615
1568616
1568617
1568618
1568620
1568621
1568622
1568623
1568624
1568625
1568626
1568627
1568628
1568629
1568640
1568641
1568642
1568643
1568644
1568645
1568646
1568647
1568648
1568649
1569140
1569141
1569142
1569143
1569144
1569145
1569146
1569147
1569148
1569149
1569170
1569171
1569172
1569173
1569174
1569175
1569176
1569177
1569178
1569179
1569180
1569181
1569182
1569183
1569184
1569185
1569186
1569187
1569188
1569189
1569190
1569191
1569192
1569193
1569194
1569195
1569196
1569197
1569198
1569199
1780290
1780292
1780293
1780298
1780680
1780688
1780689
1780910
1780918
1780920
1780924
1780928
1780929
1782900
1782901
1782902
1782904
1782908
1782909
1782910
1782918
1782920
1782924
1782929
1782930
1782938
1782939
1782940
1782948
1782949
1782950
1782954
1782958
1782959
1782960
1782961
1782968
1782969
1782970
1782971
1782974
1782975
1782979
1782980
1782981
1782982
1782984
1782985
1782998
1782999
1784764
1784768
1784769
1784778
1786738
1786824
1786828
1786834
1786838
1786839
1786840
1786844
1786848
1786849
1786851
1786852
1786854
1786855
1786858
1786862
1786864
1786867
1786868
1786872
1786874
1786878
1786879
1786880
1786886
1786888
1789910
1789918
1850290
1850291
1850292
1850293
1850294
1850295
1850296
1850297
1850298
1850299
1850910
1850920
1850921
1850922
1850923
1850924
1850925
1850926
1850927
1850928
1850929
1851290
1851291
1851292
1851293
1851294
1851295
1851296
1851297
1851298
1859009
1859100
1859101
1859102
1859103
1859104
1859105
1859106
1859107
1859108
1859140
1859141
1859142
1859143
1859144
1859145
1859146
1859147
1859148
1859149
1859175
1859176
1859177
1859178
1859179
1859184
1859185
1859186
1859187
1859188
1859189
1859191
1859192
1859193
1859194
1859195
1859196
1859197
1859198
1859199
1859200
1859201
1859202
1859203
1859204
1859205
1859206
1859207
1859208
1859209
1859210
1859211
1859212
1859213
1859214
1859215
1859216
1859217
1859218
1859219
1859220
1859221
1859222
1859223
1859224
1859225
1859226
1859227
1859228
1859243
1859244
1859250
1859251
1859252
1859253
1859254
1859255
1859256
1859257
1859258
1859259
1859260
1859261
1859262
1859263
1859264
1859265
1859266
1859267
1859268
1859269
1859270
1859271
1859272
1859273
1859274
1859275
1859276
1859277
1859278
1859279
1859280
1859281
1859282
1859283
1859284
1859285
1859286
1859287
1859288
1859289
1859290
1859291
1859292
1859293
1859294
1859295
1859296
1859297
1859298
1859299
1330918
1330920
1330921
1330922
1330923
1330924
1330925
1330926
1330927
1330928
1330929
1331094
1331097
1331098
1331918
1331920
1331921
1331922
1331923
1331924
1331925
1331926
1331927
1331928
1331929
1332450
1332451
1332452
1332453
1332454
1332455
1332456
1332457
1332458
1332459
1332538
1332545
1332546
1332547
1332548
1332549
1333538
1333539
1334740
1334741
1334742
1334743
1335918
1335920
1335921
1335922
1335923
1335924
1335925
1335926
1335927
1335928
1335929
1336390
1336391
1336392
1336393
1336394
1336395
1336396
1336397
1336398
1336399
1337900
1337901
1337902
1337903
1337904
1337905
1337906
1337907
1337908
1337909
1337918
1337920
1337921
1337922
1337923
1337924
1337925
1337926
1337927
1337928
1337929
1337950
1337951
1337954
1338490
1338491
1338492
1338493
1338494
1338495
1338496
1338497
1338498
1338499
1338918
1338920
1338921
1338922
1338923
1338924
1338925
1338926
1338927
1338928
1338929
1339918
1339928
1711856
1712780
1712781
1712782
1712783
1712784
1712785
1712786
1712787
1712788
1712789
1713900
1713901
1713902
1713903
1713904
1713905
1713906
1713907
1713908
1713909
1713910
1713913
1713914
1713918
1713919
1715900
1715901
1715902
1715903
1715904
1715905
1715906
1715907
1715908
1715909
1715910
1715913
1715914
1715918
1715919
1716900
1716901
1716902
1716903
1716904
1716905
1716906
1716907
1716908
1716909
1716910
1716914
1717910
1717918
1717919
1718900
1718901
1718902
1718903
1718904
1718905
1718906
1718907
1718908
1718909
1718910
1718911
1718917
1718918
1718919
1718920
1718921
1718922
1718923
1718924
1718925
1718926
1718927
1718928
1718929
1360911
1360912
1360915
1360916
1360918
1360919
1360920
1360924
1360925
1360926
1360928
1360929
1361920
1361921
1361922
1361924
1361925
1361926
1361928
1361929
1362920
1362924
1362926
1362927
1362928
1362929
1363021
1363022
1363023
1363025
1363028
1363670
1363671
1363680
1363681
1364920
1364921
1364923
1364924
1364925
1364926
1364927
1364928
1364929
1365911
1365914
1365918
1365919
1365920
1365921
1365923
1365924
1365925
1365926
1365928
1365929
1366913
1366918
1366919
1366920
1366922
1366923
1366924
1366925
1366926
1366927
1366928
1366929
1367910
1367911
1367912
1367913
1367916
1367917
1367918
1367920
1367921
1367922
1367924
1367925
1367926
1367927
1367928
1367929
1368919
1368920
1368924
1368925
1368926
1368928
1368929
1950290
1950918
1959128
1959131
1959138
1959150
1959151
1959152
1959153
1959154
1959155
1959156
1959157
1959158
1959159
1890918
1890920
1890921
1890922
1890923
1890924
1890925
1890926
1890927
1890928
1890929
1896660
1896661
1896662
1896663
1896664
1896665
1896666
1896667
1896668
1896669
1896670
1896671
1896672
1896673
1896674
1896675
1896676
1896677
1896678
1896679
1896680
1896681
1896682
1896683
1896684
1896685
1896686
1896687
1896688
1896689
1896690
1896691
1896692
1896693
1896694
1899110
1899111
1899112
1899113
1899114
1899115
1899116
1899117
1899118
1899119
1899120
1899121
1899122
1899123
1899124
1899125
1899126
1899127
1899128
1899129
1899130
1899131
1899132
1899133
1899134
1899135
1899136
1899137
1899138
1899139
1899180
1899181
1899182
1899183
1899184
1899185
1899186
1899187
1899188
1899189
1899190
1899191
1899192
1899193
1899194
1899195
1899196
1899197
1899198
1899199
1899280
1899281
1899282
1899283
1899284
1899285
1899286
1899287
1899288
1899289
1800910
1800918
1800920
1800921
1800922
1800923
1800924
1800925
1800926
1800927
1800928
1800929
1804900
1804901
1804902
1804903
1804904
1804905
1804906
1804907
1804908
1804909
1804910
1804918
1804920
1804921
1804922
1804923
1804924
1804925
1804926
1804927
1804928
1804929
1804940
1804941
1804942
1804943
1804944
1804945
1804946
1804947
1804948
1804949
1804950
1804951
1804952
1804953
1804954
1804955
1804956
1804957
1804958
1804959
1804960
1804961
1804962
1804963
1804964
1804965
1804966
1804967
1804968
1804969
1806430
1806431
1806432
1806433
1806434
1806435
1806436
1806437
1806438
1806439
1806650
1806651
1806652
1806653
1806654
1806655
1806656
1806657
1806658
1806659
1806660
1806661
1806662
1806663
1806664
1806665
1806666
1806667
1806668
1806669
1806670
1806671
1806672
1806673
1806674
1806675
1806676
1806677
1806678
1806679
1806680
1806681
1806682
1806683
1806684
1806685
1806686
1806687
1806688
1806689
1806690
1806691
1806692
1806693
1806694
1806695
1806696
1806697
1806698
1806699
1808220
1808221
1808222
1808223
1808224
1808225
1808226
1808227
1808228
1808229
1808250
1808251
1808252
1808253
1808254
1808255
1808256
1808257
1808258
1808259
1808260
1808261
1808262
1808263
1808264
1808265
1808266
1808267
1808268
1808269
1808910
1808911
1808912
1808913
1808914
1808915
1808916
1808917
1808918
1808919
1808920
1808921
1808922
1808923
1808924
1808925
1808926
1808927
1808928
1808929
1809100
1809101
1809102
1809103
1809104
1809105
1809106
1809107
1809108
1809109
1809118
1809119
1809128
1809129
1809138
1809139
1809158
1809159
1809178
1809179
1809180
1809181
1809182
1809183
1809184
1809185
1809186
1809187
1809188
1809189
1809200
1809201
1809202
1809203
1809204
1809205
1809206
1809207
1809208
1809209
1809210
1809211
1809212
1809213
1809214
1809215
1809216
1809217
1809218
1809219
1809220
1809221
1809222
1809223
1809224
1809225
1809226
1809227
1809228
1809229
1809230
1809231
1809232
1809233
1809234
1809235
1809236
1809237
1809238
1809239
1809240
1809241
1809242
1809243
1809244
1809245
1809246
1809247
1809248
1809249
1809250
1809251
1809252
1809253
1809254
1809255
1809256
1809257
1809258
1809259
1809260
1809261
1809262
1809263
1809264
1809265
1809266
1809267
1809268
1809269
1809270
1809271
1809272
1809273
1809274
1809275
1809276
1809277
1809278
1809279
1809280
1809281
1809282
1809283
1809284
1809285
1809286
1809287
1809288
1809289
1809290
1809291
1809292
1809293
1809294
1809295
1809296
1809297
1809298
1809299
1530920
1530921
1530922
1530923
1530924
1530925
1530926
1530927
1530928
1530929
1531940
1531941
1531942
1531943
1531944
1531945
1531946
1531947
1531948
1531949
1531970
1531971
1531972
1531973
1531974
1531975
1531976
1531977
1531978
1531979
1531990
1531991
1531992
1531993
1531994
1531995
1531996
1531997
1531998
1531999
1533230
1533231
1533232
1533233
1533234
1533235
1533236
1533237
1533238
1533239
1533240
1533241
1533242
1533243
1533244
1533245
1533246
1533247
1533248
1533249
1533790
1533900
1533901
1533902
1533903
1533904
1533905
1533906
1533907
1533908
1533909
1533910
1533911
1533912
1533913
1533914
1533915
1533916
1533917
1533918
1533919
1533920
1533921
1533922
1533923
1533924
1533925
1533926
1533927
1533928
1533929
1534920
1534921
1534922
1534923
1534924
1534925
1534926
1534927
1534928
1534929
1535336
1535346
1535349
1535350
1535351
1535352
1535353
1535354
1535355
1535356
1535357
1535358
1535359
1535360
1535361
1535362
1535363
1535364
1535365
1535366
1535367
1535368
1535369
1535370
1535371
1535372
1535373
1535374
1535375
1535376
1535377
1535378
1538450
1538454
1538460
1538464
1538860
1538861
1538862
1538863
1538864
1538865
1538866
1538867
1538868
1538869
1538900
1538901
1538902
1538903
1538904
1538905
1538906
1538907
1538908
1538909
1538910
1538918
1538920
1538921
1538922
1538923
1538924
1538925
1538926
1538927
1538928
1538929
1538934
1538935
1538936
1538940
1538941
1538942
1538943
1538944
1538945
1538946
1538947
1538967
1538968
1538969
1539410
1539418
1539800
1539801
1539802
1539803
1539804
1539805
1539806
1539807
1539808
1539809
1539900
1539901
1539902
1539903
1539904
1539905
1539906
1539907
1539908
1539909
1539910
1539918
1539923
1539924
1539925
1539940
1539941
1539942
1539943
1539944
1539945
1539946
1539947
1539948
1539949
1500290
1500291
1500292
1500293
1500294
1500295
1500296
1500297
1500298
1500299
1500920
1500924
1500925
1500926
1500928
1500929
1502900
1502901
1502902
1502903
1502904
1502905
1502906
1502907
1502908
1502909
1502914
1502918
1502920
1502921
1502922
1502923
1502924
1502925
1502926
1502927
1502928
1502929
1502935
1502948
1502955
1502957
1502961
1502967
1502975
1502980
1502988
1502990
1502991
1502992
1502993
1502994
1502995
1502996
1502997
1502998
1502999
1509105
1509109
1509115
1509118
1509119
1509128
1509132
1509133
1509137
1509144
1509148
1509152
1509153
1509154
1509158
1509159
1509162
1509163
1509167
1509175
1509176
1509177
1509183
1509185
1509186
1509189
1509400
1509401
1509402
1509403
1509404
1509405
1509406
1509407
1509408
1509409
1830290
1830291
1830292
1830293
1830294
1830295
1830296
1830297
1830298
1830299
1830910
1830918
1830920
1830921
1830922
1830923
1830924
1830925
1830926
1830927
1830928
1830929
1832940
1832948
1832956
1832957
1832958
1832968
1832970
1832971
1832972
1832973
1832974
1832975
1832976
1832977
1832978
1832979
1832992
1832993
1832994
1832995
1832996
1839100
1839101
1839102
1839103
1839104
1839105
1839106
1839107
1839108
1839109
1839140
1839144
1839145
1839148
1839169
1839180
1839181
1839182
1839184
1839185
1839186
1839198
1839200
1839201
1839202
1839203
1839204
1839205
1839206
1839207
1839208
1839209
1839210
1839211
1839212
1839213
1839214
1839215
1839216
1839217
1839218
1839219
1839230
1839235
1839236
1839237
1839238
1839239
1839240
1839241
1839242
1839243
1839244
1839245
1839246
1839247
1839248
1839249
1839250
1839251
1839252
1839253
1839254
1839255
1839256
1839257
1839258
1839259
1839260
1839261
1839262
1839263
1839264
1839265
1839266
1839267
1839268
1839269
1839285
1839286
1839287
1839288
1839289
1839295
1839296
1839297
1839298
1839299
1839545
1839549
1621942
1590290
1590291
1590292
1590293
1590294
1590295
1590296
1590297
1590298
1590299
1590920
1590929
1592930
1592931
1592932
1592944
1592948
1592955
1592956
1592972
1592973
1592977
1592980
1592989
1592990
1592991
1592992
1592993
1592994
1592995
1592996
1592997
1592998
1592999
1593480
1593481
1593482
1593483
1593484
1593485
1593486
1593487
1593488
1593489
1599116
1599126
1599127
1599134
1599138
1599143
1599145
1599160
1599161
1599162
1599163
1599164
1599165
1599166
1599167
1599168
1599169
1599170
1599171
1599172
1599173
1599174
1599175
1599176
1599177
1599178
1599179
1599180
1599185
1599189
1599194
1599198
1770290
1770291
1770292
1770293
1770294
1770295
1770296
1770297
1770298
1770299
1770910
1770918
1770920
1770921
1770922
1770923
1770924
1770925
1770926
1770927
1770928
1770929
1771950
1771951
1771952
1771953
1771954
1771955
1771956
1771957
1771958
1771959
1771966
1771967
1771968
1772900
1772901
1772907
1772908
1772909
1772910
1772929
1772938
1772939
1772950
1772951
1773060
1773061
1773062
1773063
1773064
1773065
1773066
1773067
1773068
1773069
1773462
1773463
1774230
1774231
1774232
1774233
1774234
1774235
1774236
1774237
1774238
1774239
1774240
1774241
1774242
1774249
1774900
1774901
1774902
1774903
1774904
1774910
1774911
1774912
1774913
1774914
1774915
1774922
1774928
1774929
1774930
1774931
1774932
1774933
1774934
1774935
1774936
1774937
1774938
1774939
1776210
1776211
1776212
1776213
1776214
1776222
1776223
1776224
1776225
1776226
1776227
1776228
1776229
1776460
1776461
1776462
1776463
1776464
1776465
1776466
1776467
1776468
1776469
1776476
1776500
1776501
1776502
1776503
1776504
1776505
1776506
1776507
1776508
1776509
1776580
1776581
1776582
1776583
1776584
1776585
1776586
1776587
1776588
1776589
1776660
1776661
1776662
1776663
1776664
1776665
1776666
1776667
1776668
1776669
1777890
1777891
1777892
1777893
1777894
1777895
1777896
1777897
1777898
1777899
1778240
1778241
1778242
1778243
1778244
1778245
1778246
1778247
1778248
1778249
1778250
1778251
1778252
1778253
1778254
1778255
1778256
1778257
1778258
1778259
1778260
1778261
1778262
1778263
1778264
1778265
1778266
1778267
1778268
1778269
1778270
1778271
1778272
1778273
1778274
1778275
1778276
1778277
1778278
1778279
1778280
1778281
1778282
1778283
1778284
1778285
1778286
1778287
1778288
1778289
1778290
1778291
1778292
1778293
1778294
1778295
1778296
1778297
1778298
1778299
1778800
1778801
1778802
1778803
1778804
1778805
1778806
1778807
1778808
1778809
1778910
1778911
1778912
1778913
1778914
1778915
1778916
1778917
1778918
1779100
1779101
1779102
1779119
1779120
1779121
1779122
1779123
1779124
1779125
1779126
1779127
1779128
1779129
1779130
1779131
1779132
1779133
1779134
1779135
1779136
1779137
1779138
1779139
1779140
1779141
1779142
1779143
1779144
1779145
1779146
1779147
1779148
1779150
1779151
1779152
1779153
1779154
1779155
1779156
1779157
1779158
1779159
1779160
1779161
1779162
1779163
1779164
1779165
1779166
1779167
1779168
1779169
1779170
1779171
1779172
1779173
1779174
1779175
1779176
1779177
1779178
1779179
1779180
1779181
1779182
1779183
1779184
1779185
1779186
1779187
1779188
1779189
1779190
1779191
1779192
1779193
1779194
1779195
1779196
1779197
1779198
1779199
1779200
1779201
1779202
1779203
1779204
1779205
1779206
1779207
1779208
1779209
1779220
1779221
1779222
1779223
1779224
1779225
1779226
1779227
1779228
1779229
1779230
1779231
1779232
1779233
1779234
1779235
1779236
1779237
1779238
1779239
1779240
1779241
1779242
1779243
1779244
1779245
1779246
1779247
1779248
1779249
1779250
1779251
1779252
1779253
1779254
1779255
1779256
1779257
1779258
1779259
1779260
1779261
1779262
1779263
1779264
1779265
1779266
1779267
1779268
1779269
1779270
1779271
1779272
1779273
1779274
1779275
1779276
1779277
1779278
1779279
1779280
1779281
1779282
1779283
1779284
1779285
1779286
1779287
1779288
1779289
1779290
1779291
1779292
1779293
1779294
1779295
1779296
1779297
1779298
1779299
1779404
1779560
1779561
1779562
1779563
1779564
1779565
1779566
1779567
1779568
1779569
1779570
1779571
1779572
1779573
1779574
1779575
1779576
1779577
1779578
1779579
1779580
1779581
1779582
1779583
1779586
1779587
1779591
1779592
1779593
1779595
1350918
1351910
1351911
1351912
1351913
1351914
1351915
1351916
1351917
1351918
1351919
1357149
1357180
1357181
1357182
1357183
1357184
1357185
1357186
1357187
1357188
1357189
1357190
1357191
1357192
1357193
1357194
1357195
1357196
1357197
1357198
1357199
1357200
1357201
1357202
1357203
1357204
1357205
1357206
1357207
1357208
1357209
1357210
1357211
1357212
1357213
1357214
1357215
1357216
1357217
1357218
1357219
1357220
1357221
1357222
1357223
1357224
1357225
1357226
1357227
1357228
1357229
1357240
1357241
1357242
1357243
1357244
1357245
1357246
1357247
1357248
1357249
1357250
1357251
1357252
1357253
1357254
1357255
1357256
1357257
1357258
1357259
1357280
1357281
1357282
1357283
1357284
1357285
1357286
1357287
1357288
1357289
1357290
1357291
1357292
1357293
1357294
1357295
1357296
1357297
1357298
1357299
1452670
1452671
1452672
1452673
1452674
1452675
1452676
1452677
1452678
1452679
1452687
1452688
1452689
1453680
1453681
1453682
1453683
1453684
1453690
1453691
1453692
1453693
1453694
1453695
1453696
1454460
1454461
1454462
1454463
1454464
1454465
1454470
1454478
1457210
1457211
1457212
1457213
1457214
1457215
1457216
1457217
1457218
1457219
1459475
1459476
1459477
1459478
1459479
1459480
1459481
1459482
1459483
1459484
1459485
1459486
1459487
1459488
1459489
1459490
1459491
1459492
1459493
1459494
1459495
1459496
1459497
1459498
1459499
1459577
1459578
1459579
1459580
1459581
1459582
1459583
1459584
1459585
1459586
1459587
1459588
1459589
1459590
1459591
1459592
1459593
1459594
1459595
1459596
1459597
1459598
1459599
1720900
1720910
1720920
1726219
1300290
1300291
1300292
1300293
1300294
1300295
1300296
1300297
1300298
1300299
1300840
1300841
1300842
1301084
1301085
1302280
1302281
1302282
1302283
1302284
1302285
1302286
1302287
1302288
1302289
1302290
1302291
1302292
1302293
1302294
1302295
1302296
1302297
1302298
1302299
1302840
1302841
1302842
1302851
1302856
1302859
1303290
1303291
1303292
1303293
1303294
1303295
1303296
1303297
1303298
1303299
1303858
1303859
1303893
1306037
1306038
1306039
1306040
1306041
1306042
1307290
1307291
1307292
1307293
1307294
1307295
1307296
1307297
1307298
1307299
1308090
1308091
1308092
1308093
1308750
1308751
1308752
1308753
1308754
1308755
1308756
1308757
1308758
1308759
1308895
1308896
1308897
1308898
1308899
1309029
1309690
1309691
1309692
1309693
1309694
1309695
1309696
1309697
1309698
1309699
1860290
1860291
1860292
1860293
1860294
1860295
1860296
1860297
1860298
1860299
1860928
1862845
1862846
1862847
1862848
1862856
1862857
1862858
1862859
1862900
1862901
1862902
1862903
1862904
1862905
1862906
1862907
1862908
1862909
1862910
1862914
1862915
1862919
1862920
1862924
1862925
1862926
1862928
1862929
1862930
1862931
1862932
1862933
1862934
1862935
1862936
1862937
1862938
1862939
1862940
1862941
1862942
1862943
1862944
1862945
1862946
1862947
1862948
1862949
1862950
1862951
1862952
1862953
1862954
1862955
1862956
1862957
1862958
1862959
1862960
1862961
1862962
1862963
1862964
1862965
1862966
1862967
1862968
1862969
1868180
1868181
1868182
1868183
1868184
1868185
1868186
1868187
1868188
1868189
1868194
1868290
1868291
1868292
1868293
1868294
1868295
1868296
1868297
1868298
1868299
1869007
1869008
1869057
1869152
1869155
1869157
1869163
1869180
1869181
1869182
1869183
1869184
1869185
1869186
1869187
1869188
1869189
1869195
1869197
1869198
1869442
1550290
1550291
1550292
1550293
1550294
1550295
1550296
1550297
1550298
1550299
1550918
1552900
1552901
1552902
1552903
1552904
1552905
1552906
1552907
1552908
1552909
1552920
1552921
1552922
1552923
1552924
1552925
1552926
1552927
1552928
1552929
1552930
1552931
1552932
1552933
1552934
1552935
1552936
1552937
1552938
1552939
1552940
1552941
1552942
1552943
1552944
1552945
1552946
1552947
1552948
1552949
1552950
1552951
1552952
1552953
1552954
1552955
1552956
1552957
1552958
1552959
1552960
1552961
1552962
1552963
1552964
1552965
1552966
1552967
1552968
1552969
1559180
1559181
1559182
1559183
1559184
1559185
1559186
1559187
1559188
1559189
1559410
1559411
1559412
1559413
1559414
1559415
1559416
1559417
1559418
1559419
1559460
1559461
1559462
1559463
1559464
1559465
1559466
1559467
1559468
1559469
1559480
1559481
1559482
1559483
1559484
1559485
1559486
1559487
1559488
1559489
1559490
1559491
1559492
1559493
1559494
1559495
1559496
1559497
1559498
1559499
1559616
1559617
1559618
1559640
1559641
1559642
1559643
1559644
1559660
1559661
1559662
1559663
1559664
1559665
1559666
1559667
1559668
1559669
1559680
1559681
1559682
1559683
1559684
1559685
1559686
1559687
1559688
1559689
1390029
1390092
1390918
1390920
1390921
1390922
1390923
1390924
1390925
1390926
1390927
1390928
1390929
1399110
1399111
1399112
1399113
1399114
1399115
1399116
1399117
1399118
1399119
1399120
1399121
1399122
1399123
1399124
1399125
1399126
1399127
1399128
1399129
1399130
1399131
1399132
1399133
1399134
1399135
1399136
1399137
1399138
1399139
1399180
1399181
1399182
1399183
1399184
1399185
1399186
1399187
1399188
1399189
1399190
1399191
1399192
1399193
1399194
1399195
1399196
1399197
1399198
1399199
1399280
1399281
1399282
1399283
1399284
1399285
1399286
1399287
1399288
1399289
1671919
1672842
1672843
1672844
1672845
1672846
1672847
1672871
1672872
1672873
1672874
1672875
1672876
1672877
1672878
1672879
1672880
1672881
1672882
1672883
1672884
1672885
1672886
1672887
1672888
1672889
1672890
1672891
1810090
1810091
1810092
1810910
1810918
1810920
1810921
1810922
1810923
1810924
1810925
1810926
1810927
1810928
1810929
1813390
1813391
1813392
1813393
1813394
1813395
1813396
1813397
1813398
1813399
1814230
1814231
1814236
1814237
1814238
1814239
1814241
1814242
1814247
1814248
1814682
1814683
1814687
1814688
1814689
1814900
1814901
1814902
1814903
1814904
1814905
1814906
1814907
1814908
1814909
1814910
1814911
1814918
1814919
1814920
1814921
1814922
1814923
1814924
1814925
1814926
1814927
1814928
1814929
1814930
1814931
1814932
1814933
1814934
1814935
1814936
1814937
1814938
1814939
1814940
1814941
1814942
1814943
1814944
1814945
1814946
1814947
1814948
1814949
1816170
1816180
1816181
1816182
1816183
1816184
1816185
1816186
1816187
1816188
1816189
1816190
1816191
1816192
1816193
1816194
1816195
1816196
1816197
1816198
1816199
1816500
1816509
1816510
1816515
1816516
1816520
1816521
1816522
1816523
1816524
1816525
1816526
1816527
1816528
1816529
1816530
1816531
1816532
1816533
1816534
1816535
1816536
1816537
1816538
1816539
1816540
1816541
1816542
1816543
1816544
1816545
1816546
1816547
1816548
1816549
1816660
1816661
1816662
1816663
1816664
1816665
1816666
1816667
1818240
1818241
1818242
1818243
1818244
1818250
1818251
1818252
1818253
1818254
1818255
1818256
1818257
1818258
1818259
1818260
1818261
1818262
1818263
1818264
1818265
1818266
1818267
1818268
1818269
1818910
1818911
1818912
1818913
1818914
1818915
1818916
1818917
1818918
1818919
1818920
1818921
1818922
1818923
1818924
1818925
1818926
1818927
1818928
1818929
1819100
1819101
1819102
1819103
1819104
1819105
1819106
1819107
1819108
1819109
1819110
1819111
1819112
1819113
1819114
1819120
1819121
1819124
1819125
1819126
1819127
1819132
1819133
1819140
1819141
1819144
1819145
1819146
1819147
1819155
1819156
1819157
1819158
1819165
1819166
1819167
1819175
1819176
1819177
1819185
1819186
1819187
1819188
1819189
1819190
1819191
1819194
1819196
1819197
1819198
1819199
1819200
1819201
1819202
1819203
1819204
1819205
1819206
1819207
1819208
1819209
1819210
1819211
1819212
1819213
1819214
1819215
1819216
1819217
1819218
1819219
1819220
1819221
1819222
1819223
1819224
1819225
1819226
1819227
1819228
1819229
1819230
1819231
1819232
1819233
1819234
1819235
1819236
1819237
1819238
1819239
1819240
1819241
1819242
1819243
1819244
1819245
1819246
1819247
1819248
1819249
1819250
1819251
1819252
1819253
1819254
1819256
1819257
1819258
1819259
1819260
1819261
1819262
1819263
1819264
1819265
1819266
1819267
1819268
1819269
1819270
1819271
1819272
1819273
1819274
1819275
1819276
1819277
1819278
1819279
1819280
1819281
1819282
1819283
1819284
1819285
1819286
1819287
1819288
1819289
1819290
1819291
1819292
1819293
1819294
1819295
1819296
1819297
1819298
1819299
1520240
1520241
1520242
1520243
1520244
1520245
1520246
1520247
1520248
1520249
1520290
1520291
1520292
1520293
1520294
1520295
1520296
1520297
1520298
1520299
1520918
1520920
1520921
1520922
1520923
1520924
1520925
1520926
1520927
1520928
1520929
1522900
1522901
1522902
1522903
1522904
1522905
1522906
1522907
1522908
1522909
1522920
1522921
1522922
1522923
1522924
1522925
1522926
1522927
1522928
1522929
1522930
1522931
1522932
1522933
1522934
1522935
1522936
1522937
1522938
1522939
1522988
1522989
1524904
1524906
1524908
1524909
1524918
1524919
1524920
1524921
1524922
1524923
1524924
1524925
1524926
1524927
1524928
1524929
1528928
1528934
1528935
1528936
1528937
1528938
1528945
1528947
1528948
1529118
1529119
1529141
1529145
1529148
1529149
1529157
1529159
1529168
1529169
1529181
1529183
1529184
1529185
1529186
1529187
1529191
1529196
1529198
1529199
1880290
1880291
1880292
1880293
1880294
1880295
1880296
1880297
1880298
1880299
1880918
1880920
1880921
1880922
1880923
1880924
1880925
1880926
1880927
1880928
1880929
1882160
1882161
1882162
1882163
1882164
1882165
1882166
1882167
1882168
1882169
1882170
1882171
1882172
1882173
1882174
1882175
1882176
1882177
1882178
1882179
1882900
1882901
1882902
1882903
1882904
1882905
1882906
1882907
1882908
1882909
1882910
1882918
1882920
1882921
1882922
1882923
1882924
1882925
1882926
1882927
1882928
1882929
1882930
1882934
1882935
1882940
1882944
1882948
1882949
1882950
1882951
1882952
1882953
1882954
1882955
1882956
1882957
1882958
1882959
1882960
1882964
1882970
1882978
1882980
1882984
1882988
1882989
1884020
1884024
1884028
1884029
1884030
1884031
1884034
1884036
1884038
1884039
1884040
1884045
1884046
1884048
1889144
1889148
1889190
1889191
1889192
1889193
1889194
1889195
1889196
1889197
1889198
1889199
1889200
1889201
1889202
1889203
1889204
1889205
1889206
1889207
1889208
1889209
1889215
1750290
1750293
1750294
1750296
1750297
1750298
1750299
1750910
1750920
1750928
1470290
1470291
1470292
1470293
1470294
1470295
1470296
1470297
1470298
1470299
1470918
1470920
1470921
1470922
1470923
1470924
1470925
1470926
1470927
1470928
1470929
1472770
1472771
1472772
1472773
1472774
1472775
1472776
1472780
1472784
1472790
1472798
1472900
1472901
1472902
1472903
1472904
1472905
1472906
1472907
1472908
1472909
1472913
1472914
1472917
1472918
1472920
1472921
1472922
1472923
1472924
1472925
1472926
1472927
1472928
1472929
1472940
1472941
1472942
1472943
1472944
1472945
1472946
1472947
1472948
1472949
1472986
1472988
1472996
1472998
1476090
1476091
1476092
1476093
1476094
1476095
1476096
1476097
1476098
1476099
1476580
1476581
1476582
1479105
1479106
1479108
1479109
1479110
1479111
1479112
1479113
1479114
1479115
1479116
1479117
1479118
1479119
1479156
1479157
1479158
1479159
1479166
1479167
1479168
1479169
1479178
1479179
1479180
1479181
1479182
1479183
1479184
1479200
1479201
1479202
1479203
1479204
1479205
1479206
1479207
1479208
1479209
1479210
1479211
1479212
1479213
1479214
1479215
1479216
1479217
1479218
1479219
1479220
1479221
1479222
1479223
1479224
1479225
1479226
1479227
1479228
1479229
1370022
1370023
1370024
1370027
1370028
1370029
1370911
1370912
1370914
1370918
1370919
1370920
1370921
1370922
1370924
1370925
1370926
1370928
1370929
1372040
1372041
1372042
1372043
1372045
1372049
1372051
1372052
1372053
1372054
1372055
1372058
1372060
1372061
1372062
1372063
1372065
1372072
1372073
1372075
1372076
1372077
1375982
1375987
1375988
1375989
1375990
1375991
1375992
1375993
1375994
1375995
1375996
1375997
1375998
1375999
1377200
1377201
1377202
1377203
1377204
1377205
1377206
1377207
1377208
1377209
1377210
1377211
1377212
1377213
1377214
1377215
1377216
1377217
1377218
1377219
1377240
1377241
1377242
1377243
1377244
1377245
1377246
1377247
1377248
1377249
1377250
1377251
1377252
1377253
1377254
1700290
1700291
1700292
1700293
1700294
1700295
1700296
1700297
1700298
1700299
1700910
1700911
1700914
1700915
1701920
1701921
1701922
1701923
1701924
1701925
1701926
1701927
1701928
1701929
1702900
1702901
1702902
1702903
1702904
1702905
1702906
1702907
1702908
1702909
1702910
1702911
1702912
1702913
1702914
1702915
1703070
1703071
1703072
1703073
1703074
1703076
1703077
1703078
1703079
1703080
1703081
1703082
1703083
1703084
1703085
1703086
1703087
1703088
1703089
1703090
1703091
1703092
1703093
1703094
1703095
1703096
1703097
1703098
1703099
1703100
1703101
1703102
1703103
1703104
1703941
1703942
1703943
1703944
1703945
1703946
1703947
1703948
1704082
1704890
1704891
1704892
1704893
1704894
1704895
1704896
1704897
1704898
1704899
1705030
1705062
1705129
1705166
1705229
1705247
1705250
1705289
1705370
1705529
1705561
1705623
1705676
1705729
1705734
1705769
1705779
1705812
1707290
1707291
1707292
1707293
1707294
1707295
1707296
1707297
1707298
1707299
1708290
1708291
1708292
1708293
1708294
1708295
1708296
1708297
1708298
1708299
1708910
1708911
1708912
1708913
1708914
1708915
1709290
1709292
1709293
1709294
1709295
1709296
1709297
1709298
1709299
1910290
1910291
1910918
1910920
1910921
1910922
1910923
1910924
1910925
1910926
1910927
1910928
1910929
1914461
1914462
1914463
1914464
1914465
1914466
1914520
1914521
1914522
1914523
1914524
1914525
1914526
1914527
1919105
1919106
1919107
1919108
1919109
1919170
1919171
1919172
1320140
1320141
1320142
1320143
1320144
1320145
1320146
1320147
1320148
1320149
1320150
1320151
1320152
1320153
1320154
1320155
1320156
1320157
1320158
1320159
1320160
1320161
1320162
1320163
1320164
1320165
1320166
1320167
1320168
1320169
1320170
1320171
1320172
1320173
1320174
1320175
1320176
1320177
1320178
1320179
1320180
1320181
1320182
1320183
1320184
1320185
1320186
1320187
1320188
1320189
1322700
1322701
1322702
1322703
1322704
1322705
1322706
1322707
1322708
1322709
1322770
1322771
1322772
1322773
1322774
1322775
1322776
1322777
1322778
1322779
1322780
1322781
1322782
1322783
1322784
1322785
1322786
1322787
1322788
1322789
1322800
1322801
1322802
1322803
1322804
1322805
1322806
1322807
1322808
1322809
1324410
1325940
1325941
1325942
1325943
1325944
1325945
1325946
1325947
1325948
1325949
1325970
1325971
1325972
1325973
1325974
1325975
1325976
1325977
1325978
1325979
1325980
1325981
1325982
1325983
1325984
1325985
1325986
1325987
1325988
1325989
1325990
1325991
1325992
1325993
1325994
1325995
1325996
1325997
1325998
1325999
1327920
1327921
1327922
1327923
1327924
1327925
1327926
1327927
1327928
1327929
1327930
1327931
1327932
1327933
1327934
1327935
1327936
1327937
1327938
1327939
1327940
1327941
1327942
1327943
1327944
1327945
1327946
1327947
1327948
1327949
1328920
1328921
1328922
1328923
1328924
1328925
1328926
1328927
1328928
1328929
1328930
1328931
1328932
1328933
1328934
1328935
1328936
1328937
1328938
1328939
1328980
1328981
1328982
1328983
1328984
1328985
1328986
1328987
1328988
1328989
1329900
1329901
1329902
1329903
1329904
1329905
1329906
1329907
1329908
1329909
1329910
1329911
1329912
1329913
1329916
1329917
1329919
1570290
1570291
1570292
1570293
1570294
1570295
1570296
1570297
1570298
1570299
1570600
1570601
1570602
1570603
1570604
1570910
1570918
1570920
1570924
1570928
1571044
1571048
1571049
1571918
1571921
1571928
1571929
1572191
1572194
1572195
1572196
1572197
1572198
1576910
1576918
1576920
1576929
1577170
1577171
1577172
1577173
1577174
1577175
1577176
1577177
1577178
1577179
1577180
1577190
1577191
1577192
1577193
1577194
1577195
1577196
1577197
1577198
1577199
1840290
1840291
1840292
1840293
1840294
1840295
1840299
1840910
1840918
1840920
1841780
1841781
1841782
1841783
1841784
1841785
1841786
1841787
1841788
1841789
1841790
1841791
1841792
1841793
1841794
1841795
1841796
1841797
1841798
1841799
1842900
1842901
1842904
1842908
1842909
1842910
1842918
1842920
1842922
1842924
1842928
1842950
1842951
1842952
1842953
1842954
1842955
1842957
1842958
1842959
1842960
1842961
1842962
1842963
1842964
1842966
1842967
1842970
1842971
1842972
1842973
1842974
1842975
1842976
1842977
1842978
1842979
1849111
1849112
1849113
1849114
1849115
1849116
1849117
1849118
1849119
1849590
1849591
1849592
1849593
1849594
1849595
1849596
1849597
1849598
1849599
1650152
1650290
1650920
1650922
1650928
1651029
1651078
1651080
1651081
1651229
1651385
1651490
1652144
1652176
1652617
1653328
1653905
1655029
1655717
1656126
1656127
1656129
1656252
1656253
1656263
1656829
1656910
1656950
1657112
1657122
1980290
1980291
1980292
1980294
1980298
1980299
1980910
1980918
1981519
1982900
1982908
1982910
1982914
1982918
1982919
1982920
1982921
1982924
1982925
1982926
1982930
1982931
1982934
1982936
1982938
1982939
1982940
1982942
1982944
1982947
1982948
1982949
1982960
1982961
1982962
1982963
1982964
1982965
1982966
1982967
1982968
1982969
1982970
1982971
1982972
1982973
1982974
1982975
1982976
1982977
1982978
1982979
1982980
1982981
1982982
1982983
1982984
1982985
1982986
1982987
1982988
1982989
1988892
1989088
1989098
1989127
1989141
1989142
1989143
1989145
1989450
1989451
1989452
1989453
1989454
1989455
1989456
1989457
1989458
1989459
1989492
1989494
1989495
1989498
1989499
1989871
1989874
1989877
1380029
1380915
1380918
1380919
1389143
1389180
1389181
1389182
1389183
1389184
1389185
1389186
1389187
1389188
1389189
1389190
1389191
1389192
1389193
1389194
1389195
1389196
1389197
1389198
1389199
1389280
1389281
1389282
1389283
1389284
1389285
1389286
1389287
1389288
1389289
1660290
1660291
1660292
1660293
1660294
1660295
1660296
1660297
1660298
1660299
1660910
1660918
1660920
1660924
1660925
1870000
1870018
1870019
1870040
1870041
1870042
1870043
1870044
1870045
1870046
1870047
1870048
1870049
1870058
1870059
1870078
1870079
1870080
1870081
1870082
1870083
1870084
1870085
1870086
1870087
1870088
1870089
1870090
1870091
1870092
1870093
1870094
1870095
1870096
1870097
1870098
1870099
1870290
1870291
1870292
1870293
1870294
1870295
1870296
1870297
1870298
1870299
1870670
1870671
1870672
1870673
1870674
1870675
1870676
1870677
1870678
1870679
1870680
1870681
1870682
1870683
1870684
1870685
1870686
1870687
1870688
1870689
1870918
1870920
1870921
1870922
1870923
1870924
1870925
1870926
1870927
1870928
1870929
1871030
1871031
1871032
1871033
1871034
1871035
1871036
1871037
1871038
1871039
1871040
1871041
1871042
1871043
1871044
1871045
1871046
1871047
1871048
1871049
1871050
1871051
1871054
1871055
1871056
1871057
1871060
1871061
1871062
1871064
1871068
1871070
1871071
1871072
1871073
1871074
1871075
1871076
1871077
1871078
1871079
1871080
1871081
1871082
1871083
1871084
1871085
1871086
1871087
1871088
1871089
1871090
1871091
1871092
1871093
1871094
1871095
1871096
1871097
1871098
1871099
1871730
1871731
1871732
1871733
1871734
1871735
1871736
1871737
1871738
1871739
1872900
1872901
1872902
1872903
1872904
1872905
1872906
1872907
1872908
1872909
1872918
1872920
1872921
1872922
1872923
1872924
1872925
1872926
1872927
1872928
1872929
1872930
1872931
1872932
1872933
1872934
1872935
1872936
1872937
1872938
1872939
1872948
1872950
1872951
1872952
1872953
1872954
1872955
1872956
1872957
1872958
1872959
1872986
1872987
1872990
1872996
1872997
1872998
1874035
1874039
1874040
1874041
1874042
1874043
1874044
1874045
1874046
1874047
1874048
1874049
1874064
1878940
1878941
1878942
1878943
1878944
1878945
1878946
1878947
1878948
1878949
1879148
1879198
1879240
1879241
1879242
1879243
1879244
1879245
1879246
1879247
1879248
1879249
1879250
1879251
1879252
1879253
1879254
1879255
1879256
1879257
1879258
1879259
1879260
1879261
1879262
1879263
1879264
1879265
1879266
1879267
1879268
1879269
1879270
1879271
1879272
1879273
1879274
1879275
1879276
1879277
1879278
1879279
1879280
1879281
1879282
1879283
1879284
1879285
1879286
1879287
1879288
1879289
1879290
1879291
1879292
1879293
1879294
1879295
1879296
1879297
1879298
1879299
1310950
1310951
1310952
1310953
1310954
1310955
1310956
1310957
1310958
1310959
1311040
1311041
1311042
1311043
1311044
1311045
1311046
1311047
1311048
1311049
1311910
1311911
1311912
1311913
1311914
1311915
1311916
1311917
1311918
1311919
1314918
1314920
1314921
1314922
1314923
1314924
1314925
1314926
1314927
1314928
1314929
1315200
1315201
1315202
1315203
1315204
1315205
1315206
1315207
1315208
1315209
1315210
1315211
1315212
1315213
1315214
1315215
1315216
1315217
1315218
1315219
1315240
1315241
1315242
1315243
1315244
1315245
1315246
1315247
1315248
1315249
1316571
1316572
1316573
1316574
1316575
1316578
1316579
1318600
1318601
1318602
1318603
1318604
1318605
1318606
1318607
1318608
1318609
1318610
1318611
1318612
1318613
1318614
1318615
1318616
1318617
1318618
1318619
1319330
1319331
1319332
1319333
1319334
1319335
1319336
1319337
1319338
1319339
1730088
1730290
1730291
1730292
1730293
1730294
1730295
1730296
1730297
1730298
1730299
1730910
1730918
1730920
1730921
1730922
1730923
1730924
1730925
1730926
1730927
1730928
1730929
1731660
1731661
1731662
1731663
1731664
1731665
1731666
1731667
1731668
1731669
1731951
1731952
1731959
1731985
1731986
1731987
1731988
1731989
1731990
1731991
1731992
1731993
1731994
1731995
1731996
1731997
1731998
1731999
1734210
1734211
1734212
1734213
1734214
1734215
1734216
1734217
1734218
1734219
1734220
1734221
1734222
1734223
1734224
1734225
1734226
1734227
1734228
1734229
1734230
1734231
1734232
1734233
1734292
1734293
1734294
1734295
1734296
1734297
1734298
1734299
1734900
1734901
1734902
1734903
1734905
1734906
1734907
1734908
1734909
1734910
1734911
1734912
1734913
1734914
1734915
1734925
1734926
1734933
1734934
1734935
1738243
1738256
1738257
1738267
1738697
1738698
1738699
1738910
1738911
1738912
1738913
1738914
1738915
1738916
1738917
1738918
1738919
1738920
1739111
1739112
1739113
1739114
1739115
1739116
1739117
1739118
1739119
1739123
1739124
1739125
1739140
1739141
1739142
1739143
1739144
1739145
1739146
1739147
1739148
1739149
1739158
1739160
1739161
1739162
1739163
1739164
1739165
1739166
1739167
1739168
1739170
1739171
1739172
1739173
1739174
1739175
1739176
1739177
1739178
1739179
1739180
1739181
1739182
1739183
1739184
1739185
1739186
1739187
1739188
1739189
1739190
1739191
1739192
1739193
1739194
1739195
1739196
1739197
1739198
1739199
1739205
1739206
1739220
1739221
1739222
1739223
1739224
1739225
1739226
1739227
1739228
1739229
1739244
1739245
1739246
1739247
1739248
1739249
1739250
1739251
1739252
1739253
1739254
1739255
1739256
1739257
1739258
1739259
1739270
1739271
1739272
1739273
1739274
1739275
1739276
1739277
1739278
1739279
1739280
1739281
1739282
1739283
1739284
1739285
1739286
1739287
1739288
1739289
1739290
1739291
1739292
1739293
1739294
1739295
1739296
1739297
1739298
1739299
1739561
1739562
1739563
1739564
1739565
1739566
1739567
1739660
1739661
1739662
1739663
1739664
1739665
1739666
1739667
1739668
1739669
1739867
1739868
1340294
1340295
1340296
1340297
1340298
1342977
1344190
1344490
1344890
1346860
1346861
1346862
1346865
1346866
1346867
1346870
1346871
1346872
1346875
1346876
1346877
1346881
1346882
1346883
1346884
1346885
1346888
1346892
1346893
1346895
1346897
1347400
1347401
1347402
1347403
1347405
1347406
1347407
1347410
1347411
1347412
1347413
1347415
1347416
1347417
1347429
1347435
1347436
1347437
1347446
1347447
1347450
1347451
1347452
1347453
1347464
1347465
1347466
1347467
1347468
1348446
1348447
1348451
1348452
1348453
1348454
1348455
1348458
1348459
1348460
1348461
1348462
1348463
1348466
1348467
1348480
1348481
1348490
1348491
1348492
1348493
1348495
1348810
1348811
1348812
1348813
1348814
1348815
1348818
1348819
1348821
1348822
1348823
1348826
1348827
1348831
1348832
1348833
1348835
1348846
1348847
1580290
1580291
1580292
1580293
1580294
1580295
1580296
1580297
1580298
1580299
1580918
1580920
1580921
1580922
1580923
1580924
1580925
1580926
1580927
1580928
1580929
1582900
1582901
1582902
1582903
1582904
1582905
1582906
1582907
1582908
1582909
1582910
1582920
1582921
1582922
1582923
1582924
1582925
1582926
1582927
1582928
1582929
1582930
1582931
1582932
1582933
1582934
1582935
1582936
1582937
1582938
1582939
1582946
1582947
1582953
1582954
1582955
1582958
1582960
1582961
1582962
1582963
1582964
1582965
1582966
1582967
1582968
1582969
1582970
1582971
1582972
1582973
1582974
1582975
1582976
1582977
1582978
1582979
1582984
1582988
1582990
1582991
1582992
1582993
1587732
1587734
1587738
1587739
1587744
1587748
1587755
1587765
1589130
1589139
1589142
1589144
1589148
1589149
1589170
1589171
1589172
1589173
1589174
1589175
1589176
1589177
1589178
1589179
1760290
1760291
1760292
1760293
1760294
1760295
1760296
1760297
1760298
1760299
1760910
1760920
1761290
1761291
1762900
1762901
1762902
1762903
1762904
1762905
1762906
1762907
1762908
1762909
1762910
1762914
1762915
1762919
1762920
1762921
1762922
1762923
1762924
1762925
1762926
1762927
1762928
1762929
1769100
1769101
1769102
1769103
1769104
1769105
1769106
1769107
1769108
1769109
1769110
1769111
1769112
1769113
1769114
1769115
1769116
1769117
1769118
1769119
1769120
1769121
1769122
1769123
1769124
1769134
1769135
1769139
1769198
1769199
1510290
1510291
1510292
1510293
1510294
1510295
1510296
1510297
1510298
1510299
1510911
1510920
1510921
1510922
1510923
1510924
1510925
1510926
1510927
1510928
1510929
1511480
1511481
1511482
1511483
1511484
1511485
1511486
1511487
1511488
1511489
1511498
1512900
1512901
1512902
1512903
1512904
1512905
1512906
1512907
1512908
1512909
1512918
1512920
1512921
1512922
1512923
1512924
1512925
1512926
1512927
1512928
1512929
1512931
1512936
1512939
1512944
1512948
1512956
1512965
1512982
1512988
1512993
1519141
1519142
1519143
1519144
1519145
1519146
1519147
1519148
1519157
1519158
1519168
1519181
1519184
1519185
1519186
1519188
1519189
1519190
1519191
1820290
1820291
1820292
1820293
1820294
1820295
1820296
1820297
1820298
1820299
1820910
1820918
1820920
1820921
1820922
1820923
1820924
1820925
1820926
1820927
1820928
1820929
1822000
1822001
1822002
1822003
1822004
1822005
1822006
1822007
1822008
1822009
1822017
1822018
1822019
1822040
1822048
1822050
1822051
1822052
1822053
1822054
1822055
1822056
1822057
1822058
1822059
1822060
1822061
1822068
1822080
1822081
1822082
1822083
1822084
1822085
1822086
1822087
1822090
1822900
1822901
1822902
1822903
1822904
1822905
1822906
1822907
1822908
1822909
1824080
1824088
1824089
1829100
1829101
1829102
1829103
1829104
1829105
1829106
1829107
1829108
1829109
1829140
1829141
1829142
1829143
1829144
1829145
1829146
1829147
1829148
1829149
1829180
1829181
1829182
1829183
1829184
1829185
1829186
1829187
1829188
1829189
1829190
1829191
1829192
1829193
1829194
1829195
1829196
1829197
1829198
1829199
1829200
1829201
1829202
1829203
1829204
1829205
1829206
1829207
1829208
1829209
1829216
1829217
1829218
1829240
1829241
1829244
1829245
1829246
1829248
1829249
1829256
1829257
1829267
1829268
1829280
1829281
1829282
1829283
1829284
1829285
1829286
1829287
1829288
1829289
1829290
1829291
1829292
1829293
1829294
1829295
1829296
1829297
1829298
1829299
1800919
1804919
1809190
1809191
1809192
1809193
1809194
1809195
1809196
1809197
1530919
1531988
1531989
1534919
1535321
1535322
1535332
1535342
1535382
1535383
1538459
1538469
1538919
1538930
1539419
1539919
1539920
1361919
1362919
1364919
1367919
1890919
1899158
1899159
1899290
1899291
1899292
1899293
1899294
1899295
1899296
1899297
1899298
1899299
1330919
1331919
1332468
1332469
1332539
1335919
1337919
1338919
1339919
1339929
1990919
1991619
1994539
1994659
1999159
1560919
1561919
1566795
1566796
1566797
1566798
1566799
1568656
1568657
1568658
1568659
1569168
1569169
1850919
1859079
1859098
1859099
1859190
1859230
1859231
1780299
1780919
1780922
1782919
1782989
1784779
1786739
1786869
1789919
1860919
1869190
1869191
1869192
1869193
1869194
1550919
1552919
1559190
1559191
1559648
1559649
1390919
1399158
1399159
1399290
1399291
1399292
1399293
1399294
1399295
1399296
1399297
1399298
1399299
1300850
1300851
1302850
1303850
1308765
1309817
1309818
1309819
1590919
1592969
1770919
1772919
1772927
1772940
1774909
1779149
1779409
1350919
1357140
1357141
1357155
1357156
1357157
1357158
1357159
1452699
1454479
1459472
1459473
1459474
1459575
1459576
1500919
1502939
1830919
1832949
1832959
1832969
1832999
1839149
1839159
1839199
1622918
1570919
1571919
1572199
1577189
1840919
1842919
1980919
1981528
1982909
1989089
1989116
1650919
1910919
1914539
1320919
1322842
1323919
1325919
1750919
1880919
1882919
1882969
1882979
1889119
1470919
1472779
1472919
1472999
1479190
1479191
1375960
1377279
1810919
1814249
1816179
1520919
1522919
1522984
1528929
1529195
1510919
1511499
1512919
1512957
1519149
1820919
1822049
1822088
1829159
1829259
1829279
1346879
1348800
1580919
1582989
1589160
1760919
1760929
1769129
1314919
1315227
1315228
1315229
1315408
1315409
1730919
1731950
1734239
1734390
1734391
1734919
1734937
1738242
1738259
1660919
1870068
1870069
1870919
1871059
1871749
1871759
1872919
1872979
1872999
1874069
1874079
1879119
1879149
1953380
1959122
1360922
1361912
1362912
1362922
1363029
1363679
1363684
1363688
1364912
1364922
1365912
1365922
1366912
1366914
1368912
1368922
1890912
1896695
1896696
1896697
1896698
1896699
1899106
1899107
1899108
1899109
1899220
1899221
1899222
1899223
1899224
1899225
1899226
1899227
1899228
1899229
1530912
1531959
1531960
1531961
1531962
1531963
1531964
1531965
1531966
1531967
1531968
1533258
1533259
1533260
1533261
1533262
1533263
1533622
1533623
1533624
1533625
1534912
1535316
1535317
1535318
1535319
1535320
1535338
1535348
1535386
1535387
1535388
1535389
1538452
1538462
1538912
1538957
1538958
1538959
1539412
1539912
1539928
1539929
1539930
1800912
1804912
1804930
1804931
1804932
1804933
1804934
1804935
1809120
1809121
1809122
1809123
1809124
1809125
1809126
1809127
1809198
1809199
1809800
1809801
1809802
1809803
1809804
1809805
1809806
1809807
1809808
1809809
1990912
1992910
1992911
1992912
1992913
1992914
1992915
1992931
1992932
1992933
1992934
1992935
1992936
1992937
1992938
1992939
1992940
1992941
1992942
1992943
1992944
1992945
1992946
1992947
1992948
1992949
1992950
1992951
1992952
1992953
1992954
1992955
1992956
1992957
1992958
1992959
1992960
1992961
1992962
1992963
1992964
1994527
1994528
1994529
1994530
1994559
1999106
1999107
1999108
1999109
1780682
1780912
1782912
1782922
1782932
1782942
1782952
1782962
1782992
1784762
1784772
1786732
1786822
1786832
1786842
1786882
1789912
1850912
1850918
1851299
1859080
1859081
1859082
1859083
1859084
1859085
1859086
1859087
1859088
1859089
1859120
1859121
1859122
1859123
1859124
1859125
1859126
1859127
1859128
1859129
1859180
1859181
1859182
1859183
1859240
1560912
1561912
1561990
1561991
1561992
1561993
1561994
1561995
1566768
1566769
1566770
1566771
1566772
1566773
1566774
1566775
1566776
1566777
1566778
1566779
1566780
1566781
1566782
1566783
1566784
1568660
1568661
1568662
1568663
1568664
1568665
1568666
1568667
1568668
1568669
1568670
1568671
1568672
1568673
1568674
1568675
1568676
1568677
1568680
1568681
1568682
1568683
1568684
1568685
1568686
1568687
1568688
1568689
1569120
1569121
1569122
1569123
1569124
1569125
1569126
1569127
1569128
1569129
1330912
1331092
1331099
1331912
1332460
1332461
1332462
1332532
1332540
1332541
1332542
1333532
1334748
1335912
1337912
1337932
1337939
1337942
1337949
1337956
1337957
1337958
1338912
1339912
1339922
1712790
1712791
1712792
1712793
1712794
1712795
1712796
1712797
1712798
1712799
1713912
1715912
1716912
1716913
1716918
1716919
1717900
1717904
1717912
1717914
1718912
1718913
1718914
1718915
1718916
1302640
1303894
1303895
1303896
1303897
1303898
1303899
1308096
1308097
1308098
1308482
1308483
1308484
1309824
1309825
1309826
1309827
1309828
1309829
1550912
1550920
1550921
1550922
1550923
1550924
1552912
1552970
1552971
1552972
1552973
1552974
1552975
1552976
1552977
1552978
1552979
1552980
1552981
1552982
1552983
1552984
1552985
1552986
1552987
1552988
1552989
1552990
1552991
1552992
1552993
1552994
1552995
1552996
1552997
1552998
1552999
1559120
1559121
1559122
1559123
1559124
1559125
1559126
1559127
1559128
1559129
1559420
1559421
1559422
1559423
1559458
1559459
1559600
1559601
1559602
1559603
1559604
1559605
1559606
1559607
1559608
1559609
1559610
1559611
1559650
1559651
1559652
1559653
1559654
1559655
1559656
1559657
1559658
1559659
1860912
1860918
1860922
1862866
1862868
1862869
1862912
1862918
1862922
1868190
1868191
1868192
1868193
1869044
1869045
1869046
1869047
1869048
1869059
1869120
1869121
1869122
1869123
1869124
1869125
1869126
1869127
1869128
1869129
1869199
1869445
1671912
1672840
1672841
1672849
1672870
1672892
1672893
1672894
1672895
1672896
1672897
1672898
1672899
1672910
1672912
1672913
1672914
1672918
1672919
1673910
1673912
1673913
1673914
1673918
1673919
1390091
1390912
1399106
1399107
1399108
1399109
1399220
1399221
1399222
1399223
1399224
1399225
1399226
1399227
1399228
1399229
1830912
1832920
1832921
1832922
1832923
1832924
1832925
1832926
1832927
1832928
1832929
1832942
1832982
1832983
1832984
1832985
1839120
1839121
1839122
1839123
1839124
1839125
1839126
1839127
1839128
1839129
1839142
1839220
1839221
1839222
1839223
1839224
1839225
1839226
1839227
1839228
1839229
1839542
1839546
1500912
1500922
1502912
1502932
1502938
1502940
1502942
1502951
1502952
1502962
1502969
1502972
1502973
1502982
1502984
1509102
1509112
1509122
1509131
1509140
1509149
1509150
1509166
1509174
1509178
1509184
1509188
1621921
1621925
1621926
1770912
1771963
1771964
1771965
1772912
1772928
1772943
1773078
1773079
1773466
1774244
1774245
1774905
1774906
1774920
1774921
1779112
1779113
1779114
1779210
1779211
1779212
1779213
1779214
1779215
1779216
1779217
1779408
1779585
1779596
1779597
1779598
1779599
1590912
1590924
1590928
1592901
1592902
1592905
1592912
1592914
1592918
1592919
1592922
1592939
1592940
1592949
1592964
1592968
1592970
1592979
1592982
1592983
1599120
1599121
1599122
1599123
1599182
1599192
1452685
1452686
1452692
1453671
1453672
1454469
1454472
1459465
1459466
1459467
1459468
1459571
1459572
1350912
1357120
1357121
1357122
1357123
1357124
1357125
1357126
1357127
1357128
1357129
1357263
1357264
1357265
1357266
1357267
1357268
1357269
1700912
1700913
1701910
1701911
1701912
1701913
1702918
1702919
1704083
1704084
1704085
1704086
1704087
1704088
1704089
1704870
1704871
1704872
1704873
1704874
1704875
1704876
1704877
1704878
1704879
1708916
1708917
1708918
1708919
1709291
1320912
1321960
1321961
1321962
1322002
1322792
1322799
1322836
1322844
1323912
1323924
1323925
1323926
1323927
1323928
1323929
1325912
1325933
1325934
1325935
1325936
1325937
1325938
1327912
1328912
1328947
1328948
1328949
1328970
1328971
1328972
1328973
1328974
1328975
1328976
1328977
1328978
1328979
1910292
1910293
1910294
1910295
1910296
1910912
1919102
1919120
1919121
1919122
1919123
1919124
1919125
1919126
1919127
1919128
1919129
1919145
1919146
1919147
1919148
1919149
1919173
1919174
1840912
1840922
1840929
1842902
1842912
1570912
1570922
1571042
1571912
1571922
1572192
1576090
1576091
1576092
1576912
1576922
1576924
1577160
1577161
1577162
1577182
1577184
1650266
1650799
1650910
1650912
1650918
1651079
1651083
1651178
1651219
1651272
1651284
1651912
1652166
1652241
1652242
1652243
1652244
1652245
1652246
1652247
1652248
1652249
1652274
1652383
1652387
1652390
1652391
1652544
1652610
1652616
1652812
1652857
1652859
1653283
1653329
1653382
1655247
1655248
1655544
1655712
1655721
1655757
1655900
1655908
1655912
1655962
1656260
1656366
1656504
1656619
1656622
1656644
1656654
1656670
1656706
1656864
1656894
1656896
1656912
1656916
1656917
1656919
1657100
1657102
1657149
1657254
1657264
1657404
1657494
1980295
1980912
1981522
1982902
1982912
1982922
1982929
1982932
1982935
1988898
1988899
1989082
1989092
1989099
1989120
1989121
1989122
1989123
1989125
1989126
1989128
1989480
1989481
1989482
1989488
1989489
1989872
1989876
1520912
1522912
1522918
1522942
1522944
1522952
1522959
1522962
1522972
1522979
1522982
1522985
1522992
1524901
1524902
1524912
1528922
1528932
1528939
1528941
1528942
1529120
1529121
1529122
1529123
1529124
1529125
1529126
1529127
1529128
1529129
1529142
1529182
1529188
1810912
1814243
1814684
1814912
1816172
1816502
1816512
1816519
1816668
1816669
1818247
1818248
1819122
1819123
1819128
1819129
1880912
1882912
1882932
1882942
1882962
1882972
1882982
1884022
1884032
1884042
1884044
1889120
1889121
1889122
1889123
1889124
1889125
1889126
1889127
1889128
1889129
1889142
1889151
1889152
1889182
1889189
1889212
1889219
1750912
1750918
1750922
1372044
1372046
1372047
1372048
1372064
1372068
1372069
1372071
1372079
1377230
1377231
1377232
1377233
1377234
1377235
1377236
1377237
1377238
1377239
1377290
1377291
1377292
1377293
1377294
1377295
1470912
1472781
1472782
1472792
1472912
1472982
1472987
1472990
1472992
1479101
1479102
1479104
1479120
1479121
1479122
1479123
1479124
1479125
1479126
1479127
1479128
1479129
1479139
1479140
1479141
1479142
1479143
1479144
1479145
1479146
1479147
1479148
1479149
1479177
1479185
1479199
1340292
1340299
1340912
1340914
1340916
1340917
1340918
1340919
1342972
1342979
1344990
1346874
1346878
1346880
1346889
1347422
1347423
1347439
1347444
1347448
1348444
1348448
1348482
1348483
1348484
1348488
1348494
1348498
1348802
1348803
1348804
1348808
1348829
1348834
1348838
1348844
1348848
1760912
1760922
1761298
1761299
1762912
1769130
1769131
1580912
1582912
1582982
1587746
1587754
1587756
1587757
1587758
1589102
1589112
1589113
1589115
1589117
1589122
1589123
1589124
1589125
1589126
1589127
1589128
1589129
1820912
1822020
1822021
1822022
1822023
1822024
1822025
1822026
1822027
1822028
1822029
1822042
1822062
1822067
1822092
1822094
1824082
1829120
1829121
1829122
1829123
1829124
1829125
1829126
1829127
1829128
1829129
1829220
1829221
1829222
1829223
1829224
1829225
1829226
1829227
1829228
1829229
1829242
1510912
1511492
1511494
1512912
1512932
1512942
1512952
1512960
1512971
1512972
1512983
1512997
1519120
1519121
1519122
1519123
1519124
1519125
1519126
1519127
1519128
1519129
1519182
1519194
1519198
1519199
1660912
1660922
1660929
1380912
1389120
1389121
1389122
1389123
1389124
1389125
1389126
1389127
1389128
1389129
1389220
1389221
1389222
1389223
1389224
1389225
1389226
1389227
1389228
1389229
1870020
1870021
1870022
1870023
1870024
1870025
1870026
1870027
1870028
1870029
1870912
1871052
1871742
1871748
1871760
1871761
1871762
1871763
1871764
1871765
1871766
1871767
1871768
1871769
1872912
1872942
1872982
1872988
1872992
1872994
1874032
1874052
1874062
1874068
1874072
1879120
1879121
1879122
1879123
1879124
1879125
1879126
1879127
1879128
1879129
1879142
1879144
1879152
1879154
1879180
1879181
1879182
1879183
1879184
1879185
1879191
1879192
1310849
1310920
1310921
1310922
1310923
1310924
1310925
1310968
1310969
1311928
1311929
1314912
1315400
1315401
1315402
1316570
1730912
1731980
1731981
1731982
1731983
1731984
1734236
1734240
1734241
1734242
1734243
1734244
1734245
1736560
1736561
1736562
1736563
1736564
1736565
1736566
1736567
1738246
1738247
1738258
1739135
1739239
1590916
1592942
1592950
1592959
1599106
1599146
1599183
1599186
1599196
1770916
1771970
1771971
1772905
1772906
1772916
1772944
1772945
1772946
1773074
1773075
1773076
1773077
1773465
1774246
1774916
1774924
1774925
1776215
1776216
1776217
1776218
1776219
1776477
1779106
1779107
1779108
1779218
1779219
1779403
1452696
1454476
1459458
1459459
1459460
1459567
1459568
1350916
1357147
1357148
1357160
1357161
1357162
1357163
1357164
1357165
1357166
1357167
1357168
1357169
1357260
1357261
1357262
1500916
1502916
1502936
1502946
1502949
1502954
1502956
1502966
1502976
1502977
1502979
1502986
1509124
1509146
1509161
1509165
1509173
1509179
1509187
1830916
1832946
1832960
1832961
1832962
1832963
1832964
1832965
1832966
1839146
1839160
1839161
1839162
1839163
1839164
1839165
1839166
1839167
1839168
1860916
1860926
1862863
1862864
1862865
1862867
1869042
1869043
1869160
1869161
1869162
1869164
1869165
1869166
1869167
1869168
1869169
1550916
1552916
1559144
1559145
1559146
1559147
1559148
1559160
1559161
1559162
1559163
1559164
1559165
1559166
1559167
1559168
1559169
1559192
1559478
1559479
1390916
1399160
1399161
1399162
1399260
1399261
1399262
1399263
1399264
1399265
1399266
1399267
1399268
1399269
1671916
1672916
1673916
1300845
1300846
1302642
1302845
1302846
1303845
1303846
1303847
1306045
1306046
1308487
1308488
1308489
1309390
1309391
1309392
1309393
1309820
1309821
1330916
1331096
1331916
1332536
1333536
1333544
1333545
1334747
1335916
1336922
1336923
1336924
1336925
1337916
1337936
1337946
1338916
1339916
1339926
1713916
1715916
1716916
1717908
1717909
1717913
1717916
1990916
1991614
1991615
1991616
1991617
1994531
1994532
1994533
1994534
1999133
1999134
1999135
1999136
1999137
1999138
1999139
1999160
1999161
1999162
1999260
1999261
1999262
1999263
1999264
1999265
1999266
1999267
1999268
1999269
1999270
1999271
1999272
1999273
1999274
1999275
1999276
1999277
1999278
1999279
1560916
1561916
1561979
1561980
1561981
1561982
1561983
1561984
1566745
1566746
1566747
1566748
1566749
1568619
1568650
1568651
1568652
1568653
1568654
1568655
1568678
1568679
1569160
1569161
1569162
1569163
1569164
1569165
1850916
1859090
1859091
1859160
1859161
1859162
1780296
1780686
1780916
1780926
1782906
1782916
1782926
1782936
1782946
1782956
1782966
1782976
1782978
1782986
1782996
1784766
1784776
1786736
1786826
1786836
1786846
1786856
1786866
1786876
1786884
1789916
1800916
1804916
1809160
1809161
1809162
1809163
1809164
1809165
1809166
1809167
1530916
1531929
1531930
1531931
1531932
1531933
1531934
1531935
1531936
1531937
1531938
1533250
1533251
1533252
1533253
1533254
1533618
1533619
1533620
1533621
1534916
1535337
1535347
1535384
1535385
1538456
1538466
1538916
1538939
1539416
1539916
1539934
1539935
1361916
1362916
1363020
1363026
1363027
1364916
1365916
1366916
1368916
1953063
1959124
1959126
1959129
1890916
1899160
1899161
1899162
1899260
1899261
1899262
1899263
1899264
1899265
1899266
1899267
1899268
1899269
1310846
1310918
1310919
1311036
1311037
1311038
1311039
1314916
1318630
1318631
1318632
1318633
1318634
1318635
1319637
1319638
1319639
1730916
1731960
1731961
1731962
1731963
1731964
1731965
1731966
1731967
1734932
1738245
1738484
1738485
1738486
1738487
1738488
1738489
1738690
1739126
1739127
1739137
1739138
1739201
1739202
1739203
1739204
1739230
1739231
1739232
1739233
1739234
1739235
1739236
1739237
1739238
1739568
1739569
1739864
1739869
1380916
1389160
1389161
1389162
1389163
1389164
1389165
1389166
1389167
1389168
1389169
1389260
1389261
1389262
1389263
1389264
1389265
1389266
1389267
1389268
1389269
1660916
1870060
1870061
1870062
1870063
1870064
1870065
1870066
1870067
1870916
1871066
1871746
1872916
1872946
1872960
1872961
1872962
1872963
1872964
1872965
1872966
1872967
1874036
1874056
1874066
1874076
1879116
1879146
1879160
1879161
1879162
1879163
1879164
1879165
1879166
1879167
1510916
1511496
1512916
1512946
1512954
1512958
1512969
1512976
1512986
1519160
1519161
1519162
1519163
1519164
1519165
1519166
1519167
1519192
1820916
1822046
1822064
1822066
1822078
1822079
1824086
1829160
1829161
1829162
1829163
1829164
1829165
1829166
1829167
1829168
1829169
1829260
1829261
1829262
1829263
1829264
1829265
1829266
1342976
1346864
1346868
1346869
1347430
1347431
1347432
1347433
1347449
1347459
1347463
1348445
1348485
1348489
1348499
1348805
1348809
1348839
1348845
1580916
1582986
1587730
1587736
1587747
1587753
1587759
1589106
1589116
1589146
1589162
1589163
1589166
1589167
1760916
1760926
1761297
1769126
1750295
1750916
1750926
1880916
1882916
1882936
1882946
1882966
1882976
1882986
1884026
1889146
1889160
1889161
1889162
1889163
1889164
1889165
1889166
1889167
1889216
1370026
1370916
1375980
1375981
1377220
1377221
1377280
1377281
1377282
1377283
1377284
1470916
1472786
1472796
1472799
1472960
1472961
1472962
1472963
1472964
1472965
1472966
1472967
1472968
1472969
1479160
1479161
1479162
1479163
1479164
1479165
1810916
1814234
1814235
1814245
1814246
1814686
1814915
1814916
1816176
1816506
1816511
1819115
1819116
1819117
1819160
1819161
1819162
1819163
1819164
1819168
1819169
1520916
1522916
1522946
1522956
1522966
1522978
1522994
1524916
1528926
1529146
1529158
1529160
1529161
1529162
1529163
1529164
1529165
1529166
1570916
1570926
1571046
1571916
1571926
1576094
1576095
1576096
1576916
1576926
1577166
1577186
1840296
1840916
1840926
1842906
1842916
1842926
1980296
1980916
1981524
1982906
1982916
1982946
1988896
1989084
1989096
1989160
1989161
1989162
1989163
1989164
1989165
1989166
1989167
1989470
1989471
1989472
1989473
1989474
1989475
1989476
1989477
1989478
1989479
1989496
1989879
1650916
1651369
1651916
1655916
1910299
1910916
1914535
1914536
1919101
1320916
1320924
1320925
1320926
1320927
1321977
1323916
1325916
1325925
1325926
1325927
1325928
1325929
1327916
1328916
1328944
1328945
1328960
1328961
1328962
1300847
1300848
1300849
1302644
1302847
1302848
1302849
1303848
1303849
1306047
1306048
1306049
1308890
1308891
1308892
1308893
1308894
1309290
1309291
1309292
1309293
1309815
1309816
1550917
1552917
1552918
1559170
1559171
1559172
1559173
1559174
1559175
1559176
1559177
1559178
1559179
1559250
1559251
1559252
1559253
1559254
1559255
1559256
1559257
1559258
1559259
1559260
1559261
1559262
1559263
1559264
1559265
1559266
1559267
1559268
1559269
1559270
1559271
1559272
1559273
1559274
1559275
1559276
1559277
1559278
1559279
1860917
1860927
1862849
1862860
1862861
1862862
1862917
1862927
1868195
1869000
1869001
1869002
1869003
1869004
1869040
1869041
1869170
1869171
1869172
1869173
1869174
1869175
1869176
1869177
1869178
1869179
1869440
1869441
1869447
1671917
1672917
1673917
1390917
1399157
1399170
1399171
1399172
1399173
1399174
1399175
1399176
1399270
1399271
1399272
1399273
1399274
1399275
1399276
1399277
1399278
1399279
1830917
1832947
1832967
1839147
1839170
1839171
1839172
1839173
1839174
1839175
1839176
1839177
1839178
1839179
1839187
1839188
1839189
1839270
1839271
1839272
1839273
1839274
1839275
1839276
1839277
1839278
1839279
1839540
1839547
1500917
1500927
1502917
1502937
1502947
1502964
1502987
1509107
1509108
1509114
1509117
1509120
1509126
1509147
1509157
1509160
1509169
1509170
1509171
1770917
1771960
1771961
1771962
1772917
1772918
1772930
1772931
1772932
1772933
1772934
1772935
1772936
1772937
1772947
1772948
1772949
1772955
1772956
1772957
1772958
1772959
1773460
1773461
1774917
1774926
1774927
1776475
1778927
1778928
1778929
1779109
1779110
1779111
1779400
1779401
1779402
1779584
1590923
1592960
1599107
1599197
1452697
1452698
1453670
1453687
1453688
1454466
1454477
1459455
1459456
1459457
1459565
1459566
1350917
1357116
1357117
1357118
1357119
1357170
1357171
1357172
1357173
1357174
1357175
1357176
1357177
1357178
1357179
1959121
1959127
1360917
1360927
1361917
1361927
1362917
1363675
1363676
1363682
1364917
1365917
1365927
1366917
1368917
1368927
1890917
1896650
1896651
1899157
1899170
1899171
1899172
1899173
1899174
1899175
1899176
1899270
1899271
1899272
1899273
1899274
1899275
1899276
1899277
1899278
1899279
1530917
1531917
1531918
1531919
1531920
1531921
1531922
1531923
1531924
1531925
1531926
1531927
1531928
1533226
1533227
1533228
1533229
1533616
1533617
1533795
1534917
1535300
1535301
1535302
1535303
1535304
1535305
1535333
1535334
1535344
1535379
1535380
1535381
1538457
1538467
1538917
1538931
1538932
1538933
1538964
1538965
1538966
1539417
1539917
1539921
1539922
1800917
1804917
1804938
1804939
1809149
1809169
1809170
1809171
1809172
1809173
1809174
1809175
1809176
1809177
1990917
1992918
1992919
1992920
1992930
1994652
1994653
1994654
1994655
1994656
1994657
1999157
1999158
1999170
1999171
1999172
1999173
1999174
1999175
1999176
1999200
1999202
1999203
1999204
1999205
1999206
1999207
1999208
1999209
1999220
1999221
1850917
1859001
1859002
1859003
1859004
1859070
1859071
1859072
1859073
1859074
1859075
1859076
1859077
1859078
1859097
1859170
1859171
1859172
1859173
1859174
1859239
1859241
1780297
1780687
1780917
1780927
1782907
1782917
1782927
1782937
1782947
1782957
1782967
1782977
1782987
1782997
1784767
1784777
1786737
1786827
1786837
1786847
1786857
1786877
1786887
1789917
1560917
1561917
1561918
1561970
1561971
1561972
1561973
1561974
1561975
1561976
1561977
1561978
1566740
1566741
1566742
1566743
1566744
1568690
1568691
1568692
1568693
1568694
1568695
1568696
1568697
1568698
1568699
1569150
1569151
1569152
1569153
1569154
1330917
1331917
1332537
1333537
1333546
1333547
1333548
1333549
1334746
1335917
1336919
1336920
1336921
1337917
1337937
1337938
1337947
1337948
1338917
1339917
1339927
1713917
1715917
1716917
1717905
1717906
1717907
1717917
1342978
1344790
1346863
1347421
1348450
1348836
1760917
1760927
1761294
1761295
1761296
1762917
1769127
1769137
1580917
1582940
1582949
1582950
1582987
1587737
1587742
1587750
1587751
1587760
1587769
1589107
1589119
1589120
1589121
1589134
1589138
1589147
1589169
1820917
1822047
1822070
1822071
1822072
1822073
1822074
1822075
1822076
1822077
1824087
1829170
1829171
1829172
1829173
1829174
1829175
1829176
1829177
1829178
1829179
1829247
1829270
1829271
1829272
1829273
1829274
1829275
1829276
1829277
1510917
1511497
1512917
1512937
1512945
1512950
1512966
1512977
1512985
1512994
1512998
1512999
1519170
1519171
1519172
1519173
1519174
1519175
1519176
1519177
1519178
1519179
1519187
1519196
1660917
1660926
1660927
1380917
1389170
1389171
1389172
1389173
1389174
1389175
1389176
1389177
1389178
1389179
1389240
1389241
1389242
1389243
1389244
1389245
1389246
1389247
1389248
1389249
1389270
1389271
1389272
1389273
1389274
1389275
1389276
1389277
1389278
1389279
1870070
1870071
1870072
1870073
1870074
1870075
1870076
1870077
1870917
1871067
1871747
1872917
1872947
1872970
1872971
1872972
1872973
1872974
1872975
1872976
1872977
1872978
1874037
1874057
1874067
1874077
1879117
1879147
1879170
1879171
1879172
1879173
1879174
1879175
1879176
1879177
1879178
1879179
1879186
1879187
1879197
1310804
1310828
1310829
1310914
1310915
1310916
1310917
1310966
1314917
1315220
1315221
1315222
1315223
1315224
1318636
1318637
1318638
1318639
1319634
1319635
1319636
1730917
1734237
1734238
1734938
1734940
1734941
1734942
1734943
1738240
1738241
1738268
1738269
1739151
1739152
1739154
1739156
1739157
1739260
1739261
1739262
1739263
1739264
1739265
1739266
1739267
1739268
1739269
1702916
1702917
1704080
1320917
1320920
1320921
1320922
1320923
1322007
1322009
1322797
1322843
1322847
1323917
1325917
1325921
1325922
1325923
1325924
1327917
1327918
1327919
1328917
1328918
1328919
1328943
1910297
1910917
1914533
1919104
1840917
1840927
1842907
1842927
1570917
1570927
1571047
1571917
1571927
1576093
1576097
1576917
1576921
1576927
1577167
1577168
1577169
1577187
1980297
1980917
1981523
1982907
1982917
1982927
1982937
1988897
1989087
1989097
1989124
1989129
1989146
1989149
1989158
1989159
1989168
1989169
1989497
1650917
1651917
1520917
1522917
1522947
1522957
1522967
1522968
1522976
1522977
1522987
1522995
1522997
1524907
1524917
1528927
1528944
1529147
1529170
1529171
1529172
1529173
1529174
1529175
1529176
1529177
1529178
1529179
1529197
1810917
1814240
1814680
1814681
1814917
1816177
1816507
1816517
1818249
1819148
1819178
1819179
1750917
1750927
1880917
1882917
1882937
1882938
1882947
1882967
1882977
1882987
1884027
1884047
1889147
1889157
1889170
1889171
1889172
1889173
1889174
1889175
1889176
1889177
1889178
1889214
1889217
1370917
1370927
1375973
1375974
1375975
1375976
1375977
1375978
1375979
1377263
1377264
1377265
1377266
1377267
1377268
1377269
1377270
1470917
1472777
1472787
1472797
1472970
1472971
1472972
1472973
1472974
1472975
1472976
1472977
1472978
1472979
1479107
1479170
1479171
1479172
1479173
1479174
1479175
1479176
1340290
1340911
1342971
1346854
1346858
1346859
1346886
1346887
1346896
1347434
1347438
1347440
1347441
1347442
1347443
1347456
1347457
1348441
1348464
1348465
1348468
1348496
1348497
1348824
1348825
1348828
1348837
1348841
1760911
1760921
1762911
1769132
1580911
1582911
1582941
1582959
1582981
1582999
1587731
1587741
1587752
1587766
1587767
1589101
1589105
1589111
1589114
1589118
1589131
1589141
1589151
1589156
1589157
1589161
1589164
1589168
1820911
1822010
1822011
1822012
1822013
1822014
1822015
1822016
1822041
1824081
1829110
1829111
1829112
1829113
1829114
1829115
1829116
1829117
1829118
1829119
1829210
1829211
1829212
1829213
1829214
1829215
1511491
1512911
1512934
1512938
1512941
1512951
1512959
1512975
1512987
1519110
1519111
1519112
1519113
1519114
1519115
1519116
1519117
1519118
1519119
1660911
1660921
1380911
1389110
1389111
1389112
1389113
1389114
1389115
1389116
1389117
1389118
1389119
1389210
1389211
1389212
1389213
1389214
1389215
1389216
1389217
1389218
1389219
1870010
1870011
1870012
1870013
1870014
1870015
1870016
1870017
1870911
1871741
1871750
1871751
1871752
1871753
1872911
1872941
1872981
1874031
1874051
1874061
1874071
1879110
1879111
1879112
1879113
1879114
1879141
1310802
1310809
1310813
1310967
1311920
1311921
1311922
1311923
1311924
1311925
1311926
1311927
1314911
1730911
1731956
1731957
1731958
1734936
1734948
1734949
1738248
1738249
1738250
1738251
1738480
1738481
1738482
1738483
1739129
1739560
1739862
1739863
1704081
1320911
1320928
1320929
1322001
1322006
1322008
1322791
1322796
1322798
1323911
1323918
1323920
1323921
1323922
1323923
1324411
1324412
1324413
1324414
1324415
1324416
1324417
1324418
1324419
1325911
1325930
1325931
1325932
1327911
1328911
1328946
1328963
1328964
1328965
1328966
1328967
1328968
1328969
1910911
1914534
1840911
1840921
1842911
1842921
1570911
1570921
1571041
1571911
1576098
1576911
1577181
1980911
1981525
1982901
1982911
1982941
1988891
1989081
1989091
1989110
1989111
1989112
1989113
1989114
1989115
1989491
1650911
1651911
1652615
1652730
1656229
1656607
1656708
1656833
1657103
1520911
1522911
1522941
1522951
1522961
1522969
1522975
1522981
1524911
1528921
1529111
1529112
1529113
1529114
1529115
1529116
1529117
1529194
1810911
1814244
1816171
1816501
1818245
1818246
1819118
1819119
1750911
1750921
1750929
1880911
1882911
1882931
1882939
1882941
1882961
1882971
1882981
1884021
1884041
1889110
1889111
1889112
1889113
1889114
1889115
1889116
1889117
1889118
1889141
1889154
1889210
1889211
1470911
1472791
1472910
1472911
1472980
1472981
1472991
1472994
1479192
1479193
1479194
1479195
1479196
1479197
1479198
1370021
1377225
1377226
1377227
1377228
1377229
1377285
1377286
1377287
1377288
1377289
1300857
1300858
1300859
1302643
1302647
1302857
1302858
1303844
1303856
1303857
1308094
1308095
1308485
1308486
1309804
1309805
1309806
1309807
1309808
1309809
1550911
1552911
1559110
1559111
1559112
1559113
1559114
1559115
1559116
1559117
1559118
1559119
1559280
1559281
1559282
1559283
1559284
1559285
1559286
1559287
1559288
1559289
1559290
1559291
1559292
1559293
1559294
1559295
1559296
1559297
1559298
1559299
1559430
1559431
1559432
1559433
1559434
1559435
1559436
1559437
1559438
1559439
1559440
1559441
1559442
1559443
1559444
1559445
1559446
1559447
1559448
1559449
1559470
1559471
1559472
1559473
1559474
1559475
1559476
1559477
1559619
1559620
1559621
1559622
1559623
1559624
1559625
1559626
1559690
1559691
1559692
1559693
1559694
1559695
1559696
1559697
1559698
1559699
1860911
1860921
1860929
1862911
1862916
1862921
1869005
1869006
1869052
1869053
1869054
1869110
1869111
1869112
1869113
1869114
1869115
1869116
1869117
1869118
1869119
1869446
1671911
1671913
1671914
1672911
1673911
1390911
1399177
1399178
1399179
1399210
1399211
1399212
1399213
1399214
1399215
1399216
1399217
1399218
1399219
1830911
1832941
1832980
1832981
1832990
1832991
1839110
1839111
1839112
1839113
1839114
1839115
1839116
1839117
1839118
1839141
1500911
1500921
1502911
1502931
1502941
1502968
1502974
1502981
1509101
1509111
1509121
1509125
1509129
1509141
1509172
1509181
1621910
1770911
1771973
1771974
1772911
1772920
1772921
1772922
1772942
1772953
1772954
1774919
1776478
1776479
1778926
1779115
1779116
1779407
1779594
1590911
1590914
1590918
1590921
1590922
1592906
1592907
1592911
1592916
1592917
1592934
1592938
1592941
1592957
1592961
1592981
1592985
1599110
1599111
1599112
1599141
1599142
1599150
1599151
1599152
1599153
1599154
1599155
1599156
1599157
1599158
1599159
1599191
1350911
1357110
1357111
1357112
1357113
1357114
1357115
1452682
1452691
1453675
1453676
1453689
1454468
1454471
1459461
1459462
1459463
1459464
1459569
1459570
1361911
1362911
1362921
1363024
1363672
1363686
1363687
1364911
1366911
1366921
1368911
1368921
1890911
1896658
1896659
1899177
1899178
1899179
1899210
1899211
1899212
1899213
1899214
1899215
1899216
1899217
1899218
1899219
1530911
1531939
1531950
1531951
1531952
1531953
1531954
1531955
1531956
1531957
1531958
1533255
1533256
1533257
1534911
1535328
1535329
1535331
1535341
1535397
1535398
1535399
1538451
1538461
1538911
1538954
1538955
1538956
1539411
1539911
1539926
1539927
1800911
1804911
1809110
1809111
1809112
1809113
1809114
1809115
1809116
1809117
1990911
1992965
1992966
1992967
1992968
1992969
1992970
1992971
1992972
1992973
1992975
1992977
1992978
1992979
1992980
1992981
1992982
1992983
1992984
1992985
1992986
1992987
1992988
1992989
1994520
1994521
1999110
1999111
1999112
1999113
1999114
1999115
1999116
1999117
1999177
1999178
1999179
1850911
1859110
1859111
1859112
1859113
1859114
1859115
1859116
1859117
1859118
1859119
1859166
1859167
1859168
1859169
1780291
1780681
1780911
1780921
1782911
1782921
1782931
1782941
1782951
1782991
1784761
1784771
1786731
1786821
1786831
1786841
1786881
1789911
1560911
1561911
1561985
1561986
1561987
1561988
1561989
1566750
1566751
1566752
1566753
1566754
1566755
1566756
1566757
1566758
1566759
1566760
1566761
1566762
1566763
1566764
1566765
1566766
1566767
1569110
1569111
1569112
1569113
1569114
1569115
1569116
1569117
1569118
1569119
1330911
1331091
1331911
1332531
1333531
1335911
1336926
1336927
1336928
1336929
1337911
1337931
1337953
1337955
1338911
1339911
1339921
1713911
1715911
1716911
1717902
1717903
1717911
