1990550
1990960
1994250
1995500
1995501
1995502
1995503
1995504
1995505
1995506
1995507
1995508
1995509
1996550
1996643
1780550
1785500
1785501
1785502
1785503
1785504
1785600
1785601
1785602
1785603
1785604
1785605
1785606
1785607
1785608
1785609
1785630
1785631
1785632
1785633
1785634
1785635
1785636
1785662
1785682
1785683
1785684
1788011
1788441
1788457
1788468
1789550
1850550
1855500
1855510
1855512
1855514
1855519
1855520
1855570
1855571
1855572
1855573
1855574
1855575
1855576
1855577
1855578
1560550
1560960
1565500
1565501
1565502
1565503
1565504
1565505
1565506
1565507
1565508
1565509
1566550
1567550
1569550
1330550
1330960
1332900
1332920
1333550
1333900
1333920
1334550
1334925
1335550
1335900
1336550
1336570
1339550
1339950
1339960
1360550
1361550
1362550
1363550
1363700
1363701
1363702
1363703
1363704
1364550
1365550
1366550
1367550
1368550
1369550
1369674
1369675
1890050
1890550
1890960
1894910
1894911
1894912
1894913
1894914
1894947
1894948
1894949
1894970
1894971
1894972
1894973
1894974
1894975
1894976
1894977
1894978
1894979
1895500
1895501
1895502
1895503
1895504
1895505
1895506
1895507
1895508
1895509
1530550
1530960
1532446
1534550
1535710
1535711
1535712
1535713
1535714
1535783
1537501
1537502
1537550
1537560
1538500
1538501
1538502
1538503
1538504
1538505
1538506
1538507
1538508
1538509
1538550
1539550
1800550
1800960
1801090
1801091
1801092
1801097
1801098
1801980
1801981
1801982
1801983
1801984
1801985
1801986
1801987
1801988
1801989
1805405
1805500
1805501
1805502
1805503
1805504
1805505
1805506
1805507
1805508
1805509
1805696
1807524
1807525
1807526
1807527
1807528
1807529
1809830
1809831
1809832
1809833
1809834
1809835
1809836
1809837
1809838
1809839
1809840
1830550
1835500
1835501
1835502
1835503
1835504
1835505
1835506
1835507
1835508
1835509
1836500
1836501
1836502
1836503
1836504
1836505
1836506
1836507
1836508
1836509
1836525
1836526
1836527
1836528
1836529
1500550
1505500
1505501
1505502
1505503
1505610
1505611
1505612
1505613
1505614
1505650
1505651
1505652
1505653
1505654
1505655
1770550
1770960
1771942
1773338
1775405
1775424
1775480
1775500
1775501
1775502
1775503
1775504
1775505
1775506
1775507
1775508
1775509
1775690
1777523
1777524
1590550
1595500
1595501
1595502
1595503
1595504
1595505
1595506
1595507
1595508
1595509
1595550
1595608
1595609
1350550
1350555
1351490
1351550
1351640
1351641
1452080
1454110
1457220
1458235
1458236
1458237
1458238
1458239
1720188
1930550
1301300
1301301
1301302
1302602
1302603
1303063
1303503
1303545
1304550
1305310
1305314
1306330
1306334
1308314
1308330
1308331
1308332
1308333
1308550
1309330
1309331
1309332
1309550
1550550
1555100
1555101
1555102
1555103
1555104
1555180
1555181
1555182
1555183
1555184
1555185
1555186
1555500
1555501
1555502
1555503
1555504
1555505
1555506
1555507
1555508
1555509
1555633
1555644
1860550
1860960
1865500
1865501
1865502
1865503
1865504
1865506
1865507
1865508
1865509
1869750
1869760
1390550
1390960
1395500
1395501
1395502
1395503
1395504
1395505
1395506
1395507
1395508
1395509
1395628
1395629
1395630
1395631
1395632
1396563
1396564
1396595
1396596
1396597
1396598
1396599
1520550
1521200
1521201
1521202
1521203
1521204
1521205
1521206
1521207
1521208
1521209
1521218
1521219
1521550
1522290
1524000
1524998
1524999
1525500
1525501
1525502
1525503
1525504
1525505
1525506
1525507
1525508
1525668
1525669
1810550
1810960
1811074
1811075
1811076
1811077
1811078
1811079
1811980
1811981
1813345
1813346
1815415
1815427
1815500
1815501
1815502
1815503
1815504
1815505
1815506
1815507
1815508
1815509
1816086
1816087
1816436
1816437
1817520
1817521
1817522
1817523
1817524
1817525
1817526
1817527
1817528
1817529
1880550
1881550
1885500
1885501
1885502
1885503
1885504
1885505
1885506
1885507
1885508
1885509
1750550
1750960
1755500
1755700
1755704
1755800
1470550
1475500
1475501
1475502
1475508
1475509
1479000
1479001
1479002
1479003
1479004
1479005
1479006
1479007
1479008
1479009
1479010
1479011
1479012
1479013
1479093
1370550
1372100
1372101
1373920
1373921
1320550
1321550
1322550
1327550
1328550
1329550
1910550
1910960
1914250
1915500
1915501
1915502
1915503
1915504
1915505
1915506
1915507
1915508
1915509
1915605
1915606
1915607
1915608
1915609
1916550
1916640
1916641
1916642
1840550
1845500
1845501
1845502
1845503
1845504
1845505
1845506
1845507
1845508
1845509
1570550
1571550
1572050
1575500
1575501
1575502
1575503
1575504
1575505
1575506
1575507
1575508
1575509
1650550
1656550
1656608
1656609
1980550
1981073
1981088
1981089
1981345
1982647
1982648
1982649
1982650
1982651
1984025
1984183
1985500
1985551
1985552
1985553
1985554
1985617
1985690
1985691
1985692
1985693
1985694
1985695
1985696
1985697
1985698
1985699
1660550
1665500
1380055
1380550
1385500
1385501
1385502
1385503
1385504
1385505
1385506
1385507
1385508
1385509
1386550
1386581
1386582
1386583
1386652
1386653
1386690
1386691
1386692
1386693
1386694
1870550
1871200
1871201
1871202
1871203
1871204
1871205
1871206
1871207
1871208
1871209
1871240
1871480
1871539
1871548
1871550
1872550
1872621
1872661
1872662
1872663
1872664
1872665
1872666
1875500
1875501
1875502
1875503
1875504
1875505
1875506
1875507
1875508
1875509
1313545
1313550
1314550
1315500
1315501
1315502
1315503
1315504
1315505
1315506
1315507
1315508
1315509
1316762
1317000
1319550
1730550
1730960
1733078
1733079
1734400
1735500
1735501
1735502
1735503
1735504
1735505
1735506
1735507
1735508
1735509
1735808
1735809
1737530
1737531
1737532
1737533
1737534
1737535
1737536
1737537
1737538
1737539
1347070
1348550
1348575
1348576
1348577
1348591
1760550
1765600
1768130
1768210
1768220
1768221
1768222
1768223
1768224
1768225
1768226
1768227
1768228
1768229
1580550
1585500
1585501
1585502
1585503
1585504
1585505
1585506
1585507
1585508
1585509
1585665
1585666
1820550
1821470
1822550
1822573
1822574
1822575
1822576
1822577
1822578
1822579
1822580
1822581
1822582
1822666
1822680
1822681
1822682
1822683
1822699
1825500
1825501
1825502
1825503
1825504
1825505
1825506
1825507
1825508
1825509
1826988
1826989
1829759
1510550
1515500
1515501
1515502
1515503
1515504
1515505
1515506
1515507
1517840
1517841
1517842
1517843
1517844
1517845
1517846
1517847
1517848
1517849
