1850971
1850978
1859701
1859708
1859710
1859711
1859712
1859713
1859714
1859715
1859716
1859717
1859718
1859719
1780071
1780078
1780971
1780978
1780982
1780983
1780984
1784831
1784834
1788784
1788788
1789961
1789964
1789971
1789974
1560971
1560978
1569531
1569538
1990971
1990978
1991730
1991731
1991732
1991740
1991741
1991742
1999723
1999725
1999726
1999727
1999728
1999730
1999731
1999733
1999734
1999735
1999741
1999744
1999748
1330971
1330978
1332763
1332764
1332765
1332766
1332767
1332768
1332769
1336971
1336976
1336978
1338971
1338975
1338978
1890971
1890978
1893551
1893555
1893558
1893561
1893568
1894684
1899700
1899701
1899703
1899704
1899705
1899706
1899707
1899708
1899709
1899710
1899711
1899712
1899713
1899714
1899715
1899716
1899717
1899718
1899719
1899720
1899721
1899722
1899723
1899724
1899725
1899726
1899727
1899728
1899729
1899731
1899733
1899735
1899738
1899741
1899748
1361971
1361978
1363971
1363975
1363976
1363978
1530971
1530976
1530978
1533791
1534970
1534971
1534972
1534973
1534974
1535290
1535291
1800971
1800978
1809571
1809578
1809707
1809711
1809718
1809720
1809721
1809722
1809723
1809724
1809725
1809726
1809731
1809732
1809733
1809734
1809740
1809741
1809742
1809743
1809744
1621973
1622841
1830971
1830974
1830978
1839701
1839708
1839710
1839711
1500360
1500361
1500365
1500366
1500368
1500369
1500971
1500978
1452861
1452868
1454600
1454601
1459541
1459548
1459551
1459558
1459651
1351970
1351971
1351973
1351974
1351975
1351976
1351977
1351978
1770971
1770978
1771600
1771601
1771602
1771603
1771604
1771605
1771606
1772520
1772523
1772525
1772526
1772527
1772529
1773090
1773093
1773094
1773099
1779470
1779473
1779474
1779701
1779708
1779710
1779711
1779712
1779713
1779714
1779715
1779716
1779717
1779718
1779719
1779720
1779721
1779722
1779723
1779724
1779725
1779726
1779727
1779728
1779729
1590971
1590978
1599701
1599707
1599708
1300771
1300776
1300777
1300778
1300779
1308625
1308626
1308627
1308628
1308629
1309974
1309975
1309976
1309977
1309978
1309979
1390971
1390978
1399700
1399701
1399703
1399704
1399705
1399706
1399707
1399708
1399709
1399710
1399711
1399712
1399713
1399714
1399715
1399716
1399717
1399718
1399719
1399720
1399721
1399722
1399723
1399724
1399725
1399726
1399727
1399728
1399729
1399731
1399733
1399735
1399738
1399741
1399748
1550050
1550051
1550052
1550053
1550054
1550055
1550056
1550057
1550058
1550059
1550060
1550061
1550062
1550063
1550064
1550065
1550074
1550075
1550076
1550077
1550078
1550079
1550971
1550978
1559700
1559701
1559702
1559703
1559704
1559705
1559706
1559710
1559711
1559712
1559713
1559714
1559715
1559716
1559717
1559718
1559719
1559734
1559737
1559738
1559739
1559741
1559742
1559743
1559744
1559745
1559746
1559747
1559748
1559749
1860971
1860978
1869710
1869711
1869712
1869713
1869714
1869715
1869716
1869717
1869718
1869719
1520250
1520251
1520255
1520256
1520258
1520259
1520971
1520978
1529701
1529702
1529705
1529708
1529709
1529710
1529711
1529712
1529713
1529715
1529716
1529717
1529718
1529719
1529721
1810097
1810971
1810978
1814630
1814631
1819450
1819451
1819452
1819453
1819454
1819455
1819456
1819457
1819458
1819479
1819560
1819561
1819571
1819578
1819700
1819701
1819702
1819703
1819704
1819705
1819706
1819707
1819708
1819709
1819710
1819711
1819712
1819713
1819714
1370971
1370972
1370973
1370974
1370975
1370976
1370978
1373460
1373461
1373465
1373466
1373468
1470971
1470973
1470975
1470978
1476493
1476494
1476495
1476496
1476497
1476498
1476499
1476587
1479700
1479701
1479702
1479704
1479708
1479750
1479751
1479752
1479753
1479754
1479755
1479756
1750971
1750978
1759700
1759701
1759702
1759703
1759704
1759705
1759706
1759707
1759708
1759709
1759710
1759711
1759712
1759713
1759714
1759715
1759716
1759717
1759718
1759719
1759720
1880971
1880978
1889701
1889703
1889705
1889708
1889710
1889711
1889713
1889714
1889715
1889716
1889717
1889718
1889720
1889721
1889724
1889728
1889729
1320971
1320978
1329971
1329976
1329978
1329980
1329981
1329988
1910971
1910978
1919711
1919714
1919716
1919744
1700970
1700971
1701970
1701971
1701972
1701973
1702970
1702971
1702972
1702973
1980973
1980974
1980975
1980976
1980977
1980978
1980979
1989700
1989701
1989706
1989707
1989708
1989709
1989711
1989714
1989716
1989718
1989719
1989721
1989726
1989728
1989970
1989971
1989973
1989975
1650970
1650971
1652368
1652428
1652608
1652804
1656859
1657133
1840971
1840977
1840978
1846701
1846708
1846711
1846713
1846717
1846720
1846721
1846722
1846723
1846724
1846725
1846726
1846727
1846728
1846729
1846730
1846731
1846732
1846733
1846734
1846735
1846736
1846737
1846738
1846739
1846740
1846741
1846742
1846743
1846744
1846745
1846746
1846747
1846748
1846749
1849139
1570971
1570978
1571971
1571973
1571975
1571976
1571978
1572230
1572231
1572234
1870971
1870978
1879700
1879701
1879708
1879709
1879710
1879711
1879712
1879713
1879714
1879715
1879716
1879717
1879718
1879719
1879730
1879731
1879732
1879733
1879734
1879735
1879736
1879737
1879738
1879739
1660971
1660978
1669701
1669703
1669704
1669705
1669706
1669707
1669708
1669709
1669710
1669711
1669714
1669716
1669719
1669720
1669721
1669722
1669723
1669724
1669725
1669726
1669727
1380096
1380097
1380098
1389711
1389718
1389720
1389721
1389723
1389724
1389725
1389726
1389728
1389735
1389736
1389740
1389741
1389742
1389743
1389744
1389745
1389746
1389747
1389748
1389749
1389751
1389758
1389760
1389761
1389762
1389763
1389764
1389765
1389766
1389767
1730971
1730978
1739451
1739458
1739701
1739708
1310755
1310758
1310759
1310970
1310971
1310972
1310973
1310974
1310975
1310976
1310977
1310978
1310979
1311971
1311976
1311978
1313904
1313905
1313906
1313907
1313908
1313909
1319575
1319576
1319577
1319578
1319579
1760971
1760978
1769701
1769708
1769710
1769711
1769714
1769715
1769717
1769718
1769720
1769721
1769722
1769723
1769724
1769725
1769726
1769727
1769728
1769729
1769730
1769731
1769732
1769733
1769734
1769735
1769736
1769737
1769740
1769741
1769742
1769743
1769745
1769770
1769771
1769772
1769773
1769783
1769784
1769785
1580971
1580978
1589701
1589708
1589710
1589711
1589712
1589713
1589714
1589715
1589716
1589717
1589718
1589719
1820971
1820978
1829700
1829710
1829711
1829712
1829713
1829717
1829718
1829719
1829721
1510971
1510978
1511090
1511091
1511092
1511093
1511094
1511095
1511096
1511097
1511098
1511099
1511171
1511178
