1860995
1869065
1869950
1869951
1869952
1869953
1869954
1550995
1556932
1556950
1556951
1556952
1390995
1399904
1399946
1399947
1399969
1303120
1304051
1307034
1309504
1590995
1770995
1776746
1779488
1779795
1779995
1450995
1452785
1454547
1459690
1459691
1459692
1459693
1356558
1356559
1356571
1357954
1357955
1500995
1500996
1502286
1502287
1502625
1502626
1830907
1830995
1839909
1839920
1839932
1839948
1800995
1804086
1809486
1809775
1809928
1809995
1530995
1535267
1538995
1364995
1369990
1369991
1369992
1890995
1899904
1899946
1899947
1899969
1330995
1331995
1334542
1336492
1336995
1339495
1339995
1990995
1991431
1999095
1999950
1999951
1999952
1999953
1999954
1560995
1568831
1850995
1859055
1859925
1780995
1784843
1788173
1510995
1516081
1516082
1516083
1516084
1516085
1820995
1829095
1829904
1829905
1829929
1829954
1580995
1760995
1769915
1769964
1310903
1311995
1313995
1317995
1319995
1730995
1734995
1389930
1389931
1389932
1660905
1660995
1669905
1669925
1669965
1870907
1870995
1871994
1570094
1570095
1570905
1570995
1571993
1572994
1840995
1844948
1844949
1980995
1981412
1989025
1910995
1919954
1320104
1323971
1323995
1327995
1328995
1750995
1759040
1759041
1759042
1759043
1759095
1759957
1759958
1759995
1880995
1889091
1889294
1889960
1377900
1470995
1471982
1479903
1810995
1811695
1811696
1813484
1813930
1813931
1814995
1815294
1815295
1815296
1816023
1819604
1819605
1819606
1819607
1819608
1819609
1520995
1527696
1529272
1529930
1529931
1529944
1529987
1529988
1529989
