1990543
1990649
1991260
1991261
1995413
1995414
1995415
1995430
1995431
1995432
1995433
1995434
1995435
1995436
1995437
1995438
1995439
1996310
1996311
1996383
1996385
1780543
1785220
1785259
1785260
1785295
1785296
1785297
1785298
1785430
1785431
1785432
1785433
1785434
1785435
1785436
1785437
1785438
1785439
1786087
1786088
1786089
1786157
1786158
1786159
1786200
1786201
1786202
1786203
1786204
1786205
1786206
1786207
1786208
1786209
1786460
1786461
1786462
1786463
1786464
1786510
1786543
1789543
1850543
1850649
1855424
1855425
1855430
1855431
1855432
1855433
1855434
1855435
1855436
1855437
1855438
1855439
1856300
1856301
1856302
1856303
1856309
1560543
1560649
1561522
1561527
1561528
1561543
1561598
1566612
1566629
1566649
1566663
1566680
1568464
1568465
1568466
1568467
1568468
1568469
1568878
1568879
1569803
1330543
1330649
1332628
1332629
1333628
1333629
1334628
1334629
1335543
1335624
1335628
1335629
1336543
1337130
1337131
1337132
1337133
1337134
1337543
1337649
1338543
1338649
1339543
1339628
1339629
1339649
1950543
1360543
1361543
1362543
1362649
1364543
1365543
1366543
1367543
1367630
1368543
1368630
1369543
1369630
1890543
1890649
1895430
1895431
1895432
1895433
1895434
1895435
1895436
1895437
1895438
1895439
1530543
1530649
1531435
1531436
1531437
1531543
1531820
1531821
1533543
1533649
1534543
1537625
1537626
1537627
1537628
1537629
1537649
1800543
1800637
1800638
1800639
1805388
1805389
1805430
1805431
1805432
1805433
1805434
1805435
1805436
1805437
1805438
1805439
1805450
1805451
1805456
1806317
1830543
1830649
1831543
1832543
1835430
1835431
1835432
1835433
1835434
1835435
1835436
1835437
1835438
1835439
1836490
1836491
1836492
1836493
1836494
1836495
1836496
1836497
1836498
1836499
1836680
1836681
1836682
1836683
1836684
1836685
1836686
1836687
1836688
1836689
1837543
1500543
1500544
1500630
1500693
1500694
1500695
1500696
1500697
1500698
1500699
1502058
1505430
1505431
1505432
1505433
1505434
1505435
1505436
1505437
1505438
1505439
1506520
1506521
1506522
1506523
1506524
1506525
1506526
1506527
1506528
1506529
1506543
1506690
1506691
1506692
1506693
1506694
1506695
1506696
1506697
1506698
1506699
1622542
1622544
1770543
1775430
1775431
1775432
1775433
1775434
1775435
1775436
1775437
1775438
1775439
1590543
1591006
1595430
1595431
1595432
1595433
1595434
1595435
1595436
1595437
1595473
1596307
1596406
1596407
1596501
1596526
1596540
1596541
1596543
1596635
1596636
1596637
1596638
1596639
1596998
1596999
1350543
1350637
1351543
1356150
1356151
1356152
1356153
1356154
1356155
1356156
1356157
1356158
1356159
1356230
1356231
1356232
1356233
1356234
1356305
1356306
1356307
1356308
1356309
1358115
1358116
1358940
1358941
1358942
1358970
1358971
1358972
1358973
1358974
1452526
1452543
1454353
1457009
1457348
1457349
1457350
1457768
1458565
1458566
1458567
1458568
1458569
1300152
1301179
1301272
1302054
1302062
1302152
1303452
1306100
1306101
1306102
1306103
1306104
1306105
1306106
1308272
1550543
1550630
1555020
1555021
1555022
1555023
1555024
1555025
1555026
1555027
1555028
1555029
1555060
1555061
1555062
1555249
1555270
1555271
1555335
1555336
1555337
1555338
1555349
1555432
1556300
1556301
1556302
1556303
1556304
1556305
1556306
1556307
1556308
1556309
1556405
1556406
1556407
1556408
1556409
1556430
1556431
1556432
1556433
1556434
1556435
1556436
1558300
1558301
1558302
1558303
1558304
1860543
1860649
1861543
1865352
1865430
1865431
1865432
1865433
1865434
1865435
1865436
1865437
1865438
1865439
1866307
1866308
1866309
1867831
1867832
1867833
1671543
1672543
1673400
1673401
1673543
1673801
1673844
1673845
1673850
1673851
1390543
1390649
1395430
1395431
1395432
1395433
1395434
1395435
1395436
1395437
1395438
1395439
1396307
1396308
1396309
1520543
1520685
1520686
1520687
1520688
1520689
1521543
1521649
1522436
1522437
1522438
1525430
1525431
1525432
1525433
1525434
1525435
1525436
1525437
1525438
1525439
1526300
1526301
1526543
1526670
1526671
1526672
1526673
1526674
1526675
1526676
1526677
1526678
1526679
1527543
1810543
1880543
1880649
1881637
1885430
1885431
1885432
1885433
1885434
1885435
1885436
1885437
1885438
1885439
1886050
1886051
1886052
1886053
1886054
1886055
1886056
1886057
1886058
1886059
1886307
1886308
1886309
1886649
1886666
1750543
1750649
1751543
1751580
1751581
1751582
1751583
1751584
1751585
1751586
1751587
1751588
1751589
1751590
1751591
1751592
1751593
1751594
1751595
1751596
1751597
1751598
1751599
1752846
1752847
1755430
1755431
1755432
1755433
1755434
1755435
1755436
1755437
1755438
1755439
1755543
1755614
1755615
1755616
1755617
1755618
1755619
1755620
1756028
1756245
1756246
1756247
1759455
1759456
1470543
1470649
1476305
1476306
1476307
1476308
1476309
1476885
1476886
1476887
1476888
1476889
1370543
1370637
1375465
1375466
1375467
1375468
1375469
1379225
1379226
1379227
1379228
1379229
1379385
1379386
1379387
1379388
1379389
1320543
1321040
1321041
1321070
1321071
1321072
1322070
1322071
1322072
1322543
1324543
1325543
1325628
1325629
1325649
1325890
1325891
1327543
1328040
1328041
1328543
1328739
1329027
1329543
1910543
1910649
1915330
1915331
1915430
1915431
1915432
1915433
1915434
1915435
1915436
1915437
1840543
1845430
1845431
1845432
1845433
1845434
1845435
1845436
1845437
1845438
1845439
1846425
1846426
1846427
1846428
1846429
1846435
1846436
1846437
1846438
1846439
1570543
1570637
1571543
1572508
1572543
1572628
1572629
1572649
1576210
1576211
1576212
1576213
1576214
1576215
1576216
1576217
1576218
1576219
1650169
1650324
1650543
1650725
1650925
1650969
1651003
1651295
1651582
1652162
1652259
1652278
1652367
1652395
1652463
1652533
1652541
1652543
1652614
1652619
1652620
1652864
1652935
1653134
1653215
1653217
1653276
1653334
1653398
1653573
1653606
1653987
1655280
1655430
1655431
1655433
1655434
1655435
1655436
1655437
1655438
1655439
1655543
1655660
1655694
1655734
1655810
1655910
1656030
1656114
1656518
1656524
1656529
1656621
1656649
1656716
1656801
1656811
1656900
1656949
1657037
1657085
1657116
1657143
1657423
1657543
1980543
1980609
1981256
1981494
1981954
1981970
1981971
1981972
1981973
1985430
1985431
1985432
1985433
1985434
1985435
1985436
1985437
1985438
1985439
1986170
1986171
1986172
1986173
1986174
1986175
1986176
1986304
1986305
1986306
1986307
1986308
1660543
1660643
1667820
1667821
1667822
1667823
1667824
1380054
1380543
1385430
1385431
1385432
1385433
1385434
1385435
1385436
1385437
1385438
1385439
1388485
1388486
1870543
1870643
1870649
1870660
1870661
1870662
1870663
1870664
1875430
1875431
1875432
1875433
1875434
1875435
1875436
1875437
1875438
1875439
1876301
1876302
1876303
1876304
1876305
1876306
1876307
1876308
1876309
1876453
1876454
1876455
1876456
1876508
1876509
1876543
1876649
1876663
1876667
1876960
1876961
1876962
1876963
1876964
1876965
1876966
1876967
1876968
1876969
1310543
1314543
1315342
1315358
1315359
1315649
1315683
1316543
1317328
1317329
1317342
1317628
1317629
1317642
1317649
1318100
1318101
1318102
1318103
1318104
1318890
1318891
1730543
1735337
1735338
1736200
1736201
1736202
1340543
1340615
1340616
1340617
1340618
1340619
1340623
1340624
1340625
1345543
1345576
1345577
1345578
1345579
1346505
1346506
1346507
1346508
1346509
1346543
1347505
1347506
1347507
1347508
1347509
1347543
1760543
1760649
1761543
1765432
1765438
1766036
1766037
1766116
1766170
1766171
1766172
1766173
1766174
1766175
1766176
1766177
1766248
1766249
1766917
1766918
1766919
1768543
1768637
1768638
1768639
1769448
1769449
1580543
1580689
1585430
1585431
1585432
1585433
1585434
1585435
1585436
1585437
1585438
1585439
1585466
1586519
1586520
1586521
1586522
1586523
1586540
1586541
1586542
1586543
1586544
1586625
1586665
1586666
1589889
1589892
1820543
1820544
1820655
1820656
1820657
1820658
1820659
1825430
1825431
1825432
1825433
1825434
1825435
1825436
1825437
1825438
1825439
1825440
1826543
1826570
1826571
1826572
1826573
1826574
1826575
1826576
1826577
1826578
1826579
1826649
1826653
1826654
1826655
1826656
1826657
1826658
1826659
1510543
1515430
1515431
1515432
1515433
1515434
1515435
1515436
1515437
1515438
1515439
1516543
1516609
1516630
1516680
1516681
1516990
1516991
1516992
1516993
1516994
1516995
1516996
1516997
1516998
1516999
