1980990
1981406
1989015
1989906
1570198
1570990
1571907
1571996
1573970
1573971
1840990
1844946
1844947
1910990
1919030
1919044
1919917
1320108
1323977
1323990
1328990
1370990
1470990
1471980
1479916
1479917
1479918
1479919
1750990
1759490
1759990
1880990
1889298
1889938
1889939
1889963
1810990
1812900
1815290
1815291
1815292
1815293
1816742
1816743
1816769
1819600
1819601
1819602
1819603
1520990
1529950
1529979
1529999
1519963
1820990
1580900
1580905
1580990
1589939
1760990
1769900
1344099
1730990
1739488
1739489
1739778
1739780
1739785
1739900
1311990
1313990
1317990
1319990
1870990
1879920
1879921
1879922
1879923
1879999
1389956
1389957
1389958
1389959
1660990
1800990
1804080
1809483
1809774
1809790
1809970
1809990
1534990
1535265
1535272
1890990
1893583
1899930
1899931
1899950
1899951
1899952
1361999
1362997
1368996
1368997
1368998
1368999
1330990
1331990
1332567
1332568
1334547
1336470
1336499
1336905
1336990
1339494
1339900
1339990
1560990
1850990
1859050
1859920
1780990
1784446
1784844
1784845
1788135
1788166
1990990
1994587
1994589
1999016
1999067
1999978
1390990
1399930
1399931
1399950
1399951
1399952
1860990
1869900
1869901
1869902
1869903
1869904
1550990
1303138
1303139
1304055
1307037
1307039
1307046
1309405
1309510
1450990
1452780
1454545
1459682
1459683
1459684
1459685
1459770
1459771
1459789
1351990
1351991
1356545
1356546
1357950
1357951
1357952
1357953
1590990
1599939
1770990
1779492
1779790
1779791
1779990
1500990
1502285
1502612
1830990
