1310795
1310796
1310797
1310798
1310799
1311055
1311056
1311069
1311594
1312327
1312328
1312329
1312406
1315933
1315944
1315945
1316386
1316485
1316486
1317454
1317455
1317456
1317465
1317805
1317806
1317813
1317819
1317823
1317824
1319440
1319441
1319442
1319443
1319444
1730594
1732668
1732669
1733800
1733801
1734627
1734628
1734630
1734631
1734632
1734950
1734964
1735010
1735011
1735012
1735013
1735903
1735904
1735905
1735906
1735907
1735908
1735909
1735940
1735941
1735942
1735950
1739650
1660594
1660603
1665911
1665920
1665921
1665930
1380856
1380857
1380858
1380859
1385020
1385021
1385022
1385023
1385024
1385025
1385026
1385027
1385028
1385029
1385980
1385981
1385982
1385983
1385984
1385985
1385986
1385987
1385988
1385989
1386090
1386091
1386092
1386093
1386094
1386095
1386096
1386097
1386098
1386099
1870594
1875000
1875001
1875002
1875003
1875004
1875005
1875006
1875007
1875008
1875009
1876050
1876051
1876052
1876053
1876054
1876055
1876056
1876057
1876058
1876059
1820600
1820601
1820602
1820603
1820604
1825050
1825051
1825052
1825053
1825054
1510590
1510591
1510592
1510593
1510594
1516020
1516021
1516022
1516023
1516024
1516025
1516026
1516027
1516028
1516029
1516045
1516046
1516047
1516048
1516049
1345905
1345906
1345907
1345908
1345909
1760594
1767996
1768923
1768939
1768965
1768990
1586000
1586001
1586002
1586003
1586004
1586005
1586006
1586007
1586008
1586009
1588030
1588031
1588032
1588033
1588034
1589205
1589206
1589207
1589208
1589209
1750594
1750605
1750690
1750698
1755904
1755908
1755928
1755929
1755933
1755934
1755935
1880504
1880594
1885090
1885091
1885092
1885093
1885094
1885095
1885096
1885097
1885098
1885099
1370605
1370606
1370607
1370608
1370609
1379900
1379901
1379960
1379961
1379962
1379963
1379964
1379965
1379966
1379967
1379968
1379969
1475940
1475941
1475942
1475943
1475944
1475945
1475946
1475947
1475948
1475949
1476010
1476011
1476012
1476013
1476014
1520590
1520591
1520592
1520593
1520594
1520595
1520596
1520597
1520598
1520599
1526025
1526026
1526027
1526028
1526029
1526090
1526091
1526092
1526093
1526094
1526095
1526096
1526097
1526098
1526099
1810057
1810594
1812098
1812099
1814613
1814964
1815028
1815029
1815043
1815044
1815045
1815065
1815066
1815900
1815901
1815902
1815903
1815905
1815906
1815907
1815910
1815911
1815912
1815938
1815939
1815940
1815941
1815942
1815943
1815944
1815951
1845015
1845016
1845017
1845018
1845019
1845940
1845941
1845942
1845943
1845944
1845945
1845946
1845947
1845948
1845949
1571507
1571508
1571509
1575935
1575936
1575937
1575938
1575939
1575990
1575991
1575992
1575993
1575994
1980592
1980593
1983530
1983531
1983532
1983533
1983543
1984054
1985935
1985936
1985937
1985938
1985939
1985944
1989033
1989042
1989669
1650334
1650336
1650594
1651378
1651869
1652579
1652583
1652594
1655092
1655098
1655590
1655592
1655593
1657099
1657111
1657171
1704045
1704046
1704047
1707544
1707598
1707599
1708191
1708192
1708193
1708195
1320594
1321505
1321508
1322506
1322509
1323507
1323508
1323594
1325501
1327594
1327692
1328509
1329083
1329593
1910504
1910594
1770504
1770594
1770694
1772082
1772083
1772084
1772085
1774605
1775033
1775034
1775035
1775036
1775044
1775901
1775902
1775949
1775956
1775957
1775958
1775959
1775980
1775981
1775982
1775983
1775984
1595940
1595941
1595942
1595943
1596050
1596051
1596052
1596053
1596054
1598034
1598035
1598036
1452584
1452585
1454406
1454419
1458285
1458286
1458287
1458288
1458289
1351404
1351405
1351592
1351593
1355938
1355939
1355980
1355981
1355982
1359900
1359901
1359902
1359945
1359946
1359947
1359948
1359949
1359955
1359985
1359986
1359987
1359988
1359989
1835040
1835041
1835042
1835043
1835044
1835900
1835901
1835902
1835903
1835904
1839600
1839601
1839602
1839603
1839604
1839605
1839606
1839607
1839608
1839609
1506030
1506031
1506032
1506033
1506034
1506035
1506036
1506037
1506038
1506039
1508010
1508011
1508012
1508013
1508014
1508015
1508016
1508017
1508018
1508019
1508035
1508036
1508037
1508038
1508039
1550594
1550699
1860501
1860594
1860690
1865020
1865021
1865022
1865023
1865024
1865025
1865026
1865027
1865028
1865041
1865945
1865946
1865947
1865948
1865949
1671238
1671239
1671246
1671247
1671248
1671249
1671260
1671261
1671262
1671263
1671265
1671594
1672594
1673594
1390504
1390594
1395070
1395071
1395072
1395073
1395074
1395075
1395076
1395077
1395078
1395079
1395950
1395951
1395952
1395953
1395954
1395955
1395956
1395957
1395958
1395959
1300385
1300386
1301590
1301596
1301597
1301598
1301599
1302385
1302386
1303081
1303082
1303083
1303085
1303086
1304594
1304690
1305530
1305531
1305568
1305569
1305594
1306213
1306214
1306215
1306229
1330504
1330594
1331395
1331396
1332836
1332837
1332882
1332883
1332884
1333850
1333851
1333852
1334048
1334049
1334830
1334831
1334832
1335851
1335852
1335853
1336593
1336594
1337505
1337506
1337594
1337695
1338594
1338690
1338691
1338692
1339594
1712035
1712036
1712037
1713584
1713594
1715264
1715594
1716263
1716265
1716267
1716268
1716269
1716580
1716581
1716594
1717594
1718594
1719497
1719503
1719505
1719506
1719594
1990504
1990594
1995947
1995948
1995949
1995950
1995951
1995952
1995953
1995954
1995955
1995956
1995957
1995958
1995959
1850500
1850505
1850506
1850594
1855855
1855933
1855938
1855939
1856792
1856793
1859350
1859454
1859455
1859690
1859691
1859692
1859693
1859694
1859695
1859696
1859958
1784290
1784291
1784292
1785020
1785021
1785022
1785066
1785067
1785068
1785069
1785900
1785916
1785917
1785922
1785932
1785940
1788030
1789189
1789594
1560501
1560594
1565939
1565954
1565955
1565956
1565957
1565958
1565959
1566503
1566581
1569594
1530594
1530606
1533750
1534593
1535904
1535977
1535978
1535979
1535980
1535981
1537594
1537597
1537598
1539594
1539615
1539616
1800504
1800594
1802060
1802061
1803032
1803033
1803034
1803035
1803036
1803037
1803038
1803039
1803900
1803901
1803902
1803903
1803904
1803905
1803906
1803907
1803908
1803909
1804644
1805049
1805050
1805051
1805052
1805053
1805054
1805055
1805056
1805057
1805058
1805059
1805944
1805945
1805950
1805951
1805952
1805953
1805954
1805955
1805956
1805957
1805958
1805959
1805974
1805975
1805990
1805991
1805992
1805993
1805994
1805995
1805996
1805997
1806044
1806045
1806046
1806594
1950017
1950018
1950019
1360750
1360751
1360752
1360753
1360754
1361593
1361598
1361599
1362690
1362691
1362692
1362693
1364698
1364699
1365698
1365699
1366690
1366691
1366692
1366693
1366694
1890504
1890594
1895070
1895071
1895072
1895073
1895074
1895075
1895076
1895077
1895078
1895079
1895950
1895951
1895952
1895953
1895954
1895955
1895956
1895957
1895958
1895959
1896544
1896556
1896557
1896558
1896559
1896588
1896589
1896594
1825015
1825016
1825017
1825018
1825019
1825030
1825031
1825032
1825033
1825034
1825045
1825046
1825047
1825048
1825049
1825900
1825901
1825902
1825903
1825904
1825905
1825906
1825907
1825908
1825909
1825910
1825911
1825912
1825913
1825914
1825915
1825916
1825917
1825918
1825919
1515960
1515961
1515962
1515963
1515964
1760500
1760501
1760502
1760503
1760590
1760591
1760607
1765906
1767990
1768922
1768925
1768926
1768927
1768938
1768940
1768941
1768942
1768943
1768944
1768960
1768997
1768998
1768999
1580600
1580601
1580602
1580603
1580604
1580605
1580606
1580607
1580608
1580609
1585900
1585901
1585902
1585903
1585904
1585905
1585906
1585907
1585908
1585909
1585910
1585911
1585912
1585913
1585914
1585915
1585916
1585917
1585918
1585919
1585940
1585941
1585942
1585943
1585944
1586025
1586026
1586027
1586028
1586029
1586080
1586081
1586082
1586083
1586084
1588000
1588001
1588002
1588003
1588004
1588005
1588006
1588007
1588008
1588009
1588010
1588011
1588012
1588013
1588014
1588015
1588016
1588017
1588018
1588019
1588040
1588041
1588042
1588043
1588044
1588045
1588046
1588047
1588048
1588049
1340050
1340051
1340052
1340053
1340054
1340055
1340056
1340057
1340058
1340059
1340590
1340591
1340592
1340593
1340594
1340595
1340596
1340597
1340598
1340599
1344468
1345910
1345911
1345912
1345913
1345914
1345915
1345916
1345917
1345918
1345919
1345940
1345941
1345942
1345943
1345944
1345945
1345946
1345947
1345948
1345949
1348900
1348901
1348902
1348903
1348904
1348905
1348906
1348907
1348908
1348909
1348910
1348911
1348912
1348913
1348914
1348915
1348916
1348917
1348918
1348919
1348990
1348991
1348992
1348993
1348994
1348995
1348996
1348997
1348998
1348999
1730460
1730461
1730462
1730463
1730464
1730465
1730466
1730500
1730501
1730502
1730590
1730591
1730690
1730691
1730692
1732650
1732651
1732652
1732653
1732654
1732655
1732656
1732657
1732658
1732659
1732660
1732661
1732662
1734610
1734611
1734612
1734613
1734614
1734615
1734616
1734640
1734641
1734960
1734961
1735018
1735019
1735900
1735901
1735902
1735910
1735911
1735912
1735914
1735915
1735916
1735917
1735918
1735919
1735943
1736688
1739651
1310140
1310141
1310142
1310760
1310761
1310762
1310763
1310764
1310765
1310766
1310767
1310768
1310769
1310792
1310793
1310794
1311050
1311051
1311052
1311053
1311054
1311063
1311064
1311075
1311076
1311077
1311078
1311079
1311087
1311088
1311089
1311590
1311591
1311592
1312315
1312316
1312317
1312318
1312319
1312400
1312401
1312402
1315940
1315941
1315942
1315943
1316387
1316388
1316389
1316480
1316481
1316482
1317450
1317451
1317452
1317453
1317803
1317811
1317838
1319445
1319446
1319447
1870500
1870501
1870502
1870503
1870504
1870505
1870506
1870507
1870508
1870509
1870590
1870591
1875010
1875011
1875012
1875013
1875014
1875015
1875016
1875017
1875018
1875019
1875070
1875071
1875072
1875073
1875074
1875075
1875076
1875077
1875078
1875079
1875910
1875911
1875912
1875913
1875914
1875915
1875916
1875917
1875918
1875919
1876040
1876041
1876042
1876043
1876044
1660500
1660501
1660502
1660503
1660504
1660505
1660506
1660590
1660591
1660604
1660605
1660606
1660607
1660608
1660609
1665900
1665901
1665902
1665903
1665904
1665905
1665906
1665907
1665908
1665909
1665935
1665936
1665937
1665938
1665939
1665940
1665941
1665942
1665943
1665944
1380500
1380501
1380502
1380503
1380504
1380505
1380506
1380507
1380508
1380509
1380950
1380951
1380952
1380953
1380954
1380955
1385010
1385011
1385012
1385013
1385014
1385015
1385016
1385017
1385018
1385019
1385900
1385901
1385902
1385903
1385904
1385905
1385906
1385907
1385908
1385909
1386060
1386061
1386062
1386063
1386064
1386065
1386066
1386067
1386068
1386069
1650299
1650304
1650404
1650584
1650590
1650591
1651100
1651142
1651190
1651191
1651301
1651866
1651994
1651998
1652091
1652227
1652591
1652611
1653020
1653029
1653035
1653891
1655091
1655093
1655099
1655591
1655596
1655597
1655899
1656187
1656194
1656204
1656213
1656215
1656216
1656262
1657266
1657591
1983540
1983552
1983553
1983554
1983555
1983556
1983557
1983558
1983559
1984050
1984051
1985910
1985911
1985912
1985913
1985914
1985940
1985941
1989050
1989051
1989052
1989053
1989054
1989055
1989056
1989057
1989058
1989059
1989660
1989661
1989662
1989663
1989664
1989665
1845005
1845006
1845007
1845008
1845009
1845020
1845021
1845022
1845023
1845024
1845030
1845031
1845032
1845033
1845034
1845035
1845036
1845037
1845038
1845039
1845040
1845041
1845042
1845043
1845044
1845045
1845046
1845047
1845048
1845049
1845050
1845051
1845052
1845053
1845054
1845055
1845056
1845057
1845058
1845059
1845060
1845061
1845062
1845063
1845064
1845065
1845066
1845067
1845068
1845069
1845070
1845071
1845072
1845073
1845074
1845075
1845076
1845077
1845078
1845079
1845080
1845081
1845082
1845083
1845084
1845085
1845086
1845087
1845088
1845089
1845090
1845091
1845092
1845093
1845094
1845095
1845096
1845097
1845098
1845099
1845910
1845911
1845912
1845913
1845914
1845915
1845916
1845917
1845918
1845919
1848000
1848001
1848002
1848003
1848004
1848005
1848006
1848007
1848008
1848009
1849210
1849211
1849212
1849213
1849214
1849215
1849216
1849221
1849222
1849225
1849226
1849227
1849228
1849229
1849600
1849601
1849602
1849603
1849604
1849605
1849606
1849607
1849608
1849609
1849610
1849611
1849612
1849613
1849614
1849615
1849616
1849617
1849618
1849619
1849620
1849621
1849622
1849623
1849624
1849625
1849626
1849627
1849628
1849629
1849630
1849631
1849632
1849633
1849634
1849635
1849636
1849637
1849638
1849639
1570590
1570591
1570593
1570594
1570595
1570596
1570597
1570598
1570599
1571590
1571591
1571592
1571593
1571594
1575080
1575081
1575082
1575083
1575084
1575085
1575086
1575087
1575088
1575089
1575940
1575941
1575942
1575943
1575944
1579490
1579491
1579492
1579493
1579494
1320500
1320501
1320502
1320503
1320590
1320591
1321500
1321504
1321597
1321598
1322591
1322594
1322599
1323590
1323591
1325504
1325505
1325591
1325599
1327501
1327590
1327591
1327601
1327604
1327608
1327691
1327699
1328500
1328502
1328591
1328594
1328598
1329072
1329073
1329074
1329080
1329081
1329089
1329093
1329095
1329098
1329501
1329591
1329594
1329597
1910500
1910501
1910590
1910591
1700500
1700501
1700502
1700503
1700504
1700505
1700590
1700591
1700952
1700953
1700954
1700955
1700956
1700957
1701590
1701591
1701592
1701593
1701594
1701595
1701596
1701597
1701598
1701599
1702548
1702549
1702580
1702581
1702582
1702583
1702584
1702585
1702586
1702587
1702588
1702589
1702590
1702591
1702592
1702593
1702594
1702595
1702596
1702597
1702598
1702599
1703539
1703540
1703541
1703542
1703543
1703544
1703545
1703546
1703547
1703548
1703549
1703550
1703551
1703552
1703553
1704040
1704041
1704042
1704043
1704044
1705043
1705059
1705096
1705130
1705203
1705282
1705505
1705563
1705619
1705683
1705721
1705770
1706168
1706169
1706170
1706171
1706172
1706173
1706174
1706175
1706176
1706177
1706178
1706179
1706180
1706181
1706182
1706183
1706184
1706185
1706186
1706187
1707190
1707191
1707192
1707193
1707194
1707195
1707196
1707197
1707198
1707199
1707490
1707491
1707492
1707493
1707494
1707495
1707496
1707497
1707498
1707499
1707595
1707596
1707597
1708590
1708591
1708592
1708593
1709590
1709591
1709592
1709593
1709594
1709595
1709596
1709597
1709598
1709599
1370500
1370501
1370502
1370503
1370504
1370505
1370506
1370507
1370508
1370509
1370590
1370591
1370592
1370593
1370594
1370595
1370596
1370597
1370598
1370599
1370694
1370695
1370696
1370697
1370698
1370699
1372081
1372082
1372083
1376380
1376381
1376382
1376383
1376384
1376385
1376386
1376387
1376388
1376389
1377450
1377451
1377452
1377453
1377454
1377455
1377456
1377457
1377458
1377459
1377460
1377461
1377462
1378887
1378888
1378889
1379930
1379931
1379932
1379933
1379934
1379935
1379936
1379937
1379938
1379939
1379940
1379941
1379942
1379943
1379944
1379972
1379991
1379992
1379993
1379994
1379995
1379996
1379997
1379998
1379999
1470000
1470001
1470002
1470003
1470004
1475900
1475901
1475902
1475903
1475904
1475905
1475906
1475907
1475908
1475909
1475910
1475911
1475912
1475913
1475914
1475915
1475916
1475917
1475918
1475919
1475970
1475971
1475972
1475973
1475974
1476547
1476548
1476549
1476550
1476572
1476573
1476670
1476671
1476672
1476673
1476674
1476675
1476676
1476677
1476678
1476679
1476680
1476681
1476682
1476683
1880500
1880501
1880502
1880590
1880591
1885010
1885011
1885012
1885013
1885014
1885035
1885036
1885037
1885038
1885039
1885040
1885041
1885042
1885043
1885044
1885045
1885046
1885047
1885048
1885049
1885070
1885071
1885072
1885073
1885074
1885075
1885076
1885077
1885078
1885079
1885910
1885911
1885912
1885913
1885914
1885915
1885916
1885917
1885918
1885919
1886010
1886011
1886012
1886013
1886014
1886015
1886016
1886017
1886018
1886019
1750503
1750504
1750508
1750509
1750590
1750591
1750691
1755900
1755901
1755903
1755915
1755916
1755917
1755918
1755919
1755936
1755937
1755938
1755939
1520500
1520501
1520502
1520503
1520504
1520505
1520506
1520507
1520508
1520509
1525910
1525911
1525912
1525913
1525914
1525915
1525916
1525917
1525918
1525919
1528000
1528001
1528002
1528003
1528004
1528005
1528006
1528007
1528008
1528009
1528010
1528011
1528012
1528013
1528014
1528015
1528016
1528017
1528018
1528019
1528040
1528041
1528042
1528043
1528044
1810058
1810059
1810500
1810501
1810502
1810503
1810504
1810509
1810590
1810591
1810600
1810601
1810602
1810603
1810604
1810605
1810606
1810607
1810691
1810692
1810694
1812079
1812080
1812081
1812082
1812083
1812084
1812085
1812086
1812087
1812088
1812089
1812090
1812091
1812092
1812093
1812094
1812095
1812096
1812097
1814400
1814401
1814402
1814403
1814404
1814405
1814406
1814407
1814953
1814954
1814955
1814956
1815000
1815001
1815002
1815003
1815005
1815006
1815062
1815063
1815064
1815077
1815078
1815079
1815080
1815081
1815082
1815083
1815084
1815908
1815909
1815918
1815919
1815948
1815949
1671203
1671208
1671209
1671230
1671231
1671232
1671233
1671235
1671236
1671240
1671241
1671242
1671243
1671244
1671591
1671599
1672591
1672599
1673591
1673599
1674023
1674024
1674025
1674028
1674029
1390043
1390044
1390045
1390046
1390050
1390069
1390500
1390501
1390502
1390590
1390591
1390592
1390690
1390691
1390692
1390693
1395020
1395021
1395022
1395023
1395024
1395025
1395026
1395027
1395028
1395029
1395030
1395031
1395032
1395033
1395034
1395035
1395036
1395037
1395038
1395039
1395040
1395041
1395042
1395043
1395044
1395045
1395046
1395047
1395048
1395049
1395910
1395911
1395912
1395913
1395914
1395915
1395916
1395917
1395918
1395919
1396070
1396071
1396072
1396073
1396074
1396075
1396076
1396077
1396078
1396079
1396080
1396081
1396082
1396083
1396084
1396085
1396086
1396087
1396088
1396089
1396090
1396091
1396092
1396093
1396094
1396095
1396096
1396097
1396098
1396099
1550590
1550591
1550690
1550691
1860508
1860591
1860601
1860602
1860606
1860607
1860691
1860693
1860694
1860699
1864970
1864971
1864972
1864973
1864974
1864975
1864976
1864977
1864978
1864979
1864980
1864981
1864982
1864983
1864984
1864985
1864986
1864987
1864988
1864989
1865005
1865006
1865007
1865008
1865009
1865030
1865031
1865032
1865033
1865034
1865035
1865036
1865037
1865038
1865039
1865045
1865046
1865047
1865048
1865049
1865070
1865071
1865072
1865073
1865074
1865075
1865076
1865077
1865078
1865079
1865099
1865910
1865911
1865912
1865913
1865914
1865915
1865916
1865917
1865918
1865919
1865930
1869560
1869561
1869570
1869571
1869572
1869573
1869577
1869578
1869579
1300380
1300381
1300382
1300383
1300384
1300387
1300388
1300389
1301038
1301571
1301572
1301573
1301574
1301575
1301576
1301577
1301578
1302380
1302381
1302382
1302383
1302384
1302387
1302388
1302389
1304350
1304351
1304352
1304353
1304354
1304355
1304457
1304458
1304459
1304591
1305525
1305526
1305527
1305528
1305529
1305540
1305541
1305542
1305552
1305553
1305572
1305573
1305574
1305575
1305576
1305577
1305578
1305579
1305590
1305591
1306710
1306711
1306720
1306721
1306722
1306723
1306724
1306725
1306726
1306727
1306728
1306729
1306730
1306731
1306732
1306733
1306734
1306735
1306736
1306737
1306738
1306739
1306740
1306741
1306742
1306743
1306744
1306745
1306746
1307580
1307581
1307582
1307583
1307584
1307585
1307586
1307587
1307588
1307589
1307590
1307591
1307592
1307593
1307594
1307595
1307596
1307597
1307598
1307599
1726841
1726866
1726867
1726868
1726869
1727770
1452570
1452571
1452572
1452573
1452574
1452580
1452587
1452588
1452590
1452591
1453572
1453580
1453581
1453582
1453583
1453584
1453585
1453586
1453587
1453588
1453589
1453590
1453591
1453592
1453593
1453594
1453595
1453596
1453597
1454400
1454401
1454410
1454411
1454412
1454940
1454941
1454942
1350697
1350698
1350699
1350930
1350931
1350932
1350933
1350934
1350935
1350936
1350937
1350938
1350939
1351406
1351407
1351408
1351409
1351500
1351501
1351502
1355910
1355911
1355912
1355913
1355914
1355915
1355916
1355917
1355918
1355919
1355934
1355935
1355943
1355944
1355945
1355946
1355992
1355993
1355994
1355995
1359903
1359904
1359905
1359906
1359907
1359908
1359909
1359937
1359938
1359939
1359940
1359941
1359942
1359943
1359944
1359995
1359996
1359997
1770460
1770461
1770462
1770500
1770501
1770502
1770590
1770591
1770690
1770691
1770692
1772071
1772072
1772073
1772074
1772075
1772076
1772077
1772078
1772079
1772080
1772081
1774607
1774608
1774609
1775020
1775021
1775022
1775023
1775024
1775025
1775026
1775027
1775028
1775029
1775030
1775031
1775032
1775040
1775041
1775042
1775890
1775891
1775892
1775893
1775894
1775895
1775896
1775897
1775898
1775899
1775900
1775903
1775904
1775905
1775906
1775907
1775908
1775909
1775910
1775911
1775912
1775913
1775914
1775915
1775916
1775918
1775919
1775923
1775924
1775925
1775946
1775947
1775948
1775986
1775987
1775988
1595900
1595901
1595902
1595903
1595904
1595905
1595906
1595907
1595908
1595909
1595910
1595911
1595912
1595913
1595914
1595915
1595916
1595917
1595918
1595919
1596000
1596001
1596002
1596003
1596004
1596005
1596006
1596007
1596008
1596009
1596010
1596011
1596012
1596013
1596014
1596015
1596016
1596017
1596018
1596019
1598010
1598011
1598012
1598013
1598014
1598015
1598016
1598017
1598018
1598019
1598020
1598021
1598022
1598023
1598024
1598025
1598026
1598027
1598028
1598029
1598050
1598051
1598052
1598053
1598054
1598055
1598056
1598057
1598058
1598059
1598060
1598061
1598062
1598063
1598064
1598065
1598066
1598067
1598068
1598069
1598070
1598071
1598072
1598073
1598074
1598570
1598571
1598572
1598573
1598574
1598575
1598576
1598577
1598578
1598579
1621591
1830590
1830591
1830592
1830593
1830594
1830595
1830596
1830597
1830598
1830599
1834490
1834491
1834492
1834493
1834494
1834495
1834496
1834497
1834498
1834499
1835000
1835001
1835002
1835003
1835004
1835005
1835006
1835007
1835008
1835009
1835010
1835011
1835012
1835013
1835014
1835015
1835016
1835017
1835018
1835019
1835910
1835911
1835912
1835913
1835914
1835915
1835916
1835917
1835918
1835919
1835975
1835976
1835977
1835978
1835979
1835990
1835991
1839610
1839611
1839612
1839613
1839614
1839615
1839616
1839617
1839618
1839619
1839650
1839651
1839652
1839653
1839654
1500500
1500501
1500502
1500503
1500504
1500505
1500506
1500507
1500508
1500509
1500590
1500591
1500592
1500593
1500594
1500595
1500596
1500597
1500598
1500599
1505910
1505911
1505912
1505913
1505914
1505915
1505916
1505917
1505918
1505919
1505940
1505941
1505942
1505943
1505944
1505945
1505946
1505947
1505948
1505949
1506000
1506001
1506002
1506003
1506004
1506005
1506006
1506007
1506008
1506009
1506010
1506011
1506012
1506013
1506014
1506015
1506016
1506017
1506018
1506019
1506040
1506041
1506042
1506043
1506044
1506065
1506066
1506067
1506068
1506069
1508000
1508001
1508002
1508003
1508004
1508005
1508006
1508007
1508008
1508009
1508045
1508046
1508047
1508048
1508049
1530501
1530590
1530591
1530602
1530607
1530691
1530697
1530699
1533751
1534500
1534504
1534597
1535900
1535901
1535910
1535911
1535912
1535913
1535914
1535915
1535916
1535917
1535918
1535919
1535972
1535973
1535974
1535975
1535976
1537590
1537591
1537595
1537599
1537790
1537791
1537792
1537793
1539200
1539201
1539205
1539248
1539249
1539440
1539441
1539451
1539452
1539453
1539454
1539455
1539590
1539591
1539600
1539601
1539602
1539603
1539604
1539605
1539606
1539607
1539608
1539609
1539610
1539611
1539612
1800500
1800501
1800590
1800591
1800690
1800691
1800692
1800693
1802087
1802088
1804600
1804601
1804602
1804603
1804604
1804605
1804606
1804607
1804608
1804609
1804610
1804640
1804641
1805013
1805014
1805015
1805016
1805017
1805018
1805019
1805020
1805021
1805022
1805023
1805024
1805025
1805026
1805027
1805028
1805029
1805030
1805031
1805032
1805033
1805034
1805040
1805041
1805042
1805043
1805044
1805076
1805077
1805078
1805079
1805480
1805900
1805901
1805902
1805903
1805904
1805905
1805906
1805907
1805908
1805909
1805910
1805911
1805912
1805913
1805914
1805915
1805916
1805917
1805918
1805919
1805970
1805971
1805976
1805977
1806011
1806047
1806048
1806049
1806050
1806051
1806052
1806053
1806054
1806055
1806056
1806057
1806058
1806059
1806060
1806061
1806062
1806063
1806064
1806065
1806066
1806067
1806068
1806069
1806070
1806071
1806072
1806073
1806074
1806075
1806076
1806077
1806078
1806079
1806080
1806081
1806082
1806083
1806084
1806085
1806086
1806087
1806088
1806089
1806500
1806501
1806502
1806503
1806504
1806505
1806506
1806507
1806508
1806509
1806510
1806511
1806512
1806513
1806514
1806515
1806516
1806517
1806518
1806519
1806591
1808470
1808471
1808472
1808473
1808474
1808475
1808476
1808477
1808478
1808479
1809400
1809401
1890024
1890025
1890026
1890027
1890028
1890029
1890500
1890501
1890502
1890590
1890591
1890690
1890691
1890692
1890693
1895020
1895021
1895022
1895023
1895024
1895025
1895026
1895027
1895028
1895029
1895030
1895031
1895032
1895033
1895034
1895035
1895036
1895037
1895038
1895039
1895040
1895041
1895042
1895043
1895044
1895045
1895046
1895047
1895048
1895049
1895910
1895911
1895912
1895913
1895914
1895915
1895916
1895917
1895918
1895919
1896070
1896071
1896072
1896073
1896074
1896075
1896076
1896077
1896078
1896079
1896080
1896081
1896082
1896083
1896084
1896085
1896086
1896087
1896088
1896089
1896090
1896091
1896092
1896093
1896094
1896095
1896096
1896097
1896098
1896099
1896500
1896501
1896502
1896503
1896504
1896505
1896506
1896507
1896508
1896509
1896540
1896541
1896590
1896591
1953611
1955911
1955912
1955913
1955915
1955916
1955917
1955919
1360080
1360081
1360082
1360083
1360084
1360085
1360086
1360087
1360088
1360089
1360594
1360595
1360950
1360951
1360952
1360953
1360954
1360955
1360956
1360957
1360958
1360959
1361500
1361501
1361502
1361503
1361504
1361505
1362502
1362503
1362504
1362505
1362506
1362507
1362508
1362509
1363522
1363523
1363524
1363525
1363526
1363527
1363528
1363529
1364500
1364501
1364502
1364503
1364504
1364505
1364506
1364507
1364508
1364509
1365500
1365501
1365502
1365503
1365504
1365505
1365506
1365507
1365508
1365509
1366500
1366501
1366502
1366503
1366504
1366505
1366506
1366507
1366508
1366509
1367500
1367501
1367502
1367503
1367504
1367505
1367506
1367507
1367508
1367509
1368500
1368501
1368502
1368503
1368504
1369680
1369681
1369682
1369683
1369684
1369685
1369686
1369687
1369688
1369689
1710064
1710075
1712030
1712031
1712032
1712033
1712034
1713260
1713261
1713262
1713263
1713264
1713265
1713266
1713267
1713268
1713269
1713490
1713491
1713492
1713493
1713494
1713570
1713571
1713572
1713573
1713575
1713576
1713577
1713578
1713579
1713580
1713581
1713582
1713583
1713585
1713586
1713587
1713588
1713591
1715266
1715588
1715591
1716262
1716591
1717591
1718260
1718261
1718262
1718263
1718264
1718265
1718266
1718267
1718268
1718269
1718580
1718581
1718582
1718583
1718584
1718585
1718588
1718591
1719490
1719492
1719495
1719591
1330500
1330501
1330502
1330590
1330591
1330592
1330690
1330691
1330692
1330693
1331375
1331376
1331377
1331378
1331394
1331397
1331398
1331490
1331491
1331492
1331493
1331494
1331495
1332820
1332821
1332822
1332823
1332824
1332825
1332826
1332827
1332846
1332847
1332864
1332865
1332866
1332867
1332868
1332869
1332885
1332886
1333825
1333826
1333827
1333828
1333829
1333840
1333841
1333842
1333843
1333844
1334040
1334041
1334042
1334820
1334821
1334822
1334823
1334824
1334825
1334826
1334827
1334828
1334829
1335820
1335821
1335822
1335823
1335824
1335825
1335826
1335827
1335828
1335829
1336591
1337500
1337591
1337598
1337699
1338591
1339400
1339500
1339504
1339508
1339590
1339591
1780590
1780591
1780592
1780593
1780594
1780595
1780596
1780597
1780598
1780599
1784250
1784251
1784252
1784253
1784254
1784255
1784256
1784257
1784258
1784259
1784260
1784261
1784262
1784263
1785000
1785001
1785002
1785003
1785004
1785005
1785006
1785007
1785008
1785009
1785039
1785080
1785081
1785082
1785083
1785084
1785085
1785086
1785087
1785088
1785089
1785901
1785904
1785918
1785919
1785929
1785934
1785935
1785944
1785945
1785950
1785951
1785952
1785953
1785954
1785955
1785956
1785957
1785958
1785959
1788031
1789180
1789181
1789182
1789330
1789331
1789332
1789333
1789334
1789335
1789336
1789337
1789338
1789339
1789340
1789341
1789342
1789343
1789344
1789345
1789346
1789347
1789348
1789349
1789350
1789351
1789352
1789353
1789354
1789355
1789356
1789357
1789358
1789359
1789591
1850507
1850591
1850600
1850601
1850602
1850603
1850604
1850605
1850606
1850607
1850608
1850609
1850690
1850694
1855860
1855861
1855870
1855871
1855872
1855873
1855874
1855875
1855876
1855877
1855878
1855879
1855880
1855881
1855882
1855883
1855884
1855885
1855886
1855887
1855888
1855889
1855910
1855911
1855912
1855913
1855915
1855916
1855917
1855918
1855919
1855983
1855985
1855986
1855987
1855988
1855989
1855990
1855991
1855992
1855993
1855994
1855995
1855996
1855997
1855998
1855999
1856790
1856791
1859363
1859366
1859464
1859466
1859645
1859674
1859676
1859677
1859678
1859679
1859683
1859684
1859741
1859742
1859743
1859744
1859745
1859746
1859747
1859748
1859749
1859750
1859751
1859752
1859755
1859756
1859770
1859771
1859772
1859773
1859774
1859775
1859776
1859777
1859778
1859779
1560508
1560591
1560601
1560602
1560606
1560607
1560691
1560693
1560694
1560699
1565902
1565903
1565910
1565911
1565912
1565913
1565914
1565915
1565916
1565917
1565918
1565919
1565937
1565938
1565941
1565942
1565943
1565944
1565973
1565975
1565976
1565977
1565978
1565979
1565989
1565992
1565993
1565997
1565999
1566502
1566504
1566507
1566591
1569590
1569591
1990500
1990501
1990502
1990590
1990591
1990690
1990691
1990692
1990693
1994290
1994291
1994292
1994293
1994294
1994295
1994296
1994297
1994298
1994299
1995910
1995911
1995912
1995913
1995914
1995915
1995916
1995917
1995918
1995919
1995920
1995921
1995922
1995923
1995924
1995925
1995936
1995937
1995938
1995939
1995963
1995964
1995965
1995966
1860509
1860597
1865082
1865083
1865084
1865085
1865086
1865087
1865088
1865944
1865975
1865976
1865977
1865978
1865979
1550597
1550697
1390607
1390697
1395080
1395081
1395082
1395083
1395084
1395085
1395086
1395087
1395088
1395089
1395900
1395901
1395902
1395903
1395904
1395905
1395906
1395907
1395908
1395909
1395945
1395946
1395947
1395948
1395949
1671237
1671245
1671597
1672597
1673597
1300497
1300498
1301560
1302497
1302498
1304356
1304359
1304590
1305584
1305585
1305586
1305597
1306220
1306221
1306222
1306223
1306224
1306225
1306245
1595970
1595971
1595972
1595973
1596030
1596031
1596032
1596033
1596034
1596088
1596089
1596090
1596091
1596092
1596093
1596094
1770597
1770697
1772089
1775037
1775038
1775045
1775970
1775971
1775972
1775978
1452597
1453577
1454409
1458385
1458386
1458387
1458388
1458389
1350750
1350751
1350752
1350753
1350754
1351590
1351591
1355930
1355931
1355996
1355997
1355998
1355999
1359932
1359933
1359934
1359960
1359961
1359962
1359963
1359964
1505905
1505906
1505907
1505908
1505909
1505990
1505991
1505992
1505993
1505994
1508020
1508021
1508022
1508023
1508024
1508025
1508026
1508027
1508028
1508029
1835045
1835046
1835047
1835048
1835049
1835930
1835931
1835932
1835933
1835934
1839630
1839631
1839632
1839633
1839634
1839635
1839636
1839637
1839638
1839639
1800597
1800607
1800697
1802062
1802089
1803980
1803981
1803982
1803983
1803984
1803985
1803986
1803987
1803988
1803989
1804647
1805045
1805487
1805498
1805499
1805978
1805979
1806019
1806376
1806377
1806378
1806379
1806597
1809402
1809403
1809404
1530597
1530601
1530604
1533757
1534508
1534509
1535907
1535990
1535991
1535992
1539236
1539237
1539247
1539597
1360098
1360099
1360590
1360591
1360592
1360593
1361690
1361691
1361692
1362602
1362603
1362604
1364692
1364693
1365692
1365693
1368595
1368596
1368597
1368598
1368599
1950014
1950015
1950016
1890597
1890607
1890697
1895080
1895081
1895082
1895083
1895084
1895085
1895086
1895087
1895088
1895089
1895900
1895901
1895902
1895903
1895904
1895905
1895906
1895907
1895908
1895909
1895945
1895946
1895947
1895948
1895949
1896597
1330607
1330697
1331392
1331393
1331399
1332848
1332849
1332863
1332873
1332874
1333837
1333838
1333839
1334056
1334057
1334058
1334059
1334834
1334835
1334836
1335835
1335836
1336507
1336508
1337504
1337508
1337509
1338590
1338597
1338693
1339409
1339597
1713597
1715597
1716264
1716597
1717268
1717269
1717597
1990597
1990607
1990697
1994275
1995930
1995931
1560509
1560597
1565900
1565901
1565994
1565995
1566508
1566590
1569597
1784293
1784294
1784295
1785030
1785031
1785032
1785070
1785071
1785072
1785073
1785907
1785923
1785933
1785941
1788037
1789597
1850503
1850508
1850509
1850597
1855890
1855891
1855904
1855914
1855945
1855970
1855971
1855972
1855973
1855974
1856794
1856795
1856796
1856797
1856798
1856799
1859355
1859358
1859456
1859457
1515900
1515901
1515902
1515903
1515904
1515905
1515906
1515907
1515908
1515909
1516065
1516066
1516067
1516068
1516069
1825000
1825001
1825002
1825003
1825004
1825005
1825006
1825007
1825008
1825009
1825010
1825011
1825012
1825013
1825014
1825035
1825036
1825037
1825038
1825039
1345970
1345971
1345972
1345973
1345974
1345975
1345976
1345977
1345978
1345979
1586010
1586011
1586012
1586013
1586014
1586015
1586016
1586017
1586018
1586019
1588035
1588036
1588037
1588038
1588039
1588060
1588061
1588062
1588063
1588064
1588065
1588066
1588067
1588068
1588069
1760504
1760597
1768929
1768963
1768995
1310590
1310591
1310592
1310594
1311060
1311061
1311062
1311068
1312307
1312308
1312309
1312404
1315930
1315931
1315932
1316381
1317458
1317459
1317815
1317818
1317822
1317826
1317839
1319448
1319449
1730597
1730607
1730697
1732663
1732664
1733806
1733807
1734646
1734647
1734967
1735038
1735039
1735040
1735041
1735042
1735043
1735044
1735045
1735070
1735071
1735936
1735937
1735938
1735939
1735973
1735974
1735975
1735976
1735977
1735978
1735979
1739652
1380698
1380699
1385060
1385061
1385062
1385063
1385064
1385065
1385066
1385067
1385068
1385069
1385950
1385951
1385952
1385953
1385954
1385955
1385956
1385957
1385958
1385959
1386020
1386021
1386022
1386023
1386024
1386025
1386026
1386027
1386028
1386029
1660597
1665949
1870597
1875900
1875901
1875902
1875903
1875904
1875905
1875906
1875907
1875908
1875909
1876000
1876001
1876002
1876003
1876004
1876005
1876006
1876007
1876008
1876009
1876010
1876011
1876012
1876013
1876014
1876015
1876016
1876017
1876018
1876019
1571603
1571604
1571605
1571606
1575900
1575901
1575902
1575903
1575904
1579113
1845970
1845971
1845972
1845973
1845974
1845975
1845976
1845977
1845978
1845979
1650597
1980594
1980595
1983547
1983560
1983561
1983562
1983563
1984057
1985947
1985970
1985971
1985972
1985973
1985974
1985975
1985976
1985977
1985978
1985979
1989002
1989003
1989004
1701090
1701091
1701092
1701093
1910507
1910597
1320597
1321509
1322593
1323509
1323597
1325502
1325597
1327503
1327693
1328505
1328590
1880597
1885080
1885081
1885082
1885083
1885084
1885085
1885086
1885087
1885088
1885089
1885900
1885901
1885902
1885903
1885904
1885905
1885906
1885907
1885908
1885909
1750500
1750597
1755910
1379907
1379908
1379909
1470500
1470501
1470502
1470503
1470504
1470505
1470506
1470507
1470508
1470509
1476025
1476026
1476027
1476028
1476029
1810597
1814616
1814617
1815031
1815032
1815945
1815946
1815947
1815954
1815975
1815976
1815977
1815980
1815981
1815982
1815983
1815985
1815986
1520600
1520601
1520602
1520603
1520604
1520605
1520606
1520607
1520608
1520609
1525900
1525901
1525902
1525903
1525904
1528035
1528036
1528037
1528038
1528039
1528080
1528081
1528082
1528083
1528084
1910505
1910595
1320505
1320506
1320507
1320508
1320509
1320595
1321506
1321507
1321595
1322500
1322595
1322598
1323595
1325500
1325503
1325595
1327505
1327507
1327508
1327595
1327600
1327609
1327694
1327698
1328501
1328503
1328504
1328595
1328599
1329085
1329086
1329088
1329500
1329502
1329505
1329590
1329595
1700480
1700481
1700595
1700600
1700601
1700602
1700603
1700604
1700605
1700606
1700607
1700608
1700609
1701582
1701583
1701584
1701585
1701586
1701587
1701588
1701589
1702540
1702541
1702542
1702543
1702544
1702545
1702546
1702547
1703554
1703555
1703556
1703557
1703558
1704066
1704067
1704068
1704069
1705083
1706188
1706189
1706190
1706191
1706192
1707545
1707546
1707547
1707548
1707549
1707590
1707591
1707592
1707593
1707594
1708580
1708581
1708594
1708595
1708596
1708597
1708598
1708599
1709580
1709581
1709582
1709583
1709584
1709585
1709586
1709587
1709588
1709589
1981399
1983522
1983523
1983524
1983525
1983526
1983527
1983528
1983529
1983544
1983545
1984055
1985900
1985901
1985902
1985903
1985904
1985945
1985950
1985951
1985952
1985953
1985954
1985955
1985956
1985957
1985958
1985959
1989035
1989036
1989037
1989038
1989039
1989043
1650595
1651192
1651195
1651938
1651996
1652002
1652158
1652168
1652188
1652198
1652199
1652219
1652502
1652602
1655090
1655095
1655096
1655097
1655595
1655598
1656185
1656190
1656203
1657595
1571595
1571596
1571597
1571598
1571599
1575090
1575091
1575092
1575093
1575094
1575095
1575096
1575097
1575098
1575099
1575945
1575946
1575947
1575948
1575949
1575950
1575951
1575952
1575953
1575954
1575955
1575956
1575957
1575958
1575959
1575970
1575971
1575972
1575973
1575974
1575975
1575976
1575977
1575978
1575979
1575980
1575981
1575982
1575983
1575984
1575985
1575986
1575987
1575988
1575989
1579038
1579188
1845900
1845901
1845902
1845903
1845904
1845905
1845906
1845907
1845908
1845909
1845950
1845951
1845952
1845953
1845954
1845955
1845956
1845957
1845958
1845959
1848016
1848017
1810052
1810053
1810054
1810505
1810506
1810507
1810508
1810595
1810699
1812060
1812061
1812062
1812063
1812064
1812065
1812066
1812067
1812068
1812069
1812070
1814601
1814602
1814603
1814604
1814605
1814606
1814607
1814608
1814609
1814957
1814958
1814959
1814960
1814961
1814965
1814966
1814967
1814968
1815046
1815047
1815048
1815049
1815050
1815051
1815052
1815053
1815054
1815055
1815056
1815057
1815058
1815059
1815060
1815061
1815091
1815092
1815093
1815094
1815095
1815096
1815097
1815098
1815099
1815913
1815915
1815916
1815917
1815920
1815921
1815922
1815923
1815925
1815926
1815927
1815930
1815931
1815932
1815933
1815935
1815936
1815937
1815950
1815952
1815958
1815959
1815998
1815999
1816090
1816091
1816092
1816093
1816094
1816095
1816096
1816097
1816098
1816099
1525940
1525941
1525942
1525943
1525944
1525945
1525946
1525947
1525948
1525949
1525950
1525951
1525952
1525953
1525954
1525955
1525956
1525957
1525958
1525959
1525970
1525971
1525972
1525973
1525974
1525975
1525976
1525977
1525978
1525979
1526030
1526031
1526032
1526033
1526034
1526035
1526036
1526037
1526038
1526039
1526040
1526041
1526042
1526043
1526044
1526045
1526046
1526047
1526048
1526049
1526070
1526071
1526072
1526073
1526074
1526075
1526076
1526077
1526078
1526079
1526080
1526081
1526082
1526083
1526084
1526085
1526086
1526087
1526088
1526089
1528045
1528046
1528047
1528048
1528049
1528085
1528086
1528087
1528088
1528089
1529450
1529451
1529452
1529453
1529454
1529455
1529456
1529457
1529458
1529459
1470590
1470591
1470592
1470593
1470594
1470595
1470596
1470597
1470598
1470599
1475950
1475951
1475952
1475953
1475954
1475955
1475956
1475957
1475958
1475959
1476015
1476016
1476017
1476018
1476019
1372084
1372085
1372086
1377480
1377481
1377482
1377483
1377484
1377485
1377486
1377487
1377488
1377489
1378880
1378881
1378882
1378883
1378884
1378885
1378886
1379920
1379921
1379922
1379923
1379924
1379945
1379946
1379947
1379948
1379949
1379950
1379951
1379952
1379953
1379954
1379955
1379956
1379957
1379958
1379959
1379985
1379986
1379987
1379988
1379989
1750505
1750506
1750507
1750595
1750604
1750699
1755905
1755913
1755914
1755920
1755921
1755922
1880595
1881595
1881596
1881597
1881598
1881599
1885940
1885941
1885942
1885943
1885944
1885945
1885946
1885947
1885948
1885949
1885950
1885951
1885952
1885953
1885954
1885955
1885956
1885957
1885958
1885959
1885970
1885971
1885972
1885973
1885974
1885975
1885976
1885977
1885978
1885979
1885990
1885991
1885992
1885993
1885994
1885995
1885996
1885997
1885998
1885999
1887620
1887621
1887622
1887623
1887624
1887625
1887626
1887627
1887628
1887629
1887635
1887636
1887637
1887638
1887639
1887645
1887646
1887647
1887648
1887649
1887650
1887651
1887652
1887653
1887654
1887655
1887656
1887657
1887658
1887659
1580500
1580501
1580502
1580503
1580504
1580505
1580506
1580507
1580508
1580509
1580595
1580596
1580597
1580598
1580599
1585945
1585946
1585947
1585948
1585949
1585950
1585951
1585952
1585953
1585954
1585955
1585956
1585957
1585958
1585959
1585970
1585971
1585972
1585973
1585974
1585975
1585976
1585977
1585978
1585979
1586030
1586031
1586032
1586033
1586034
1586035
1586036
1586037
1586038
1586039
1586040
1586041
1586042
1586043
1586044
1586045
1586046
1586047
1586048
1586049
1586050
1586051
1586052
1586053
1586054
1586055
1586056
1586057
1586058
1586059
1586090
1586091
1586092
1586093
1586094
1588070
1588071
1588072
1588073
1588074
1588075
1588076
1588077
1588078
1588079
1588080
1588081
1588082
1588083
1588084
1588085
1588086
1588087
1588088
1588089
1588090
1588091
1588092
1588093
1588094
1588095
1588096
1588097
1588098
1588099
1760595
1760600
1760601
1760602
1760603
1767999
1768935
1768936
1768937
1768947
1768948
1768949
1768967
1768968
1768969
1768996
1340080
1340081
1340082
1340083
1340084
1340085
1340086
1340087
1340088
1340089
1345950
1345951
1345952
1345953
1345954
1345955
1345956
1345957
1345958
1345959
1348920
1348921
1348922
1348923
1348924
1348925
1348926
1348927
1348928
1348929
1348930
1348931
1348932
1348933
1348934
1348935
1348936
1348937
1348938
1348939
1348940
1348941
1348942
1348943
1348944
1348945
1348946
1348947
1348948
1348949
1348950
1348951
1348952
1348953
1348954
1348955
1348956
1348957
1348958
1348959
1348970
1348971
1348972
1348973
1348974
1348975
1348976
1348977
1348978
1348979
1348980
1348981
1348982
1348983
1348984
1348985
1348986
1348987
1348988
1348989
1349045
1510600
1510601
1510602
1510603
1510604
1510605
1510606
1510607
1510608
1510609
1515950
1515951
1515952
1515953
1515954
1515955
1515956
1515957
1515958
1515959
1515970
1515971
1515972
1515973
1515974
1515975
1515976
1515977
1515978
1515979
1515980
1515981
1515982
1515983
1515984
1515985
1515986
1515987
1515988
1515989
1516030
1516031
1516032
1516033
1516034
1516035
1516036
1516037
1516038
1516039
1516040
1516041
1516042
1516043
1516044
1516075
1516076
1516077
1516078
1516079
1825025
1825026
1825027
1825028
1825029
1825040
1825041
1825042
1825043
1825044
1825060
1825061
1825062
1825063
1825064
1825950
1825951
1825952
1825953
1825954
1825955
1825956
1825957
1825958
1825959
1870595
1875040
1875041
1875042
1875043
1875044
1875045
1875046
1875047
1875048
1875049
1875050
1875051
1875052
1875053
1875054
1875055
1875056
1875057
1875058
1875059
1875060
1875061
1875062
1875063
1875064
1875065
1875066
1875067
1875068
1875069
1875940
1875941
1875942
1875943
1875944
1875945
1875946
1875947
1875948
1875949
1875950
1875951
1875952
1875953
1875954
1875955
1875956
1875957
1875958
1875959
1875990
1875991
1875992
1875993
1875994
1875995
1875996
1875997
1875998
1875999
1380590
1380591
1380592
1380593
1380594
1380595
1380596
1380597
1380598
1380599
1380850
1380851
1380852
1380853
1380854
1380855
1385070
1385071
1385072
1385073
1385074
1385075
1385076
1385077
1385078
1385079
1385970
1385971
1385972
1385973
1385974
1385975
1385976
1385977
1385978
1385979
1386070
1386071
1386072
1386073
1386074
1386075
1386076
1386077
1386078
1386079
1660507
1660508
1660509
1660595
1660600
1660601
1660602
1665922
1665923
1665924
1665925
1665926
1665927
1665928
1665929
1665946
1730505
1730506
1730507
1730508
1730595
1730699
1734603
1734604
1734605
1734606
1734607
1734608
1734609
1734645
1734951
1734952
1734953
1734965
1735006
1735007
1735008
1735009
1735016
1735017
1735072
1735073
1735074
1735075
1735076
1735077
1735078
1735079
1735090
1735091
1735092
1735093
1735094
1735095
1735096
1735097
1735098
1735099
1735913
1735920
1735921
1735922
1735930
1735931
1735953
1735954
1735955
1735956
1735957
1735958
1735959
1735971
1735972
1735996
1735997
1735998
1735999
1739988
1310144
1310145
1310146
1310506
1310507
1310508
1310509
1310780
1310781
1310782
1310783
1310784
1310785
1310786
1310787
1310788
1310789
1311070
1311071
1311072
1311073
1311074
1311080
1311081
1311082
1311083
1311085
1311086
1311094
1311095
1311096
1311097
1311098
1311099
1311595
1311599
1312300
1312301
1312302
1312303
1312310
1312311
1312312
1312313
1312446
1312447
1315900
1315901
1315902
1315903
1315904
1315905
1315906
1315907
1315908
1315909
1316391
1316392
1316393
1316394
1316395
1316396
1317801
1317804
1317808
1317809
1317820
1317821
1317832
1317836
1319406
1890030
1890031
1890032
1890033
1890034
1890035
1890036
1890037
1890038
1890039
1890505
1890506
1890507
1890508
1890595
1890609
1890699
1895970
1895971
1895972
1895973
1895974
1895975
1895976
1895977
1895978
1895979
1895980
1895981
1895982
1895983
1895984
1895985
1895986
1895987
1895988
1895989
1895990
1895991
1895992
1895993
1895994
1895995
1895996
1895997
1895998
1895999
1896020
1896021
1896022
1896023
1896024
1896025
1896026
1896027
1896028
1896029
1896030
1896031
1896032
1896033
1896034
1896035
1896036
1896037
1896038
1896039
1896040
1896041
1896042
1896043
1896044
1896045
1896046
1896047
1896048
1896049
1896545
1896548
1896550
1896551
1896552
1896553
1896554
1896555
1896560
1896561
1896562
1896563
1896564
1896565
1896566
1896567
1896568
1896569
1896570
1896571
1896572
1896573
1896574
1896575
1896576
1896577
1896578
1896579
1896586
1896587
1896595
1360070
1360071
1360072
1360073
1360074
1360075
1360076
1360077
1360078
1360079
1361590
1361591
1361592
1361594
1361595
1361596
1361597
1362595
1362596
1362597
1362598
1362599
1362605
1362606
1362607
1362608
1362609
1363690
1363691
1363692
1363693
1363694
1363695
1363696
1363697
1363698
1363699
1364590
1364591
1364592
1364593
1364594
1364595
1364596
1364597
1364598
1364599
1365590
1365591
1365592
1365593
1365594
1365595
1365596
1365597
1365598
1365599
1366590
1366591
1366592
1366593
1366594
1366595
1366596
1366597
1366598
1366599
1367590
1367591
1367592
1367593
1367594
1367595
1367596
1367597
1367598
1367599
1368590
1368591
1368592
1368593
1368594
1950590
1950595
1951741
1951742
1952355
1953335
1953343
1953512
1955905
1955906
1955907
1955908
1955950
1955952
1955953
1955956
1955957
1955958
1800505
1800506
1800507
1800595
1800603
1800604
1800605
1800699
1801650
1801651
1801652
1801653
1801654
1801655
1801656
1801657
1801658
1801659
1801660
1801661
1801662
1801663
1801664
1801665
1801666
1801667
1801668
1801669
1801670
1801671
1801672
1801673
1801674
1801675
1804611
1804612
1804633
1804634
1804635
1804636
1804637
1804638
1804639
1804645
1805080
1805081
1805082
1805083
1805084
1805085
1805086
1805087
1805088
1805089
1805090
1805091
1805092
1805093
1805094
1805095
1805096
1805097
1805098
1805099
1805998
1805999
1806000
1806001
1806002
1806003
1806004
1806005
1806006
1806007
1806008
1806009
1806010
1806520
1806521
1806522
1806523
1806524
1806525
1806526
1806527
1806528
1806529
1806530
1806531
1806532
1806533
1806534
1806535
1806536
1806537
1806538
1806539
1806540
1806541
1806542
1806543
1806544
1806545
1806546
1806547
1806548
1806549
1806550
1806551
1806552
1806553
1806554
1806555
1806556
1806557
1806558
1806559
1806560
1806595
1809405
1809406
1809407
1809408
1809409
1809410
1530500
1530503
1530509
1530595
1530608
1530695
1530696
1533755
1534594
1534595
1534599
1535905
1535930
1535936
1535937
1535938
1535939
1535946
1535947
1535948
1535949
1535950
1535951
1535952
1535953
1535954
1535955
1535956
1535957
1535958
1535959
1535960
1535961
1535962
1535963
1535964
1535965
1535982
1535983
1535985
1535997
1535998
1535999
1537410
1537411
1537412
1537413
1537414
1537415
1537416
1537417
1537418
1537419
1537570
1537571
1537572
1537573
1537574
1537575
1537576
1537577
1537578
1537579
1537580
1537581
1537582
1537583
1537584
1537585
1537586
1537587
1537588
1537589
1537794
1537795
1537796
1537797
1537798
1537799
1539207
1539208
1539209
1539210
1539211
1539212
1539213
1539214
1539215
1539216
1539217
1539218
1539219
1539220
1539221
1539222
1539223
1539224
1539225
1539226
1539227
1539228
1539229
1539244
1539443
1539444
1539595
1539630
1539631
1539632
1539633
1539637
1539638
1539639
1539640
1539641
1539642
1539643
1539644
1539645
1539646
1539647
1539648
1539649
1539650
1539651
1539652
1539653
1539654
1539655
1539656
1539657
1539658
1539659
1539660
1539661
1539662
1539663
1539664
1539665
1539666
1539667
1539668
1539669
1560500
1560504
1560595
1560603
1560608
1560696
1560698
1565905
1565906
1565907
1565908
1565909
1565920
1565921
1565922
1565923
1565947
1565948
1565949
1565950
1565951
1565960
1565970
1565971
1565972
1565985
1565986
1565987
1565988
1566574
1566578
1566595
1566599
1569595
1850595
1855856
1855857
1855858
1855859
1855868
1855869
1855893
1855894
1855895
1855896
1855897
1855898
1855899
1855905
1855947
1855948
1855949
1855951
1855952
1855953
1855954
1855955
1855956
1855957
1855958
1855959
1859448
1859449
1859646
1859647
1859648
1859649
1859650
1859651
1859652
1859655
1859656
1859670
1859671
1859672
1859673
1859675
1859688
1859689
1859954
1859955
1784280
1784281
1784282
1784283
1784284
1784285
1784286
1784287
1784288
1784289
1785028
1785029
1785040
1785041
1785042
1785043
1785044
1785045
1785046
1785047
1785048
1785049
1785090
1785091
1785092
1785093
1785094
1785095
1785096
1785097
1785098
1785099
1785902
1785905
1785913
1785914
1785915
1785928
1785939
1785948
1785965
1785966
1785967
1785980
1785981
1785982
1785983
1785984
1785985
1785986
1785987
1785988
1785989
1788034
1788035
1789186
1789187
1789590
1789595
1990505
1990506
1990507
1990508
1990595
1990609
1990699
1994276
1994277
1994278
1994279
1994280
1994281
1994282
1994283
1994284
1994285
1994286
1994287
1994288
1994289
1995967
1995968
1995969
1995970
1995971
1995972
1995973
1995974
1995975
1995976
1995977
1995978
1995979
1995980
1995981
1995982
1995983
1995984
1995985
1995986
1995987
1995988
1995989
1995994
1995995
1995996
1995997
1995998
1995999
1710133
1712056
1712057
1712058
1713495
1713496
1713497
1713499
1713589
1713590
1713595
1715260
1715261
1715262
1715263
1715265
1715267
1715268
1715269
1715580
1715581
1715582
1715583
1715585
1715586
1715587
1715589
1715590
1715595
1716260
1716261
1716595
1717595
1718586
1718587
1718589
1718590
1718593
1718595
1718597
1718598
1719491
1719496
1719499
1719500
1719507
1719595
1330505
1330506
1330507
1330508
1330595
1330596
1330597
1330598
1330609
1330699
1331374
1331382
1331383
1331387
1331388
1331389
1331496
1331497
1331498
1331499
1332842
1332843
1332850
1332851
1332852
1332853
1332854
1332855
1332856
1332857
1332887
1332888
1332889
1332896
1332897
1332898
1332899
1333847
1333848
1333849
1333856
1333857
1333858
1333859
1334044
1334045
1334046
1334850
1334851
1334852
1334853
1334854
1334855
1334856
1334857
1335842
1335843
1335854
1335855
1335856
1335857
1335858
1335859
1336595
1336596
1336597
1336598
1337595
1337599
1337696
1338595
1339402
1339407
1339506
1339509
1339595
1300480
1300481
1300482
1300483
1300484
1300485
1300486
1300487
1300488
1300489
1301048
1301581
1301582
1301583
1301584
1301585
1301586
1301587
1301588
1302480
1302481
1302482
1302483
1302484
1302485
1302486
1302487
1302488
1302489
1303094
1303097
1303098
1303099
1304454
1304455
1304456
1304595
1304696
1304697
1304698
1304699
1305532
1305533
1305546
1305547
1305560
1305561
1305562
1305563
1305564
1305565
1305566
1305567
1305580
1305581
1305595
1306702
1306703
1306704
1306705
1306706
1306707
1306708
1306709
1306712
1306713
1306714
1306715
1306716
1306717
1306718
1306719
1306747
1306748
1306749
1307490
1307491
1307492
1307493
1307495
1307496
1307497
1307498
1307499
1930609
1720130
1726830
1726831
1726832
1726835
1726837
1726838
1726839
1726849
1726851
1726853
1726854
1726855
1726856
1726857
1727876
1390059
1390505
1390506
1390507
1390508
1390595
1390596
1390597
1390598
1390609
1390699
1395970
1395971
1395972
1395973
1395974
1395975
1395976
1395977
1395978
1395979
1395980
1395981
1395982
1395983
1395984
1395985
1395986
1395987
1395988
1395989
1395990
1395991
1395992
1395993
1395994
1395995
1395996
1395997
1395998
1395999
1396020
1396021
1396022
1396023
1396024
1396025
1396026
1396027
1396028
1396029
1396030
1396031
1396032
1396033
1396034
1396035
1396036
1396037
1396038
1396039
1396040
1396041
1396042
1396043
1396044
1396045
1396046
1396047
1396048
1396049
1671200
1671201
1671595
1672595
1673595
1674027
1860500
1860504
1860595
1860603
1860605
1860608
1860695
1860696
1860698
1864994
1864995
1864996
1864997
1865029
1865059
1865067
1865090
1865091
1865900
1865901
1865902
1865903
1865904
1865905
1865906
1865907
1865908
1865909
1865940
1865950
1865951
1865952
1865953
1865954
1865955
1865956
1865957
1865958
1865959
1865970
1865971
1865972
1865973
1865974
1865980
1865981
1865982
1865983
1865984
1865990
1865991
1865992
1865993
1865994
1869470
1869471
1869472
1869473
1869474
1869475
1869564
1869565
1869566
1869834
1869835
1869836
1869837
1869838
1869839
1550595
1550695
1555900
1555901
1555902
1555903
1555904
1555905
1555906
1555907
1555908
1555909
1555910
1555911
1555912
1555913
1555914
1555915
1555916
1555917
1555918
1555919
1555950
1555951
1555952
1555953
1555954
1555955
1555956
1555957
1555958
1555959
1621595
1505950
1505951
1505952
1505953
1505954
1505955
1505956
1505957
1505958
1505959
1505970
1505971
1505972
1505973
1505974
1505975
1505976
1505977
1505978
1505979
1505980
1505981
1505982
1505983
1505984
1505985
1505986
1505987
1505988
1505989
1506045
1506046
1506047
1506048
1506049
1506060
1506061
1506062
1506063
1506064
1506080
1506081
1506082
1506083
1506084
1506085
1506086
1506087
1506088
1506089
1506090
1506091
1506092
1506093
1506094
1506095
1506096
1506097
1506098
1506099
1508040
1508041
1508042
1508043
1508044
1831460
1831461
1831462
1831463
1831464
1831465
1831466
1831467
1831468
1831469
1835050
1835051
1835052
1835053
1835054
1835055
1835056
1835057
1835058
1835059
1835070
1835071
1835072
1835073
1835074
1835075
1835076
1835077
1835078
1835079
1835940
1835941
1835942
1835943
1835944
1835945
1835946
1835947
1835948
1835949
1835950
1835951
1835952
1835953
1835954
1835955
1835956
1835957
1835958
1835959
1835980
1835981
1835982
1835983
1835984
1835985
1835986
1835987
1835988
1835989
1839620
1839621
1839622
1839623
1839624
1350500
1350501
1350502
1350503
1350504
1350505
1350506
1350507
1350508
1350509
1350590
1350591
1350592
1350593
1350594
1350595
1350596
1350597
1350598
1350599
1350600
1350601
1350602
1350603
1350604
1350605
1350606
1350607
1350608
1350609
1350690
1350691
1350692
1350693
1350694
1350695
1350696
1351400
1351401
1351402
1351503
1351504
1351505
1355902
1355903
1355904
1355905
1355906
1355907
1355908
1355936
1355937
1355940
1355941
1355942
1355950
1355951
1355952
1355953
1355954
1355955
1355956
1355957
1355958
1355959
1355962
1355963
1355964
1359910
1359911
1359912
1359913
1359914
1359915
1359916
1359917
1359920
1359921
1359922
1359923
1359924
1359925
1359926
1359927
1359928
1359929
1359970
1359971
1359972
1359973
1359974
1359975
1359976
1359977
1359978
1359979
1359993
1359994
1359998
1359999
1452575
1452576
1452577
1452578
1452579
1452594
1452595
1454403
1454415
1454416
1454946
1454947
1454948
1458290
1458291
1458292
1458293
1458294
1458295
1458296
1458297
1458298
1458299
1590500
1590501
1590502
1590503
1590504
1590505
1590506
1590507
1590508
1590509
1590590
1590591
1590592
1590593
1590594
1590595
1590596
1590597
1590598
1590599
1590600
1590601
1590602
1590603
1590604
1590605
1590606
1590607
1590608
1590609
1595950
1595951
1595952
1595953
1595954
1595955
1595956
1595957
1595958
1595959
1595985
1595986
1595987
1595988
1595989
1595995
1595996
1595997
1595998
1595999
1596040
1596041
1596042
1596043
1596044
1596055
1596056
1596057
1596058
1596059
1596070
1596071
1596072
1596073
1596074
1596075
1596076
1596077
1596078
1596079
1598000
1598001
1598002
1598003
1598004
1598005
1598006
1598007
1598008
1598009
1598030
1598031
1598032
1598033
1598040
1598041
1598042
1598043
1598044
1598045
1598046
1598047
1598048
1598049
1598590
1598591
1598592
1598593
1598594
1598595
1598596
1598597
1598598
1598599
1770463
1770464
1770465
1770466
1770505
1770506
1770507
1770508
1770595
1770604
1770605
1770606
1770607
1770608
1770695
1770699
1772060
1772061
1772062
1772063
1772064
1772065
1774404
1774410
1774411
1774412
1774413
1774414
1774415
1774416
1774417
1774418
1774419
1774600
1774601
1774602
1775002
1775003
1775004
1775005
1775006
1775007
1775008
1775009
1775010
1775048
1775049
1775050
1775051
1775052
1775053
1775054
1775055
1775056
1775057
1775070
1775071
1775072
1775073
1775074
1775075
1775076
1775077
1775078
1775079
1775080
1775081
1775082
1775083
1775084
1775085
1775086
1775087
1775088
1775089
1775090
1775091
1775092
1775093
1775094
1775095
1775096
1775097
1775098
1775099
1775870
1775871
1775872
1775875
1775876
1775877
1775879
1775940
1775941
1775942
1775944
1775945
1775950
1775951
1775952
1775953
1775954
1775955
1775963
1775964
1775965
1775974
1775989
1775996
1775997
1775998
1775999
1525920
1525921
1525922
1525923
1525924
1525925
1525926
1525927
1525928
1525929
1526020
1526021
1526022
1526023
1526024
1528020
1528021
1528022
1528023
1528024
1528025
1528026
1528027
1528028
1528029
1810055
1810056
1810592
1810608
1810609
1810690
1810693
1810695
1810696
1810697
1810698
1812071
1812072
1812073
1812074
1812075
1812076
1812077
1812078
1814408
1814409
1814410
1814411
1814412
1814413
1814414
1814415
1814416
1814612
1814950
1814951
1814952
1815007
1815008
1815009
1815010
1815011
1815012
1815013
1815015
1815016
1815017
1815034
1815035
1815036
1815037
1815038
1815039
1815040
1815088
1815089
1815090
1815928
1815929
1815988
1815989
1750592
1750606
1750607
1750608
1750609
1750692
1755902
1755930
1755931
1755932
1880505
1880506
1880507
1880592
1885000
1885001
1885002
1885003
1885004
1885005
1885006
1885007
1885008
1885009
1885015
1885016
1885017
1885018
1885019
1885030
1885031
1885032
1885033
1885034
1885050
1885051
1885052
1885053
1885054
1885055
1885056
1885057
1885058
1885059
1885920
1885921
1885922
1885923
1885924
1885925
1885926
1885927
1885928
1885929
1886000
1886001
1886002
1886003
1886004
1886005
1886006
1886007
1886008
1886009
1887640
1887641
1887642
1887643
1887644
1470005
1470006
1470007
1470008
1470009
1475920
1475921
1475922
1475923
1475924
1475925
1475926
1475927
1475928
1475929
1475975
1475976
1475977
1475978
1475979
1476000
1476001
1476002
1476003
1476004
1372087
1372088
1372089
1377465
1377466
1377467
1377468
1377469
1377992
1377993
1377994
1377995
1377996
1377997
1377998
1377999
1379925
1379926
1379927
1379928
1379929
1379973
1379974
1379975
1379976
1379977
1379978
1379979
1379984
1700506
1700507
1700508
1700509
1700592
1700593
1700594
1700596
1700597
1700598
1700599
1700690
1700691
1701570
1701571
1701572
1701573
1701574
1701575
1701576
1701577
1701578
1701579
1701580
1701581
1702080
1702081
1702082
1702083
1702084
1702085
1702086
1702087
1702088
1702089
1702090
1702091
1702092
1702093
1702094
1702095
1702096
1702097
1702098
1702099
1704049
1704050
1704051
1704052
1705019
1705050
1705051
1705054
1705064
1705074
1705084
1705088
1705094
1705099
1705131
1705352
1705354
1705509
1705620
1705684
1705722
1705771
1705822
1706143
1706144
1706145
1706146
1706147
1706148
1706149
1706150
1706151
1706152
1706153
1706154
1706155
1706156
1706157
1706158
1706159
1706160
1706161
1706162
1706163
1706164
1706165
1706166
1706167
1707540
1707541
1708190
1708194
1708582
1708583
1708584
1708585
1708586
1708587
1708588
1708589
1320592
1321501
1321502
1321591
1321592
1321594
1322503
1322507
1322508
1322592
1322596
1323500
1323592
1325506
1325590
1325594
1325598
1327500
1327502
1327504
1327592
1327602
1327696
1328592
1328597
1329078
1329592
1910502
1910592
1840500
1840501
1840502
1840503
1840504
1840505
1840506
1840507
1840508
1840509
1845000
1845001
1845002
1845003
1845004
1845025
1845026
1845027
1845028
1845029
1845920
1845921
1845922
1845923
1845924
1845925
1845926
1845927
1845928
1845929
1570592
1571060
1571061
1571062
1571063
1571064
1571065
1571066
1571067
1571068
1571069
1571150
1571151
1571152
1571153
1571154
1571155
1571156
1571157
1571158
1571159
1574050
1575070
1575071
1575072
1575073
1575074
1575075
1575076
1575077
1575078
1575079
1575920
1575921
1575922
1575923
1575924
1575925
1575926
1575927
1575928
1575929
1579495
1579496
1579497
1579498
1579499
1983541
1983565
1983566
1983567
1983568
1983569
1984052
1985915
1985916
1985917
1985918
1985919
1985920
1985921
1985922
1985923
1985924
1985925
1985926
1985927
1985928
1985929
1985942
1989040
1989666
1989667
1989668
1650142
1650301
1650592
1650622
1650641
1651182
1651319
1651867
1652088
1652131
1652152
1652159
1652178
1652592
1653892
1655094
1655594
1655924
1656599
1657088
1657135
1657177
1660592
1665912
1665913
1665914
1665915
1665916
1665917
1665918
1665919
1665945
1380059
1380062
1380600
1380601
1380602
1380603
1380604
1380605
1380606
1380607
1380608
1380609
1385000
1385001
1385002
1385003
1385004
1385005
1385006
1385007
1385008
1385009
1385990
1385991
1385992
1385993
1385994
1385995
1385996
1385997
1385998
1385999
1386010
1386011
1386012
1386013
1386014
1386015
1386016
1386017
1386018
1386019
1386040
1386041
1386042
1386043
1386044
1386045
1386046
1386047
1386048
1386049
1870592
1875020
1875021
1875022
1875023
1875024
1875025
1875026
1875027
1875028
1875029
1875090
1875091
1875092
1875093
1875094
1875920
1875921
1875922
1875923
1875924
1875925
1875926
1875927
1875928
1875929
1310143
1311059
1311092
1311093
1312336
1312337
1312338
1312339
1312407
1312408
1312409
1312445
1315920
1315921
1315922
1315923
1315925
1315926
1315927
1316390
1316399
1316487
1316488
1316489
1317825
1317827
1317835
1319407
1319408
1319409
1730592
1730600
1730601
1730602
1733870
1733871
1733872
1733873
1733874
1733875
1733876
1733877
1733878
1733879
1734621
1734622
1734623
1734624
1734625
1734626
1734962
1735000
1735001
1735002
1735003
1735004
1735080
1735081
1735082
1735083
1735084
1735085
1735086
1735087
1735088
1735089
1735923
1735924
1735925
1735926
1735927
1735928
1735929
1735944
1735945
1735946
1735947
1735987
1735988
1735989
1340060
1340061
1340062
1340063
1340064
1340065
1340066
1340067
1340068
1340069
1340070
1340071
1340072
1340073
1340074
1340075
1340076
1340077
1340078
1340079
1345900
1345901
1345902
1345903
1345904
1345920
1345921
1345922
1345923
1345924
1345925
1345926
1345927
1345928
1345929
1760505
1760506
1760507
1760508
1760509
1760592
1765914
1765915
1765916
1767998
1768920
1768921
1768932
1768933
1768945
1768946
1768994
1580590
1580591
1580592
1580593
1580594
1585920
1585921
1585922
1585923
1585924
1585925
1585926
1585927
1585928
1585929
1586070
1586071
1586072
1586073
1586074
1586075
1586076
1586077
1586078
1586079
1588020
1588021
1588022
1588023
1588024
1588025
1588026
1588027
1588028
1588029
1820590
1820591
1820592
1820593
1820594
1820595
1820596
1820597
1820598
1820599
1820605
1820606
1820607
1820608
1820609
1825070
1825071
1825072
1825073
1825074
1825075
1825076
1825077
1825078
1825079
1825080
1825081
1825082
1825083
1825084
1825085
1825086
1825087
1825088
1825089
1825920
1825921
1825922
1825923
1825924
1825925
1825926
1825927
1825928
1825929
1825940
1825941
1825942
1825943
1825944
1825945
1825946
1825947
1825948
1825949
1510595
1510596
1510597
1510598
1510599
1515920
1515921
1515922
1515923
1515924
1515925
1515926
1515927
1515928
1515929
1516000
1516001
1516002
1516003
1516004
1516005
1516006
1516007
1516008
1516009
1516070
1516071
1516072
1516073
1516074
1990592
1990600
1990601
1990602
1990603
1990604
1990605
1994270
1994271
1994272
1994273
1995926
1995927
1995928
1995929
1999681
1850592
1850691
1850692
1850693
1850695
1850696
1850697
1850699
1855866
1855867
1855902
1855903
1855920
1855921
1855922
1855923
1855925
1855926
1855927
1855928
1855929
1855930
1855931
1855932
1855944
1855962
1855963
1855964
1855965
1855966
1855967
1855968
1855969
1855975
1855976
1855977
1855978
1855979
1855980
1855981
1855982
1859353
1859354
1859364
1859641
1859642
1859643
1859644
1859657
1859658
1859659
1859660
1859661
1859662
1859685
1859686
1859687
1784270
1784271
1784272
1784273
1784274
1784275
1784276
1785010
1785011
1785012
1785013
1785014
1785015
1785016
1785050
1785051
1785052
1785053
1785054
1785055
1785056
1785910
1785911
1785912
1785924
1785925
1785938
1785942
1785960
1785961
1785962
1785963
1785964
1785970
1785971
1785972
1785973
1785974
1785975
1785976
1785977
1785978
1785979
1788032
1789183
1789184
1789592
1560502
1560592
1560600
1560609
1560690
1560692
1560695
1560697
1565925
1565926
1565927
1565928
1565929
1565945
1565946
1565980
1565981
1565982
1565983
1565998
1566506
1566592
1566598
1569592
1330600
1330601
1330602
1330603
1330604
1330605
1331370
1331384
1331385
1331386
1332830
1332831
1332832
1332840
1332841
1332875
1332876
1332877
1332878
1332879
1333836
1333845
1333846
1334043
1334837
1334838
1334839
1335837
1335838
1335839
1336504
1336590
1336592
1337592
1337692
1337698
1338592
1339404
1339405
1339406
1339501
1339502
1339503
1339505
1339507
1339599
1712039
1712040
1712041
1712042
1712059
1713498
1713574
1713592
1715592
1716266
1716582
1716583
1716585
1716586
1716587
1716588
1716589
1716590
1716592
1717260
1717261
1717262
1717266
1717588
1717590
1717592
1718592
1718599
1719493
1719498
1719504
1719508
1719509
1719590
1719592
1719593
1719597
1719598
1719599
1950592
1951543
1952419
1952420
1952421
1952422
1952423
1952424
1953342
1953451
1955920
1955921
1955923
1955925
1955926
1955927
1955928
1955929
1955942
1957760
1360090
1360091
1360092
1360093
1360094
1360095
1360096
1360097
1360600
1360601
1360602
1360603
1360604
1360605
1360606
1360607
1360608
1360609
1360690
1360691
1360692
1360693
1360694
1361600
1361601
1361602
1361603
1361604
1361605
1361606
1362500
1362501
1364600
1364601
1364602
1364603
1365600
1365601
1365602
1365603
1366600
1366601
1366602
1366603
1366604
1366605
1366606
1366607
1366608
1366609
1369500
1369501
1369502
1369503
1369504
1369690
1369691
1369692
1369693
1369694
1369695
1369696
1369697
1369698
1369699
1890020
1890021
1890022
1890023
1890592
1890600
1890601
1890602
1890603
1890604
1890605
1895000
1895001
1895002
1895003
1895004
1895005
1895006
1895007
1895008
1895009
1895010
1895011
1895012
1895013
1895014
1895015
1895016
1895017
1895018
1895019
1895920
1895921
1895922
1895923
1895924
1895925
1895926
1895927
1895928
1895929
1896510
1896511
1896512
1896513
1896514
1896515
1896516
1896517
1896518
1896519
1896542
1896580
1896581
1896582
1896583
1896584
1896585
1896592
1530502
1530504
1530592
1530600
1530609
1530692
1530698
1533752
1534592
1534598
1535902
1535920
1535921
1535922
1535923
1535924
1535925
1535926
1535927
1535928
1535929
1535931
1535932
1535933
1535934
1535935
1535940
1535941
1535942
1535943
1535944
1535945
1535984
1535986
1535987
1535988
1535989
1539202
1539203
1539204
1539242
1539442
1539445
1539446
1539447
1539448
1539592
1539614
1539620
1539621
1539622
1539623
1539624
1539625
1539626
1539627
1539628
1800502
1800592
1800600
1800601
1800602
1802070
1802071
1802072
1802073
1802074
1802075
1802076
1802077
1803000
1803001
1803002
1803003
1803004
1803005
1803006
1803007
1803008
1803009
1803010
1803011
1803012
1803013
1803014
1803015
1803016
1803017
1803018
1803019
1803020
1803021
1803022
1803023
1803024
1803025
1803026
1803027
1803028
1803029
1803030
1803031
1804620
1804621
1804622
1804623
1804624
1804625
1804626
1804627
1804628
1804629
1804630
1804631
1804632
1804642
1805000
1805001
1805002
1805003
1805004
1805005
1805006
1805007
1805008
1805009
1805010
1805011
1805012
1805481
1805482
1805920
1805921
1805922
1805923
1805924
1805925
1805926
1805927
1805928
1805929
1805980
1805981
1805982
1805983
1805984
1805985
1805986
1805987
1805988
1805989
1806090
1806091
1806092
1806093
1806094
1806095
1806096
1806097
1806098
1806099
1806440
1806441
1806442
1806443
1806444
1806445
1806446
1806447
1806448
1806449
1806450
1806451
1806592
1835020
1835021
1835022
1835023
1835024
1835025
1835026
1835027
1835028
1835029
1835920
1835921
1835922
1835923
1835924
1835925
1835926
1835927
1835928
1835929
1835970
1835971
1835972
1835973
1835974
1506070
1506071
1506072
1506073
1506074
1506075
1506076
1506077
1506078
1506079
1508030
1508031
1508032
1508033
1508034
1770008
1770467
1770468
1770592
1770600
1770601
1770602
1772086
1772087
1772088
1774402
1774403
1774604
1775000
1775001
1775043
1775058
1775059
1775060
1775061
1775062
1775063
1775064
1775065
1775066
1775920
1775921
1775922
1775926
1775927
1775928
1595920
1595921
1595922
1595923
1595924
1595925
1595926
1595927
1595928
1595929
1595934
1595935
1595936
1595937
1595938
1595939
1595944
1595945
1596020
1596021
1596022
1596023
1596024
1596025
1596026
1596027
1596028
1596029
1596035
1596036
1596037
1596038
1596039
1596080
1596081
1596082
1596083
1596084
1598075
1598076
1598077
1598078
1598079
1598080
1598081
1598082
1598083
1598084
1598085
1598086
1598087
1598088
1598089
1598090
1598091
1598092
1598093
1598094
1598095
1598096
1598097
1598098
1598099
1598580
1598581
1598582
1598583
1598584
1598585
1598586
1598587
1598588
1598589
1351596
1351597
1355920
1355921
1355922
1355923
1355924
1355925
1355926
1355927
1355947
1355948
1355949
1359950
1359951
1359952
1359953
1359954
1359990
1359991
1359992
1452581
1452582
1452592
1453571
1453573
1453574
1453598
1453599
1454402
1454413
1454414
1454943
1454944
1454945
1458270
1458271
1458272
1458273
1458274
1458275
1458276
1458277
1458278
1458279
1726823
1726843
1300390
1300391
1300392
1300393
1300394
1300397
1300398
1300399
1301039
1301591
1301592
1301593
1301594
1301595
1302390
1302391
1302392
1302393
1302394
1302397
1302398
1302399
1303084
1303087
1303088
1303089
1304300
1304304
1304592
1304597
1305520
1305521
1305522
1305523
1305524
1305543
1305550
1305551
1305587
1305592
1306243
1306244
1306303
1306304
1306305
1306306
1306307
1306308
1306309
1307480
1307481
1307482
1307483
1307484
1307485
1307486
1307487
1307488
1307489
1550592
1550692
1860502
1860592
1860600
1860609
1860692
1864960
1864961
1864962
1864963
1864964
1864965
1864966
1864967
1864968
1864969
1864992
1864993
1864998
1864999
1865000
1865001
1865002
1865003
1865004
1865010
1865011
1865012
1865013
1865014
1865015
1865016
1865017
1865018
1865019
1865042
1865043
1865044
1865080
1865081
1865920
1865921
1865922
1865923
1865924
1865925
1865926
1865927
1865928
1865929
1869562
1869563
1869567
1869568
1869569
1671205
1671206
1671207
1671266
1671270
1671271
1671272
1671273
1671274
1671275
1671276
1671277
1671278
1671279
1671592
1672592
1673592
1674013
1674014
1674015
1674016
1674017
1674018
1674019
1674020
1674021
1674022
1390060
1390600
1390601
1390602
1390603
1390604
1390605
1395000
1395001
1395002
1395003
1395004
1395005
1395006
1395007
1395008
1395009
1395010
1395011
1395012
1395013
1395014
1395015
1395016
1395017
1395018
1395019
1395920
1395921
1395922
1395923
1395924
1395925
1395926
1395927
1395928
1395929
1585930
1585931
1585932
1585933
1585934
1585935
1585936
1585937
1585938
1585939
1586065
1586066
1586067
1586068
1586069
1589210
1589211
1589212
1589213
1589214
1760593
1760604
1767997
1768931
1768966
1768991
1345930
1345931
1345932
1345933
1345934
1345935
1345936
1345937
1345938
1345939
1515930
1515931
1515932
1515933
1515934
1515935
1515936
1515937
1515938
1515939
1515940
1515941
1515942
1515943
1515944
1516010
1516011
1516012
1516013
1516014
1516015
1516016
1516017
1516018
1516019
1516055
1516056
1516057
1516058
1516059
1825090
1825091
1825092
1825093
1825094
1825935
1825936
1825937
1825938
1825939
1870593
1875030
1875031
1875032
1875033
1875034
1875035
1875036
1875037
1875038
1875039
1875930
1875931
1875932
1875933
1875934
1875935
1875936
1875937
1875938
1875939
1876020
1876021
1876022
1876023
1876024
1380956
1380957
1385030
1385031
1385032
1385033
1385034
1385035
1385036
1385037
1385038
1385039
1385960
1385961
1385962
1385963
1385964
1385965
1385966
1385967
1385968
1385969
1386030
1386031
1386032
1386033
1386034
1386035
1386036
1386037
1386038
1386039
1660593
1665910
1730503
1730593
1730603
1730604
1730605
1730693
1731830
1731831
1731832
1731833
1731834
1731835
1731836
1731837
1731838
1731839
1732665
1732666
1733802
1733803
1733880
1733881
1733882
1733883
1733884
1733885
1733886
1733887
1733888
1733889
1734601
1734602
1734642
1734643
1734644
1734963
1735064
1735065
1735066
1735067
1735933
1735934
1735935
1310147
1310148
1310593
1310595
1310596
1310597
1311593
1311597
1312314
1312323
1312325
1312326
1312448
1312449
1315934
1315935
1316383
1316385
1317457
1317463
1317810
1317812
1317814
1317828
1317830
1319403
1910503
1910593
1320593
1322504
1323506
1323593
1325593
1327593
1327603
1327695
1328593
1329507
1650405
1650593
1651189
1651329
1651868
1652593
1655938
1656593
1980590
1980591
1983534
1983535
1983536
1983537
1983538
1983539
1983542
1984053
1985930
1985931
1985932
1985933
1985934
1985943
1989030
1989031
1989032
1989034
1989041
1571500
1571501
1571502
1575930
1575931
1575932
1575933
1575934
1579112
1845930
1845931
1845932
1845933
1845934
1845935
1845936
1845937
1845938
1845939
1810593
1814417
1814418
1814419
1814600
1814610
1814611
1814969
1815018
1815019
1815020
1815021
1815022
1815023
1815025
1815026
1815027
1815033
1815085
1815086
1815087
1525905
1525906
1525907
1525908
1525909
1525930
1525931
1525932
1525933
1525934
1525935
1525936
1525937
1525938
1525939
1528030
1528031
1528032
1528033
1528034
1528065
1528066
1528067
1528068
1528069
1475930
1475931
1475932
1475933
1475934
1475935
1475936
1475937
1475938
1475939
1476005
1476006
1476007
1476008
1476009
1370602
1370603
1370604
1370692
1370693
1377477
1377478
1377479
1379980
1379990
1880503
1880593
1885930
1885931
1885932
1885933
1885934
1885935
1885936
1885937
1885938
1885939
1750593
1750603
1755927
1300491
1300492
1300493
1301049
1301570
1301579
1301580
1301589
1302491
1302492
1302493
1303090
1303091
1303092
1303093
1303095
1303096
1304593
1304692
1304693
1304694
1304695
1305548
1305557
1305558
1305559
1305593
1306216
1306217
1306218
1306219
1306246
1307390
1307391
1307392
1307393
1307394
1307395
1307396
1307397
1307398
1307399
1390503
1390593
1395050
1395051
1395052
1395053
1395054
1395055
1395056
1395057
1395058
1395059
1395930
1395931
1395932
1395933
1395934
1395935
1395936
1395937
1395938
1395939
1395940
1395941
1395942
1395943
1395944
1671264
1671267
1671268
1671593
1672593
1673593
1860505
1860593
1860697
1865040
1865050
1865051
1865052
1865053
1865054
1865055
1865056
1865057
1865058
1865935
1865936
1865937
1865938
1865939
1550593
1550693
1505925
1505926
1505927
1505928
1505929
1505930
1505931
1505932
1505933
1505934
1505935
1505936
1505937
1505938
1505939
1506020
1506021
1506022
1506023
1506024
1506025
1506026
1506027
1506028
1506029
1835030
1835031
1835032
1835033
1835034
1835035
1835036
1835037
1835038
1835039
1835935
1835936
1835937
1835938
1835939
1839640
1839641
1839642
1839643
1839644
1350955
1350956
1350957
1350958
1350959
1351506
1351507
1355900
1355901
1355960
1355961
1355990
1355991
1359918
1359919
1359980
1359981
1359982
1359983
1359984
1452583
1452593
1454405
1454949
1458280
1458281
1458282
1458283
1458284
1595930
1595931
1595932
1595933
1596045
1596046
1596047
1596048
1596049
1598037
1598038
1598039
1770503
1770593
1770603
1770693
1772066
1772067
1774400
1774401
1774603
1775929
1775930
1775931
1775932
1775933
1775934
1775935
1775936
1775937
1775938
1775939
1775973
1890503
1890593
1895050
1895051
1895052
1895053
1895054
1895055
1895056
1895057
1895058
1895059
1895930
1895931
1895932
1895933
1895934
1895935
1895936
1895937
1895938
1895939
1895940
1895941
1895942
1895943
1895944
1896543
1896593
1361607
1361608
1361609
1362697
1362698
1362699
1363520
1363521
1364694
1364695
1365694
1365695
1368505
1368506
1368507
1368508
1368509
1800503
1800593
1801676
1801677
1801678
1801679
1802063
1802064
1803390
1803391
1803392
1803393
1803394
1803395
1803396
1803397
1803398
1803399
1804643
1805035
1805036
1805483
1805484
1805485
1805930
1805931
1805932
1805933
1805934
1805935
1805936
1805937
1805938
1805939
1805940
1805941
1805942
1805943
1805972
1805973
1806030
1806031
1806032
1806033
1806034
1806035
1806036
1806037
1806038
1806039
1806040
1806041
1806042
1806043
1806593
1530593
1530605
1533753
1534503
1535903
1535970
1535971
1537592
1537593
1537596
1539233
1539234
1539235
1539243
1539593
1560505
1560593
1565924
1565930
1565931
1565932
1565933
1565934
1565996
1566593
1569593
1784277
1784278
1784279
1785017
1785018
1785019
1785057
1785058
1785059
1785903
1785921
1785931
1785943
1788033
1789185
1789593
1850504
1850593
1855854
1855862
1855935
1855936
1855937
1855940
1855941
1859351
1859352
1859450
1859451
1859452
1859453
1859640
1859663
1859664
1859665
1859666
1859667
1859668
1859669
1859754
1859759
1859760
1859765
1859766
1859767
1859959
1990503
1990593
1994274
1995933
1995934
1995935
1713593
1715593
1716593
1717583
1717584
1717585
1717586
1717593
1330503
1330593
1331371
1331372
1332828
1332829
1332893
1332894
1332895
1333820
1333821
1333822
1334047
1334840
1334841
1334842
1335847
1335848
1335849
1336502
1336503
1337593
1337693
1337694
1337697
1338500
1338501
1338502
1338503
1338504
1338505
1338506
1338593
1339593
1340090
1340091
1340092
1340093
1340094
1340095
1340096
1340097
1340098
1340099
1345960
1345961
1345962
1345963
1345964
1345965
1345966
1345967
1345968
1345969
1348960
1348961
1348962
1348963
1348964
1348965
1348966
1348967
1348968
1348969
1585960
1585961
1585962
1585963
1585964
1585965
1585966
1585967
1585968
1585969
1586020
1586021
1586022
1586023
1586024
1586060
1586061
1586062
1586063
1586064
1588050
1588051
1588052
1588053
1588054
1588055
1588056
1588057
1588058
1588059
1589200
1589201
1589202
1589203
1589204
1760596
1760605
1760606
1767991
1767992
1768924
1768992
1768993
1515965
1515966
1515967
1515968
1515969
1516050
1516051
1516052
1516053
1516054
1825020
1825021
1825022
1825023
1825024
1825065
1825066
1825067
1825068
1825069
1825960
1825961
1825962
1825963
1825964
1825965
1825966
1825967
1825968
1825969
1380690
1380691
1380692
1380693
1380694
1380695
1385040
1385041
1385042
1385043
1385044
1385045
1385046
1385047
1385048
1385049
1385050
1385051
1385052
1385053
1385054
1385055
1385056
1385057
1385058
1385059
1385920
1385921
1385922
1385923
1385924
1385925
1385926
1385927
1385928
1385929
1386080
1386081
1386082
1386083
1386084
1386085
1386086
1386087
1386088
1386089
1660596
1665931
1665932
1665933
1665934
1870596
1875960
1875961
1875962
1875963
1875964
1875965
1875966
1875967
1875968
1875969
1875975
1875976
1875977
1875978
1875979
1876030
1876031
1876032
1876033
1876034
1876035
1876036
1876037
1876038
1876039
1876045
1876046
1876047
1876048
1876049
1876060
1876061
1876062
1876063
1876064
1876065
1876066
1876067
1876068
1876069
1310500
1310501
1310502
1310503
1310504
1310505
1311065
1311066
1311067
1311596
1312330
1312331
1312332
1312333
1312334
1312335
1315910
1315911
1315912
1315913
1315914
1315915
1315916
1315917
1315918
1315919
1315946
1315947
1315948
1315949
1316397
1316398
1316483
1316484
1317460
1317461
1317462
1317466
1317467
1317468
1317800
1317802
1317816
1317831
1317834
1317837
1730596
1730606
1730694
1730695
1730696
1733804
1733805
1734629
1734633
1734634
1734635
1734636
1734637
1734638
1734639
1734954
1734955
1734956
1734957
1734958
1734959
1734966
1735014
1735015
1735020
1735021
1735022
1735023
1735024
1735025
1735026
1735027
1735028
1735029
1735030
1735060
1735061
1735062
1735063
1735960
1735962
1735963
1735964
1735965
1735966
1735967
1735968
1735969
1736510
1736511
1736512
1736513
1736514
1736515
1736516
1736517
1736518
1736519
1739653
1739654
1739655
1739656
1739657
1739658
1739659
1703559
1703560
1704053
1704054
1704055
1704056
1704057
1704058
1704059
1704060
1704061
1704062
1704063
1704064
1704065
1705071
1706193
1706194
1706195
1706196
1707542
1707543
1708196
1708197
1708198
1708199
1910506
1910596
1320596
1321596
1322501
1323501
1323502
1323503
1323504
1323505
1323596
1327596
1327606
1327697
1328508
1329071
1329076
1329087
1329596
1571503
1571504
1571505
1571506
1575910
1575911
1575912
1575913
1575914
1575960
1575961
1575962
1575963
1575964
1575965
1575966
1575967
1575968
1575969
1579110
1840590
1840591
1840592
1840593
1840594
1840595
1840596
1840597
1840598
1840599
1845010
1845011
1845012
1845013
1845014
1845960
1845961
1845962
1845963
1845964
1845965
1845966
1845967
1845968
1845969
1650596
1651193
1651196
1651934
1652086
1652096
1652139
1652196
1657176
1983520
1983521
1983546
1983550
1983551
1984056
1985905
1985906
1985907
1985908
1985909
1985946
1985960
1985961
1985962
1985963
1985964
1985965
1985966
1985967
1985968
1985969
1989000
1989001
1989044
1810596
1814614
1814615
1814962
1814963
1815004
1815014
1815024
1815041
1815042
1815067
1815068
1815069
1815070
1815071
1815072
1815073
1815074
1815075
1815076
1815904
1815914
1815924
1815934
1815953
1815955
1815956
1815957
1815960
1815961
1815962
1815963
1815965
1815966
1815967
1815968
1815969
1815970
1815971
1815972
1815973
1815978
1815979
1525960
1525961
1525962
1525963
1525964
1525965
1525966
1525967
1525968
1525969
1526000
1526001
1526002
1526003
1526004
1526005
1526006
1526007
1526008
1526009
1526010
1526011
1526012
1526013
1526014
1526015
1526016
1526017
1526018
1526019
1526050
1526051
1526052
1526053
1526054
1526055
1526056
1526057
1526058
1526059
1526060
1526061
1526062
1526063
1526064
1526065
1526066
1526067
1526068
1526069
1528060
1528061
1528062
1528063
1528064
1880596
1885020
1885021
1885022
1885023
1885024
1885025
1885026
1885027
1885028
1885029
1885960
1885961
1885962
1885963
1885964
1885965
1885966
1885967
1885968
1885969
1887630
1887631
1887632
1887633
1887634
1750596
1750600
1750601
1750602
1750693
1755906
1755923
1755924
1755925
1755926
1370930
1370931
1370932
1370933
1370934
1370935
1370936
1370937
1370938
1370939
1372080
1374060
1377473
1377474
1377475
1377476
1377990
1377991
1379904
1379905
1379906
1379970
1379971
1379981
1379982
1379983
1475960
1475961
1475962
1475963
1475964
1475965
1475966
1475967
1475968
1475969
1476020
1476021
1476022
1476023
1476024
1300395
1300396
1301561
1301562
1301563
1301564
1301565
1301566
1301567
1302395
1302396
1304306
1304307
1304308
1304309
1304450
1304452
1304453
1304596
1305534
1305535
1305536
1305537
1305538
1305539
1305544
1305545
1305588
1305589
1305596
1306240
1306241
1306242
1306300
1306301
1306302
1306310
1306311
1306312
1306313
1306314
1306315
1306316
1306317
1306318
1306319
1860506
1860590
1860596
1860604
1864990
1864991
1865061
1865069
1865089
1865931
1865932
1865933
1865934
1865941
1865960
1865961
1865962
1865963
1865964
1865965
1865966
1865967
1865968
1865969
1869476
1869574
1869575
1869576
1869830
1869831
1869832
1869833
1550596
1550696
1390606
1390694
1390695
1390696
1395960
1395961
1395962
1395963
1395964
1395965
1395966
1395967
1395968
1395969
1396000
1396001
1396002
1396003
1396004
1396005
1396006
1396007
1396008
1396009
1396010
1396011
1396012
1396013
1396014
1396015
1396016
1396017
1396018
1396019
1671596
1672596
1673596
1674026
1500600
1500601
1500602
1500603
1500604
1500605
1500606
1500607
1500608
1500609
1505920
1505921
1505922
1505923
1505924
1505960
1505961
1505962
1505963
1505964
1505965
1505966
1505967
1505968
1505969
1506050
1506051
1506052
1506053
1506054
1506055
1506056
1506057
1506058
1506059
1835060
1835061
1835062
1835063
1835064
1835065
1835066
1835067
1835068
1835069
1835960
1835961
1835962
1835963
1835964
1835965
1835966
1835967
1835968
1835969
1839625
1839626
1839627
1839628
1839629
1839645
1839646
1839647
1839648
1839649
1595948
1595949
1595960
1595961
1595962
1595963
1595964
1595965
1595966
1595967
1595968
1595969
1596060
1596061
1596062
1596063
1596064
1596065
1596066
1596067
1596068
1596069
1596085
1596086
1596087
1770469
1770596
1770696
1772090
1772091
1772092
1772093
1772094
1772095
1774405
1774406
1774407
1774408
1775011
1775012
1775013
1775014
1775015
1775016
1775017
1775018
1775019
1775069
1775960
1775961
1775962
1775966
1775967
1775968
1775969
1775976
1775977
1452586
1452596
1453570
1453575
1453576
1454404
1454417
1454418
1458380
1458381
1458382
1458383
1458384
1351403
1351594
1351595
1355928
1355929
1355965
1355966
1355967
1355968
1355969
1359956
1359957
1359958
1359959
1359965
1359966
1359967
1359968
1359969
1360500
1360501
1360502
1360503
1360504
1360505
1360506
1360507
1360508
1360509
1360695
1360696
1360697
1360698
1360699
1360755
1360756
1360757
1360758
1360759
1361506
1361507
1361508
1361509
1362590
1362591
1362592
1362593
1362594
1364604
1364605
1364606
1364607
1364608
1364609
1365604
1365605
1365606
1365607
1365608
1365609
1369590
1369591
1369592
1369593
1369594
1369595
1369596
1369597
1369598
1369599
1950011
1950012
1950013
1890596
1890606
1890694
1890695
1890696
1895960
1895961
1895962
1895963
1895964
1895965
1895966
1895967
1895968
1895969
1896000
1896001
1896002
1896003
1896004
1896005
1896006
1896007
1896008
1896009
1896010
1896011
1896012
1896013
1896014
1896015
1896016
1896017
1896018
1896019
1896520
1896521
1896522
1896523
1896524
1896525
1896526
1896527
1896528
1896529
1896546
1896547
1896596
1800596
1800606
1800694
1800695
1800696
1802065
1802066
1802067
1802068
1802069
1804614
1804615
1804616
1804617
1804618
1804619
1804646
1805046
1805047
1805048
1805060
1805061
1805062
1805063
1805064
1805065
1805066
1805067
1805068
1805069
1805070
1805071
1805072
1805073
1805074
1805075
1805486
1805496
1805497
1805960
1805961
1805962
1805963
1805964
1805965
1805966
1805967
1805968
1805969
1806020
1806021
1806022
1806023
1806024
1806025
1806026
1806027
1806028
1806029
1806454
1806455
1806456
1806457
1806458
1806459
1806561
1806562
1806563
1806564
1806565
1806566
1806567
1806568
1806569
1806570
1806571
1806572
1806573
1806574
1806575
1806596
1530506
1530507
1530596
1530693
1533756
1534502
1534506
1534507
1535906
1535966
1535967
1535968
1535969
1539246
1539456
1539596
1539619
1539629
1539634
1539635
1539636
1990596
1990606
1990694
1990695
1990696
1995945
1995946
1995960
1995961
1995962
1560506
1560590
1560596
1560604
1560605
1565904
1565940
1565952
1565953
1565965
1565966
1565967
1565968
1565969
1566505
1566509
1566571
1566596
1569596
1784264
1784265
1784266
1784267
1784268
1784269
1785023
1785024
1785025
1785026
1785027
1785060
1785061
1785062
1785063
1785064
1785065
1785906
1785926
1785936
1785946
1785968
1785969
1785990
1785991
1785992
1785993
1785994
1785995
1785996
1785997
1785998
1785999
1788036
1789188
1789596
1850596
1855906
1855946
1855960
1855961
1859462
1859463
1330606
1330694
1330695
1330696
1332833
1332834
1332835
1332844
1332845
1332870
1332871
1332872
1332880
1332881
1333830
1333831
1333832
1333833
1333834
1333835
1334845
1334846
1334847
1334848
1334849
1335830
1335831
1335832
1335833
1335834
1336500
1336501
1337503
1337596
1337690
1337691
1338596
1338694
1338695
1338696
1338697
1339403
1339596
1712043
1712044
1712045
1712046
1712047
1712048
1712049
1712050
1712051
1712052
1712053
1712054
1712055
1713596
1715584
1715596
1716596
1717263
1717265
1717267
1717596
1718596
1719494
1719501
1719502
1719596
1530508
1530599
1530690
1530694
1533759
1534590
1534596
1535909
1535995
1535996
1539206
1539239
1539240
1539241
1539449
1539450
1539599
1539613
1800509
1800599
1800609
1802090
1802091
1802092
1802093
1802094
1802095
1802096
1802097
1802098
1802099
1803970
1803971
1803972
1803973
1803974
1803975
1803976
1803977
1803978
1803979
1804649
1805037
1805038
1805039
1805489
1805490
1805491
1805492
1805493
1805949
1806370
1806371
1806372
1806373
1806374
1806375
1806576
1806577
1806578
1806599
1809414
1809415
1809416
1809417
1809418
1809419
1361697
1361698
1361699
1362694
1362695
1362696
1364696
1364697
1365696
1365697
1369505
1369506
1369507
1369508
1369509
1890509
1890599
1895060
1895061
1895062
1895063
1895064
1895065
1895066
1895067
1895068
1895069
1896060
1896061
1896062
1896063
1896064
1896065
1896066
1896067
1896068
1896069
1896535
1896536
1896537
1896538
1896539
1896549
1896599
1330509
1330599
1331379
1331390
1331391
1332838
1332839
1332860
1332861
1332862
1333853
1333854
1333855
1334050
1334051
1334052
1334053
1334858
1334859
1335844
1335845
1335846
1336509
1336599
1337501
1337502
1338599
1338698
1338699
1339408
1339592
1712038
1713599
1715599
1716599
1717264
1717580
1717581
1717582
1717599
1990509
1990599
1995940
1995941
1995942
1995990
1995991
1995992
1995993
1850501
1850502
1850590
1850599
1855901
1855907
1855908
1855909
1855924
1855934
1855942
1855943
1855950
1859697
1859698
1784298
1784299
1785036
1785037
1785038
1785077
1785078
1785079
1785909
1785920
1785930
1785949
1788039
1789599
1560507
1560599
1565935
1565936
1565964
1565974
1565990
1565991
1566580
1569599
1550599
1550694
1860507
1860599
1865060
1865062
1865063
1865064
1865065
1865066
1865068
1865942
1865995
1865996
1865997
1865998
1865999
1671202
1671204
1671234
1671269
1674010
1390509
1390599
1395060
1395061
1395062
1395063
1395064
1395065
1395066
1395067
1395068
1395069
1396060
1396061
1396062
1396063
1396064
1396065
1396066
1396067
1396068
1396069
1300494
1300495
1300496
1301569
1302494
1302495
1302496
1304358
1304599
1305549
1305570
1305571
1305582
1305583
1305598
1305599
1306226
1306227
1306228
1306247
1770509
1770599
1770609
1772068
1772069
1772070
1772096
1772097
1772098
1772099
1774409
1774606
1775039
1775047
1775975
1775990
1775991
1775992
1775993
1775994
1775995
1595974
1595975
1595976
1595977
1595990
1595991
1595992
1595993
1595994
1596097
1596098
1596099
1452589
1452599
1454407
1458395
1458396
1458397
1458398
1458399
1350950
1350951
1350952
1350953
1350954
1351508
1351509
1355932
1355933
1355983
1355984
1355985
1355986
1359930
1359931
1835090
1835091
1835092
1835093
1835094
1835095
1835096
1835097
1835098
1835099
1835992
1835993
1835994
1835995
1835996
1835997
1835998
1835999
1839655
1839656
1839657
1839658
1839659
1505995
1505996
1505997
1505998
1505999
1508050
1508051
1508052
1508053
1508054
1845990
1845991
1845992
1845993
1845994
1845995
1845996
1845997
1845998
1845999
1571607
1571608
1571609
1575915
1575916
1575917
1575918
1575919
1575995
1575996
1575997
1575998
1575999
1980598
1980599
1983549
1983575
1983576
1983577
1983578
1983579
1984059
1985949
1985990
1985991
1985992
1985993
1985994
1985995
1985996
1985997
1985998
1985999
1989007
1989008
1989009
1989047
1989048
1989049
1650339
1650599
1651187
1651337
1651884
1652089
1652589
1703561
1703562
1704048
1705072
1706197
1706198
1706199
1320504
1320599
1321593
1322590
1322597
1323599
1325507
1325508
1327509
1327599
1327607
1328506
1329509
1910509
1910599
1750501
1750599
1750694
1750695
1750696
1750697
1755907
1755909
1755911
1880509
1880599
1881590
1881591
1881592
1881593
1881594
1885060
1885061
1885062
1885063
1885064
1885065
1885066
1885067
1885068
1885069
1370600
1370601
1370690
1370691
1377463
1377464
1379910
1379911
1379912
1379913
1379914
1475990
1475991
1475992
1475993
1475994
1475995
1475996
1475997
1475998
1475999
1476035
1476036
1476037
1476038
1476039
1525990
1525991
1525992
1525993
1525994
1525995
1525996
1525997
1525998
1525999
1528050
1528051
1528052
1528053
1528054
1528075
1528076
1528077
1528078
1528079
1810599
1814618
1814619
1815030
1815974
1815984
1815990
1815991
1815992
1815993
1815994
1815995
1815996
1815997
1825095
1825096
1825097
1825098
1825099
1825930
1825931
1825932
1825933
1825934
1825990
1825991
1825992
1825993
1825994
1825995
1825996
1825997
1825998
1825999
1510500
1510501
1510502
1510503
1510504
1510505
1510506
1510507
1510508
1510509
1515945
1515946
1515947
1515948
1515949
1515990
1515991
1515992
1515993
1515994
1515995
1515996
1515997
1515998
1515999
1344067
1344068
1345990
1345991
1345992
1345993
1345994
1345995
1345996
1345997
1345998
1345999
1760599
1767993
1767994
1767995
1768930
1768934
1768961
1768962
1585990
1585991
1585992
1585993
1585994
1585995
1585996
1585997
1585998
1585999
1586095
1586096
1586097
1586098
1586099
1589215
1589216
1589217
1589218
1589219
1310598
1310599
1311057
1311090
1311091
1312320
1312321
1312322
1315928
1315929
1316380
1317469
1317817
1317833
1319401
1319402
1319405
1730467
1730468
1730469
1730509
1730599
1730609
1734617
1734618
1734619
1734620
1734649
1734969
1735980
1735990
1735991
1735992
1735993
1735994
1735995
1736090
1736091
1736092
1736093
1736094
1736095
1736096
1736097
1736098
1736099
1660599
1665947
1380958
1380959
1385090
1385091
1385092
1385093
1385094
1385095
1385096
1385097
1385098
1385099
1385930
1385931
1385932
1385933
1385934
1385935
1385936
1385937
1385938
1385939
1385945
1385946
1385947
1385948
1385949
1386000
1386001
1386002
1386003
1386004
1386005
1386006
1386007
1386008
1386009
1870599
1870600
1870601
1870602
1870603
1870604
1870605
1870606
1870607
1870608
1870609
1875095
1875096
1875097
1875098
1875099
1910508
1910598
1320598
1321503
1321590
1322502
1322505
1323598
1325509
1327506
1327598
1327605
1328596
1329506
1571600
1571601
1571602
1575905
1575906
1575907
1575908
1575909
1845980
1845981
1845982
1845983
1845984
1845985
1845986
1845987
1845988
1845989
1650320
1650598
1651198
1980596
1980597
1983548
1983570
1983571
1983572
1983573
1983574
1984058
1985948
1985980
1985981
1985982
1985983
1985984
1985985
1985986
1985987
1985988
1985989
1989005
1989006
1989045
1989046
1810598
1815964
1815987
1525980
1525981
1525982
1525983
1525984
1525985
1525986
1525987
1525988
1525989
1528055
1528056
1528057
1528058
1528059
1528070
1528071
1528072
1528073
1528074
1880508
1880598
1880600
1880601
1880602
1880603
1880604
1880605
1880606
1880607
1880608
1880609
1885980
1885981
1885982
1885983
1885984
1885985
1885986
1885987
1885988
1885989
1750502
1750598
1755912
1377470
1377471
1377472
1379902
1379903
1379915
1379916
1379917
1379918
1379919
1475980
1475981
1475982
1475983
1475984
1475985
1475986
1475987
1475988
1475989
1476030
1476031
1476032
1476033
1476034
1345980
1345981
1345982
1345983
1345984
1345985
1345986
1345987
1345988
1345989
1585980
1585981
1585982
1585983
1585984
1585985
1585986
1585987
1585988
1585989
1586085
1586086
1586087
1586088
1586089
1760598
1760608
1760609
1768928
1768964
1515910
1515911
1515912
1515913
1515914
1515915
1515916
1515917
1515918
1515919
1516060
1516061
1516062
1516063
1516064
1825055
1825056
1825057
1825058
1825059
1825970
1825971
1825972
1825973
1825974
1825975
1825976
1825977
1825978
1825979
1825980
1825981
1825982
1825983
1825984
1825985
1825986
1825987
1825988
1825989
1380696
1380697
1385080
1385081
1385082
1385083
1385084
1385085
1385086
1385087
1385088
1385089
1385910
1385911
1385912
1385913
1385914
1385915
1385916
1385917
1385918
1385919
1385940
1385941
1385942
1385943
1385944
1386050
1386051
1386052
1386053
1386054
1386055
1386056
1386057
1386058
1386059
1660598
1665948
1870598
1875080
1875081
1875082
1875083
1875084
1875085
1875086
1875087
1875088
1875089
1875970
1875971
1875972
1875973
1875974
1875980
1875981
1875982
1875983
1875984
1875985
1875986
1875987
1875988
1875989
1876025
1876026
1876027
1876028
1876029
1310149
1310790
1310791
1311058
1311084
1311598
1312304
1312305
1312306
1315924
1315936
1315937
1315938
1315939
1316382
1317807
1317829
1319400
1730504
1730598
1730608
1730698
1732667
1733808
1733809
1734600
1734648
1734968
1735031
1735032
1735033
1735034
1735035
1735036
1735037
1735046
1735047
1735048
1735049
1735050
1735051
1735052
1735053
1735054
1735055
1735056
1735057
1735058
1735059
1735068
1735069
1735948
1735949
1735983
1735984
1735985
1735986
1360596
1360597
1360598
1360599
1361693
1361694
1361695
1361696
1362600
1362601
1364690
1364691
1365690
1365691
1366695
1366696
1366697
1366698
1366699
1950010
1890598
1890608
1890698
1895090
1895091
1895092
1895093
1895094
1895095
1895096
1895097
1895098
1895099
1896050
1896051
1896052
1896053
1896054
1896055
1896056
1896057
1896058
1896059
1896530
1896531
1896532
1896533
1896534
1896598
1800508
1800598
1800608
1800698
1802078
1802079
1802080
1802081
1802082
1802083
1802084
1802085
1802086
1804613
1804648
1805488
1805494
1805495
1805946
1805947
1805948
1806012
1806013
1806014
1806015
1806016
1806017
1806018
1806452
1806453
1806579
1806580
1806581
1806582
1806583
1806584
1806585
1806586
1806587
1806588
1806589
1806590
1806598
1809411
1809412
1809413
1530505
1530598
1530603
1533758
1534501
1534505
1534591
1535908
1535993
1535994
1539230
1539231
1539232
1539238
1539245
1539457
1539458
1539459
1539598
1539617
1539618
1990598
1990608
1990698
1995932
1995943
1995944
1560503
1560598
1565961
1565962
1565963
1565984
1566575
1569598
1784296
1784297
1785033
1785034
1785035
1785074
1785075
1785076
1785908
1785927
1785937
1785947
1788038
1789598
1850598
1850698
1855850
1855851
1855852
1855853
1855863
1855864
1855865
1855892
1855900
1855984
1859653
1859654
1859680
1859681
1859682
1859740
1859768
1859769
1330608
1330698
1331373
1331380
1331381
1332858
1332859
1332890
1332891
1332892
1333823
1333824
1334054
1334055
1334833
1334843
1334844
1335840
1335841
1335850
1336505
1336506
1337507
1337590
1337597
1338507
1338508
1338509
1338598
1339401
1339598
1713598
1715598
1716584
1716598
1717587
1717589
1717598
1726847
1300490
1300499
1301568
1302490
1302499
1303080
1304305
1304357
1304598
1305554
1305555
1305556
1306210
1306211
1306212
1306248
1306249
1306700
1306701
1860503
1860598
1865092
1865093
1865094
1865095
1865096
1865097
1865098
1865943
1865985
1865986
1865987
1865988
1865989
1550598
1550698
1390608
1390698
1395090
1395091
1395092
1395093
1395094
1395095
1395096
1395097
1395098
1395099
1396050
1396051
1396052
1396053
1396054
1396055
1396056
1396057
1396058
1396059
1671590
1671598
1672590
1672598
1673590
1673598
1674011
1674012
1505900
1505901
1505902
1505903
1505904
1508055
1508056
1508057
1508058
1508059
1835080
1835081
1835082
1835083
1835084
1835085
1835086
1835087
1835088
1835089
1835905
1835906
1835907
1835908
1835909
1595946
1595947
1595978
1595979
1595980
1595981
1595982
1595983
1595984
1596095
1596096
1770598
1770698
1775046
1775067
1775068
1775979
1775985
1452598
1454408
1458390
1458391
1458392
1458393
1458394
1350755
1350756
1350757
1350758
1350759
1351598
1351599
1355909
1355987
1355988
1355989
1359935
1359936
