1350358
1351358
1354625
1354626
1354627
1354628
1354629
1354668
1359336
1359337
1359338
1359339
1359340
1359341
1359342
1359343
1450180
1450181
1450182
1450183
1450184
1452278
1452288
1452297
1454198
1770358
1773580
1773581
1773582
1773583
1773584
1773585
1773588
1773589
1590358
1593401
1593508
1593509
1593516
1593517
1593518
1593519
1593580
1593581
1593582
1593583
1593584
1593585
1593586
1593587
1593588
1623580
1623581
1623582
1830348
1830358
1833480
1833481
1833482
1833483
1833484
1833485
1833486
1833487
1833488
1833489
1833580
1833581
1833582
1833583
1833584
1833585
1833586
1833587
1833588
1833589
1500358
1503425
1503426
1503427
1503428
1503429
1503534
1503535
1503536
1503537
1503538
1503539
1503580
1503581
1503582
1503583
1503584
1503585
1503586
1503587
1503588
1503589
1671358
1672358
1673358
1674358
1390358
1393401
1393435
1393436
1393580
1393581
1393582
1393583
1393584
1393585
1393586
1393587
1393588
1393589
1399480
1399481
1399482
1399483
1399484
1550358
1551358
1551398
1552575
1552576
1552577
1552578
1552579
1552580
1552581
1552582
1552583
1552584
1553430
1553431
1553432
1553433
1553434
1553435
1553436
1553437
1553438
1553439
1553580
1553581
1553582
1553583
1553584
1553585
1553586
1553587
1553588
1553589
1553640
1553641
1553642
1553643
1553644
1553645
1553646
1553647
1553648
1553649
1558179
1558189
1558208
1558209
1558248
1558275
1558276
1558277
1558278
1558279
1558280
1558281
1558282
1558283
1558284
1558285
1860358
1861358
1863448
1863458
1863468
1863474
1863475
1863476
1863477
1863478
1863489
1863548
1863580
1863581
1863582
1863583
1863584
1863585
1863586
1863640
1863641
1863642
1863643
1863644
1863645
1863646
1864938
1864958
1303347
1303707
1303708
1303709
1304448
1304449
1308038
1309667
1309757
1309758
1711744
1711814
1330358
1331358
1332758
1333358
1335358
1336358
1338358
1339358
1780358
1783526
1783527
1783528
1783529
1783558
1783568
1783618
1783619
1783651
1783652
1783653
1783681
1783682
1783683
1786728
1789788
1850358
1853448
1853476
1853477
1853478
1853479
1853485
1853486
1853487
1853488
1853489
1853580
1853581
1853582
1853583
1853584
1853585
1853586
1853587
1853588
1853589
1853615
1853616
1853617
1853618
1853619
1560358
1563580
1563581
1563582
1563583
1563584
1563585
1563586
1563587
1563588
1563589
1569867
1569868
1990358
1993580
1993581
1993587
1993588
1993589
1530348
1530358
1533358
1534093
1534094
1534095
1534358
1536458
1536468
1536478
1538348
1538358
1538368
1538678
1538698
1538858
1539258
1539264
1800358
1803580
1803581
1803582
1803583
1803584
1803585
1803586
1803587
1803588
1803589
1890358
1893516
1893517
1893542
1893543
1958150
1958151
1958152
1958153
1361358
1362067
1362358
1362369
1363358
1364358
1365348
1365358
1366358
1366368
1730348
1730358
1733508
1733588
1310008
1310358
1311118
1311121
1313308
1313324
1313338
1313348
1313464
1315278
1315298
1319118
1319121
1870348
1870358
1873535
1873580
1873581
1873582
1873583
1873584
1873585
1873586
1873587
1873588
1873589
1660358
1663447
1663448
1663449
1663508
1663580
1663581
1663582
1663583
1663584
1663585
1663586
1663587
1663588
1663589
1663618
1663680
1663681
1663682
1663683
1663684
1663685
1663686
1663687
1663688
1663689
1665470
1665471
1665472
1665473
1665474
1665475
1665476
1665477
1665478
1665479
1665626
1665627
1665628
1665629
1665630
1665631
1665632
1665633
1665634
1665635
1665636
1665637
1665638
1665639
1380348
1383401
1383435
1383436
1383474
1383475
1383476
1383580
1383581
1383582
1383583
1383584
1383585
1820348
1820358
1823431
1823432
1823433
1823434
1823435
1823436
1823480
1823481
1823482
1823483
1823484
1823485
1823486
1823487
1823488
1823489
1823580
1823581
1823582
1823583
1823584
1823585
1823586
1823587
1823588
1823589
1510358
1513525
1513526
1513527
1513528
1513529
1513544
1513545
1513546
1513547
1513548
1513549
1513580
1513581
1513582
1513583
1513584
1513585
1513586
1513587
1513588
1513589
1760348
1760358
1763545
1763546
1763547
1763548
1763549
1763583
1763584
1763585
1763586
1763587
1763588
1763589
1763614
1763615
1763616
1763617
1763618
1769620
1769621
1580358
1583422
1583423
1583424
1583434
1583435
1583436
1583437
1583438
1583439
1583516
1583517
1583518
1583519
1583580
1583581
1583582
1583583
1583584
1583585
1583586
1583587
1583588
1583589
1340358
1345380
1345381
1345382
1345383
1345384
1345385
1345386
1345387
1345388
1345389
1348541
1348542
1348543
1348544
1348545
1470348
1470358
1471793
1471794
1473580
1473581
1473582
1473583
1473584
1473585
1473586
1473587
1473588
1473589
1479741
1479742
1479743
1479744
1372090
1372091
1372092
1372093
1373415
1373416
1375334
1375335
1375336
1375337
1375338
1375339
1375359
1375380
1375381
1375382
1375383
1375384
1375385
1375386
1375387
1375388
1375389
1880348
1880358
1883580
1883581
1883582
1883583
1883584
1883585
1883586
1883587
1883588
1883589
1750348
1750358
1751840
1751841
1751842
1751843
1751844
1751845
1751847
1751848
1753580
1753581
1753582
1753583
1753584
1753585
1753586
1753587
1753588
1753589
1758280
1758281
1758282
1758283
1758284
1758450
1758451
1758452
1758453
1758454
1758455
1758456
1758457
1758458
1758459
1758460
1758461
1758462
1758463
1758464
1758465
1758466
1758467
1758468
1758469
1520358
1523438
1523439
1523480
1523481
1523482
1523483
1523484
1523485
1523486
1523487
1523488
1523489
1523580
1523581
1523582
1523583
1523584
1523585
1523586
1523587
1523588
1523589
1529668
1810358
1813491
1813527
1813531
1813542
1813580
1813581
1813582
1813583
1813584
1813585
1813586
1813587
1813588
1813589
1650358
1650503
1651250
1651355
1651358
1651598
1651599
1652052
1652823
1652858
1652863
1653497
1653584
1655051
1655052
1655053
1655054
1655055
1655056
1655057
1655058
1655059
1656358
1657358
1980358
1981542
1983436
1983437
1983438
1983439
1983449
1983458
1983459
1983466
1983497
1988858
1840358
1840499
1843415
1843416
1843494
1843495
1843496
1843497
1843498
1843499
1843580
1843581
1843582
1843583
1843584
1843585
1843586
1843587
1843588
1843589
1570348
1570358
1572168
1573541
1573542
1573543
1573544
1573545
1573580
1573581
1573582
1573583
1573584
1573585
1573586
1573587
1573588
1573589
1320358
1322358
1323358
1328358
1328367
1329358
1329366
1329367
1329378
1329384
1329394
1329458
1329465
1910358
1913580
1913584
