1570343
1570353
1571353
1572163
1573530
1573531
1840353
1843403
1843404
1843450
1843451
1843452
1843530
1843531
1843532
1843533
1843534
1843535
1843536
1843537
1843538
1843539
1980343
1980353
1981549
1983409
1983410
1983411
1983470
1983480
1988853
1650353
1651008
1651353
1651593
1651596
1652853
1653293
1653353
1653386
1653534
1655692
1655907
1657110
1910353
1913530
1320343
1320353
1322353
1322363
1323343
1323353
1328353
1328363
1328364
1329353
1329363
1329364
1329365
1329373
1329383
1329453
1750353
1753530
1753531
1753532
1753533
1753534
1753535
1753536
1753537
1753538
1753539
1755771
1755772
1755773
1755774
1755775
1755776
1755777
1755778
1755779
1880343
1880353
1883530
1883531
1883532
1883533
1470343
1470353
1471784
1479726
1479727
1370053
1370353
1372097
1375330
1375331
1375332
1375333
1810353
1813530
1813535
1813539
1520353
1523430
1523431
1523432
1523433
1523434
1523530
1523531
1523532
1523533
1529663
1510353
1511086
1511087
1511088
1511089
1820343
1820353
1823430
1823437
1823438
1823439
1823530
1823531
1823532
1823533
1823534
1823535
1823536
1823537
1823538
1823539
1340353
1345330
1345331
1345332
1345333
1345334
1345335
1580353
1583523
1583530
1583531
1583532
1583533
1583534
1583535
1760343
1760353
1763530
1763531
1763532
1763573
1763574
1763575
1763576
1763577
1763578
1763642
1763643
1763644
1763645
1310003
1310353
1311113
1311123
1313313
1313323
1313343
1313463
1315273
1315283
1319113
1319123
1730353
1733503
1733583
1383403
1383427
1383428
1383530
1383531
1383532
1383533
1383534
1383535
1660353
1663503
1663530
1663531
1663532
1663533
1663534
1663535
1663536
1663537
1663538
1663539
1663613
1663630
1663631
1663632
1870353
1873430
1873431
1873432
1873433
1873434
1873530
1873531
1873532
1873533
1873534
1800353
1803530
1803531
1803532
1803533
1803534
1803535
1803536
1803537
1803538
1803539
1530343
1530353
1533303
1533353
1533363
1534076
1534077
1534078
1536453
1536463
1536473
1538353
1538363
1538673
1538683
1538693
1538853
1539253
1539267
1361353
1362063
1362353
1363353
1364353
1364367
1365353
1366341
1366343
1366353
1366363
1890353
1893530
1893531
1893532
1330353
1331353
1332753
1333353
1335353
1336353
1338353
1339353
1711695
1990353
1993530
1993533
1560353
1563530
1563531
1563532
1563533
1563534
1563535
1569836
1569843
1850353
1853530
1853531
1853532
1853533
1853534
1853535
1853536
1853653
1853657
1853658
1853659
1780353
1783530
1783531
1783532
1783583
1783606
1783607
1783668
1783669
1786722
1789128
1860353
1863453
1863530
1863531
1863532
1863533
1863534
1863535
1863536
1863537
1863538
1863539
1863587
1863588
1863589
1550353
1551353
1551370
1551371
1551372
1551373
1551374
1552560
1552561
1553530
1553531
1553532
1553533
1553534
1558230
1558231
1558232
1558233
1558234
1558235
1390353
1393403
1393427
1393428
1393446
1393447
1393448
1393449
1393530
1393531
1393532
1393533
1393534
1393535
1393536
1393537
1393538
1393539
1399447
1399448
1399449
1399450
1399451
1399452
1399453
1399454
1671353
1672353
1673353
1674353
1303705
1303706
1303807
1304446
1304447
1308033
1309650
1309750
1309760
1590353
1593403
1593433
1593537
1593538
1593539
1770353
1773530
1773531
1773532
1773533
1773538
1773539
1350353
1351353
1354613
1354669
1452283
1453090
1453091
1453092
1453093
1453094
1453279
1454183
1500353
1503530
1503531
1503532
1503533
1830343
1830353
1833530
1833531
1833532
1833533
1833534
1833535
1833536
1833537
1833538
1833539
1623530
1623531
1623532
