1330576
1330586
1330654
1330655
1330656
1330657
1330658
1330659
1330676
1330686
1332576
1332586
1332596
1332600
1332601
1332602
1332603
1332604
1332605
1332606
1332607
1332608
1332609
1333576
1333586
1333672
1333673
1333674
1333675
1333676
1333677
1333678
1333679
1334576
1334586
1334610
1334611
1334612
1334613
1334614
1335576
1335586
1335760
1335761
1335762
1335763
1335764
1335765
1335766
1335767
1335768
1335769
1336260
1336261
1336262
1336263
1336264
1336265
1336266
1336267
1336268
1336269
1337234
1337235
1337236
1337237
1337576
1337586
1337686
1338576
1338586
1338654
1338655
1338656
1338657
1338658
1338659
1339576
1339586
1339676
1339686
1339690
1339691
1339692
1339693
1339694
1713984
1715410
1715412
1715413
1715414
1715415
1715416
1715417
1715418
1715419
1715662
1715663
1715667
1715668
1715669
1715970
1715971
1715972
1715973
1715975
1715976
1715977
1715978
1715979
1715980
1715981
1715982
1715983
1715985
1716576
1717576
1718576
1718945
1718946
1718947
1718948
1719576
1719905
1719906
1719907
1719908
1719909
1719910
1990576
1990586
1990676
1990682
1994116
1994126
1994142
1994143
1994144
1995760
1995761
1995762
1995763
1995764
1995765
1995766
1995767
1995768
1995769
1850576
1850586
1855771
1855772
1855773
1855774
1855775
1855776
1855777
1855778
1855779
1780576
1780586
1781576
1781645
1781646
1781647
1781655
1781656
1781657
1781658
1781659
1781666
1782675
1782676
1782677
1782678
1782679
1785706
1785726
1785727
1785746
1785751
1785752
1785761
1785782
1785783
1785784
1785824
1785825
1785826
1785827
1785828
1785846
1785866
1785867
1785868
1785869
1786786
1788826
1789572
1789573
1789574
1560576
1560586
1560654
1560655
1560656
1560657
1560658
1560659
1560676
1560686
1565760
1565761
1565762
1565763
1565764
1565765
1565766
1565767
1565768
1565769
1569576
1569581
1530576
1530586
1530588
1530676
1530686
1531470
1531471
1531472
1531473
1531474
1532554
1532555
1532556
1532557
1532558
1532559
1532560
1532561
1532562
1532563
1532564
1532565
1532566
1532567
1532568
1532569
1532576
1532586
1533766
1534576
1534586
1535527
1535528
1535560
1535561
1535562
1535563
1535564
1535565
1535566
1535567
1535568
1535569
1535576
1535586
1535630
1535631
1535632
1535633
1535634
1535635
1535636
1535637
1535654
1535655
1535656
1535657
1535658
1535659
1535676
1535686
1537210
1537211
1537212
1537213
1537214
1537215
1537216
1537249
1538180
1538181
1538182
1538183
1538184
1538185
1538186
1538187
1538418
1538419
1539576
1539589
1539747
1539748
1539749
1800576
1800586
1800656
1800657
1800658
1800659
1800676
1800686
1804215
1804216
1804217
1804218
1804219
1804238
1805760
1805761
1805762
1805763
1805764
1805765
1805766
1805767
1805768
1805769
1805845
1805846
1806471
1806770
1806771
1806772
1806773
1806774
1806930
1806931
1806932
1806933
1806934
1806935
1806936
1806937
1806948
1806949
1807250
1807251
1807252
1807253
1807254
1807255
1807256
1807257
1807258
1807259
1807410
1807411
1807412
1807413
1807414
1807415
1807416
1807417
1807418
1807419
1809476
1953121
1360057
1360058
1360576
1360586
1360665
1360666
1360667
1360668
1360672
1360676
1360682
1360686
1361576
1361586
1361667
1361668
1361669
1361676
1361684
1361686
1362576
1362660
1362661
1362662
1362663
1362664
1362665
1362666
1362667
1362668
1363400
1363401
1363402
1363403
1363404
1363405
1363406
1363407
1363408
1363409
1364576
1364586
1364676
1365576
1365586
1365654
1365655
1365656
1365657
1365658
1365659
1365676
1365679
1365686
1365689
1366576
1366577
1366578
1366579
1366640
1366641
1366642
1366643
1366644
1366645
1366646
1366647
1366648
1366649
1366680
1366681
1366682
1366683
1366684
1366685
1366686
1366687
1366688
1366689
1367662
1367663
1367664
1367665
1367666
1367667
1367668
1367669
1890576
1890586
1890654
1890655
1890656
1890657
1890658
1890659
1890676
1890686
1895760
1895761
1895762
1895763
1895764
1895765
1895766
1895767
1895768
1895769
1895850
1895851
1895852
1895853
1895854
1895855
1895856
1895857
1895858
1895859
1895860
1895861
1895862
1895863
1895864
1895865
1895866
1895867
1895868
1895869
1896610
1896611
1896612
1896613
1896614
1896760
1896761
1896762
1896763
1896764
1896765
1896766
1896767
1896768
1896769
1896840
1896841
1896842
1896843
1896844
1896845
1896846
1896847
1896848
1896849
1896850
1896851
1896852
1896853
1896854
1896855
1896856
1896857
1896858
1896859
1896860
1896861
1896862
1896863
1896864
1896865
1896866
1896867
1896868
1896869
1896960
1896961
1896962
1896963
1896964
1896965
1896966
1896967
1896968
1896969
1898960
1898961
1898962
1898963
1898964
1898965
1898966
1898967
1898968
1898969
1770576
1770586
1770657
1770658
1770659
1770676
1770686
1775760
1775761
1775762
1775763
1775766
1776977
1776978
1776995
1776996
1776997
1777409
1590576
1590586
1590676
1590686
1595760
1595761
1595762
1595763
1595764
1595765
1595766
1595767
1595768
1595769
1595860
1595861
1595862
1595863
1595864
1595865
1595866
1595867
1595868
1595869
1596700
1596701
1596702
1596703
1596704
1596705
1596706
1596707
1596708
1596709
1596760
1596761
1596762
1596763
1596764
1596765
1596766
1596767
1596768
1596769
1596860
1596861
1596862
1596863
1596864
1596865
1596866
1596867
1596868
1596869
1598890
1598891
1598892
1598893
1598894
1598895
1598896
1598897
1598898
1598899
1599060
1599061
1599062
1599063
1599064
1599065
1599066
1599067
1599068
1599069
1452260
1452261
1452262
1452263
1452264
1452265
1452266
1452267
1454166
1454176
1454706
1454716
1454726
1454746
1454750
1454751
1454974
1454975
1454976
1454977
1454978
1454979
1457185
1457186
1457187
1457188
1457189
1457190
1457191
1457455
1457456
1457457
1457458
1457459
1458140
1458141
1458142
1458143
1458160
1458161
1458162
1458163
1458164
1458165
1458166
1458167
1458168
1458169
1350576
1350586
1350676
1350686
1351143
1351144
1351145
1351146
1351147
1351576
1351586
1351676
1351686
1356640
1356641
1356642
1356643
1356644
1356645
1356646
1356647
1356648
1356649
1356665
1356666
1356667
1356668
1356669
1356680
1356681
1356682
1356683
1356684
1356685
1356686
1356687
1356688
1356689
1357580
1357581
1357582
1357583
1357584
1357585
1357586
1357587
1357588
1357589
1358600
1358601
1358602
1358603
1358604
1358605
1358606
1358607
1358608
1358609
1358610
1358611
1358612
1358613
1358614
1358615
1358616
1358617
1358618
1358619
1358620
1358621
1358622
1358623
1358624
1358625
1358626
1358627
1358628
1358629
1830576
1830586
1835760
1835761
1835762
1835763
1835764
1835765
1835766
1835767
1835768
1835769
1835860
1835861
1835862
1835863
1835864
1835865
1835866
1835867
1835868
1835869
1836765
1836766
1836767
1836768
1836769
1500576
1500586
1505720
1505721
1505722
1505723
1505724
1505725
1505726
1505727
1505728
1505729
1505760
1505761
1505762
1505763
1505764
1505765
1505766
1505767
1505768
1505769
1505860
1505861
1505862
1505863
1505864
1506760
1506761
1506762
1506763
1506764
1506765
1506766
1506767
1506768
1506769
1506860
1506861
1506862
1506863
1506864
1506865
1506866
1506867
1506868
1506869
1622445
1622573
1550576
1550586
1555760
1555761
1555762
1555763
1555764
1555765
1555766
1555767
1555768
1555769
1555847
1555848
1555849
1555850
1555851
1555852
1555853
1555854
1555855
1555856
1555857
1555858
1555859
1555860
1555861
1555862
1555863
1555864
1555865
1555866
1860576
1860586
1860676
1865760
1865761
1865762
1865763
1865764
1865765
1865766
1865767
1865768
1865769
1865830
1865831
1865832
1865833
1865834
1865860
1865861
1865862
1865863
1865864
1865865
1865866
1865867
1865868
1865869
1866760
1866761
1866762
1866763
1866764
1866765
1866766
1866767
1866768
1866769
1866860
1866861
1866862
1866863
1866864
1866865
1866866
1866867
1866868
1866869
1869487
1869488
1671576
1672576
1673576
1390576
1390586
1390654
1390655
1390656
1390657
1390658
1390659
1390676
1390686
1395760
1395761
1395762
1395763
1395764
1395765
1395766
1395767
1395768
1395769
1395850
1395851
1395852
1395853
1395854
1395855
1395856
1395857
1395858
1395859
1395860
1395861
1395862
1395863
1395864
1395865
1395866
1395867
1395868
1395869
1396760
1396761
1396762
1396763
1396764
1396765
1396766
1396767
1396768
1396769
1396840
1396841
1396842
1396843
1396844
1396845
1396846
1396847
1396848
1396849
1396850
1396851
1396852
1396853
1396854
1396855
1396856
1396857
1396858
1396859
1396860
1396861
1396862
1396863
1396864
1396865
1396866
1396867
1396868
1396869
1398960
1398961
1398962
1398963
1398964
1398965
1398966
1398967
1398968
1398969
1300266
1300476
1300477
1300478
1300479
1301882
1301883
1301884
1301885
1301886
1301887
1301888
1301889
1302095
1302096
1302097
1302266
1302476
1302477
1302478
1302479
1303364
1303365
1303428
1303429
1304074
1304075
1304576
1305860
1305861
1305862
1305863
1305864
1305865
1305866
1305867
1305868
1305869
1305870
1305871
1305872
1305873
1305874
1305875
1305876
1305877
1305878
1305879
1305880
1305881
1305882
1305883
1305884
1305885
1305886
1305887
1305888
1305889
1307380
1307381
1307382
1307383
1307384
1307385
1307386
1307387
1307388
1307389
1308467
1308468
1308860
1308861
1308862
1308863
1308864
1309380
1309381
1309382
1309383
1309384
1309385
1309386
1309387
1309388
1309389
1309476
1309477
1309478
1309479
1309576
1750576
1750586
1750665
1750676
1755726
1755727
1880576
1880586
1880654
1880655
1880656
1880657
1880658
1880659
1880676
1880686
1881520
1881521
1881522
1881523
1881524
1881525
1881526
1885760
1885761
1885762
1885763
1885764
1885765
1885766
1885767
1885768
1885769
1885860
1885861
1885862
1885863
1885864
1885865
1885866
1885867
1885868
1885869
1886995
1886996
1886997
1886998
1886999
1370576
1370586
1370654
1370655
1370656
1370657
1370676
1370686
1373230
1373231
1373232
1373233
1373234
1373235
1373620
1373621
1373622
1373623
1373624
1373625
1373626
1373627
1373628
1373629
1373650
1373651
1373652
1373653
1373654
1373655
1373656
1373657
1373658
1373659
1373660
1373661
1373662
1373663
1373664
1373665
1373666
1373667
1373668
1373669
1373850
1373851
1373852
1373853
1373854
1373855
1373856
1373857
1373858
1373859
1373860
1373861
1373862
1373863
1373864
1373865
1373866
1373867
1373868
1373869
1375060
1375061
1375062
1375063
1375064
1375065
1375066
1375067
1375068
1375069
1375760
1375761
1375762
1375763
1375764
1375765
1375766
1375767
1375768
1375769
1375860
1375861
1375862
1375863
1375864
1375865
1375866
1375867
1375868
1375869
1377760
1377761
1377762
1377763
1377764
1377765
1377766
1377767
1377768
1470576
1470586
1475708
1475709
1475720
1475721
1475760
1475761
1475762
1475763
1475764
1475765
1475766
1475767
1475768
1475769
1475780
1475781
1475782
1475783
1475784
1520576
1520586
1521475
1521476
1521477
1521478
1521479
1521580
1521581
1521582
1521583
1521584
1525760
1525761
1525762
1525763
1525764
1525765
1525766
1525767
1525768
1525769
1525858
1525859
1525860
1525861
1526720
1526721
1526722
1526723
1526724
1526725
1526726
1526727
1526728
1526729
1526760
1526761
1526762
1526763
1526764
1526765
1526766
1526767
1526768
1526769
1526885
1526886
1526887
1526888
1526889
1810576
1810586
1815760
1815761
1815762
1815763
1815764
1815765
1815766
1815767
1815768
1815769
1815858
1815860
1815861
1815862
1815863
1815864
1816456
1816457
1816704
1816705
1816706
1816707
1840576
1840586
1845760
1845761
1845762
1845763
1845764
1845765
1845766
1845767
1845768
1845769
1845892
1845893
1845894
1570576
1570586
1571265
1571266
1571267
1571268
1571269
1572696
1572697
1572787
1572788
1572789
1575754
1575755
1575756
1575760
1575761
1575762
1575763
1575764
1575765
1575766
1575767
1575768
1575769
1980576
1980586
1981238
1981476
1981776
1981820
1981821
1981822
1981823
1981824
1982284
1982286
1984664
1984665
1984666
1984667
1984668
1984669
1985760
1985761
1985762
1985763
1985764
1985765
1985766
1985767
1985768
1985769
1985840
1985841
1985842
1985843
1985844
1985845
1985846
1985847
1985848
1985849
1985860
1985861
1985862
1985863
1985864
1985865
1985866
1985867
1985868
1985869
1988360
1988361
1988362
1988363
1988364
1988365
1988366
1988367
1988368
1988369
1988420
1988421
1988422
1988423
1988424
1988886
1650576
1651231
1651844
1652576
1652978
1652979
1652983
1653011
1655656
1655665
1655760
1655761
1655762
1655763
1655765
1655766
1655767
1655768
1655769
1655860
1655861
1655862
1655863
1655864
1655865
1655866
1655867
1655868
1655869
1656562
1656565
1656576
1656760
1656761
1656762
1656763
1656765
1656766
1656768
1656769
1656860
1656861
1656862
1656863
1656865
1656866
1656867
1656869
1656968
1657556
1657576
1700576
1700586
1700817
1700818
1700819
1700834
1700965
1700966
1700967
1700968
1701208
1701209
1701210
1701211
1702270
1702271
1702272
1702273
1702274
1702275
1705142
1705514
1705947
1705948
1705949
1705950
1705951
1707043
1707044
1707960
1707961
1707962
1707963
1707964
1707965
1707966
1709495
1709496
1709497
1709770
1709780
1709781
1709810
1709811
1709846
1709850
1709851
1709852
1709853
1709854
1709855
1709856
1709857
1709858
1709859
1709930
1709931
1709965
1320576
1320586
1321648
1321649
1321690
1321691
1321692
1321693
1321694
1321695
1321696
1321697
1321698
1321699
1322145
1322146
1322160
1322161
1322162
1322163
1322164
1322165
1322166
1322167
1322168
1322169
1323576
1323586
1325086
1325106
1325107
1325245
1325246
1325247
1325248
1325249
1325576
1325586
1325588
1327676
1327686
1328260
1328261
1328262
1328263
1328264
1328265
1328266
1328267
1328268
1328269
1328286
1328576
1328586
1329146
1329160
1329161
1329162
1329163
1329164
1329165
1329166
1329167
1329168
1329169
1329576
1329586
1329687
1329688
1910576
1910586
1914475
1914476
1915727
1310560
1310561
1310562
1310563
1310564
1310565
1310566
1310567
1310568
1310569
1310576
1310586
1310600
1310601
1310602
1310603
1310604
1310605
1310645
1310646
1310647
1310648
1310649
1311576
1311650
1311651
1311652
1311653
1311654
1311655
1311656
1311657
1311658
1311659
1313645
1313646
1313647
1313648
1313649
1313655
1313656
1313657
1313658
1313659
1315760
1315761
1315762
1315763
1315764
1315765
1315766
1315767
1315768
1315769
1317370
1317371
1317372
1317373
1317374
1317375
1317376
1317377
1317378
1317379
1317475
1317476
1317477
1317478
1317479
1317530
1317531
1317532
1317533
1317534
1317535
1317536
1317537
1317538
1317539
1317545
1317546
1317547
1317548
1317549
1317585
1317586
1317587
1317588
1317589
1318435
1318436
1318437
1318438
1318439
1318446
1318560
1318561
1318562
1318563
1318564
1318565
1318566
1318567
1318568
1318569
1318576
1318690
1318691
1318692
1318693
1318694
1730576
1730586
1730657
1730658
1730659
1730676
1730686
1733848
1733849
1733850
1733851
1733852
1733853
1733854
1733855
1733856
1734893
1734894
1734895
1734896
1735479
1736980
1736981
1736982
1736983
1736984
1736985
1736986
1736987
1737427
1737428
1738817
1738818
1738819
1739576
1739858
1660576
1660586
1665723
1665724
1665725
1665726
1380656
1380657
1380658
1380659
1381960
1381961
1381962
1381963
1381964
1381965
1381966
1381967
1381968
1381969
1385760
1385761
1385762
1385763
1385764
1385765
1385766
1385767
1385768
1385769
1385860
1385861
1385862
1385863
1385864
1385865
1385866
1385867
1385868
1385869
1386760
1386761
1386762
1386763
1386764
1386765
1386766
1386767
1386768
1386769
1870576
1870586
1875860
1875861
1875862
1875863
1875864
1875865
1875866
1875867
1875868
1875869
1876740
1876741
1876742
1876743
1876744
1876760
1876761
1876762
1876763
1876764
1876765
1876766
1876767
1876768
1876769
1820576
1820586
1824865
1824866
1824867
1824868
1824869
1825760
1825761
1825762
1825763
1825764
1825765
1825766
1825767
1825768
1825769
1825860
1825861
1825862
1825863
1825864
1825865
1825866
1825867
1825868
1825869
1826760
1826761
1826762
1826763
1826764
1826765
1826766
1826767
1826768
1826769
1510576
1510586
1515726
1515727
1515728
1515729
1515760
1515761
1515762
1515763
1515764
1515765
1515766
1515767
1515768
1515769
1516760
1516761
1516762
1516763
1516764
1516765
1516766
1516767
1516768
1516769
1516860
1516861
1516862
1516863
1516864
1516865
1516866
1516867
1516868
1516869
1345420
1345421
1345422
1345423
1345424
1345460
1345461
1345462
1345463
1345464
1345465
1345466
1345467
1345468
1345469
1345640
1345641
1345642
1345643
1345644
1345645
1345646
1345647
1345648
1345649
1345660
1345661
1345662
1345663
1345664
1345665
1345666
1345667
1345668
1345669
1348620
1348621
1348622
1348623
1348624
1348625
1348626
1348627
1348628
1348629
1348680
1348681
1348682
1348683
1348684
1348685
1348686
1348687
1348688
1348689
1760576
1760586
1760676
1768160
1768161
1768162
1768163
1768164
1768165
1768166
1768167
1768168
1768240
1580576
1580586
1582400
1582401
1582402
1582403
1582404
1582405
1582406
1582407
1582408
1582409
1582545
1582546
1582547
1582548
1582549
1585760
1585761
1585762
1585763
1585764
1585765
1585766
1585767
1585768
1585769
1585860
1585861
1585862
1585863
1585864
1585865
1585866
1585867
1585868
1585869
1586700
1586701
1586702
1586703
1586704
1586705
1586706
1586707
1586708
1586709
1586760
1586761
1586762
1586763
1586764
1586765
1586766
1586767
1586768
1586769
1586860
1586861
1586862
1586863
1586864
1586865
1586866
1586867
1586868
1586869
1588860
1588861
1588862
1588863
1588864
1588865
1588866
1588867
1588868
1588869
