1320482
1320488
1320489
1321480
1321482
1322481
1322482
1322483
1323482
1324083
1324514
1324515
1327482
1329482
1910482
1914722
1840482
1840487
1841439
1844717
1844719
1844730
1844731
1844732
1844733
1844734
1844735
1844736
1844737
1570480
1570481
1570482
1570484
1570485
1570500
1570501
1570502
1570503
1571482
1573482
1575482
1576482
1655063
1655482
1655753
1655846
1656408
1656480
1656481
1656482
1656484
1656486
1656487
1656548
1656707
1656750
1657117
1657206
1657270
1657277
1657424
1657466
1657477
1657478
1657482
1657488
1657499
1520482
1524820
1524821
1524822
1524823
1524824
1524825
1524826
1524827
1524828
1524829
1524850
1524851
1524852
1524853
1524854
1524855
1524856
1524857
1524858
1524859
1810480
1810482
1814739
1814820
1814821
1814822
1750482
1751980
1751981
1754732
1754733
1754734
1754820
1754821
1754822
1754823
1754824
1754825
1754826
1754827
1754828
1754829
1754885
1754886
1754887
1754888
1754889
1880480
1880481
1880482
1880484
1880485
1880486
1884805
1884806
1884807
1884808
1884809
1884816
1370479
1373482
1340482
1345139
1760482
1760485
1764812
1764822
1764823
1767806
1767807
1767808
1767809
1768480
1768481
1768482
1580482
1580483
1584980
1584981
1584982
1584983
1820480
1820481
1820482
1820484
1824820
1824821
1824822
1824823
1824824
1824825
1824826
1824827
1824828
1824829
1510482
1510484
1510485
1514482
1514490
1514491
1514492
1514493
1514494
1514826
1514827
1514828
1514829
1514890
1514891
1514892
1514893
1514894
1514895
1514896
1514897
1514903
1514904
1517475
1517476
1517477
1517478
1517479
1660482
1664731
1664732
1664820
1664821
1664822
1664823
1664824
1664825
1664826
1664827
1664828
1664829
1380048
1380050
1380479
1384793
1384794
1384798
1384799
1384838
1384839
1384869
1870480
1870481
1870482
1870484
1870485
1870486
1870487
1870488
1870489
1874820
1874821
1874822
1874823
1311359
1313482
1315482
1317139
1319095
1319096
1319159
1730482
1730487
1362479
1362489
1363479
1364489
1365480
1365482
1365485
1366408
1366480
1366482
1890482
1894742
1894744
1894768
1894769
1894782
1532682
1533282
1533482
1533484
1533485
1533486
1533562
1534424
1534425
1535282
1537468
1537469
1537481
1537482
1538482
1539108
1539109
1539128
1539129
1800474
1800482
1804820
1804821
1804822
1804823
1804826
1804828
1999772
1850482
1854820
1854821
1854822
1854823
1854824
1854828
1854829
1780061
1780062
1780482
1780499
1781434
1781442
1789723
1564820
1564821
1564822
1564823
1564824
1564825
1564826
1564827
1564828
1564829
1564833
1564834
1569092
1331482
1332702
1333702
1335482
1338482
1339482
1303043
1303044
1308158
1308713
1550482
1550484
1554000
1554082
1554083
1554092
1554823
1554824
1554888
1554889
1556119
1556120
1556121
1556122
1556123
1556124
1559894
1559895
1559896
1559897
1559898
1559899
1860482
1861482
1864820
1864821
1864822
1864823
1864824
1864844
1864845
1394748
1394820
1394821
1394822
1394823
1394824
1394825
1394826
1394827
1394828
1394829
1394862
1394889
1394893
1394897
1394899
1830480
1830481
1830482
1830484
1830485
1830486
1500480
1500481
1500482
1500483
1500484
1500485
1502480
1502481
1502482
1502483
1502484
1502485
1502486
1503480
1503481
1503482
1503483
1503484
1503485
1503486
1503487
1503488
1504820
1504821
1504822
1504823
1504824
1504825
1504826
1504827
1504828
1622359
1622360
1622362
1622364
1770482
1774776
1774777
1774820
1774821
1774822
1779070
1779071
1590482
1351482
1450289
1452488
1453380
1453381
1453382
1453383
1454330
