1320561
1321561
1322561
1327561
1328561
1329561
1910561
1910961
1914261
1915610
1915611
1915612
1915613
1915614
1916643
1840561
1845610
1845611
1845612
1845613
1845614
1845615
1845616
1845617
1845618
1845619
1570561
1571561
1575610
1575611
1575612
1575613
1575614
1575615
1575616
1575617
1575618
1575619
1980561
1981061
1981090
1981353
1984010
1984016
1985524
1985525
1985610
1985611
1985612
1985614
1985615
1650561
1651069
1652076
1652150
1652216
1652218
1652561
1655610
1655611
1655612
1655615
1655616
1655618
1656610
1520561
1521260
1521261
1521262
1521263
1521264
1521265
1521561
1524996
1525610
1525611
1525612
1525613
1810561
1810961
1811032
1811033
1811034
1811042
1811982
1811983
1811984
1813020
1813021
1813022
1813023
1813024
1813069
1813457
1813458
1815417
1815610
1815611
1815612
1815613
1815614
1815615
1815616
1815617
1815618
1815619
1815891
1816443
1817547
1750561
1755517
1880561
1881561
1885610
1885611
1885612
1885613
1885614
1885615
1885616
1885617
1885618
1885619
1370561
1373185
1373186
1470561
1475590
1475591
1479099
1347092
1347093
1348561
1760561
1767271
1768121
1580561
1585610
1585611
1585612
1585613
1585614
1585615
1585616
1585617
1585618
1585619
1820561
1821486
1822561
1822650
1822651
1825610
1825611
1825612
1825613
1825614
1825615
1825616
1825617
1825618
1825619
1829780
1829781
1829810
1510561
1515552
1515553
1515554
1515616
1515617
1515618
1515619
1660561
1380056
1385610
1385611
1385612
1385613
1385614
1385615
1385616
1385617
1385618
1385619
1386561
1386688
1386689
1870561
1871496
1871561
1872684
1872686
1872687
1872688
1872689
1872690
1872691
1872692
1875610
1875611
1875612
1875613
1875614
1875615
1875616
1875617
1875618
1875619
1313546
1314561
1315561
1317011
1319560
1319561
1319569
1730561
1730961
1733460
1733461
1735610
1735611
1735612
1735613
1735615
1735616
1735617
1735618
1735619
1736445
1736446
1736447
1736448
1738430
1738431
1950561
1360561
1361561
1362561
1363561
1363724
1364561
1366561
1368561
1369660
1369661
1369665
1369666
1890561
1890961
1894927
1895610
1895611
1895612
1895613
1895614
1895615
1895616
1895617
1895618
1895619
1530561
1530961
1534561
1535780
1537561
1538561
1539561
1800561
1800961
1805610
1805611
1805612
1805613
1805614
1805615
1805616
1805617
1805618
1805619
1807547
1809561
1809841
1809842
1809859
1809879
1990561
1990961
1994261
1995610
1995611
1995612
1995613
1995614
1995615
1995616
1995617
1995618
1995619
1850561
1855521
1855579
1859021
1780561
1785610
1785611
1785642
1785657
1785661
1788435
1788451
1789165
1560561
1565610
1565611
1565612
1565613
1565614
1565615
1565616
1565617
1565618
1565619
1566561
1569561
1330561
1330961
1332911
1332921
1333560
1333561
1333921
1334560
1334561
1335561
1336561
1338561
1339561
1339961
1720561
1301404
1301405
1302604
1302605
1303060
1303061
1303546
1305315
1306335
1308335
1308405
1308507
1309351
1309352
1309353
1550561
1555610
1555611
1555612
1555613
1555664
1555665
1860561
1865610
1865611
1865612
1865614
1865616
1865617
1865618
1865619
1390561
1390961
1395647
1395648
1396584
1396585
1396586
1396587
1396588
1396589
1396609
1396610
1396611
1396612
1396613
1396614
1396615
1830561
1835610
1835611
1835612
1835615
1835616
1835617
1835618
1835619
1836521
1836522
1836523
1836524
1500561
1505508
1505509
1505616
1505617
1505618
1505619
1507797
1507798
1507799
1770561
1770961
1773019
1773024
1773045
1775418
1775610
1775611
1775612
1775613
1775614
1775615
1775616
1775617
1775618
1775619
1590561
1595610
1595611
1595612
1595613
1595614
1595615
1595616
1595617
1595618
1595670
1595671
1452091
1454100
1457237
1458200
1458201
1458202
1458203
1458204
1351561
