1520720
1527145
1527146
1527147
1527148
1527149
1527150
1527151
1527152
1527153
1527210
1527211
1527212
1527213
1527214
1527215
1527216
1527217
1527218
1527219
1810717
1812035
1812051
1816239
1816240
1816297
1816307
1816417
1817190
1817191
1818679
1880720
1880860
1882724
1882725
1882726
1882727
1882728
1882729
1882747
1887159
1887170
1887171
1887172
1887173
1887174
1887175
1887176
1887177
1887178
1887179
1887250
1887251
1887252
1887253
1887254
1750720
1750860
1757140
1757141
1757142
1757143
1757144
1757170
1757171
1757172
1757173
1757174
1757175
1757176
1757177
1757178
1757179
1757190
1757191
1757192
1757193
1757194
1757244
1757245
1757246
1757247
1757248
1757290
1757291
1757292
1757293
1757294
1757295
1757296
1757297
1757298
1757299
1470720
1477106
1477195
1477196
1477197
1370720
1377419
1701044
1701045
1701518
1701519
1702718
1702719
1703713
1703714
1703715
1704790
1706776
1706777
1706778
1320720
1320721
1320722
1321717
1321727
1322725
1322726
1322727
1322728
1322729
1323562
1323563
1324728
1326490
1326491
1327717
1327723
1327725
1327739
1329424
1329728
1910720
1910721
1910722
1910723
1910724
1917135
1917136
1917137
1917138
1917139
1917140
1917141
1917220
1917221
1917222
1917223
1917224
1917225
1917226
1917227
1917228
1917229
1840717
1842717
1847114
1847115
1847116
1847117
1847118
1847119
1847144
1847162
1847170
1847171
1571720
1571788
1571789
1572717
1572720
1577116
1577117
1579730
1579731
1579732
1579749
1650717
1650880
1652717
1653745
1655606
1655980
1980717
1981375
1987129
1987130
1987131
1987141
1987170
1987171
1987172
1987173
1987224
1987225
1987226
1988832
1988833
1660720
1660860
1667100
1667170
1667171
1667172
1667173
1667174
1667175
1667176
1667177
1667178
1667179
1380720
1387245
1387246
1387247
1387248
1387249
1387250
1387251
1387252
1387253
1387254
1387255
1387256
1387257
1387258
1387259
1387260
1387261
1387262
1387263
1387264
1387265
1387266
1387267
1387268
1387269
1388665
1388666
1388667
1388668
1388669
1388670
1388671
1388672
1388673
1388674
1870720
1872720
1872721
1872722
1872723
1872724
1872725
1872726
1872727
1872728
1872729
1877174
1877175
1877176
1877177
1877178
1877179
1877180
1877181
1877182
1877183
1877184
1877185
1877186
1877187
1310078
1311445
1311446
1311727
1311728
1311729
1313580
1313581
1313582
1316561
1317705
1317706
1317707
1317708
1317709
1319730
1319731
1319732
1319733
1319734
1730720
1730721
1734347
1734359
1735447
1736236
1736272
1736273
1736338
1736426
1737170
1737171
1737172
1737186
1738649
1738650
1738651
1738668
1738669
1739825
1739826
1346981
1346982
1346983
1346984
1346985
1346986
1346987
1347710
1347711
1347712
1347713
1347714
1347715
1347716
1347717
1347718
1347719
1347783
1347784
1347785
1347786
1348721
1348722
1348723
1348724
1348725
1348726
1348727
1348728
1348729
1760720
1767125
1767126
1767127
1767132
1767133
1767134
1767192
1767193
1767194
1767195
1767196
1767197
1767198
1767199
1767290
1767291
1767292
1767293
1767294
1767295
1767296
1767297
1767298
1767299
1768370
1768371
1580720
1587154
1587155
1587156
1587157
1587158
1587159
1587160
1587161
1587162
1587163
1587164
1587165
1587166
1587167
1587245
1587246
1587247
1587248
1587249
1587250
1587251
1587252
1587253
1587254
1587255
1587256
1587257
1587258
1587259
1587260
1587261
1587262
1587263
1587264
1587265
1587266
1587267
1589750
1589751
1589752
1589753
1589754
1589755
1589756
1589757
1820720
1827129
1827130
1827131
1827132
1827133
1827134
1827135
1827136
1827137
1827138
1827225
1827226
1827227
1827228
1827244
1510720
1517158
1517172
1517173
1517174
1517175
1517176
1517177
1517178
1517179
1517180
1517181
1517182
1517183
1517184
1517185
1517186
1517187
1517188
1517189
1517190
1517191
1517192
1990720
1990860
1994519
1994785
1997140
1997186
1997187
1997188
1997189
1997275
1997276
1998663
1998664
1998665
1998666
1998667
1998668
1998669
1780724
1780728
1784789
1786629
1786649
1787117
1787129
1787147
1787175
1787176
1787187
1788680
1789717
1850720
1850860
1852720
1852730
1852731
1852745
1852746
1852747
1857100
1857101
1857102
1857103
1857104
1857105
1857106
1857142
1857235
1857236
1857237
1857238
1857239
1560720
1560860
1561485
1561486
1562933
1562934
1562935
1562936
1562937
1562938
1567100
1567101
1567102
1567103
1567104
1567105
1567106
1567107
1567250
1569720
1569727
1330720
1330860
1331056
1331057
1331720
1331756
1331757
1332980
1332981
1333978
1333979
1334353
1334354
1334976
1334977
1334978
1336717
1337798
1338725
1338726
1338727
1338728
1339614
1339615
1339720
1710810
1710815
1713717
1715717
1716717
1717717
1717726
1717727
1717728
1717729
1360720
1361717
1361727
1361868
1361869
1364717
1364727
1365717
1366907
1367717
1368717
1368722
1368727
1369727
1369728
1369729
1890720
1890860
1897200
1897201
1897202
1897203
1897204
1897251
1897252
1897253
1897254
1897255
1897256
1897257
1897258
1897259
1897260
1898674
1898675
1898676
1898677
1898678
1898679
1898680
1898681
1898682
1898683
1899587
1899588
1899589
1899590
1899591
1530720
1530860
1532760
1532761
1532762
1532763
1532764
1532765
1532766
1532767
1533404
1533405
1533406
1533570
1533571
1533572
1533573
1533740
1533741
1533742
1533743
1533744
1533745
1533746
1534244
1534245
1534246
1534247
1534248
1534249
1534708
1539297
1539298
1539299
1800720
1800860
1804064
1806237
1806238
1806239
1806298
1806299
1806423
1806424
1807130
1807131
1807132
1807157
1807190
1807191
1808622
1808623
1808624
1808637
1808638
1830713
1830717
1832747
1832748
1832749
1837170
1837171
1837172
1837173
1837174
1837175
1837176
1837177
1837178
1837179
1837230
1837231
1837232
1837233
1837234
1837235
1837236
1837237
1837238
1837239
1837298
1837299
1500720
1507172
1507173
1507174
1507175
1507176
1507177
1507178
1507179
1507180
1507181
1507182
1507250
1507251
1507252
1507253
1507254
1507255
1507256
1509085
1509086
1509087
1509088
1509089
1509090
1509091
1509092
1509093
1509094
1509095
1770717
1772039
1772040
1772041
1775449
1776230
1776287
1776288
1776289
1776297
1776298
1776299
1776425
1777125
1777126
1777127
1777128
1777129
1777167
1777168
1777170
1777171
1777172
1778631
1779832
1590720
1592694
1592695
1592696
1592697
1592698
1592699
1597162
1597163
1597164
1597165
1597166
1597167
1597269
1597270
1597271
1597272
1599750
1599751
1599752
1599753
1599754
1599755
1599756
1599757
1599758
1599759
1599760
1599761
1599762
1599763
1599764
1599765
1599766
1599767
1599768
1599769
1350720
1350724
1350860
1354570
1354571
1354572
1354573
1354574
1354575
1354576
1354577
1354583
1354584
1354585
1358148
1358149
1452717
1452720
1453702
1454485
1454908
1454909
1457387
1457388
1458654
1458655
1458656
1458657
1458658
1458659
1728235
1728236
1728237
1303270
1303271
1303272
1303273
1303274
1304095
1304096
1304097
1304098
1304099
1304715
1304716
1304717
1308515
1308516
1309416
1309417
1309418
1309840
1309841
1550720
1554927
1554928
1554929
1554930
1554931
1554932
1554933
1554934
1554935
1554936
1554937
1554938
1554939
1555927
1555928
1555929
1555930
1555931
1555932
1555933
1555934
1555935
1555936
1555937
1555938
1555939
1557170
1557171
1557172
1557173
1557174
1557175
1557176
1557177
1557270
1557271
1557272
1557273
1557274
1557275
1557276
1557277
1557278
1557279
1558635
1558636
1558637
1558790
1558791
1558792
1558793
1558794
1558795
1558796
1558797
1558798
1558799
1860720
1860860
1867160
1867170
1867171
1867172
1867173
1867174
1867175
1867176
1867177
1867178
1867179
1867209
1867210
1867265
1867266
1867290
1867420
1867425
1867426
1867427
1869408
1869409
1869506
1869507
1671717
1672717
1673717
1673724
1673725
1673726
1673727
1673728
1390720
1390860
1397200
1397201
1397202
1397203
1397204
1397251
1397252
1397253
1397254
1397255
1397256
1397257
1397258
1397259
1397260
1398674
1398675
1398676
1398677
1398678
1398679
1398680
1398681
1398682
1398683
1399765
1399766
1399767
1399768
1399769
1399770
1399771
1399772
1399773
1399774
