1622629
1830632
1830637
1836320
1836321
1836322
1836323
1836324
1836325
1836326
1836327
1836328
1836329
1836370
1836371
1836372
1836373
1836374
1836375
1836376
1836377
1836378
1836379
1836666
1836667
1836668
1836669
1836670
1836920
1836921
1836922
1836923
1836924
1836925
1836926
1836927
1836928
1836929
1500632
1500670
1500671
1500672
1500673
1500674
1500675
1500676
1500677
1500678
1500679
1506320
1506321
1506322
1506323
1506324
1506325
1506326
1506327
1506328
1506632
1506946
1506947
1506948
1506949
1509246
1509247
1509248
1509249
1509824
1509825
1509826
1509827
1509828
1509829
1452553
1452554
1454356
1454367
1454368
1454379
1454764
1454771
1454772
1457362
1457751
1458560
1458561
1458562
1458563
1458564
1459718
1459719
1350632
1351632
1351637
1356110
1356111
1356112
1356113
1356114
1356115
1356116
1356117
1356118
1356119
1356220
1356221
1356222
1356223
1356224
1356246
1356247
1356320
1356321
1356322
1356323
1356324
1356325
1356326
1356327
1356328
1356329
1358110
1358111
1358112
1358960
1358961
1358962
1358963
1358964
1770632
1776320
1776321
1776322
1776326
1776327
1590632
1590637
1594972
1594993
1594994
1594995
1595439
1596445
1596511
1596512
1596670
1596671
1596672
1596673
1596674
1596675
1300159
1301266
1301267
1301297
1302052
1302063
1302159
1304742
1306200
1306201
1306202
1306203
1306204
1306205
1306206
1306207
1306208
1306209
1671632
1672632
1673632
1673848
1673849
1673857
1673858
1673859
1673860
1673861
1675632
1390632
1390637
1396320
1396321
1396322
1396323
1396324
1396325
1396326
1396327
1396328
1396329
1396940
1396941
1396942
1396943
1396944
1396945
1396946
1396947
1396948
1396949
1550632
1555378
1555427
1555428
1555429
1556220
1556221
1556222
1556223
1556224
1556225
1556226
1556320
1556466
1556467
1556468
1556469
1556479
1558820
1558821
1558822
1558823
1558824
1558825
1558826
1558827
1558828
1558829
1558845
1558846
1558847
1558848
1558849
1558920
1558921
1558922
1558923
1558924
1558925
1558926
1558927
1558928
1558929
1860632
1860637
1860642
1861365
1861366
1861367
1865483
1865484
1865485
1866306
1866320
1866321
1866322
1866323
1866324
1866325
1866326
1866327
1866328
1866329
1867824
1867825
1867826
1867827
1867828
1867837
1850632
1850637
1856320
1856321
1856322
1856323
1856324
1856325
1856326
1856327
1856328
1856329
1859632
1780620
1780632
1785223
1785245
1785252
1786032
1786086
1786190
1786191
1786192
1786193
1786194
1786275
1786276
1786277
1786320
1786321
1786322
1786323
1786324
1786325
1786326
1786327
1786328
1786329
1786370
1786371
1786372
1786373
1786374
1786375
1786376
1786377
1786378
1786379
1786450
1786451
1786689
1789632
1560632
1560637
1562429
1562440
1562441
1566637
1566671
1568933
1568934
1568935
1568936
1568937
1568938
1568939
1569802
1990632
1991251
1995440
1995441
1995442
1996320
1996321
1996322
1996323
1996324
1996325
1996326
1996327
1996328
1996329
1330632
1330637
1331068
1331069
1332632
1332637
1333632
1333637
1334632
1334637
1335448
1335449
1335632
1335637
1336110
1336111
1336112
1336113
1336142
1336143
1337098
1337099
1337110
1337111
1337112
1337113
1337142
1337143
1337564
1337565
1337566
1337567
1337632
1337637
1338632
1338637
1339632
1339637
1890632
1890637
1895370
1895371
1895480
1895481
1895482
1896320
1896321
1896322
1896323
1896324
1896325
1896326
1896327
1896328
1896329
1360632
1361632
1361637
1362632
1364632
1364637
1365632
1365637
1366632
1367632
1368632
1369632
1530632
1530637
1531439
1531800
1531801
1531802
1531803
1531804
1531805
1531806
1531807
1531808
1531809
1531843
1531844
1531845
1531846
1531847
1533632
1533637
1537632
1537637
1537663
1537664
1537665
1800632
1806320
1806321
1806322
1806324
1870632
1876320
1876321
1876322
1876323
1876324
1876325
1876326
1876327
1876328
1876329
1876632
1876637
1876666
1876920
1876921
1876922
1876923
1876924
1876925
1876926
1876927
1876928
1876929
1660632
1660642
1667830
1667831
1667832
1667833
1667834
1667835
1667836
1667837
1667838
1667839
1380632
1380637
1386320
1386321
1386322
1386323
1386324
1386325
1386326
1386327
1386328
1386329
1386940
1386941
1386942
1386943
1386944
1386945
1386946
1386947
1386948
1386949
1388477
1388478
1730632
1735345
1735387
1735463
1736208
1736209
1310511
1312721
1312722
1312723
1315305
1315306
1315332
1315343
1315344
1315602
1315632
1315682
1316521
1316522
1317306
1317332
1317337
1317347
1317603
1317604
1317632
1317637
1318125
1318126
1318127
1318128
1318129
1318142
1318143
1318144
1318892
1760628
1760629
1760632
1760637
1761541
1761632
1765824
1766038
1766039
1766178
1766179
1766190
1766191
1766192
1766193
1766320
1766321
1766322
1766323
1766324
1766325
1766326
1766328
1766329
1768632
1580632
1580637
1585467
1585468
1585469
1586320
1586321
1586322
1586323
1586434
1586445
1586621
1586622
1586623
1586624
1340632
1340690
1340691
1345505
1345506
1345574
1345575
1346594
1346595
1346596
1346597
1346598
1346599
1347520
1347521
1347522
1347523
1347524
1820632
1820637
1820642
1820650
1820651
1820652
1820653
1820654
1825445
1825446
1825447
1825448
1825449
1826320
1826321
1826322
1826323
1826324
1826325
1826326
1826327
1826328
1826329
1826370
1826371
1826372
1826373
1826374
1826375
1826376
1826377
1826378
1826379
1826420
1826421
1826422
1826423
1826424
1826425
1826426
1826427
1826428
1826429
1826520
1826521
1826522
1826523
1826524
1826525
1826526
1826527
1826528
1826529
1826600
1826601
1826602
1826603
1826604
1826605
1826606
1826607
1826608
1826609
1826624
1826625
1826626
1826627
1826628
1826629
1826632
1826637
1826668
1510632
1515405
1515406
1515407
1515408
1516320
1516321
1516322
1516323
1516324
1516325
1516326
1516327
1516328
1516329
1516585
1516586
1516587
1516588
1516589
1516632
1519210
1519211
1519212
1519432
1520632
1520642
1520644
1520662
1521632
1521637
1522446
1526302
1526320
1526321
1526322
1526323
1526324
1526325
1526326
1526327
1526328
1526329
1526582
1526616
1526617
1526618
1526626
1526627
1526628
1526629
1526632
1526642
1526644
1526660
1810632
1810637
1370632
1379140
1379141
1379142
1379143
1379144
1379370
1379371
1379372
1379373
1379374
1470632
1476320
1476321
1476322
1476323
1476324
1476328
1476329
1750632
1750637
1751550
1751551
1751552
1751553
1751554
1751555
1751556
1751557
1752843
1752844
1752845
1755621
1755622
1755623
1755624
1755625
1755626
1755627
1755628
1755629
1756320
1756321
1756322
1756323
1756324
1756325
1756326
1756327
1756328
1756329
1756768
1756769
1756770
1756771
1756772
1756773
1756774
1756775
1756776
1756777
1756778
1756779
1759457
1759458
1880632
1880637
1881632
1886320
1886321
1886322
1886323
1886324
1886325
1886326
1886327
1886328
1886329
1886632
1886637
1886669
1320632
1321047
1321048
1321077
1321078
1322077
1322078
1325632
1325637
1325896
1325897
1327632
1327637
1328020
1328021
1328022
1328023
1328024
1328025
1328026
1328027
1328028
1328029
1328047
1328048
1329022
1329632
1329637
1910632
1916320
1916321
1916322
1916323
1916324
1980606
1980632
1981257
1981495
1981900
1981901
1981902
1981948
1981949
1986113
1986114
1986115
1986116
1986137
1986138
1986236
1986237
1986238
1986239
1986320
1986321
1986322
1986323
1986324
1986325
1986326
1986327
1986328
1986329
1650063
1650068
1650208
1650297
1650581
1650632
1650647
1650967
1650988
1651016
1651099
1651156
1651225
1651245
1651406
1651447
1651632
1651953
1652043
1652058
1652098
1652250
1652270
1652406
1652509
1652516
1652632
1652654
1653089
1653582
1653595
1653632
1653762
1653989
1655172
1655428
1655632
1655704
1655772
1655832
1655838
1655903
1655913
1656002
1656078
1656220
1656312
1656320
1656321
1656322
1656323
1656324
1656325
1656326
1656327
1656328
1656329
1656522
1656595
1656632
1656802
1656822
1656836
1656852
1656872
1656892
1656926
1657036
1657252
1657637
1840632
1846320
1846321
1846322
1846323
1846324
1846325
1846326
1846327
1846328
1846329
1846475
1846476
1846477
1846478
1846479
1570632
1572502
1572568
1572569
1572632
1572637
1576320
1576321
1576322
1576323
1576324
1576325
1576326
1576327
1576328
1576329
