1530368
1530454
1532654
1532657
1532669
1533187
1533196
1534454
1800368
1800454
1804540
1804541
1804542
1804543
1804544
1804545
1804546
1804548
1804549
1804569
1804573
1804582
1804585
1804586
1804587
1804589
1808876
1890364
1890368
1890454
1894454
1894540
1894541
1894542
1894543
1894544
1894640
1894641
1894642
1894643
1894644
1894645
1894646
1894647
1894648
1894649
1953068
1360369
1360454
1360469
1360486
1361454
1361469
1362454
1362465
1363454
1363465
1364454
1364468
1366454
1367454
1368454
1369454
1369466
1712465
1712466
1712467
1712468
1712469
1712470
1712471
1712472
1712473
1712474
1712475
1712476
1712477
1712478
1712479
1713454
1715182
1715183
1715185
1715186
1715187
1715189
1715454
1716171
1716172
1716173
1716175
1716454
1717454
1717458
1330368
1330454
1331454
1332944
1332954
1332955
1333944
1333954
1333955
1334944
1334954
1334955
1335134
1335144
1335164
1335165
1335166
1335176
1335186
1335254
1335454
1335954
1335955
1335963
1335964
1335976
1338454
1339454
1339457
1780454
1780468
1780469
1784504
1784528
1784540
1784541
1784551
1784575
1784576
1784577
1788414
1788423
1788703
1789173
1789703
1789704
1789706
1850454
1850468
1850469
1854502
1854503
1854504
1854508
1854509
1854525
1854532
1854540
1854541
1854542
1854543
1854544
1854545
1854546
1854561
1854615
1854640
1854641
1854642
1854660
1854690
1855660
1855661
1855662
1855663
1560368
1560454
1563644
1563645
1563646
1563647
1563648
1563649
1564540
1564541
1564542
1564543
1564544
1564545
1564546
1564547
1564548
1564549
1566302
1566307
1567294
1569454
1990364
1990368
1990454
1991786
1991787
1991788
1991789
1996973
1997577
1997578
1671454
1672012
1672013
1672015
1672016
1672017
1672018
1672019
1672020
1672021
1672022
1672023
1672025
1672026
1672027
1672028
1672029
1672030
1672031
1672032
1672033
1672035
1672118
1672122
1672127
1672131
1672454
1673454
1674327
1674328
1674329
1674360
1674361
1674362
1674367
1674368
1674369
1674380
1674381
1674382
1674383
1674384
1674385
1674386
1674454
1675654
1675684
1390364
1390368
1390454
1394540
1394541
1394542
1394543
1394544
1394545
1394546
1394547
1394548
1394549
1394640
1394641
1394642
1394643
1394644
1394645
1394646
1394647
1394648
1394649
1550454
1554540
1554541
1554542
1554575
1554576
1556170
1556171
1559090
1559091
1559092
1559093
1559094
1559095
1860364
1860368
1860454
1864400
1864401
1864527
1864528
1864540
1864541
1864542
1864543
1864544
1864545
1864546
1864547
1864548
1864549
1869709
1300097
1300976
1300977
1300978
1301975
1301976
1302978
1302997
1302998
1303960
1303961
1303962
1303963
1303964
1303965
1304540
1304541
1304542
1304543
1304544
1305436
1306975
1306976
1306992
1306993
1308963
1308964
1308965
1308966
1308967
1308968
1308969
1309162
1309163
1309164
1309165
1350369
1350454
1350469
1351260
1351261
1351262
1351263
1351264
1351265
1351266
1351267
1351268
1351269
1355502
1355542
1355543
1355558
1355559
1450630
1450631
1450632
1450633
1450634
1450655
1450656
1450657
1450658
1450659
1452448
1452449
1452454
1453476
1453477
1453478
1453479
1454304
1454315
1454316
1454317
1454318
1770368
1770369
1770454
1771330
1771334
1771338
1774521
1774523
1774532
1775883
1776650
1779067
1779068
1779069
1590454
1594540
1594541
1594542
1594543
1594544
1594586
1594587
1594588
1594589
1594653
1594654
1594655
1594656
1594657
1594658
1594659
1622174
1830454
1832454
1832464
1834545
1834546
1834547
1834562
1834564
1834680
1834681
1834685
1834686
1834687
1834688
1834689
1834690
1834691
1834692
1834693
1834694
1834695
1834696
1834697
1834699
1504540
1504541
1504642
1504643
1504644
1504645
1504646
1504647
1504648
1504649
1650080
1650163
1650454
1650748
1650761
1650867
1651044
1651048
1651060
1651401
1651454
1651579
1651701
1651944
1652136
1652353
1652354
1652355
1652356
1652357
1652358
1652454
1652948
1652973
1653056
1653214
1653335
1653454
1653647
1653648
1653649
1655043
1655244
1655422
1655454
1655554
1655558
1655559
1655780
1655781
1655782
1655783
1655784
1655785
1655786
1655787
1655788
1655789
1655794
1655804
1655814
1655824
1655833
1655834
1655854
1655874
1655926
1656454
1656564
1656569
1656625
1656678
1656720
1656721
1656722
1656724
1656725
1656726
1656727
1656729
1656738
1656745
1657131
1657137
1657138
1657139
1657146
1657237
1657442
1657454
1980454
1981555
1984508
1984513
1984514
1984540
1984541
1984542
1984543
1984544
1984545
1984645
1988985
1988994
1840381
1840382
1840454
1840460
1840461
1840468
1840469
1844539
1844540
1844541
1844542
1844543
1844544
1844545
1844546
1844547
1844548
1844549
1570454
1570468
1570469
1571454
1571466
1573454
1573468
1573469
1575454
1575468
1575469
1576454
1576468
1576469
1576512
1576513
1576514
1576515
1576516
1576530
1576531
1576532
1576533
1576534
1576535
1576536
1576537
1576538
1576539
1576540
1576541
1576542
1576543
1576544
1576545
1576546
1576547
1576548
1576549
1577454
1577466
1577468
1577469
1320454
1320697
1320698
1320699
1320840
1320841
1320842
1321284
1321298
1321299
1321454
1322454
1322464
1322466
1323454
1325154
1325860
1325861
1325862
1327454
1327468
1328407
1328454
1328465
1328491
1329873
1329876
1910368
1910454
1703691
1703692
1703693
1703694
1703695
1470454
1470466
1474568
1474569
1474588
1474596
1474597
1478454
1478468
1478469
1479454
1479468
1479469
1370454
1370469
1370486
1373452
1373453
1373454
1374540
1374541
1374542
1374543
1374544
1374545
1374546
1374547
1374548
1374549
1374610
1374611
1374612
1374613
1374614
1374615
1374616
1374617
1374618
1374619
1374680
1374681
1374682
1374683
1374684
1374685
1374686
1374687
1374688
1374689
1374690
1374691
1374692
1374693
1374694
1374695
1374696
1374697
1374698
1374699
1376363
1379635
1379636
1880454
1881454
1881468
1881469
1881474
1881475
1884540
1884541
1884542
1884543
1884544
1884545
1884546
1884547
1884548
1884549
1884621
1884684
1884685
1884686
1884687
1884688
1884689
1884694
1884695
1884696
1884697
1884698
1884699
1750454
1750469
1754500
1754501
1754540
1754541
1754542
1754543
1754544
1754545
1754546
1754547
1759753
1759754
1520454
1521454
1521457
1521466
1521469
1524478
1524479
1524540
1524541
1524542
1524543
1524544
1524545
1524546
1524547
1524548
1524549
1524562
1524563
1524642
1524643
1524644
1524645
1524646
1524647
1524648
1524649
1810454
1810468
1810469
1814535
1814536
1814537
1814538
1814543
1814544
1814545
1814546
1814547
1814548
1814549
1818270
1818278
1818279
1818284
1820454
1824540
1824541
1824542
1824543
1824544
1824545
1824546
1824547
1824548
1824549
1824636
1824637
1824638
1824639
1824922
1824923
1824924
1824925
1824926
1824940
1824954
1824982
1824983
1514542
1514543
1514544
1514545
1514546
1514547
1514548
1514549
1516450
1516451
1760454
1760463
1760468
1760469
1761454
1761468
1761469
1764526
1764538
1764539
1764540
1764541
1764542
1764543
1764544
1764568
1764569
1764573
1764574
1764575
1580454
1584515
1584516
1584517
1584518
1584519
1584540
1584541
1584542
1584543
1584544
1584545
1584697
1584698
1584699
1344269
1730368
1730454
1734568
1734569
1738270
1738281
1739068
1739069
1310165
1310454
1311454
1311534
1311535
1311536
1311554
1312454
1313454
1313697
1313698
1313699
1314454
1314954
1314966
1315454
1315997
1315998
1316349
1316350
1316351
1319454
1319910
1319911
1319912
1319913
1319914
1319915
1870454
1871454
1872421
1872422
1872423
1872424
1872425
1872426
1872427
1872428
1872429
1872454
1874540
1874541
1874542
1874543
1874544
1874545
1874546
1874547
1874548
1874549
1874634
1874635
1874636
1874637
1660454
1664543
1664544
1664545
1664584
1664585
1664586
1664587
1664588
1664589
1664644
1664645
1664646
1664647
1664648
1664649
1380365
1380366
1380367
1383660
1383661
1383662
1383663
1383664
1383665
1383666
1383667
1383668
1383669
1384540
1384541
1384542
1384543
1384544
1384545
1384546
1384547
1384548
1384549
1384610
1384611
1384612
1384613
1384614
1384615
1384616
1384617
1384618
1384619
