1667491
1910781
1916240
1916241
1916242
1916243
1916244
1916245
1916246
1916247
1916248
1916249
1917255
1917256
1917257
1917258
1917259
1919700
1919701
1919702
1919703
1919704
1919705
1919706
1919707
1919708
1919709
1919750
1919751
1919752
1919753
1919754
1919755
1919756
1919757
1919758
1919759
1919760
1919761
1919762
1919763
1919764
1919765
1919766
1919767
1919768
1919769
1981396
1987712
1987713
1987714
1989930
1989938
1989939
1750781
1757701
1757721
1757726
1757727
1887867
1887868
1887869
1720087
1890781
1897810
1897811
1897812
1897813
1897814
1897815
1897816
1897817
1990781
1996675
1997810
1997811
1997812
1997813
1997814
1997815
1997816
1997817
1997818
1997819
1997848
1999448
1999467
1999468
1999469
1567896
1784083
1784089
1787786
