1730077
1730078
1730079
1730731
1730732
1730733
1730740
1730741
1730742
1730748
1730749
1730840
1730841
1730847
1730848
1730849
1733660
1733661
1733662
1733663
1733664
1733665
1733666
1733667
1733668
1733669
1734360
1734361
1734362
1734363
1734364
1734371
1734372
1734373
1734731
1734732
1734733
1734748
1734749
1735260
1735261
1735262
1735263
1735264
1735265
1735266
1735267
1735268
1735269
1735270
1735271
1735272
1735273
1735274
1735275
1735276
1735277
1735278
1735279
1735280
1735281
1735282
1735283
1735284
1735285
1735286
1735287
1735288
1735289
1736920
1736921
1736922
1736923
1736924
1736925
1736926
1736927
1736928
1736929
1737310
1737311
1737312
1737313
1737314
1737315
1737316
1737317
1737318
1737319
1737320
1737321
1737322
1737323
1737325
1737326
1737327
1737328
1737330
1737331
1737332
1737333
1737334
1737335
1737337
1737570
1737571
1737572
1737573
1737574
1737575
1737576
1737577
1737578
1737579
1737580
1737581
1737582
1737583
1737584
1737585
1737587
1737589
1737772
1737773
1737777
1737778
1737780
1737781
1737782
1737783
1737784
1737787
1737788
1737790
1737791
1737792
1737793
1737794
1738890
1738891
1738892
1738893
1738894
1738895
1738896
1738897
1738898
1738899
1739731
1739732
1739733
1310025
1310031
1310711
1310721
1310731
1310741
1310742
1310748
1310749
1311731
1311741
1311751
1313501
1313511
1313521
1313528
1313531
1314200
1314201
1314202
1314203
1314204
1314205
1314206
1314207
1314208
1314209
1314210
1314211
1314212
1314213
1314214
1314215
1314216
1314217
1314218
1314219
1314220
1314221
1314222
1314223
1314224
1314225
1314226
1314227
1314228
1314229
1317030
1317031
1317040
1317041
1317047
1317048
1318700
1318701
1318702
1318703
1318704
1318705
1318706
1318707
1318708
1318709
1318721
1318731
1870731
1870748
1870749
1871100
1871101
1871102
1871103
1871104
1871105
1871106
1871107
1871108
1871109
1871110
1871111
1871112
1871113
1871114
1871115
1871116
1871117
1871118
1871119
1877310
1877311
1877312
1877313
1877314
1877315
1877316
1877317
1877318
1877319
1877330
1877400
1877401
1877402
1877403
1877404
1877405
1877406
1877407
1877408
1877409
1877480
1877481
1877482
1877483
1877484
1877485
1877486
1877487
1877488
1877489
1877490
1877491
1877492
1877493
1877494
1877495
1877496
1877497
1877498
1877499
1660731
1660732
1660733
1660741
1660748
1660749
1661880
1661884
1661888
1667008
1667009
1667010
1667011
1667012
1667013
1667014
1667015
1667016
1667017
1667018
1667019
1667031
1667032
1667033
1667041
1667048
1667049
1667310
1667311
1667312
1667313
1667314
1667315
1667316
1667317
1667318
1667319
1667320
1667321
1667322
1667323
1667324
1667325
1667326
1667327
1667328
1667329
1667330
1667331
1667332
1667333
1667334
1667335
1667336
1667337
1667338
1667339
1667420
1667421
1667422
1667423
1667424
1668010
1668011
1668012
1668043
1668044
1668045
1668046
1668047
1668050
1668051
1668052
1668053
1668054
1668055
1668056
1668080
1668081
1668082
1668083
1668084
1668085
1668086
1668087
1668088
1668089
1668090
1668091
1668092
1668093
1668094
1668154
1668155
1668156
1668157
1668158
1668159
1668640
1668641
1380731
1380748
1380749
1380841
1380842
1380843
1380845
1380846
1380847
1380848
1380849
1387310
1387311
1387312
1387313
1387314
1387315
1387316
1387317
1387318
1387319
1387339
1387480
1387481
1387482
1387483
1387484
1387485
1387486
1387487
1387488
1387489
1387490
1387491
1387492
1387493
1387494
1387495
1387496
1387497
1387498
1387499
1387580
1387581
1387582
1387583
1387584
1387585
1387586
1387587
1387588
1387589
1387590
1387591
1387592
1387593
1387594
1387595
1387596
1387597
1387598
1387599
1820731
1820740
1820741
1820742
1820747
1820748
1820749
1821640
1822910
1822911
1822912
1822913
1822914
1822915
1822916
1822917
1822918
1822919
1822947
1822948
1822949
1822970
1822971
1822972
1822973
1822974
1822975
1822976
1822977
1822978
1822979
1822980
1822981
1822982
1822983
1822984
1822985
1822986
1822987
1822988
1822989
1822990
1822991
1822992
1822993
1822994
1822995
1822996
1822997
1822998
1822999
1827310
1827311
1827312
1827313
1827314
1827315
1827316
1827317
1827318
1827319
1827324
1827325
1827326
1827327
1827328
1827329
1827330
1827331
1827332
1827334
1827335
1827336
1827337
1827338
1827339
1827417
1827418
1827419
1827420
1827421
1827422
1827423
1827424
1827425
1827426
1827427
1827428
1827429
1827480
1827481
1827482
1827483
1827484
1827485
1827486
1827487
1827488
1827489
1827494
1827495
1827496
1827497
1827498
1827499
1510731
1511100
1511101
1511102
1511103
1511104
1511105
1511106
1511107
1511108
1511109
1511110
1511111
1511112
1511113
1511114
1511115
1511116
1511117
1511118
1511119
1511120
1511121
1511122
1511123
1511124
1511125
1511126
1511127
1511128
1511129
1511130
1511131
1511132
1511133
1511134
1511135
1511136
1511137
1511138
1511139
1511140
1511141
1511142
1511143
1511144
1511145
1511146
1511147
1511148
1511149
1511610
1511611
1511612
1511613
1511614
1511615
1511616
1511617
1511618
1511619
1511620
1511621
1511622
1511623
1511624
1511625
1511626
1511627
1511628
1511629
1511630
1511631
1511632
1511633
1511634
1511635
1511636
1511637
1511638
1511639
1511640
1511641
1511642
1511643
1511644
1511645
1511646
1511647
1511648
1511649
1517310
1517311
1517312
1517313
1517314
1517315
1517316
1517317
1517318
1517319
1760731
1760732
1760733
1760741
1760840
1760841
1760842
1760843
1760844
1760845
1760846
1760847
1760848
1760849
1765221
1765231
1765248
1765249
1765253
1765254
1765255
1767000
1767060
1767061
1767062
1767063
1767064
1767065
1767066
1767067
1767068
1767069
1767070
1767071
1767072
1767073
1767074
1767075
1767076
1767077
1767078
1767079
1767300
1767301
1767302
1767303
1767304
1767305
1767306
1767307
1767308
1767309
1767310
1767311
1767312
1767313
1767314
1767315
1767316
1767317
1767318
1767319
1767321
1767360
1767361
1767362
1767363
1767364
1767365
1767366
1767424
1768000
1768001
1768002
1768003
1768004
1768005
1768006
1768007
1768008
1768009
1768010
1768011
1768012
1768013
1768014
1768015
1768016
1768017
1768018
1768019
1768020
1768021
1768022
1768023
1768024
1768025
1768031
1768032
1768033
1768060
1768061
1768062
1768063
1768064
1768065
1768066
1768067
1768068
1768069
1768086
1580250
1580251
1580252
1580253
1580254
1580255
1580256
1580257
1580258
1580259
1580260
1580261
1580262
1580263
1580264
1580265
1580266
1580267
1580268
1580269
1580731
1587310
1587311
1587312
1587313
1587314
1587315
1587316
1587317
1587318
1587319
1587400
1587401
1587402
1587403
1587404
1587405
1587406
1587407
1587408
1587409
1587410
1587411
1587412
1587413
1587414
1587415
1587416
1587417
1587418
1587419
1587420
1587421
1587422
1587423
1587424
1587425
1587426
1587427
1587428
1587429
1587480
1587481
1587482
1587483
1587484
1587485
1587486
1587487
1587488
1587489
1587490
1587491
1587492
1587493
1587494
1587495
1587496
1587497
1587498
1587499
1589731
1340731
1346731
1346750
1346751
1346752
1346753
1346754
1346755
1346756
1346757
1346758
1346759
1346760
1346761
1346762
1346763
1346764
1346765
1346766
1346767
1346768
1346769
1346770
1346771
1346904
1346905
1346906
1346907
1346908
1346942
1346943
1346944
1346945
1346946
1348731
1348749
1348756
1348757
1348758
1348759
1971331
1971991
1972222
1972228
1370731
1370748
1370749
1372385
1372386
1372387
1372388
1372389
1373905
1373906
1373907
1373908
1373909
1375500
1375501
1375502
1375503
1375504
1375505
1375506
1375507
1375508
1375509
1375510
1375511
1375512
1375513
1375514
1375515
1375516
1375517
1375518
1375519
1378610
1378611
1378612
1378613
1378614
1378615
1378616
1378617
1378618
1378619
1378700
1378701
1378702
1378703
1378704
1378705
1378706
1378707
1378708
1378709
1378710
1378711
1378712
1378713
1378714
1378715
1378716
1378717
1378718
1378719
1378720
1378721
1378722
1378723
1378724
1378725
1378726
1378727
1378728
1378729
1378731
1378741
1378778
1378779
1470731
1470740
1470741
1470748
1470749
1472690
1472691
1472692
1472693
1472694
1472695
1472696
1472697
1472698
1472699
1476479
1476480
1476481
1476482
1476483
1476484
1476485
1476486
1476487
1476488
1476489
1476490
1476491
1476492
1476562
1477301
1477310
1477311
1477312
1477313
1477314
1477315
1477316
1477317
1477318
1477319
1477320
1477321
1477322
1477323
1477324
1477330
1477331
1477332
1478940
1478941
1478942
1478943
1478944
1478945
1478946
1478947
1478948
1478949
1478952
1478953
1478954
1478955
1478956
1478957
1478958
1478959
1478970
1478971
1478972
1478973
1478974
1478975
1478976
1478977
1478978
1478979
1478980
1478981
1478982
1478983
1478984
1478985
1478986
1478987
1478988
1478989
1478990
1478991
1478992
1478993
1478994
1478995
1478996
1478997
1478998
1478999
1750731
1750732
1750733
1750741
1750840
1750841
1750842
1750843
1750844
1757000
1757001
1757002
1757003
1757004
1757005
1757006
1757007
1757008
1757009
1757010
1757011
1757012
1757013
1757014
1757015
1757016
1757017
1757018
1757019
1757030
1757031
1757032
1757033
1757034
1757036
1757037
1757038
1757039
1757040
1757041
1757042
1757043
1757044
1757045
1757046
1757047
1757048
1757049
1757070
1757071
1757072
1757073
1757074
1757075
1757076
1757077
1757078
1757079
1757310
1757311
1757312
1757313
1757314
1757315
1757316
1757317
1757318
1757319
1757320
1757480
1757481
1757482
1757483
1757484
1757485
1757486
1757487
1757488
1757489
1757490
1757491
1757492
1757493
1757494
1757495
1757496
1757497
1757498
1757499
1757940
1757941
1757942
1757943
1757944
1757945
1757946
1757947
1757948
1757949
1758000
1758001
1758002
1758003
1758004
1758005
1758006
1758007
1758008
1758009
1758010
1758011
1758012
1758031
1758048
1758049
1758080
1758081
1758082
1758083
1758084
1758085
1758086
1758087
1758088
1758089
1758090
1758091
1758092
1758093
1758094
1758095
1758096
1758097
1758098
1758099
1758148
1758149
1758231
1758248
1758249
1880731
1880740
1880741
1880742
1880747
1880748
1880749
1881710
1881711
1881712
1881713
1881714
1881715
1881716
1881717
1881718
1881719
1886730
1886731
1886732
1886733
1886734
1886735
1886736
1886737
1886738
1886739
1886740
1886741
1886742
1886745
1886746
1887310
1887311
1887312
1887313
1887314
1887315
1887316
1887317
1887318
1887319
1887400
1887401
1887402
1887403
1887404
1887405
1887406
1887407
1887408
1887409
1887410
1887411
1887412
1887413
1887414
1887415
1887416
1887417
1887418
1887419
1887420
1887421
1887422
1887423
1887424
1887425
1887426
1887427
1887428
1887429
1887470
1887471
1887472
1887473
1887474
1887475
1887476
1887477
1887478
1887479
1887480
1887481
1887482
1887483
1887484
1887485
1887486
1887487
1887488
1887489
1887490
1887491
1887492
1887493
1887494
1887495
1887496
1887497
1887498
1887499
1889000
1889001
1889002
1889003
1889004
1889005
1889006
1889007
1889008
1889009
1889020
1889021
1889022
1889023
1889024
1889030
1889032
1889033
1889034
1889035
1889036
1889037
1889038
1889039
1520080
1520081
1520082
1520083
1520084
1520085
1520086
1520087
1520088
1520089
1520090
1520091
1520092
1520093
1520094
1520731
1520748
1520749
1521100
1521101
1521102
1521103
1521104
1521105
1521106
1521107
1521108
1521109
1521110
1521111
1521112
1521113
1521114
1521115
1521116
1521117
1521118
1521119
1524360
1524361
1524362
1524363
1524364
1524365
1524366
1524367
1524368
1524369
1527310
1527311
1527312
1527313
1527314
1527315
1527316
1527317
1527318
1527319
1527480
1527481
1527482
1527483
1527484
1527485
1527486
1527487
1527488
1527489
1527490
1527491
1527492
1527493
1527494
1527495
1527496
1527497
1527498
1527499
1810073
1810074
1810075
1810731
1810732
1810733
1810741
1810748
1810749
1810840
1810841
1810842
1810843
1810844
1810845
1810846
1810847
1810848
1810849
1814260
1814261
1814262
1814263
1814264
1814265
1814266
1815331
1815333
1815374
1815375
1815376
1815377
1815378
1815379
1815381
1815382
1815388
1816360
1816361
1816362
1816363
1816364
1816365
1816366
1816367
1816368
1816369
1816370
1816371
1816372
1816373
1816374
1816375
1816376
1816377
1816378
1816379
1816390
1816391
1816392
1816393
1816394
1816395
1816396
1816397
1816398
1816619
1816931
1816932
1816933
1816942
1816943
1817310
1817311
1817312
1817313
1817314
1817315
1817316
1817317
1817318
1817319
1817320
1817321
1817322
1817323
1817324
1817325
1817326
1817327
1817328
1817329
1817330
1817331
1817332
1817333
1817334
1817335
1817336
1817337
1817338
1817339
1817441
1817442
1817443
1817445
1817510
1817511
1817512
1817513
1817514
1817515
1817516
1817517
1817518
1817519
1817589
1817596
1817597
1817598
1817599
1818204
1818205
1818206
1818207
1818208
1818209
1818210
1818211
1818212
1818893
1818899
1980731
1980732
1980733
1980749
1981328
1984800
1984801
1984802
1984803
1984804
1984805
1984806
1984807
1984808
1984809
1987305
1987306
1987307
1987308
1987309
1987310
1987311
1987312
1987313
1987314
1987315
1987316
1987317
1987318
1987319
1989280
1989281
1989282
1989283
1989284
1989285
1989286
1989287
1989288
1989289
1989290
1989291
1989292
1989293
1989434
1989435
1989436
1989620
1989621
1989622
1989623
1989624
1989625
1989626
1989880
1989881
1989882
1989883
1989884
1989885
1989886
1989887
1989888
1989889
1650066
1650145
1650645
1650731
1651108
1651109
1651123
1651147
1651723
1651731
1651732
1652568
1652581
1653917
1840731
1840732
1840733
1840740
1840741
1840742
1840747
1840748
1840749
1847260
1847261
1847262
1847263
1847264
1847280
1847281
1847282
1847283
1847284
1847285
1847286
1847287
1847288
1847289
1847290
1847291
1847292
1847293
1847294
1847295
1847296
1847297
1847298
1847299
1847310
1847311
1847312
1847313
1847314
1847315
1847316
1847317
1847318
1847319
1847330
1847331
1847332
1847333
1847334
1847335
1847336
1847337
1847338
1847339
1847420
1847421
1847422
1847423
1847424
1847425
1847426
1847427
1847428
1847429
1847480
1847481
1847482
1847483
1847484
1847485
1847486
1847487
1847488
1847489
1847490
1847491
1847492
1847493
1847494
1847495
1847496
1847497
1847498
1847499
1847840
1847841
1847842
1847843
1847844
1847845
1847846
1847847
1847848
1847849
1847850
1847851
1847852
1847853
1847854
1847855
1847856
1847857
1847858
1847859
1847860
1847861
1847862
1847863
1847864
1847865
1847866
1847867
1847868
1847869
1847870
1847871
1847872
1847873
1847874
1847875
1847876
1847877
1847878
1847879
1847880
1847881
1847882
1847883
1847884
1847885
1847886
1847887
1847888
1847889
1847890
1847891
1847892
1847893
1847894
1847895
1847896
1847897
1847898
1847899
1849520
1849521
1849522
1849523
1849524
1849525
1849959
1570070
1570071
1570072
1570073
1570074
1570075
1570076
1570077
1570078
1570079
1570731
1570732
1570748
1570749
1571731
1571741
1571748
1571749
1571750
1571751
1572747
1577310
1577311
1577312
1577313
1577314
1577315
1577316
1577317
1577318
1577319
1577320
1577322
1577324
1577326
1577327
1577328
1577330
1577331
1577332
1577334
1577335
1577336
1577337
1577338
1577339
1577419
1579669
1320310
1320311
1320312
1320313
1320314
1320315
1320316
1320317
1320731
1320741
1320742
1320747
1320748
1320749
1321261
1321262
1321263
1321731
1321741
1321748
1323731
1323741
1323742
1323747
1323748
1323749
1325731
1325748
1327200
1327201
1327202
1327203
1327204
1327205
1327206
1327207
1327208
1327209
1327223
1327240
1327241
1327242
1327243
1327244
1327245
1327246
1327247
1327248
1327249
1327884
1327885
1327886
1327887
1327888
1327889
1329731
1329740
1329741
1329742
1329747
1329748
1329749
1329865
1329868
1329869
1910731
1910748
1910749
1910845
1910846
1910847
1910848
1910849
1917310
1917311
1917312
1917313
1917314
1917315
1917316
1917317
1917318
1917319
1917470
1917471
1917472
1917473
1917474
1917475
1917476
1917477
1917478
1917479
1917665
1917666
1917667
1917668
1917669
1918695
1918696
1918697
1918698
1918699
1700720
1700721
1700722
1700723
1700730
1700731
1700732
1700735
1700736
1700737
1700738
1700739
1700740
1700741
1700742
1700743
1700744
1700745
1701280
1701281
1701800
1701801
1701802
1701803
1701804
1701805
1701806
1701807
1701808
1701809
1701810
1701811
1701812
1701813
1701814
1702722
1702723
1702724
1702725
1702726
1702727
1702728
1702729
1702730
1702731
1702732
1702733
1702734
1702735
1702736
1702737
1702738
1702739
1703716
1703717
1703718
1703719
1703720
1703721
1703722
1703723
1703724
1703725
1705026
1705118
1705156
1705211
1705262
1705319
1705320
1705347
1705350
1705526
1705557
1705624
1705662
1705764
1706787
1706788
1706789
1706790
1706791
1706792
1706793
1706794
1706795
1706796
1706797
1706798
1706799
1706800
1706801
1706802
1706803
1706804
1706805
1706806
1706807
1706808
1706809
1706810
1707731
1707732
1707733
1707734
1707735
1707736
1707737
1707738
1707739
1707740
1707741
1707742
1707743
1707744
1707745
1707746
1707747
1707748
1707749
1708070
1708071
1708072
1708073
1708074
1708730
1708731
1708732
1708733
1708734
1708735
1708736
1708737
1708738
1708739
1709670
1709671
1709672
1709673
1709674
1709675
1709676
1709677
1709678
1709679
1452731
1452741
1452748
1452749
1452750
1452751
1452752
1453730
1453731
1453732
1453733
1453734
1453735
1453737
1453738
1453741
1453748
1453749
1453750
1453751
1453752
1453753
1453754
1453755
1453756
1453757
1453758
1453759
1454500
1454506
1454508
1454510
1454511
1454512
1457370
1457371
1457372
1457373
1457374
1457375
1458684
1458685
1458686
1458687
1458688
1458793
1458794
1458795
1458796
1458797
1458798
1458799
1459731
1459732
1459733
1459737
1459739
1350731
1350740
1350741
1350742
1350743
1350744
1350745
1350746
1350747
1350748
1350749
1350847
1350848
1350849
1351731
1351740
1351747
1351748
1351749
1354853
1354854
1354855
1354856
1354857
1354858
1354859
1354860
1354861
1354862
1354863
1354864
1354865
1354866
1354867
1354868
1354869
1354870
1354871
1354872
1354873
1354874
1354875
1354876
1354877
1354878
1354879
1354894
1354895
1354896
1354897
1354898
1354964
1354965
1354966
1354967
1354968
1357410
1357411
1357412
1357413
1357414
1357415
1357416
1357417
1357418
1357419
1357480
1357481
1357482
1357483
1357484
1357485
1357486
1357487
1357488
1357489
1770021
1770022
1770023
1770024
1770055
1770058
1770059
1770077
1770078
1770079
1770731
1770732
1770733
1770741
1770742
1770843
1770844
1770845
1770846
1770847
1770848
1770849
1771162
1771163
1771173
1771177
1771178
1771675
1771676
1771677
1771678
1771679
1772612
1772613
1774251
1774252
1774253
1774267
1774268
1774269
1774963
1774967
1774968
1775278
1775279
1775280
1775281
1775284
1775285
1775286
1775287
1775288
1775289
1776931
1776932
1776933
1776940
1776941
1777090
1777091
1777092
1777093
1777310
1777311
1777312
1777313
1777314
1777315
1777316
1777317
1777318
1777319
1777320
1777321
1777322
1777323
1777324
1777325
1777326
1777327
1777328
1777329
1777330
1777331
1777332
1777333
1777334
1777335
1777336
1777337
1777338
1777339
1777570
1777571
1777572
1777573
1777574
1777575
1777576
1777577
1777578
1777579
1777580
1777581
1777582
1777583
1777584
1777585
1777586
1777587
1777588
1777589
1777594
1777599
1778890
1778891
1778892
1778893
1778894
1778895
1778896
1778897
1778898
1778899
1590731
1597310
1597311
1597312
1597313
1597314
1597315
1597316
1597317
1597318
1597319
1597410
1597411
1597412
1597413
1597414
1597415
1597416
1597417
1597418
1597419
1597420
1597421
1597422
1597423
1597424
1597425
1597426
1597427
1597428
1597429
1830731
1830732
1830733
1837310
1837311
1837312
1837313
1837314
1837315
1837316
1837317
1837318
1837319
1837330
1837331
1837332
1837334
1837335
1837336
1837337
1837338
1837339
1837400
1837401
1837402
1837403
1837404
1837405
1837406
1837407
1837408
1837409
1837445
1837447
1837449
1837480
1837481
1837482
1837483
1837484
1837485
1837486
1837487
1837488
1837489
1837495
1837496
1837497
1837498
1837499
1839020
1839021
1839022
1839023
1839024
1839025
1839026
1839027
1839028
1839029
1839080
1839081
1839082
1839083
1839084
1839085
1839086
1839087
1839088
1839089
1839090
1839091
1839092
1839093
1839094
1839095
1839096
1839097
1839098
1839099
1500731
1507310
1507311
1507312
1507313
1507314
1507315
1507316
1507317
1507318
1507319
1507480
1507481
1507482
1507483
1507484
1507485
1507486
1507487
1507488
1507489
1507490
1507491
1507492
1507493
1507494
1507495
1507496
1507497
1507498
1507499
1508470
1508471
1508472
1508473
1508474
1508475
1508476
1508477
1508478
1508479
1508480
1508481
1508482
1508483
1508484
1508485
1508486
1508487
1508488
1508489
1508490
1508491
1508492
1508493
1508494
1508495
1508496
1508497
1508498
1508499
1671731
1671732
1671733
1671737
1671738
1672150
1672151
1672152
1672153
1672154
1672155
1672156
1672157
1672158
1672731
1673731
1674270
1674271
1674272
1674273
1674274
1674275
1390073
1390731
1390748
1390749
1390845
1390846
1390847
1390848
1390849
1397310
1397311
1397312
1397313
1397314
1397315
1397316
1397317
1397318
1397319
1397480
1397481
1397482
1397483
1397484
1397485
1397486
1397487
1397488
1397489
1397490
1397491
1397492
1397493
1397494
1397495
1397496
1397497
1397498
1397499
1397510
1397511
1397512
1397513
1397514
1397515
1397516
1397517
1397518
1397519
1397580
1397581
1397582
1397583
1397584
1397585
1397586
1397587
1397588
1397589
1550731
1550732
1550733
1550748
1550749
1552640
1552641
1552642
1552643
1552644
1552645
1552646
1552647
1552648
1552649
1557070
1557085
1557086
1557087
1557088
1557089
1557310
1557311
1557312
1557313
1557314
1557315
1557316
1557317
1557318
1557319
1557430
1557431
1557432
1557433
1557434
1557435
1557436
1557437
1557438
1557439
1557480
1557481
1557482
1557483
1557484
1557485
1557486
1557487
1557488
1557489
1557490
1557491
1557492
1557493
1557494
1557495
1557496
1557497
1557498
1557499
1557510
1557511
1557512
1557513
1557514
1557515
1557516
1557517
1557518
1557519
1557580
1557581
1557582
1557583
1557584
1557585
1557586
1557587
1557588
1557589
1557590
1557591
1557592
1557593
1557594
1557595
1557596
1557597
1557598
1557599
1557660
1557661
1557662
1557663
1557664
1557665
1557666
1557667
1557668
1557669
1558000
1558001
1558002
1558003
1558004
1558005
1558006
1558007
1558008
1558009
1558037
1558080
1558081
1558082
1558083
1558084
1558085
1558086
1558087
1558088
1558089
1558090
1558091
1558092
1558093
1558094
1558095
1558096
1558097
1558098
1558099
1558100
1558101
1558160
1558161
1558162
1558163
1558164
1558165
1558166
1860731
1860840
1860841
1861395
1861396
1861397
1861398
1861399
1862731
1862732
1862733
1862741
1862753
1862754
1862755
1862756
1862757
1862758
1862759
1867000
1867001
1867002
1867003
1867004
1867005
1867006
1867007
1867008
1867009
1867020
1867021
1867022
1867023
1867030
1867031
1867032
1867033
1867034
1867035
1867036
1867037
1867038
1867039
1867041
1867049
1867070
1867071
1867072
1867073
1867074
1867075
1867076
1867077
1867078
1867079
1867088
1867090
1867091
1867092
1867093
1867094
1867095
1867096
1867097
1867098
1867099
1867310
1867311
1867312
1867313
1867314
1867315
1867316
1867317
1867318
1867319
1867435
1867436
1867437
1867438
1867439
1867445
1867446
1867448
1867449
1867480
1867481
1867482
1867483
1867484
1867485
1867486
1867487
1867488
1867489
1868453
1868454
1868455
1868456
1868464
1868465
1868466
1868467
1868468
1868469
1868470
1868471
1868472
1868473
1868474
1868475
1868476
1868477
1868478
1868479
1868480
1868481
1868482
1868483
1868484
1868485
1868486
1868487
1868488
1868489
1868490
1868491
1868492
1868493
1868494
1868495
1868496
1868497
1868498
1868499
1869220
1869221
1869222
1869223
1869224
1869225
1869226
1869227
1869228
1869229
1869230
1869231
1869232
1869233
1869240
1869241
1869242
1869243
1869262
1869263
1869264
1869265
1869266
1869267
1300731
1300741
1300742
1300743
1300748
1300749
1301074
1301616
1301718
1301719
1301728
1301729
1301731
1301738
1301739
1302731
1302741
1302742
1302743
1302748
1302749
1303678
1303679
1303731
1304721
1305416
1305417
1305418
1305419
1305516
1305517
1305518
1305519
1307730
1307731
1307732
1307733
1307734
1307735
1307736
1307737
1307738
1307739
1308050
1308051
1308052
1308053
1308054
1308055
1308056
1308731
1726449
1726720
1726721
1726722
1726723
1726724
1726725
1726726
1726727
1726728
1726729
1726731
1726740
1726741
1726742
1726747
1726748
1726749
1726788
1726789
1712090
1712091
1712092
1712093
1712094
1712095
1712096
1712097
1713630
1713631
1713632
1713633
1713634
1713635
1713636
1713637
1713638
1713639
1713640
1713641
1713642
1713643
1713644
1713645
1713646
1713647
1713648
1713649
1713731
1713732
1713733
1713737
1713738
1713740
1715130
1715131
1715132
1715133
1715135
1715136
1715137
1715138
1715139
1715731
1715732
1715733
1715737
1715738
1716130
1716131
1716132
1716133
1716134
1716135
1716136
1716137
1716138
1716139
1716731
1716732
1716733
1716737
1717134
1717138
1717139
1717731
1717732
1717733
1717737
1718130
1718131
1718132
1718133
1718134
1718135
1718136
1718137
1718138
1718139
1718731
1718732
1718733
1718735
1718736
1718737
1718738
1719731
1719732
1719733
1719735
1719740
1719741
1719742
1719743
1719744
1719745
1330731
1330748
1330749
1330840
1330841
1330842
1330843
1330844
1330845
1330846
1330847
1330848
1330849
1331731
1331748
1331749
1331950
1331951
1331952
1331953
1331954
1331955
1331956
1331957
1331958
1331959
1331960
1332721
1332731
1333251
1333721
1333731
1334131
1334251
1334721
1334731
1334861
1334867
1334868
1334869
1334871
1334960
1335721
1335722
1335731
1336731
1336748
1336749
1337801
1337891
1338731
1338748
1338749
1339731
1339741
1339748
1339749
1339751
1339760
1339761
1339764
1850731
1850732
1850741
1850748
1850749
1850840
1850841
1850842
1850843
1850844
1850845
1850846
1850847
1850848
1850849
1852585
1852586
1852587
1852588
1852589
1852800
1852801
1852802
1852803
1852804
1852824
1852825
1852826
1852827
1852828
1856900
1856901
1856903
1856904
1856905
1856906
1856907
1856908
1856940
1856941
1856942
1856943
1856944
1856945
1856946
1856947
1856948
1856949
1856950
1856951
1856952
1856953
1856954
1856955
1856956
1856957
1856958
1856959
1856960
1856961
1856962
1856963
1857000
1857001
1857002
1857003
1857004
1857005
1857006
1857007
1857008
1857009
1857010
1857011
1857012
1857013
1857014
1857015
1857016
1857017
1857018
1857019
1857020
1857021
1857022
1857023
1857030
1857031
1857032
1857033
1857034
1857035
1857036
1857037
1857038
1857039
1857041
1857048
1857049
1857060
1857061
1857062
1857063
1857064
1857065
1857066
1857067
1857068
1857069
1857070
1857071
1857072
1857073
1857074
1857075
1857076
1857077
1857078
1857079
1857080
1857081
1857082
1857083
1857084
1857085
1857086
1857087
1857088
1857097
1857310
1857311
1857312
1857313
1857314
1857315
1857316
1857317
1857318
1857319
1857320
1857321
1857322
1857323
1857324
1857325
1857326
1857327
1857328
1857329
1857330
1857331
1857332
1857333
1857334
1857335
1857336
1857337
1857338
1857339
1857378
1857379
1857436
1857437
1857438
1857439
1857478
1859335
1859336
1859338
1859340
1859780
1859781
1859782
1859783
1859784
1859786
1859790
1859791
1859794
1859795
1859796
1859797
1859798
1859799
1780731
1780732
1780733
1787190
1787191
1787192
1787193
1787194
1787195
1787196
1787197
1787198
1787199
1787203
1787207
1787230
1787231
1787232
1787233
1787234
1787235
1787236
1787237
1787238
1787239
1787256
1787259
1787310
1787311
1787312
1787313
1787314
1787315
1787316
1787317
1787318
1787319
1787320
1787321
1787330
1787331
1787332
1787333
1787334
1787352
1787353
1787354
1787355
1787356
1787357
1787358
1787359
1787778
1787779
1789100
1789101
1789102
1789103
1789104
1789224
1789225
1789226
1789227
1789228
1789229
1789230
1789231
1789232
1789233
1789234
1789235
1789731
1789732
1789733
1560731
1560748
1560749
1560840
1560841
1560842
1560843
1560844
1560845
1560846
1560847
1560848
1560849
1561600
1561601
1561602
1561603
1561610
1561611
1561612
1561613
1561614
1561615
1561616
1561617
1561618
1561619
1561620
1561621
1561622
1561623
1561624
1561625
1561626
1561644
1561645
1561646
1561666
1561688
1567310
1567311
1567312
1567313
1567314
1567315
1567316
1567317
1567318
1567319
1567480
1567481
1567482
1567483
1567484
1567485
1567486
1567487
1567488
1567489
1567490
1567491
1567492
1567493
1567494
1567495
1567496
1567497
1567498
1567499
1567510
1567511
1567512
1567513
1567514
1567515
1567516
1567517
1567518
1567519
1567580
1567581
1567582
1567583
1567584
1567585
1567586
1567587
1567588
1567589
1568494
1568495
1569730
1569731
1569748
1569749
1990731
1990732
1990733
1990748
1990749
1990845
1990846
1990847
1990848
1990849
1991831
1991880
1991881
1991882
1991883
1991884
1991885
1991886
1991887
1991888
1991889
1991890
1991891
1991892
1991893
1991894
1991895
1991896
1991897
1991898
1991899
1997310
1997311
1997312
1997313
1997314
1997315
1997316
1997317
1997318
1997319
1997320
1997321
1997322
1997323
1997324
1997325
1997326
1997327
1997328
1997480
1997481
1997482
1997483
1997484
1997485
1997486
1997487
1997488
1997489
1997490
1997491
1997492
1997493
1997494
1997495
1997496
1997497
1997498
1997499
1997665
1997666
1997667
1997668
1997669
1997692
1997693
1997695
1997696
1997697
1997698
1997699
1530731
1530748
1530749
1530840
1530841
1530842
1530843
1530844
1530845
1530846
1530847
1530848
1530849
1533783
1534301
1534321
1534331
1534440
1534441
1534731
1534831
1536400
1536401
1536402
1536403
1536404
1536405
1536406
1536407
1536408
1536409
1536731
1536748
1536749
1536780
1536781
1536782
1536783
1536784
1536785
1536786
1536787
1536788
1536789
1536790
1536791
1536792
1536793
1536794
1536795
1536796
1536797
1536798
1536799
1537731
1537732
1537733
1537741
1537748
1537749
1538620
1538621
1538622
1538623
1538624
1538632
1538640
1538641
1538642
1538643
1538644
1538645
1538646
1538647
1538648
1538649
1538731
1538732
1538733
1538741
1538748
1538749
1538750
1538751
1538752
1538753
1538754
1538755
1538756
1538757
1538758
1538759
1538800
1538801
1538802
1538803
1538804
1538805
1538806
1538807
1538808
1538809
1538890
1538891
1538892
1538893
1538894
1538895
1538896
1538897
1538898
1538899
1539990
1539991
1539992
1539993
1539994
1539997
1539998
1539999
1800731
1800732
1800733
1800741
1800748
1800749
1800840
1800841
1800842
1800843
1800844
1800845
1800846
1800847
1800848
1800849
1807310
1807311
1807312
1807313
1807314
1807315
1807316
1807317
1807318
1807319
1807320
1807321
1807322
1807323
1807324
1807325
1807326
1807327
1807328
1807329
1807330
1807331
1807332
1807333
1807334
1807335
1807336
1807337
1807338
1807339
1807510
1807511
1807512
1807513
1807514
1807515
1807516
1807517
1807518
1807519
1807574
1807575
1807576
1807585
1807586
1890070
1890071
1890072
1890073
1890074
1890075
1890076
1890077
1890078
1890079
1890731
1890748
1890749
1890845
1890846
1890847
1890848
1890849
1893212
1893213
1893240
1893241
1893242
1893243
1893244
1893245
1893246
1893247
1893248
1894204
1894250
1894251
1894252
1894253
1894254
1894255
1894256
1894257
1897310
1897311
1897312
1897313
1897314
1897315
1897316
1897317
1897318
1897319
1897480
1897481
1897482
1897483
1897484
1897485
1897486
1897487
1897488
1897489
1897490
1897491
1897492
1897493
1897494
1897495
1897496
1897497
1897498
1897499
1897510
1897511
1897512
1897513
1897514
1897515
1897516
1897517
1897518
1897519
1897580
1897581
1897582
1897583
1897584
1897585
1897586
1897587
1897588
1897589
1950731
1950740
1952000
1952614
1956888
1957290
1957291
1957292
1957293
1957294
1957295
1957296
1957297
1957298
1957299
1957310
1957311
1957312
1957313
1957314
1957315
1957316
1957317
1957318
1957319
1360731
1360743
1360744
1360748
1360749
1361731
1361748
1361749
1361846
1361847
1361848
1361849
1362731
1362741
1362742
1362748
1362749
1363731
1363740
1363741
1363742
1363747
1363748
1363749
1364731
1364741
1364743
1364744
1364748
1364749
1365731
1365735
1365740
1365741
1365743
1365744
1365748
1365749
1366730
1366731
1366732
1366733
1366734
1366735
1366736
1366737
1366738
1366739
1367730
1367731
1367732
1367733
1367734
1367735
1367736
1367737
1367738
1367739
1367748
1367749
1368730
1368731
1368732
1368733
1368734
1368735
1368736
1368737
1368738
1368739
