1550393
1551430
1551545
1551546
1551547
1551548
1551549
1551610
1551611
1551612
1551613
1551614
1551663
1551664
1551768
1551769
1551851
1551852
1551853
1551854
1551855
1551856
1551857
1553930
1553931
1553932
1553933
1553934
1553935
1553936
1553937
1553938
1553939
1556581
1556582
1860393
1862393
1862563
1862564
1863930
1863931
1863932
1863933
1863934
1863935
1863936
1863937
1863938
1863939
1863993
1863994
1671393
1671620
1671621
1671622
1671691
1671692
1671693
1671786
1671787
1671789
1671800
1671801
1672393
1673393
1674157
1674158
1674159
1674160
1674161
1674162
1674163
1674164
1674165
1674166
1674167
1674168
1674393
1390393
1393830
1393831
1393832
1393833
1393930
1393931
1393932
1393933
1393934
1393935
1393936
1393937
1393938
1393939
1394970
1394971
1394972
1394973
1394974
1303030
1303031
1303032
1303033
1303398
1303399
1304393
1308010
1308011
1308012
1308389
1770393
1772495
1772970
1772971
1773723
1773732
1773782
1773786
1773934
1773935
1773936
1773937
1773944
1774479
1774643
1774695
1774947
1776169
1777219
1777283
1779667
1779682
1590393
1593670
1593671
1593672
1593673
1593674
1593675
1593676
1593677
1593678
1593679
1593930
1593931
1593932
1593933
1593934
1593935
1593936
1593937
1593938
1593939
1452338
1452339
1454217
1458530
1350393
1351390
1351391
1351392
1351393
1351394
1352393
1352525
1352526
1352527
1352528
1352529
1352560
1352561
1352562
1352563
1352564
1830065
1830393
1830399
1831747
1831748
1831749
1833802
1833803
1833804
1833805
1833806
1833807
1833808
1833809
1833847
1833848
1833849
1833930
1833931
1833932
1833933
1833934
1833935
1833936
1833937
1833938
1833939
1500393
1503930
1503931
1503932
1503933
1503934
1503935
1503936
1503937
1503938
1503939
1508320
1508321
1508322
1508323
1508324
1508325
1508326
1508327
1508328
1508329
1509020
1509021
1509022
1509023
1509024
1623932
1530391
1530393
1533392
1533393
1534392
1534393
1534630
1534631
1534632
1534633
1800393
1803752
1803934
1803935
1803936
1803937
1803938
1803939
1953590
1360343
1360383
1361393
1361986
1362393
1362986
1363393
1363968
1364393
1365393
1366306
1366393
1367301
1367302
1367393
1368393
1369393
1890393
1893930
1893931
1893932
1893933
1893934
1893935
1893936
1893937
1893938
1893939
1330393
1332363
1332393
1333393
1334363
1334393
1334681
1334682
1335393
1338393
1712380
1712381
1712382
1712383
1712384
1712385
1712386
1712387
1712388
1712389
1712390
1712391
1712392
1712393
1713393
1715393
1716393
1717368
1717369
1717380
1717381
1717382
1717383
1717393
1717465
1717466
1718363
1718393
1718504
1719364
1719386
1990393
1993930
1993931
1993938
1993939
1994393
1994939
1850393
1853030
1853031
1853032
1853033
1853043
1853044
1853833
1853834
1853930
1853931
1853932
1853933
1853934
1853935
1853936
1853937
1853938
1853939
1856818
1856819
1780393
1781470
1781471
1781495
1783707
1783825
1783826
1783827
1783828
1783829
1783930
1783931
1783932
1783933
1783934
1783935
1783936
1788496
1788497
1789673
1560393
1561729
1563930
1563931
1563932
1563933
1563934
1563935
1563936
1563937
1563938
1563939
1564970
1564971
1564972
1564973
1564974
1566432
1567010
1567011
1567012
1567013
1567014
1567015
1567016
1567018
1567080
1569073
1820393
1823600
1823601
1823602
1823603
1823604
1823605
1823606
1823607
1823608
1823609
1823830
1823831
1823832
1823833
1823834
1823835
1823836
1823837
1823838
1823839
1823930
1823931
1823932
1823933
1823934
1823935
1823936
1823937
1823938
1823939
1513850
1513851
1513852
1513853
1513854
1513930
1513931
1513932
1513933
1513934
1513935
1513936
1513937
1513938
1513939
1340393
1346160
1346161
1346162
1346163
1346164
1346165
1346166
1346167
1346168
1346169
1346170
1346171
1346172
1346173
1346174
1346175
1346176
1346177
1346178
1346179
1760389
1760393
1761388
1761389
1762464
1762465
1762466
1762467
1763043
1763044
1763930
1763931
1763932
1763933
1763934
1763935
1763936
1763937
1763938
1763939
1765442
1765771
1765772
1769470
1769471
1769472
1769829
1580393
1583930
1583931
1583932
1583933
1583934
1583935
1583936
1583937
1583938
1583939
1589045
1589046
1589047
1589048
1589049
1589320
1589321
1589322
1589323
1589324
1589325
1589326
1589327
1589328
1589329
1310363
1310364
1310393
1312444
1313733
1313734
1313735
1314055
1318317
1318318
1319355
1319356
1319357
1319358
1319359
1730393
1732623
1732928
1733475
1733536
1733543
1733553
1733593
1733930
1733931
1733932
1733933
1733934
1733935
1733936
1733937
1733938
1733939
1734483
1734493
1735253
1735254
1736590
1739630
1660393
1662764
1662765
1662766
1662767
1663930
1663931
1663932
1663933
1663934
1663935
1663936
1663937
1663938
1663939
1663949
1663976
1663977
1665048
1665049
1665050
1665051
1665052
1665053
1665054
1665055
1665056
1665057
1665058
1665059
1380393
1383925
1383926
1383927
1383928
1383929
1383930
1383931
1383932
1383933
1383934
1383935
1383936
1383937
1383938
1383939
1384930
1384931
1384932
1384933
1870393
1873930
1873931
1873932
1873933
1873934
1873935
1873936
1873937
1873938
1873939
1874990
1874991
1874992
1874993
1874994
1879095
1879096
1879097
1879098
1879099
1840393
1843630
1843930
1843931
1843932
1843933
1843934
1843935
1843936
1843937
1843938
1843939
1570393
1570399
1571393
1571635
1572924
1572925
1572926
1572927
1572942
1573741
1573742
1573780
1573800
1573801
1573802
1573803
1573804
1980393
1981275
1983930
1983931
1983932
1983933
1983934
1983935
1983936
1983937
1650018
1650393
1650504
1650507
1650883
1651360
1651377
1651672
1651679
1651765
1651799
1652880
1653506
1653859
1653893
1653930
1653931
1653932
1653933
1653935
1653936
1653937
1653938
1653939
1655071
1655085
1655086
1655278
1656113
1656393
1657393
1657803
1704357
1704358
1704359
1704360
1704361
1704362
1704363
1704364
1704365
1704366
1704367
1704368
1704369
1707393
1707944
1708389
1708393
1321347
1321348
1321349
1321390
1321391
1321392
1321393
1321394
1321395
1321396
1322393
1322397
1322398
1324320
1324321
1324322
1325308
1325309
1327303
1327393
1328302
1328303
1328393
1329077
1329097
1910393
1914393
1750393
1751670
1751671
1751672
1751673
1751674
1751690
1751691
1751692
1751693
1751694
1751695
1751696
1753930
1753931
1753932
1753933
1753934
1753935
1753936
1753937
1753938
1753939
1753993
1753994
1759100
1759101
1759102
1759103
1759104
1759105
1759106
1759107
1759108
1759109
1759473
1759474
1759475
1759601
1759602
1759603
1759604
1759796
1759797
1759798
1880360
1880393
1883843
1883930
1883931
1883932
1883933
1883934
1883935
1883936
1883937
1883938
1883939
1886032
1886440
1886441
1886442
1886443
1886444
1886445
1886446
1370080
1370347
1370348
1370383
1370767
1372170
1372171
1372172
1372173
1372174
1372175
1372176
1372177
1372178
1372179
1374930
1374931
1374932
1374933
1378130
1378131
1378132
1378133
1378134
1378135
1378136
1378137
1378138
1378139
1378393
1473861
1473893
1475663
1478360
1478361
1478362
1478363
1478364
1478365
1478366
1478367
1478368
1478369
1478393
1478405
1478406
1478407
1478408
1478409
1520393
1523930
1523931
1523932
1523933
1523934
1523935
1523936
1523937
1523938
1523939
1523995
1523996
1523997
1523998
1523999
1528690
1528691
1528692
1528693
1528694
1810393
1813444
1813573
1813724
1813735
1813745
1813762
1814393
