1872787
1872788
1872789
1872790
1872791
1877188
1877189
1877190
1877191
1660868
1667101
1667110
1667111
1667112
1387180
1387181
1387182
1387183
1387184
1388630
1388631
1388632
1388633
1388634
1730725
1734341
1736242
1736251
1737110
1737111
1737136
1738619
1311720
1313589
1314720
1317737
1317738
1317739
1319743
1319744
1760865
1760868
1767191
1767281
1768375
1768376
1582699
1582780
1582781
1587150
1587151
1587152
1587153
1345100
1347645
1347646
1347647
1347648
1827109
1827110
1827179
1827208
1517101
1517270
1517271
1527170
1527171
1527220
1810711
1470718
1477101
1477170
1750868
1757120
1757289
1880868
1882723
1887110
1887111
1887288
1321711
1322710
1322711
1323540
1326494
1326499
1329429
1329750
1329751
1329769
1917130
1980711
1981384
1984163
1987103
1987199
1987237
1840711
1842711
1847150
1571780
1572711
1577111
1579709
1830711
1837110
1837277
1837278
1837279
1507219
1507292
1509098
1509099
1452711
1457115
1458603
1458604
1458605
1458606
1354540
1770711
1772023
1772045
1776260
1778630
1592600
1592601
1592602
1597117
1597230
1597231
1597255
1599715
1599716
1303444
1303445
1304273
1308523
1309270
1309271
1309838
1390868
1397198
1397199
1397295
1397296
1397297
1398640
1398641
1398642
1399580
1399581
1399582
1399583
1399584
1550710
1550711
1550712
1554980
1554981
1558659
1860865
1867110
1867111
1867112
1867113
1869625
1869626
1857110
1857111
1857213
1857214
1857295
1780275
1780710
1786630
1787100
1787120
1787130
1560868
1562989
1567198
1567199
1569711
1990868
1991313
1997100
1998630
1330868
1332996
1332997
1333993
1336711
1337780
1338527
1339724
1890868
1894295
1897198
1897199
1897295
1897296
1897297
1898640
1898641
1898642
1360723
1361711
1364711
1365711
1366901
1367711
1368711
1530868
1533429
1533739
1534258
1534259
1534260
1534662
1537450
1800868
1806230
1806415
1807117
