1820634
1826340
1826341
1826342
1826343
1826344
1826345
1826346
1826347
1826348
1826349
1826634
1510634
1515409
1516340
1516341
1516342
1516343
1516344
1516345
1516346
1516347
1516348
1516349
1516634
1760634
1761634
1766020
1766194
1766195
1766196
1766197
1766198
1766340
1766342
1766345
1766346
1766347
1766349
1768634
1580634
1586340
1586634
1344054
1344254
1345549
1345589
1346822
1346823
1346824
1346825
1346826
1730634
1735349
1735381
1735464
1736220
1312726
1314548
1315383
1315634
1317634
1318175
1318176
1870634
1876340
1876341
1876342
1876343
1876344
1876345
1876346
1876347
1876348
1876349
1876634
1660634
1380634
1386340
1386341
1386342
1386343
1386344
1386345
1386346
1386347
1386348
1386349
1980634
1981261
1981499
1981930
1981940
1986109
1986139
1986189
1986340
1986341
1986342
1986343
1986344
1986345
1986346
1986347
1986348
1986349
1650634
1651306
1651783
1653781
1656834
1840634
1846340
1846341
1846342
1846343
1846344
1846345
1846346
1846347
1846348
1846349
1846445
1846446
1846447
1846448
1846449
1570634
1572516
1572589
1572634
1576340
1576341
1576342
1576343
1576344
1576345
1576346
1576347
1576348
1576349
1320634
1321060
1322060
1324548
1325634
1327634
1328710
1328711
1329014
1329038
1329634
1910634
1916340
1470634
1476340
1476341
1370638
1750634
1752848
1752849
1755610
1755611
1755612
1755613
1756340
1756341
1756342
1756343
1756344
1756345
1756346
1756347
1756348
1756349
1756889
1880634
1881634
1886340
1886341
1886342
1886343
1886344
1886345
1886346
1886347
1886348
1886349
1886634
1520634
1521634
1526340
1526341
1526342
1526343
1526344
1526345
1526346
1526347
1526348
1526349
1526634
1810634
1815343
1815345
1815346
1671634
1672634
1673634
1673802
1673803
1673804
1673805
1673806
1673842
1673843
1675634
1390634
1396340
1396341
1396342
1396343
1396344
1396345
1396346
1396347
1396348
1396349
1550634
1555036
1555037
1555038
1555039
1555379
1556340
1556341
1556342
1556343
1556477
1556478
1558892
1558893
1558894
1558895
1558896
1860634
1866340
1866341
1866342
1866343
1866344
1866345
1866346
1866347
1866348
1866349
1300276
1301027
1301275
1302276
1303175
1303176
1304403
1305480
1305481
1305482
1305483
1305484
1350634
1351634
1356170
1356171
1356172
1356173
1356174
1356340
1356341
1356342
1356343
1356344
1356345
1356346
1356347
1356348
1356349
1452552
1454358
1457010
1457369
1457763
1458696
1458697
1458698
1458699
1770634
1776340
1776341
1776342
1776343
1776344
1776345
1776346
1776347
1776348
1776349
1590634
1596385
1596560
1830634
1836340
1836341
1836342
1836343
1836344
1836345
1836346
1836347
1836348
1836349
1500634
1500680
1500681
1500682
1500683
1502085
1502086
1502087
1502088
1502089
1506340
1506341
1506342
1506634
1530634
1531816
1533634
1800634
1806340
1890634
1895340
1895341
1896340
1896341
1896342
1896343
1896344
1896345
1896346
1896347
1896348
1896349
1360544
1361634
1362634
1364634
1365634
1366634
1367634
1368634
1369634
1330634
1332622
1332634
1333634
1334634
1335622
1335634
1337634
1338634
1339634
1850634
1856340
1856341
1856342
1859634
1780634
1785270
1786013
1786189
1786199
1786340
1786341
1786342
1786343
1786344
1786345
1786346
1786347
1786348
1786349
1786465
1786466
1786467
1789634
1560634
1566628
1566634
1568875
1568876
1568877
1569810
1990634
1996340
1996341
1996346
1996347
1996348
1996349
