1308714
1860483
1864830
1864831
1864832
1864833
1864834
1550483
1554831
1556118
1830483
1452489
1453388
1453389
1453390
1453391
1453392
1454334
1770483
1774745
1774775
1774830
1774831
1779074
1779077
1890483
1894743
1894783
1800483
1804830
1804831
1533483
1534409
1535283
1537483
1538483
1564830
1564831
1564832
1569094
1850483
1850493
1854830
1780060
1780483
1781444
1784733
1994713
1332713
1335483
1338483
1760480
1760483
1820483
1870483
1874830
1874831
1874832
1874833
1660483
1664733
1664734
1730483
1313483
1314249
1315483
1319061
1320483
1326024
1327483
1329483
1980483
1981576
1984709
1984751
1984789
1650483
1651483
1653483
1655483
1655841
1657304
1570483
1571483
1577146
1840483
1841438
1844749
1810483
1814747
1814830
1524880
1524881
1524882
1524883
1750483
1754830
1754831
