1300792
1300793
1301422
1301423
1301424
1303792
1303793
1303794
1307953
1307955
1307957
1309953
1309955
1390953
1390955
1399503
1399505
1399513
1399515
1399523
1399525
1399533
1399535
1399543
1399545
1671953
1672953
1672958
1672959
1673950
1673953
1673955
1673956
1860953
1860956
1869530
1869531
1869532
1869533
1869534
1869535
1550083
1550085
1550086
1550952
1550953
1550956
1550963
1550966
1550967
1559503
1559513
1559514
1559523
1559524
1559532
1559533
1559534
1559535
1559536
1559537
1559543
1559553
1622952
1500953
1500963
1830953
1830963
1830965
1830966
1839503
1839505
1839513
1839516
1839523
1839525
1839526
1351927
1351953
1351955
1452873
1452876
1454627
1454629
1454635
1454636
1459700
1459701
1459702
1459703
1459704
1590953
1590963
1770953
1770957
1771183
1775233
1775236
1775237
1775238
1775239
1775243
1775246
1775247
1775248
1775249
1779530
1779531
1779532
1779533
1779534
1779535
1779536
1779537
1779538
1779539
1890953
1899530
1899531
1899532
1899533
1899534
1899535
1899536
1899537
1899538
1899539
1361953
1361955
1362952
1363953
1363955
1364959
1800953
1800955
1809530
1809531
1809532
1809533
1809534
1809535
1809538
1809539
1809552
1809553
1809554
1809555
1809556
1809557
1809558
1809559
1530953
1530957
1534953
1534957
1537953
1537955
1537957
1537958
1537963
1537964
1537965
1537968
1537969
1560953
1560956
1569503
1569507
1850953
1850956
1859503
1859513
1780953
1780956
1780957
1780962
1780963
1780969
1781113
1781117
1781123
1781129
1781133
1784823
1788773
1788776
1789953
1789959
1990953
1994446
1999503
1999505
1999530
1999531
1999532
1999533
1999534
1715953
1715957
1716953
1717953
1330953
1330955
1332353
1332355
1336953
1338953
1338957
1580953
1580963
1582533
1760953
1760956
1769503
1769506
1769513
1769523
1769524
1769525
1769526
1769527
1769633
1340953
1346953
1346955
1346963
1510953
1510963
1512183
1512193
1820953
1820963
1820966
1829503
1829505
1829506
1829513
1829523
1829533
1829536
1829543
1829553
1829563
1829566
1870953
1870963
1870969
1879503
1879513
1879523
1879533
1879536
1389503
1389505
1389513
1389515
1389520
1389521
1389522
1389523
1389524
1389525
1389526
1389527
1389528
1389529
1389533
1389535
1389543
1389545
1389550
1389551
1389552
1389553
1389554
1389555
1389556
1389557
1389558
1389559
1660953
1660956
1669503
1669513
1669516
1669523
1669526
1730953
1730957
1734122
1734123
1734124
1739553
1739557
1313953
1313955
1313957
1319503
1319505
1319507
1910953
1919513
1320953
1320963
1323953
1325953
1325956
1325963
1325966
1328953
1328956
1329953
1329956
1980953
1980963
1980968
1981419
1989503
1989513
1989963
1989966
1650263
1650953
1570953
1570963
1570966
1571953
1572953
1576953
1576956
1576963
1576965
1576966
1840843
1840849
1840863
1840866
1840950
1840953
1840963
1840969
1846503
1846507
1846509
1846513
1846519
1810953
1815232
1815233
1815234
1815242
1815243
1816153
1816160
1816161
1816162
1816163
1816164
1816165
1816166
1816167
1816168
1816903
1816913
1816915
1816916
1816953
1816957
1819503
1819526
1819527
1819530
1819531
1819532
1819533
1819534
1819535
1819536
1819537
1819538
1819539
1520263
1520953
1520959
1520963
1522623
1522629
1529693
1529698
1470953
1470963
1470965
1476053
1476055
1476056
1479503
1370953
1370955
1750953
1759503
1759507
1759508
1759513
1759517
1759523
1759526
1759527
1759533
1759536
1759537
1759543
1759546
1759547
1759552
1759553
1759556
1759557
1880953
1880963
1880966
1889503
1889506
1889513
1889515
1889523
1889525
1889526
