1800577
1800587
1800668
1800669
1800677
1800687
1800688
1804210
1804211
1804212
1804213
1804214
1804233
1804234
1805770
1805771
1805772
1805773
1805774
1805775
1805776
1805777
1805778
1805779
1805830
1805831
1805832
1805833
1805834
1805835
1805836
1805837
1805838
1805839
1805882
1805883
1805884
1805885
1805886
1805887
1805888
1805889
1806476
1806477
1806478
1806479
1806625
1806626
1806627
1806628
1806629
1806630
1806631
1806632
1806633
1806634
1806635
1806636
1806637
1806638
1806639
1806640
1806641
1806642
1806643
1806644
1806645
1806646
1806647
1806648
1806649
1806745
1806746
1806747
1806748
1806749
1806776
1806777
1806778
1806779
1807200
1807201
1807202
1807203
1807204
1807205
1807206
1807207
1807208
1807209
1807210
1807211
1807212
1807213
1807214
1807215
1807216
1807217
1807218
1807219
1809477
1530577
1530587
1530677
1530687
1530688
1531480
1531481
1531482
1531483
1531484
1531485
1532500
1532501
1532502
1532503
1532504
1532505
1532506
1532507
1532508
1532509
1532550
1532551
1532552
1532553
1532577
1532587
1533767
1534577
1534587
1535577
1535587
1535590
1535591
1535592
1535593
1535594
1535595
1535596
1535597
1535598
1535599
1535620
1535621
1535622
1535623
1535624
1535625
1535626
1535627
1535628
1535629
1535640
1535641
1535650
1535651
1535652
1535653
1535677
1535687
1537280
1537281
1537282
1537283
1537284
1537285
1537286
1537287
1537288
1537289
1538140
1538141
1538142
1538143
1538144
1538145
1538146
1538147
1538148
1538149
1538150
1538151
1538152
1538153
1538154
1538155
1538156
1538157
1538158
1538159
1538250
1538251
1538252
1538253
1538254
1538255
1538256
1538257
1538258
1538259
1539577
1539730
1539731
1539732
1539733
1539734
1539735
1539736
1539737
1539738
1539739
1539740
1539741
1539742
1539743
1360064
1360065
1360066
1360067
1360068
1360577
1360587
1360677
1360687
1361577
1361587
1361660
1361661
1361662
1361663
1361664
1361665
1361666
1361677
1361682
1361687
1362577
1362587
1362650
1362651
1362652
1362653
1362654
1362655
1362656
1362657
1362658
1362659
1362677
1363420
1363421
1363422
1363423
1363424
1363425
1363426
1363427
1363428
1363429
1364577
1364587
1364651
1364652
1364653
1364654
1364655
1364656
1364657
1364658
1364674
1364677
1365577
1365587
1365650
1365651
1365652
1365653
1365677
1365687
1367640
1367641
1367642
1367643
1367644
1367645
1367646
1367647
1367648
1367649
1367651
1367652
1367653
1367654
1367655
1367656
1367657
1367658
1367659
1367670
1367671
1367672
1367673
1367674
1367675
1367676
1367677
1367678
1367679
1369570
1369571
1369572
1369573
1369574
1369575
1369576
1369580
1369581
1369582
1369583
1369584
1369585
1369586
1369587
1369588
1369589
1951810
1951811
1951812
1951813
1951814
1951815
1951816
1951817
1951818
1951819
1951930
1951970
1951971
1951972
1951973
1951974
1951975
1951976
1951977
1951978
1951979
1953331
1958812
1958817
1890577
1890587
1890663
1890664
1890665
1890666
1890667
1890677
1890687
1895770
1895771
1895772
1895773
1895774
1895775
1895776
1895777
1895778
1895779
1895870
1895871
1895872
1895873
1895874
1895875
1895876
1895877
1895878
1895879
1895880
1895881
1895882
1895883
1895884
1895885
1895886
1895887
1895888
1895889
1895890
1895891
1895892
1895893
1895894
1895895
1895896
1895897
1895898
1895899
1896625
1896626
1896627
1896628
1896629
1896770
1896771
1896772
1896773
1896774
1896775
1896776
1896777
1896778
1896779
1896870
1896871
1896872
1896873
1896874
1896875
1896876
1896877
1896878
1896879
1896880
1896881
1896882
1896883
1896884
1896885
1896886
1896887
1896888
1896889
1896890
1896891
1896892
1896893
1896894
1896895
1896896
1896897
1896898
1896899
1896970
1896971
1896972
1896973
1896974
1896975
1896976
1896977
1896978
1896979
1898970
1898971
1898972
1898973
1898974
1898975
1898976
1898977
1898978
1898979
1330577
1330587
1330677
1330687
1332577
1332587
1332597
1332598
1332619
1333577
1333587
1333690
1333691
1333692
1333693
1333694
1333695
1333696
1333697
1333698
1333699
1334577
1334587
1334588
1334608
1334609
1335330
1335331
1335332
1335333
1335334
1335335
1335336
1335337
1335338
1335339
1335577
1335587
1335588
1335610
1335611
1335612
1335613
1335614
1335615
1335616
1335617
1335618
1335619
1336270
1336271
1336272
1336273
1336274
1336275
1336276
1336277
1336278
1336279
1337246
1337247
1337385
1337386
1337577
1337587
1337687
1338577
1338587
1338851
1338852
1338853
1338854
1338855
1338856
1338857
1338858
1338859
1339577
1339587
1339677
1339687
1339695
1339696
1339697
1339698
1339699
1712228
1712229
1713331
1713332
1713335
1713337
1713442
1713443
1713444
1713445
1713446
1713447
1713448
1713449
1713550
1713551
1713552
1713554
1713556
1713557
1713558
1713559
1713970
1713971
1713972
1713973
1713974
1713975
1713976
1713977
1713978
1713979
1713980
1713981
1713982
1713983
1713985
1713986
1713987
1713989
1715411
1715570
1715571
1715572
1715573
1715575
1715576
1715578
1715579
1715660
1715661
1716577
1717577
1718577
1719411
1719412
1719413
1719414
1719415
1719416
1719417
1719577
1719913
1719915
1719916
1719917
1719918
1719919
1719920
1719921
1719923
1719925
1719926
1719927
1719928
1719929
1719930
1719931
1719932
1719935
1719936
1719966
1719977
1719988
1990577
1990587
1990650
1990652
1990653
1990664
1990665
1990667
1990668
1990669
1990677
1990684
1994103
1994113
1994123
1994133
1994148
1995707
1995770
1995771
1995772
1995773
1995774
1995775
1995776
1995777
1995778
1995779
1997520
1997521
1997530
1997531
1560577
1560587
1560663
1560664
1560665
1560666
1560667
1560677
1560687
1560688
1565770
1565771
1565772
1565773
1565774
1565775
1565776
1565777
1565778
1565779
1565850
1565851
1565852
1565853
1565854
1565855
1565856
1565857
1565858
1565859
1565860
1565861
1565862
1565863
1565864
1565865
1565866
1565867
1565868
1565869
1565870
1565871
1565872
1565873
1565874
1565875
1565876
1565877
1565878
1565879
1566970
1566971
1566972
1566973
1566974
1566975
1566976
1566977
1566978
1566979
1566980
1566981
1566982
1566983
1566984
1566985
1566986
1566987
1566988
1566989
1569577
1569582
1850577
1855756
1855758
1855759
1855770
1859033
1780577
1780587
1781566
1781567
1781568
1781569
1781577
1781578
1781579
1781620
1781621
1781622
1781623
1781624
1781625
1781626
1781627
1781628
1781629
1781630
1781631
1781632
1781633
1781667
1781668
1781680
1781681
1781682
1781683
1781684
1782690
1782691
1785704
1785708
1785722
1785723
1785747
1785748
1785753
1785754
1785755
1785756
1785762
1785803
1785804
1785805
1785806
1785807
1785808
1785809
1785847
1785848
1785870
1785871
1785872
1785873
1785875
1785876
1786787
1786794
1786795
1788827
1789562
1789563
1789564
1789565
1789566
1789567
1789568
1789569
1860577
1860587
1860663
1860664
1860665
1860666
1860667
1862680
1862681
1862682
1862683
1862684
1865770
1865771
1865772
1865773
1865774
1865775
1865776
1865777
1865778
1865779
1865835
1865836
1865837
1865838
1865839
1865870
1865871
1865872
1865873
1865874
1865875
1865876
1865877
1865878
1865879
1866705
1866706
1866707
1866708
1866709
1866770
1866771
1866772
1866773
1866774
1866775
1866776
1866777
1866778
1866779
1866870
1866871
1866872
1866873
1866874
1866875
1866876
1866877
1866878
1866879
1550045
1550046
1550047
1550048
1550049
1550577
1550587
1555755
1555756
1555757
1555758
1555759
1555770
1555771
1555772
1555773
1555774
1555775
1555776
1555777
1555778
1555779
1555870
1555871
1555872
1555873
1555874
1555875
1555876
1555877
1555878
1555879
1555880
1555881
1555882
1555883
1555884
1555885
1555886
1555887
1555888
1555889
1555890
1555891
1555892
1555893
1555894
1555895
1555896
1555897
1555898
1555899
1390058
1390577
1390587
1390663
1390664
1390665
1390666
1390667
1390677
1390687
1395770
1395771
1395772
1395773
1395774
1395775
1395776
1395777
1395778
1395779
1395870
1395871
1395872
1395873
1395874
1395875
1395876
1395877
1395878
1395879
1395880
1395881
1395882
1395883
1395884
1395885
1395886
1395887
1395888
1395889
1395890
1395891
1395892
1395893
1395894
1395895
1395896
1395897
1395898
1395899
1396770
1396771
1396772
1396773
1396774
1396775
1396776
1396777
1396778
1396779
1396870
1396871
1396872
1396873
1396874
1396875
1396876
1396877
1396878
1396879
1396880
1396881
1396882
1396883
1396884
1396885
1396886
1396887
1396888
1396889
1396890
1396891
1396892
1396893
1396894
1396895
1396896
1396897
1396898
1396899
1398970
1398971
1398972
1398973
1398974
1398975
1398976
1398977
1398978
1398979
1671577
1672577
1673034
1673035
1673036
1673577
1300067
1300268
1300269
1300470
1300471
1300472
1300473
1300474
1300475
1301047
1301780
1301781
1301782
1301783
1301784
1301785
1301786
1301787
1301788
1301789
1302090
1302091
1302092
1302093
1302094
1302268
1302269
1302470
1302471
1302472
1302473
1302474
1302475
1302500
1302501
1302502
1302503
1302504
1302505
1302506
1302507
1302508
1302509
1302968
1302969
1303362
1303363
1303422
1303423
1304577
1305770
1305771
1305772
1305773
1305774
1305775
1305776
1305777
1305778
1305779
1305780
1305781
1305782
1305783
1305784
1305785
1305786
1305787
1305788
1305789
1305790
1305791
1305792
1305793
1305794
1305795
1305796
1305797
1305798
1305799
1306450
1306451
1306452
1306453
1306454
1306455
1306456
1306457
1306458
1306459
1307460
1307461
1307462
1307463
1307464
1307465
1307466
1307467
1307468
1307469
1307570
1307571
1307572
1307573
1307574
1307575
1307576
1307577
1307578
1307579
1308393
1308461
1308462
1308463
1308865
1308866
1308867
1308868
1308869
1309190
1309191
1309192
1309193
1309194
1309195
1309196
1309197
1309198
1309199
1309470
1309471
1309472
1309473
1309577
1590577
1590587
1590645
1590646
1590647
1590648
1590649
1590677
1590687
1595770
1595771
1595772
1595773
1595774
1595775
1595776
1595777
1595778
1595779
1595870
1595871
1595872
1595873
1595874
1595875
1595876
1595877
1595878
1595879
1596740
1596741
1596742
1596743
1596744
1596745
1596746
1596747
1596748
1596749
1596770
1596771
1596772
1596773
1596774
1596775
1596776
1596777
1596778
1596779
1596870
1596871
1596872
1596873
1596874
1596875
1596876
1596877
1596878
1596879
1598870
1598871
1598872
1598873
1598874
1598875
1598876
1598877
1598878
1598879
1599070
1599071
1599072
1599073
1599074
1599075
1599076
1599077
1599078
1599079
1770577
1770587
1770663
1770664
1770665
1770666
1770667
1770677
1770687
1774205
1774206
1774207
1775770
1775771
1775772
1775773
1775774
1775775
1775776
1775777
1775778
1775779
1775810
1775811
1775812
1775813
1775814
1776735
1776736
1776737
1776950
1776951
1776952
1776953
1776954
1777402
1777403
1777410
1777411
1777412
1779462
1779463
1779464
1452220
1452221
1452222
1452223
1452224
1452225
1452226
1452227
1452228
1452229
1452246
1453225
1454167
1454177
1454179
1454707
1454717
1454723
1454727
1454740
1454741
1454742
1454743
1454747
1457182
1457183
1457184
1457440
1457441
1457442
1457443
1457444
1457445
1457446
1457447
1457448
1457449
1457450
1457451
1457452
1457453
1457454
1458144
1458145
1458146
1458170
1458171
1458172
1458173
1458174
1458175
1458176
1458177
1458178
1458179
1350577
1350587
1350651
1350652
1350653
1350654
1350655
1350656
1350657
1350661
1350662
1350663
1350664
1350665
1350666
1350667
1350677
1350687
1351148
1351149
1351577
1351587
1356610
1356611
1356612
1356613
1356614
1356615
1356616
1356617
1356618
1356619
1356620
1356621
1356622
1356623
1356624
1356625
1356626
1356627
1356628
1356629
1356770
1356771
1356772
1356773
1356774
1356775
1356776
1356777
1356778
1356779
1357540
1357541
1357542
1357543
1357544
1358740
1358741
1358742
1358743
1358744
1358745
1358746
1358747
1358748
1358749
1358750
1358751
1358752
1358753
1358754
1358755
1358756
1358757
1358758
1358759
1358760
1358761
1358762
1358763
1358764
1358765
1358766
1358767
1358768
1358769
1358770
1358771
1358772
1358773
1358774
1358775
1358776
1358777
1358778
1358779
1358780
1358781
1358782
1358783
1358784
1358785
1358786
1358787
1358788
1358789
1358795
1358796
1358797
1358798
1358799
1358890
1358891
1358892
1358893
1358894
1358895
1358896
1358897
1358898
1358899
1500577
1500587
1505730
1505731
1505732
1505733
1505734
1505735
1505736
1505737
1505738
1505739
1505750
1505751
1505752
1505753
1505754
1505755
1505756
1505757
1505758
1505759
1505770
1505771
1505772
1505773
1505774
1505775
1505776
1505777
1505778
1505779
1505830
1505831
1505832
1505833
1505834
1505835
1505836
1505837
1505838
1505839
1505870
1505871
1505872
1505873
1505874
1505875
1505876
1505877
1505878
1505879
1505890
1505891
1505892
1505893
1505894
1505895
1505896
1505897
1505898
1505899
1506770
1506771
1506772
1506773
1506774
1506775
1506776
1506777
1506778
1506779
1506780
1506781
1506782
1506783
1506784
1506785
1506786
1506787
1506788
1506789
1506822
1506823
1506824
1506825
1506826
1506827
1506828
1506829
1506840
1506841
1506842
1506843
1506844
1506845
1506846
1506847
1506848
1506849
1508855
1508856
1508857
1508858
1508859
1508890
1508891
1508892
1508893
1508894
1508895
1508896
1508897
1508898
1508899
1830577
1830587
1831290
1831291
1831292
1831293
1831294
1832420
1832421
1832422
1832423
1832424
1832425
1832426
1832427
1832428
1832429
1833440
1833441
1833442
1833443
1833444
1833445
1833446
1833447
1833448
1833449
1835770
1835771
1835772
1835773
1835774
1835775
1835776
1835777
1835778
1835779
1835780
1835781
1835782
1835783
1835784
1835870
1835871
1835872
1835873
1835874
1835875
1835876
1835877
1835878
1835879
1836770
1836771
1836772
1836773
1836774
1836775
1836776
1836777
1836778
1836779
1836780
1836781
1836782
1836783
1836784
1836785
1836786
1836787
1836788
1836789
1836870
1836871
1836872
1836873
1836874
1836875
1836876
1836877
1836878
1836879
1570577
1570587
1570675
1570676
1570677
1570678
1570679
1572420
1572421
1572422
1572423
1572424
1572685
1572686
1572687
1572688
1572689
1572780
1572781
1572782
1572783
1572784
1572785
1572786
1575775
1575776
1575777
1575778
1575779
1840577
1840587
1845770
1845771
1845772
1845773
1845774
1845775
1845776
1845777
1845778
1845779
1845845
1845846
1845847
1845848
1845849
1845870
1845871
1845872
1845873
1845874
1845875
1845876
1845877
1845878
1845879
1845880
1845881
1845882
1845883
1845884
1980577
1980587
1981235
1981473
1981750
1981751
1981752
1981753
1981754
1981755
1981756
1981757
1981758
1981759
1981777
1981811
1981812
1981813
1981814
1982287
1982288
1984670
1984671
1984672
1984673
1985705
1985706
1985707
1985770
1985771
1985772
1985773
1985774
1985775
1985776
1985777
1985778
1985779
1985870
1985871
1985872
1985873
1985874
1985875
1985876
1985877
1985878
1985879
1985881
1988327
1988370
1988371
1988372
1988373
1988374
1988375
1988376
1988377
1988378
1988379
1988460
1988461
1988462
1988463
1988464
1988465
1988466
1988467
1988468
1988469
1988470
1988471
1988472
1988473
1988474
1988475
1988476
1988477
1988478
1988479
1988887
1650577
1651257
1651841
1652577
1652668
1652980
1652981
1655779
1655878
1655879
1655880
1655881
1656828
1700560
1700561
1700562
1700577
1700587
1700588
1700670
1700671
1700672
1700673
1700674
1701212
1701213
1701214
1701215
1702220
1702221
1702222
1702223
1702224
1702225
1702226
1702227
1702228
1702229
1702242
1702243
1705104
1705108
1705254
1705357
1705512
1705577
1705924
1705925
1705926
1705927
1705928
1705929
1705930
1705931
1705932
1705933
1705934
1705935
1705936
1705937
1705938
1705939
1705940
1705941
1707440
1707441
1707442
1707443
1707890
1707891
1707892
1707893
1707894
1707895
1707896
1707897
1707898
1707899
1707967
1707968
1707969
1709463
1709464
1709465
1709466
1709467
1709468
1709469
1709498
1709499
1709782
1709783
1709784
1709785
1709786
1709787
1709788
1709789
1709790
1709791
1709792
1709793
1709794
1709795
1709796
1709797
1709798
1709799
1709847
1709848
1709849
1709932
1709933
1910577
1910587
1910687
1914477
1915728
1320577
1320587
1321600
1321601
1321602
1321603
1321604
1321605
1321606
1321607
1321608
1321609
1321647
1322110
1322111
1322112
1322113
1322114
1322115
1322116
1322117
1322118
1322119
1322147
1322185
1322186
1323577
1323587
1324875
1324876
1324877
1324878
1324879
1324890
1324891
1324892
1324893
1324894
1324895
1324896
1324897
1324898
1324899
1325087
1325088
1325089
1325103
1325104
1325105
1325577
1325587
1326230
1326231
1326232
1326233
1326234
1326235
1326236
1326237
1326238
1326239
1326240
1326241
1326242
1326243
1326244
1326245
1326246
1326247
1326248
1326249
1327677
1327687
1328204
1328238
1328244
1328245
1328246
1328247
1328248
1328249
1328254
1328270
1328271
1328272
1328273
1328274
1328275
1328276
1328277
1328278
1328279
1328287
1328288
1328577
1328587
1329147
1329156
1329170
1329171
1329172
1329173
1329174
1329175
1329176
1329177
1329178
1329179
1329577
1329587
1329670
1329689
1750577
1750587
1750667
1880577
1880587
1880677
1880687
1881490
1881491
1881492
1881493
1881494
1881495
1881496
1881497
1881498
1881499
1881500
1881501
1881502
1881503
1881504
1881505
1881506
1881507
1881508
1881509
1881510
1881511
1881512
1881513
1881514
1881515
1881516
1881517
1881518
1881519
1885770
1885771
1885772
1885773
1885774
1885775
1885776
1885777
1885778
1885779
1885783
1885784
1885785
1885870
1885871
1885872
1885873
1885874
1885875
1885876
1885877
1885878
1885879
1885880
1885881
1885882
1885883
1885884
1885885
1885886
1885887
1885888
1885889
1886770
1886771
1886772
1886773
1886774
1886775
1886776
1886777
1886778
1886779
1886825
1886826
1886827
1886828
1886829
1887580
1887581
1887582
1887583
1887584
1370577
1370578
1370587
1370588
1370660
1370661
1370662
1370663
1370664
1370665
1370666
1370667
1370668
1370669
1370677
1370678
1370687
1370688
1373200
1373201
1373202
1373203
1373204
1373205
1373206
1373207
1373208
1373209
1373630
1373631
1373632
1373633
1373634
1373635
1373636
1373637
1373638
1373639
1373670
1373671
1373672
1373673
1373674
1373675
1373676
1373677
1373678
1373679
1373690
1373691
1373692
1373693
1373694
1373695
1373696
1373697
1373698
1373699
1373830
1373831
1373832
1373833
1373834
1373835
1373836
1373837
1373838
1373839
1373870
1373871
1373872
1373873
1373874
1373875
1373876
1373877
1373878
1373879
1375090
1375091
1375770
1375771
1375772
1375773
1375774
1375775
1375776
1375777
1375778
1375779
1375787
1375788
1375789
1375840
1375841
1375842
1375843
1375844
1375845
1375846
1375847
1375848
1375849
1375870
1375871
1375872
1375873
1375874
1375875
1375876
1375877
1375878
1375879
1375880
1375881
1375882
1375883
1375884
1375885
1375886
1375887
1375888
1375889
1377770
1377771
1377772
1377773
1377774
1377775
1377776
1377777
1377778
1377779
1378010
1378011
1378012
1378013
1378014
1378015
1378016
1378017
1378018
1378019
1470577
1470587
1475725
1475726
1475727
1475728
1475729
1475750
1475751
1475752
1475753
1475754
1475770
1475771
1475772
1475773
1475774
1475775
1475776
1475777
1475778
1475779
1810015
1810016
1810577
1810587
1810670
1810671
1810672
1810673
1810674
1810675
1810676
1810677
1810678
1810679
1814206
1814207
1814208
1815770
1815771
1815772
1815773
1815774
1815775
1815776
1815777
1815778
1815779
1815830
1815831
1815832
1815833
1815834
1815877
1816728
1816729
1816738
1816739
1520577
1520587
1522410
1522411
1522412
1522413
1522414
1522415
1522416
1522417
1522418
1522419
1525770
1525771
1525772
1525773
1525774
1525775
1525776
1525777
1525778
1525779
1525800
1525801
1525802
1525803
1525804
1525805
1525806
1525807
1525808
1525809
1525840
1525841
1525842
1525843
1525844
1525845
1525846
1525847
1525848
1525849
1525862
1525863
1525864
1525865
1525866
1525867
1525868
1525869
1525870
1525871
1525872
1525873
1525874
1525875
1525876
1525877
1525878
1525879
1526770
1526771
1526772
1526773
1526774
1526775
1526776
1526777
1526778
1526779
1510577
1510587
1515770
1515771
1515772
1515773
1515774
1515775
1515776
1515777
1515778
1515779
1515840
1515841
1515842
1515843
1515844
1515845
1515846
1515847
1515848
1515849
1515850
1515851
1515852
1515853
1515854
1515855
1515856
1515857
1515858
1515859
1515860
1515861
1515862
1515863
1515864
1515865
1515866
1515867
1515868
1515869
1515870
1515871
1515872
1515873
1515874
1515875
1515876
1516740
1516741
1516742
1516743
1516744
1516745
1516746
1516747
1516748
1516749
1516770
1516771
1516772
1516773
1516774
1516775
1516776
1516777
1516778
1516779
1516780
1516781
1516782
1516783
1516784
1516785
1516786
1516787
1516788
1516789
1516870
1516871
1516872
1516873
1516874
1516875
1516876
1516877
1516878
1516879
1820577
1820587
1825770
1825771
1825772
1825773
1825774
1825775
1825776
1825777
1825778
1825779
1826770
1826771
1826772
1826773
1826774
1826775
1826776
1826777
1826778
1826779
1826780
1826781
1826782
1826783
1826784
1826785
1826786
1826787
1826788
1826789
1345480
1345481
1345482
1345483
1345484
1345485
1345486
1345487
1345488
1345489
1345600
1345601
1345602
1345603
1345604
1345605
1345606
1345607
1345608
1345609
1348670
1348671
1348672
1348673
1348674
1348675
1348676
1348677
1348678
1348679
1580577
1580587
1582540
1582541
1582542
1582543
1582544
1582560
1582561
1582562
1582563
1582564
1582565
1582566
1582567
1582568
1582569
1585770
1585771
1585772
1585773
1585774
1585775
1585776
1585777
1585778
1585779
1585800
1585801
1585802
1585803
1585804
1585850
1585851
1585852
1585853
1585854
1585855
1585856
1585857
1585858
1585859
1585870
1585871
1585872
1585873
1585874
1585875
1585876
1585877
1585878
1585879
1585880
1585881
1585882
1585883
1585884
1585885
1585886
1585887
1585888
1585889
1586770
1586771
1586772
1586773
1586774
1586775
1586776
1586777
1586778
1586779
1586800
1586801
1586802
1586803
1586804
1586805
1586806
1586807
1586808
1586809
1586850
1586851
1586852
1586853
1586854
1586855
1586856
1586857
1586858
1586859
1586870
1586871
1586872
1586873
1586874
1586875
1586876
1586877
1586878
1586879
1586940
1586941
1586942
1586943
1586944
1586945
1586946
1586947
1586948
1586949
1586960
1586961
1586962
1586963
1586964
1586965
1586966
1586967
1586968
1586969
1588820
1588821
1588822
1588823
1588824
1588825
1588826
1588827
1588828
1588829
1588840
1588841
1588842
1588843
1588844
1588845
1588846
1588847
1588848
1588849
1588870
1588871
1588872
1588873
1588874
1588875
1588876
1588877
1588878
1588879
1760577
1760587
1760677
1768170
1768171
1768172
1768173
1768174
1768175
1768176
1768177
1768178
1768179
1768197
1768198
1768241
1310577
1310610
1310611
1310612
1310613
1310614
1310615
1310616
1310617
1310618
1310619
1310775
1310776
1310777
1310778
1310779
1311577
1311581
1311582
1311583
1311584
1311585
1311586
1311587
1311588
1311589
1312397
1312398
1312399
1314270
1314271
1314272
1314273
1314274
1314275
1314276
1314277
1314278
1314279
1315770
1315771
1315772
1315773
1315774
1315775
1315776
1315777
1315778
1315779
1316490
1316491
1316492
1316583
1316584
1316585
1316586
1316587
1316588
1316589
1317350
1317351
1317352
1317353
1317354
1317355
1317356
1317357
1317358
1317359
1317560
1317561
1317562
1317563
1317564
1317565
1317566
1317567
1317568
1317569
1318425
1318426
1318427
1318428
1318429
1318447
1318577
1318581
1318582
1318583
1318584
1318585
1318586
1318587
1318588
1318589
1318680
1318681
1318682
1318683
1318684
1730099
1730577
1730587
1730677
1730687
1732677
1732678
1732679
1732880
1732881
1732882
1732883
1732884
1733620
1733621
1733622
1733623
1734683
1734684
1734685
1734860
1734861
1734862
1734863
1734864
1735477
1735478
1735770
1735771
1735772
1735773
1735774
1735775
1735776
1735777
1735778
1735779
1736584
1736585
1736586
1736587
1736715
1736716
1736717
1736718
1736719
1737400
1737401
1737402
1737403
1737404
1737405
1737406
1737407
1737408
1737409
1739577
1739808
1739809
1380653
1380654
1380655
1380660
1380661
1380662
1380668
1380669
1380680
1380681
1380682
1380683
1380684
1380685
1380686
1380687
1380688
1380689
1381970
1381971
1381972
1381973
1381974
1381975
1381976
1381977
1381978
1381979
1385770
1385771
1385772
1385773
1385774
1385775
1385776
1385777
1385778
1385779
1385870
1385871
1385872
1385873
1385874
1385875
1385876
1385877
1385878
1385879
1385880
1385881
1385882
1385883
1385884
1385885
1385886
1385887
1385888
1385889
1386770
1386771
1386772
1386773
1386774
1386775
1386776
1386777
1386778
1386779
1386830
1386831
1386832
1386833
1386834
1386835
1386836
1386837
1386838
1386839
1386840
1386841
1386842
1386843
1386844
1386845
1386846
1386847
1386848
1386849
1386850
1386851
1386852
1386853
1386854
1386855
1386856
1386857
1386858
1386859
1386860
1386861
1386862
1386863
1386864
1386865
1386866
1386867
1386868
1386869
1386870
1386871
1386872
1386873
1386874
1386875
1386876
1386877
1386878
1386879
1386880
1386881
1386882
1386883
1386884
1386885
1386886
1386887
1386888
1386889
1660577
1660587
1665727
1665728
1665729
1870577
1870587
1875705
1875706
1875707
1875708
1875709
1875770
1875771
1875772
1875773
1875774
1875775
1875776
1875777
1875778
1875779
1875870
1875871
1875872
1875873
1875874
1875875
1875876
1875877
1875878
1875879
1876745
1876746
1876747
1876748
1876749
1876770
1876771
1876772
1876773
1876774
1876775
1876776
1876777
1876778
1876779
