1370854
1376540
1376541
1376542
1376543
1376544
1376545
1376546
1376547
1376548
1376549
1376575
1376576
1376577
1376578
1376579
1470854
1472740
1472741
1472742
1472743
1472744
1478514
1478520
1478521
1478522
1478561
1478562
1478563
1478564
1478565
1478585
1478586
1478587
1478588
1478589
1880854
1888540
1888541
1888542
1888543
1888544
1888545
1888546
1888547
1888548
1888549
1888640
1888641
1888642
1888643
1888644
1888645
1888646
1888647
1888648
1888649
1889255
1889256
1889257
1889258
1889259
1750854
1758424
1758434
1758444
1758484
1758485
1758486
1758487
1758508
1758534
1758535
1758536
1758604
1758614
1758624
1758634
1758681
1758682
1758683
1758684
1758685
1758686
1758694
1758854
1810854
1814354
1814359
1818414
1818540
1818541
1818542
1818543
1818544
1818545
1818546
1818547
1818548
1818549
1818595
1818804
1818814
1818854
1819865
1819866
1819867
1819868
1819869
1520854
1528530
1528531
1528532
1528533
1528534
1528535
1528536
1528537
1528538
1528539
1528620
1528621
1528622
1528623
1528624
1528625
1528626
1528627
1528628
1528629
1980840
1980841
1980842
1980843
1980844
1980854
1570854
1570864
1571854
1571864
1572170
1576119
1576120
1576121
1576122
1576123
1576124
1577240
1577241
1577242
1577243
1577244
1577245
1577246
1577247
1577248
1577249
1840854
1848430
1848431
1848432
1848433
1848434
1848435
1848436
1848437
1848438
1848439
1848535
1848536
1848537
1848538
1848539
1848540
1848541
1848542
1848543
1848544
1848620
1848621
1848622
1848623
1848624
1848625
1848626
1848627
1848628
1848629
1910854
1911768
1911789
1916513
1916516
1918434
1918435
1918443
1918444
1918454
1918504
1918530
1918535
1918536
1918537
1918538
1918539
1918544
1918550
1918551
1918552
1918553
1918554
1918555
1918556
1918557
1918558
1320856
1700854
1701873
1701874
1701875
1730854
1731193
1731194
1736509
1738504
1738514
1738535
1738540
1738545
1738588
1311642
1311643
1311854
1312364
1312466
1315814
1315816
1315824
1315834
1319514
1319524
1870854
1872280
1872281
1872282
1872283
1872284
1872285
1872286
1872287
1872288
1872289
1874475
1874476
1874477
1874478
1874479
1878540
1878541
1878542
1878543
1878544
1878545
1878546
1878547
1878548
1878549
1878635
1878636
1878637
1878638
1878639
1879820
1879821
1879822
1879823
1879824
1879825
1879826
1879827
1879828
1879829
1879840
1879841
1879842
1879843
1879844
1388540
1388541
1388542
1388543
1388544
1388545
1388546
1388547
1388548
1388549
1660854
1668384
1668394
1668474
1668484
1668494
1668504
1668514
1668524
1668544
1668570
1668571
1668572
1668573
1668574
1668788
1668789
1510854
1511780
1511781
1511782
1511783
1511784
1511785
1511786
1511787
1511788
1511789
1512135
1512136
1512137
1512138
1512139
1518077
1518078
1518079
1518545
1518546
1518547
1518548
1518549
1518550
1518551
1518552
1518553
1518554
1820854
1822480
1822481
1822482
1822483
1822484
1822485
1822486
1822487
1822488
1822489
1828540
1828541
1828542
1828543
1828544
1828545
1828546
1828547
1828548
1828549
1828640
1828641
1828642
1828643
1828644
1828645
1828646
1828647
1828648
1828649
1580854
1588540
1588541
1588542
1588543
1588544
1588545
1588546
1588547
1588555
1588556
1588557
1588558
1588559
1760854
1767894
1768414
1768418
1768514
1768526
1768533
1768538
1330854
1331044
1331074
1331236
1331237
1331238
1331444
1331448
1332964
1333964
1336854
1336864
1337854
1337961
1337962
1338518
1338554
1339854
1560854
1568500
1568501
1568502
1568503
1568504
1568505
1568506
1568507
1568508
1568509
1568540
1568800
1569270
1780854
1788523
1788524
1788525
1788526
1788527
1788615
1789854
1850854
1858510
1858511
1858512
1858513
1858514
1858515
1858516
1858517
1858544
1858566
1858567
1858568
1858569
1859389
1990854
1991703
1991705
1991707
1998504
1998527
1998534
1998544
1998553
1998573
1998583
1800854
1808310
1808311
1808312
1808313
1808422
1808423
1808424
1808440
1808441
1808442
1808443
1808444
1808445
1808446
1808447
1808448
1808449
1808504
1808540
1808541
1808542
1808543
1808544
1808545
1808546
1808547
1808548
1808549
1530854
1532904
1532914
1532924
1532934
1532944
1532954
1532964
1532966
1532974
1532984
1532996
1533855
1533866
1533959
1534858
1890854
1893202
1893203
1893204
1893444
1893445
1898463
1898464
1898506
1898507
1898508
1898544
1898575
1898576
1898577
1898578
1898579
1361854
1362854
1363800
1363801
1363802
1363803
1363804
1363854
1364854
1365854
1366854
1367854
1368854
1953458
1452560
1454384
1454394
1459360
1459361
1459362
1459363
1459364
1350850
1350854
1351854
1359540
1359541
1359542
1359543
1359544
1359545
1359546
1359547
1359548
1359549
1590854
1598540
1598541
1598542
1770854
1771662
1771804
1778484
1778504
1778528
1778547
1778548
1778549
1778552
1500854
1508514
1508515
1508516
1508517
1508582
1508610
1508611
1508612
1508613
1508614
1508615
1508616
1508617
1508618
1508619
1830854
1830864
1837500
1837501
1837502
1837503
1837504
1837505
1837506
1837507
1837508
1837509
1837510
1837511
1837512
1837513
1837514
1837515
1837516
1837517
1837518
1837519
1837520
1837521
1837522
1837523
1837524
1838546
1838547
1838548
1838549
1838550
1838551
1838552
1838553
1838554
1838555
1838556
1838557
1838558
1838559
1838560
1838561
1838562
1838563
1838564
1838565
1838566
1390854
1398444
1398506
1398507
1398508
1398575
1398576
1398577
1398578
1398579
1860854
1868412
1868506
1868507
1868508
1868509
1868531
1868532
1868540
1869070
1550854
1551940
1551941
1551942
1551943
1551945
1551946
1551948
1551949
1558518
1558519
1559777
1559778
1559779
1559940
1559941
1559942
1559943
1559944
1301702
1301703
1303555
1304852
1304853
1304952
1304953
1308691
1308692
1308693
1309684
1309854
1930854
1931676
1931677
1931678
1931679
1933854
1938004
1938554
1939114
1939505
1939524
1939528
1939530
