1660823
1660826
1668307
1668308
1668324
1668325
1388260
1388261
1388262
1388263
1388264
1388265
1388266
1388267
1388268
1388269
1872860
1872861
1872862
1872863
1872864
1872865
1872866
1872867
1872868
1872869
1878260
1878261
1878262
1878263
1878264
1878265
1878266
1878267
1878268
1878269
1878415
1878416
1878417
1878418
1878419
1878420
1878421
1878422
1310826
1310842
1311823
1311824
1311825
1315846
1315872
1318390
1318391
1319481
1319810
1319811
1319877
1731161
1731186
1731187
1731188
1731342
1731343
1731344
1734033
1734533
1734534
1734535
1734536
1734537
1734538
1736691
1736692
1736906
1736907
1736908
1738027
1738028
1738029
1738030
1340826
1341930
1341931
1343862
1343863
1344006
1345890
1345891
1760826
1762823
1762826
1762861
1762862
1762863
1762864
1762872
1762895
1768311
1580826
1588255
1588256
1588257
1588258
1588259
1588490
1588491
1588492
1588493
1588494
1589235
1589236
1589237
1589238
1589239
1822435
1822436
1822437
1822438
1822439
1822795
1822796
1822797
1828095
1828096
1828097
1828098
1828099
1828260
1828261
1828262
1828263
1828264
1828265
1828266
1828267
1828268
1828269
1518200
1518201
1518202
1518203
1518204
1518265
1518266
1518267
1518268
1518269
1519652
1519653
1522850
1522851
1522852
1522853
1528260
1528261
1528262
1528263
1528264
1528265
1528266
1528267
1528268
1528269
1528490
1528491
1528492
1528493
1528494
1528495
1528496
1811139
1811149
1811348
1811349
1811350
1814805
1816012
1816112
1816113
1816114
1816115
1816116
1818026
1818179
1818180
1818181
1818182
1818183
1818184
1818185
1818832
1750822
1750826
1752810
1752811
1752812
1752813
1758215
1880826
1880828
1880844
1880845
1880846
1888265
1888266
1888267
1888268
1888269
1889270
1889271
1889272
1889273
1889274
1470820
1470821
1470822
1470823
1470824
1470825
1470826
1470827
1470828
1470829
1472683
1472684
1320822
1321924
1321925
1321926
1321927
1322830
1325849
1328168
1328176
1328177
1910826
1910828
1913020
1913021
1913022
1913023
1913024
1913025
1913026
1913027
1913028
1913029
1914075
1914076
1914077
1914078
1914079
1915098
1915099
1916020
1916063
1916064
1916146
1916147
1918032
1918033
1918260
1918261
1918262
1918263
1918264
1918265
1918266
1918267
1918268
1918269
1918345
1918346
1918347
1918348
1918349
1918355
1840814
1840815
1848260
1848261
1848262
1848263
1848264
1848265
1848266
1848267
1848268
1848269
1570030
1570031
1570032
1570033
1570034
1570050
1570051
1570052
1570053
1570054
1570826
1572971
1576020
1576063
1576064
1980826
1981291
1982726
1982727
1982728
1982740
1982790
1982791
1982792
1984877
1984878
1984879
1988260
1988261
1988262
1988263
1988264
1988265
1988266
1650826
1650835
1651218
1651501
1651507
1651826
1652778
1652779
1838110
1838111
1838112
1838113
1838114
1838260
1838261
1838262
1838263
1838264
1838265
1838266
1838267
1838268
1838269
1838450
1838451
1838452
1838453
1838454
1839850
1839851
1839852
1839853
1839854
1839855
1839856
1839857
1839858
1839859
1508265
1508266
1508267
1508268
1508269
1771345
1771386
1771387
1773686
1773811
1773812
1774011
1774282
1774283
1774324
1774508
1774801
1776038
1776115
1776495
1776540
1777553
1777858
1778026
1778093
1778094
1778106
1778173
1778174
1778175
1778862
1779029
1779039
1779041
1590833
1590843
1592826
1592827
1598260
1598261
1598262
1598263
1598264
1598265
1598266
1598267
1598268
1598269
1598345
1598346
1598347
1598348
1598349
1452826
1454572
1459320
1459321
1459322
1459323
1459324
1350828
1351839
1354154
1354155
1354185
1354186
1354187
1354188
1354198
1354199
1354750
1354751
1354752
1354753
1354754
1354848
1354849
1355098
1355099
1355160
1355161
1355162
1355195
1355196
1355197
1356838
1356839
1726091
1930826
1930828
1305652
1305653
1305654
1305655
1308435
1308639
1308812
1309284
1550825
1550826
1552051
1552052
1558354
1558370
1860826
1868260
1868261
1868262
1868263
1868264
1868266
1868267
1868268
1390828
1398032
1398033
1398260
1398261
1398262
1398263
1398264
1398265
1398266
1398267
1398268
1398269
1990902
1991543
1991544
1993400
1993401
1993402
1993403
1993422
1993862
1993863
1995098
1995099
1996000
1996001
1996002
1996020
1996063
1996064
1996110
1996111
1996112
1996113
1996114
1996115
1996122
1996123
1996124
1996125
1996126
1996127
1996128
1996129
1998032
1998033
1998169
1998173
1998174
1998175
1998176
1998177
1998178
1998179
1998180
1998181
1998182
1998183
1998244
1998245
1850814
1850815
1850826
1858204
1858210
1858260
1858261
1858264
1780826
1782861
1782862
1782863
1782864
1784478
1784479
1786707
1788352
1788353
1788354
1560828
1567692
1568032
1568033
1568143
1568144
1568182
1568183
1569286
1330828
1332062
1333062
1334062
1335022
1335046
1335090
1335091
1337822
1338814
1338815
1339843
1360827
1361907
1362909
1364909
1365909
1367826
1368826
1369617
1369618
1369836
1369964
1369965
1890828
1891953
1898032
1898033
1898260
1898261
1898262
1898263
1898264
1898265
1898266
1898267
1898268
1898269
1530828
1532828
1532854
1532855
1532856
1534814
1534828
1535133
1535134
1537843
1537858
1537859
1539017
1539769
1800826
1804810
1806495
1808027
1808028
1808029
1808142
1808143
1808490
1808491
1808697
1808698
1809027
1809028
1809029
1809050
1809051
1809052
1809053
1809636
