1580996
1588686
1589900
1589901
1589902
1589903
1589904
1760996
1769148
1769149
1769916
1769923
1769924
1769969
1769996
1510996
1519939
1519990
1519991
1519992
1519993
1519994
1820996
1829977
1829978
1829979
1829980
1829981
1829982
1829983
1829984
1870996
1874285
1874286
1874287
1874288
1879908
1879909
1879980
1879981
1879982
1879983
1879984
1879985
1879998
1389900
1389901
1389902
1389903
1389904
1389905
1389906
1389907
1389908
1389909
1660996
1730996
1734996
1734997
1739750
1739751
1739752
1739753
1739754
1739755
1739756
1739757
1739914
1739915
1311907
1311996
1313972
1313973
1313984
1313985
1313996
1315023
1315024
1315025
1315026
1317987
1317996
1319972
1319996
1320113
1320114
1320115
1320904
1323906
1323907
1323985
1323996
1327904
1327977
1327978
1327996
1328996
1980996
1570996
1571495
1571908
1571997
1573935
1573936
1573937
1573938
1573939
1573947
1573980
1573981
1573982
1573983
1573984
1573985
1573986
1573987
1573988
1573989
1840996
1844968
1844969
1844970
1844971
1844972
1844973
1844974
1810641
1810642
1810643
1810996
1811694
1813905
1813906
1813907
1813908
1813909
1813929
1813940
1813941
1814984
1814986
1814996
1816027
1816028
1816029
1816740
1816741
1816770
1819620
1819621
1819622
1819623
1819624
1819625
1819626
1819627
1819628
1819629
1819640
1819642
1819643
1819644
1819645
1819646
1819647
1819648
1819649
1819920
1819921
1819922
1819923
1819924
1819996
1520996
1527614
1527615
1527616
1527617
1527618
1527619
1527620
1527621
1527622
1527623
1527624
1527625
1527626
1527627
1527628
1527629
1527646
1527647
1529934
1529935
1529936
1529937
1370995
1370996
1377904
1377923
1377924
1377930
1377931
1377932
1377933
1377934
1377963
1377964
1377965
1377966
1377967
1377968
1377969
1470996
1479907
1479908
1479909
1479945
1479946
1479960
1479961
1479962
1479963
1479964
1479965
1479966
1479967
1479968
1479969
1880900
1880904
1880996
1889082
1889083
1889084
1889901
1889967
1889968
1889969
1750996
1302962
1303123
1303124
1303125
1304045
1307000
1307001
1309407
1309516
1390996
1399900
1399901
1399902
1399960
1399961
1399962
1860996
1869066
1869068
1869069
1869956
1869960
1869961
1869962
1869963
1869964
1869965
1869966
1869967
1869968
1869969
1550996
1500156
1500157
1500158
1500159
1509922
1509923
1509924
1509925
1509926
1509945
1509946
1509947
1509948
1509949
1830900
1830996
1839977
1839978
1839979
1450996
1452786
1452794
1454541
1454558
1459664
1459668
1459669
1459776
1459783
1459784
1459795
1459796
1459797
1356500
1356501
1356502
1356503
1356504
1356505
1356506
1356507
1356508
1356509
1356574
1356575
1356576
1357900
1357901
1357902
1357903
1357904
1357948
1357949
1590996
1599900
1599901
1599902
1599943
1770996
1776765
1776766
1776767
1779482
1779489
1779797
1779944
1779945
1779950
1779951
1890996
1893574
1893575
1896385
1899760
1899761
1899762
1899900
1899901
1899902
1899960
1899961
1899962
1361995
1362996
1363999
1366750
1366751
1366752
1366753
1366754
1366755
1366756
1369933
1369934
1800996
1803483
1804085
1804095
1808398
1808399
1809481
1809580
1809583
1809585
1809680
1809684
1809687
1809688
1809945
1809946
1809958
1809959
1809977
1809996
1530996
1533796
1535252
1535276
1560996
1568482
1568830
1569925
1569926
1569927
1569928
1569929
1569934
1780996
1789996
1850996
1859924
1859926
1859936
1859946
1859947
1330996
1331907
1331977
1331996
1332550
1334532
1334533
1334545
1336484
1336485
1336907
1336985
1336986
1336996
1337976
1339904
1339975
1339976
1339996
