1590312
1590322
1590323
1590332
1593004
1593020
1593021
1593022
1593023
1593024
1593025
1593026
1593027
1593028
1593029
1593043
1593047
1593048
1593070
1593071
1593072
1593073
1593074
1593075
1593076
1593077
1593092
1593120
1593121
1593122
1593123
1593124
1593125
1593126
1593127
1593128
1593129
1593143
1593147
1593176
1593177
1593178
1593179
1593180
1593181
1593182
1593183
1593184
1593185
1593186
1593187
1593188
1593189
1593194
1593202
1593207
1593212
1593213
1593217
1593218
1593222
1593223
1593224
1593226
1593227
1593228
1593302
1593307
1593308
1593312
1593322
1593323
1593324
1593332
1593343
1593344
1593345
1593346
1593347
1593348
1593349
1593351
1593352
1593353
1593354
1593355
1593356
1593357
1593358
1593359
1593373
1593374
1593375
1593376
1593377
1593378
1593379
1593390
1593391
1593392
1593393
1593394
1593395
1593396
1593397
1593398
1770312
1770322
1770332
1771320
1771321
1771322
1771323
1771324
1771325
1771326
1771327
1771328
1771329
1771712
1771717
1771770
1772554
1772555
1773057
1773120
1773121
1773122
1773123
1773124
1773125
1773126
1773127
1773128
1773129
1773182
1773183
1773184
1773185
1773186
1773187
1773188
1773189
1773220
1773221
1773222
1773223
1773224
1773225
1773226
1773227
1773228
1773229
1773240
1773241
1773242
1773243
1773244
1773245
1773265
1773266
1773320
1773321
1773322
1773402
1773425
1773426
1773427
1773428
1773434
1773435
1773436
1773437
1773438
1773439
1773620
1773621
1773622
1773623
1773624
1773625
1773626
1773627
1773628
1773629
1774365
1774988
1774989
1776905
1776906
1777250
1777251
1777252
1777253
1777888
1778822
1963333
1350312
1350322
1350332
1350336
1350338
1351312
1351322
1351328
1351332
1351340
1351341
1351342
1351343
1358205
1358206
1358207
1358208
1358209
1358220
1358221
1358222
1358223
1358224
1358225
1358226
1358227
1358228
1358229
1358237
1358238
1358239
1358262
1358282
1358299
1450226
1450227
1450228
1450229
1450312
1452120
1452121
1452122
1452123
1452124
1452125
1452126
1452127
1452128
1454122
1454132
1457730
1457731
1500312
1500322
1500332
1502780
1502781
1502782
1502783
1502784
1502785
1502786
1502787
1502788
1502789
1502820
1502821
1502822
1502823
1502824
1502825
1502826
1502827
1502828
1502829
1502842
1502843
1502844
1503020
1503021
1503022
1503023
1503024
1503025
1503026
1503027
1503028
1503029
1503120
1503121
1503122
1503123
1503124
1503125
1503126
1503127
1503128
1503129
1503164
1503196
1503197
1503198
1503220
1503221
1503222
1503223
1503224
1503225
1503226
1503227
1503228
1503229
1503247
1503248
1503249
1503312
1503320
1503321
1503322
1503323
1503324
1503325
1503326
1503327
1503328
1503329
1503330
1503370
1503371
1503372
1503373
1503374
1503375
1503376
1503377
1503378
1503379
1503380
1503381
1503382
1503383
1503384
1507520
1507521
1507522
1507523
1507524
1507525
1507526
1507527
1507528
1507529
1507542
1507625
1507626
1507627
1507628
1507629
1507634
1507638
1507639
1507642
1507644
1508120
1508121
1508122
1508123
1508124
1508125
1508126
1508127
1508128
1508129
1508142
1509740
1509741
1509742
1509743
1509744
1509745
1509770
1509771
1509772
1509773
1509774
1509775
1509776
1509777
1509778
1509779
1830312
1833020
1833021
1833022
1833023
1833024
1833025
1833026
1833027
1833028
1833029
1833100
1833101
1833102
1833103
1833104
1833105
1833106
1833107
1833108
1833109
1833110
1833111
1833112
1833113
1833114
1833115
1833116
1833117
1833118
1833119
1833120
1833121
1833122
1833123
1833124
1833125
1833126
1833127
1833128
1833129
1833280
1833281
1833282
1833283
1833284
1833285
1833286
1833287
1833288
1833289
1833320
1833321
1833322
1833323
1833324
1833325
1833326
1833327
1833328
1833329
1834890
1834891
1834892
1834893
1834894
1834895
1834896
1834897
1834898
1834899
1839565
1839566
1839567
1839568
1839569
1623125
1623126
1623136
1860312
1860322
1860332
1861747
1861748
1861749
1861775
1861776
1861777
1861778
1861779
1861780
1863020
1863021
1863022
1863023
1863024
1863025
1863026
1863027
1863028
1863029
1863120
1863121
1863122
1863123
1863124
1863125
1863126
1863127
1863128
1863129
1863220
1863221
1863222
1863223
1863224
1863225
1863226
1863227
1863228
1863229
1863320
1863321
1863322
1863323
1863324
1863325
1863326
1863327
1863328
1863329
1863362
1863363
1863364
1863418
1863419
1869420
1869421
1550312
1551120
1551121
1551122
1551123
1551124
1551125
1551126
1551127
1551128
1551129
1551220
1551221
1551222
1551223
1551224
1551225
1551226
1551227
1551228
1553020
1553021
1553022
1553023
1553024
1553025
1553026
1553027
1553028
1553029
1553120
1553121
1553122
1553123
1553124
1553125
1553126
1553127
1553128
1553129
1553220
1553221
1553222
1553223
1553224
1553225
1553226
1553227
1553228
1553229
1553312
1553320
1553321
1553322
1553323
1553324
1553325
1553326
1553327
1553328
1553329
1554490
1554491
1554492
1554493
1554494
1554495
1554496
1554497
1554498
1554499
1555491
1555492
1555493
1555494
1555495
1555496
1555499
1390312
1390322
1390332
1390336
1393020
1393021
1393022
1393023
1393024
1393025
1393026
1393027
1393028
1393029
1393080
1393081
1393082
1393083
1393084
1393085
1393086
1393087
1393088
1393089
1393120
1393121
1393122
1393123
1393124
1393125
1393126
1393127
1393128
1393129
1393134
1393135
1393136
1393137
1393138
1393139
1393169
1393220
1393221
1393222
1393223
1393224
1393225
1393226
1393227
1393228
1393229
1393320
1393321
1393322
1393323
1393324
1393325
1393326
1393327
1393328
1393329
1393389
1393397
1671312
1671504
1671509
1672312
1673312
1674059
1674060
1674312
1726877
1300140
1300187
1301140
1301141
1301190
1301191
1301192
1301205
1301206
1301207
1301324
1301325
1301430
1302080
1302081
1302082
1302140
1302187
1303200
1303201
1303202
1303203
1303204
1303205
1303206
1303207
1303208
1304312
1307050
1307051
1307052
1307053
1307054
1307055
1307056
1307057
1307058
1307059
1308042
1308049
1308230
1308231
1308232
1308233
1308234
1308235
1308236
1308237
1308238
1308239
1309120
1309121
1309122
1309123
1309124
1309125
1309126
1930312
1930671
1930672
1930679
1931258
1932122
1932222
1933120
1933121
1933122
1933123
1933126
1933286
1933312
1933330
1933331
1933332
1933335
1933488
1935811
1935815
1330302
1330312
1330322
1330326
1330332
1331302
1331312
1331322
1331323
1331324
1331332
1331520
1331521
1331522
1331523
1331524
1331525
1331526
1331527
1331528
1331529
1331540
1331541
1331542
1331543
1331544
1332302
1332312
1332322
1332324
1333120
1333121
1333122
1333123
1333124
1333125
1333126
1333127
1333128
1333129
1333302
1333312
1333322
1333324
1334302
1334308
1334309
1334312
1334322
1334332
1336312
1337302
1337312
1337322
1337324
1337332
1337342
1337352
1337354
1338302
1338312
1338322
1338326
1338332
1338362
1339302
1339312
1339322
1339332
1339860
1339862
1339863
1339864
1710398
1712163
1712164
1712165
1712166
1712167
1712168
1712169
1712170
1712171
1712172
1713312
1715312
1715314
1715324
1715420
1715421
1715422
1715423
1715424
1715425
1715426
1715427
1715428
1715429
1716124
1716304
1716312
1716314
1716326
1716327
1716328
1716329
1717120
1717121
1717122
1717123
1717125
1717126
1717127
1717128
1717129
1717300
1717301
1717302
1717303
1717305
1717306
1717307
1717312
1718300
1718301
1718302
1718303
1718304
1718305
1718306
1718307
1718308
1718312
1718314
1718324
1718420
1718421
1719312
1990312
1990322
1990332
1990336
1991210
1991211
1991212
1991213
1991214
1991215
1991216
1991217
1993120
1993121
1993122
1993123
1993124
1993125
1993126
1993127
1993128
1993129
1993242
1993243
1993244
1993250
1993253
1993255
1993256
1993257
1993258
1993259
1993330
1993331
1993332
1993333
1993334
1993335
1993336
1993337
1993338
1993339
1993350
1993351
1993352
1993353
1993354
1993355
1993356
1993357
1993358
1993359
1993382
1994357
1994358
1994359
1994360
1994361
1994362
1994363
1994364
1994365
1994366
1994367
1994368
1994369
1994830
1994831
1994832
1994842
1560312
1560320
1560321
1560322
1560323
1560324
1560325
1560326
1560327
1560328
1560329
1561220
1561221
1561222
1561223
1561224
1561225
1561226
1561227
1561228
1561229
1561320
1561321
1561322
1561323
1561324
1561325
1561326
1561327
1561328
1561329
1561420
1561421
1561422
1561423
1561424
1561440
1561441
1561442
1561443
1561444
1561445
1561446
1561447
1561448
1561449
1563020
1563021
1563022
1563023
1563024
1563025
1563026
1563027
1563028
1563029
1563080
1563081
1563082
1563083
1563084
1563085
1563086
1563087
1563088
1563089
1563120
1563121
1563122
1563123
1563124
1563125
1563126
1563127
1563128
1563129
1563220
1563221
1563222
1563223
1563224
1563225
1563226
1563227
1563228
1563229
1563312
1563320
1563321
1563322
1563323
1563324
1563325
1563326
1563327
1563328
1563329
1563370
1563371
1563372
1563373
1563374
1563375
1563376
1563377
1563378
1563379
1569020
1569021
1569022
1569023
1569024
1569025
1569043
1569044
1569484
1850312
1853120
1853121
1853122
1853123
1853124
1853125
1853126
1853127
1853128
1853129
1853220
1853221
1853222
1853223
1853224
1853238
1853239
1853267
1853268
1853269
1853289
1780032
1780302
1780312
1780322
1780332
1783101
1783102
1783103
1783122
1783123
1783124
1783132
1783142
1783152
1783202
1783212
1783222
1783232
1783242
1783252
1783262
1783272
1783282
1783292
1783293
1788652
1788872
1789757
1789758
1789759
1789760
1800032
1800042
1800043
1800044
1800062
1800064
1800312
1800322
1800332
1803120
1803121
1803122
1803123
1803124
1803127
1803128
1803129
1803402
1803412
1803422
1530312
1530322
1530332
1533105
1533312
1533322
1533326
1533332
1534312
1535060
1535061
1535062
1535402
1535412
1535422
1535432
1535442
1535443
1536921
1536922
1536923
1536924
1536925
1536926
1536927
1536928
1536929
1537312
1537322
1538302
1538312
1538322
1538332
1538372
1360312
1360322
1360324
1360328
1360332
1361312
1361322
1361332
1361339
1362312
1362322
1362332
1363085
1363086
1363312
1363322
1363332
1363338
1364312
1364322
1364332
1364339
1365312
1365322
1365332
1366312
1366322
1366324
1366330
1366331
1366332
1366339
1367312
1367322
1367328
1951112
1951770
1951771
1951772
1951773
1951774
1951775
1951776
1951777
1952710
1953333
1954202
1954399
1954556
1956377
1956378
1956389
1956615
1956802
1956806
1956808
1890312
1890322
1890332
1890336
1893120
1893121
1893122
1893123
1893124
1893125
1893126
1893127
1893128
1893129
1893138
1893139
1893169
1893264
1893265
1893266
1893267
1893268
1893269
1310290
1310291
1310292
1310293
1310294
1310295
1310296
1310297
1310298
1310299
1310302
1310312
1310322
1310332
1311160
1311161
1311162
1311163
1311164
1311165
1311166
1311167
1311168
1311169
1312740
1312741
1312742
1312743
1312744
1312745
1312746
1312747
1312748
1312749
1313120
1313121
1313122
1313123
1313124
1313125
1313126
1313127
1313128
1313129
1316557
1316559
1316943
1317167
1317168
1317169
1317187
1317190
1317191
1317192
1318020
1318021
1318022
1318023
1318024
1318025
1318026
1318043
1318490
1318494
1319164
1319165
1319166
1319167
1319168
1730312
1730322
1731702
1731703
1732520
1732521
1732522
1732523
1732524
1732525
1732526
1732527
1732528
1732529
1732530
1732531
1732532
1732533
1732534
1732535
1732536
1732537
1732538
1732539
1732540
1732541
1732542
1732543
1732544
1732545
1732546
1732547
1732548
1732549
1732550
1732551
1732552
1732553
1732554
1732555
1732556
1732557
1732558
1732559
1733012
1733020
1733021
1733022
1733023
1733024
1733025
1733026
1733027
1733028
1733029
1733120
1733121
1733122
1733123
1733124
1733125
1733126
1733127
1733128
1733129
1733212
1733213
1733214
1733215
1733216
1733217
1733218
1733219
1733220
1733221
1733222
1733223
1733224
1733225
1733226
1733227
1733228
1733229
1733240
1733241
1733404
1733405
1733406
1733407
1733408
1733409
1733420
1733421
1733422
1733423
1733424
1733425
1733426
1733427
1733428
1733429
1733632
1733642
1733822
1733823
1734982
1736072
1736073
1736312
1736652
1736653
1736654
1736741
1736742
1736743
1736744
1380312
1380326
1380327
1380328
1383120
1383121
1383122
1383123
1383124
1383125
1383126
1383127
1383128
1383129
1383220
1383221
1383222
1383223
1383224
1383225
1383226
1383227
1383228
1383229
1383300
1383301
1383302
1383303
1383304
1383305
1383306
1383307
1383308
1383309
1383320
1383321
1383322
1383323
1383324
1383325
1383326
1383327
1383328
1383329
1383348
1383349
1660312
1660320
1660321
1660322
1660323
1660324
1660325
1660326
1660327
1660328
1660329
1663020
1663021
1663022
1663023
1663024
1663025
1663026
1663027
1663028
1663029
1663120
1663121
1663122
1663123
1663124
1663125
1663126
1663127
1663128
1663129
1663220
1663221
1663222
1663223
1663224
1663225
1663226
1663227
1663228
1663229
1663330
1663331
1663332
1663333
1663334
1663335
1663338
1663460
1663461
1663462
1663463
1663464
1668220
1668221
1668222
1668223
1668224
1668225
1668226
1668227
1668228
1668229
1870312
1870322
1870332
1871320
1871321
1871322
1871323
1871324
1871325
1871326
1871327
1871328
1871329
1871400
1871401
1871402
1871403
1871404
1871405
1871406
1871407
1871408
1871409
1873020
1873021
1873022
1873023
1873024
1873025
1873026
1873027
1873028
1873029
1873120
1873121
1873122
1873123
1873124
1873125
1873126
1873127
1873128
1873129
1873220
1873221
1873222
1873223
1873224
1873225
1873226
1873227
1873228
1873229
1873320
1873321
1873322
1873323
1873324
1873325
1873326
1873327
1873328
1873329
1873380
1873381
1873382
1873383
1873384
1873385
1873386
1873387
1873388
1873389
1510020
1510021
1510022
1510023
1510024
1510025
1510026
1510027
1510028
1510029
1510032
1510049
1510312
1510322
1510332
1512720
1512721
1512722
1512723
1512724
1512725
1512726
1512727
1512728
1512729
1512748
1512749
1512820
1512821
1512822
1512823
1512824
1512825
1512826
1512827
1512828
1512829
1512847
1512848
1512849
1512895
1512896
1512897
1512898
1512899
1513021
1513022
1513023
1513024
1513025
1513026
1513027
1513028
1513029
1513030
1513031
1513032
1513033
1513034
1513035
1513036
1513037
1513038
1513040
1513041
1513042
1513043
1513044
1513045
1513046
1513047
1513048
1513049
1513120
1513121
1513122
1513123
1513124
1513125
1513126
1513127
1513128
1513129
1513220
1513221
1513222
1513223
1513224
1513225
1513226
1513227
1513228
1513229
1513240
1513241
1513242
1513243
1513244
1513245
1513246
1513320
1513321
1513322
1513323
1513324
1513325
1513326
1513327
1513328
1513329
1517520
1517521
1517522
1517523
1517524
1517525
1517526
1517527
1517528
1517529
1517530
1517531
1517532
1517533
1517534
1517535
1517536
1517537
1517538
1517539
1517573
1517574
1517575
1517576
1517620
1517621
1517622
1517623
1517624
1517625
1517626
1517627
1517628
1517629
1517630
1517631
1517632
1517633
1517634
1517635
1517636
1517637
1517638
1517639
1518860
1518861
1518862
1518863
1518864
1518865
1518866
1518867
1518868
1518869
1518870
1518871
1518872
1518873
1518874
1518875
1518876
1518877
1518878
1518879
1518893
1518894
1518895
1518896
1518897
1518898
1518899
1519476
1519477
1519478
1519479
1519487
1519488
1519489
1519495
1519496
1519497
1519498
1519499
1820312
1820332
1823002
1823012
1823042
1823120
1823121
1823122
1823123
1823124
1823125
1823126
1823127
1823128
1823129
1823320
1823321
1823322
1823323
1823324
1823325
1823326
1823327
1823328
1823329
1823330
1823331
1823332
1823333
1823334
1823335
1823336
1823337
1823338
1823339
1823340
1823341
1823342
1823343
1823344
1823345
1823346
1823347
1823348
1823349
1824452
1824462
1971188
1971198
1971803
1971805
1971807
1972314
1340012
1340016
1340022
1340023
1340024
1340025
1340026
1340027
1340028
1340029
1340032
1340033
1340034
1340035
1340036
1340037
1340038
1340039
1340042
1340043
1340044
1340049
1340312
1340322
1340326
1340332
1340336
1346312
1346320
1346321
1346322
1346323
1346324
1346325
1346326
1346327
1346328
1346329
1346342
1346344
1346368
1346369
1346382
1346383
1347220
1347221
1347222
1347223
1347224
1347225
1347226
1347227
1347228
1347229
1347230
1347231
1347232
1347233
1347234
1347312
1347320
1347321
1347322
1347323
1347324
1347325
1347326
1347327
1347328
1347329
1347342
1348320
1348321
1348322
1348323
1348324
1348325
1348326
1348327
1348328
1348329
1348344
1348345
1348376
1348377
1348378
1348379
1348391
1348392
1580312
1580322
1580332
1583020
1583021
1583022
1583023
1583024
1583025
1583026
1583027
1583028
1583029
1583043
1583044
1583079
1583083
1583084
1583085
1583086
1583087
1583088
1583089
1583090
1583091
1583092
1583093
1583094
1583095
1583120
1583121
1583122
1583123
1583124
1583125
1583126
1583127
1583128
1583129
1583147
1583151
1583152
1583153
1583154
1583155
1583156
1583157
1583158
1583220
1583221
1583222
1583223
1583224
1583225
1583226
1583227
1583228
1583229
1583244
1583245
1583246
1583312
1583322
1583332
1583333
1583334
1583342
1583343
1583385
1583386
1583387
1583388
1583389
1760312
1763123
1763124
1763125
1763126
1763127
1763128
1763129
1763150
1763151
1763152
1763153
1763154
1763155
1763156
1763157
1763158
1763159
1763160
1763161
1763162
1763163
1763164
1763165
1763223
1763253
1763254
1763258
1763312
1763330
1763331
1763332
1763333
1763334
1769220
1769221
1769222
1769223
1769224
1769225
1769226
1769227
1769228
1769229
1769233
1769234
1769235
1769236
1769237
1769238
1769242
1750312
1750323
1750324
1750325
1750326
1753120
1753121
1753122
1753123
1753124
1753125
1753126
1753127
1753128
1753129
1753200
1753201
1753202
1753203
1753204
1753205
1753206
1753207
1753208
1753209
1753220
1753221
1753222
1753223
1753224
1753225
1753226
1753227
1753228
1753229
1753246
1753247
1753248
1753249
1753312
1753320
1753321
1753322
1753323
1753324
1753325
1753326
1753327
1753328
1753329
1753420
1753421
1753422
1753423
1753424
1753425
1753426
1753427
1753428
1753429
1759220
1759221
1759222
1759223
1759224
1759225
1759226
1759227
1759228
1759229
1880302
1880312
1880322
1880332
1881202
1881212
1883020
1883021
1883022
1883023
1883024
1883025
1883026
1883027
1883028
1883029
1883075
1883076
1883077
1883078
1883079
1883120
1883121
1883122
1883123
1883124
1883125
1883126
1883127
1883128
1883129
1883220
1883221
1883222
1883223
1883224
1883225
1883226
1883227
1883228
1883229
1883320
1883321
1883322
1883323
1883324
1883325
1883326
1883327
1883328
1883329
1883393
1883394
1884920
1884921
1884922
1884923
1884924
1884925
1884926
1884927
1884928
1884942
1470306
1470312
1470322
1470332
1473002
1473012
1473054
1473056
1473058
1473116
1473117
1473118
1473119
1475620
1475621
1475622
1475623
1475624
1475642
1370032
1370312
1370322
1370328
1370332
1370336
1372220
1372221
1372222
1372223
1372224
1372225
1372226
1372227
1372228
1372229
1372242
1372243
1372295
1372296
1372297
1373015
1373016
1373017
1373018
1373019
1373020
1373021
1373022
1373023
1373025
1373026
1373027
1373028
1373029
1373044
1373045
1373046
1373047
1373054
1373105
1373120
1373121
1373122
1373123
1373124
1373125
1373126
1373127
1373128
1373129
1373147
1373148
1373149
1373164
1373165
1373166
1373167
1373168
1373169
1373322
1373332
1373336
1373337
1373338
1373339
1375442
1375449
1375452
1378022
1378024
1378032
1378042
1378043
1378052
1378405
1378427
1378428
1378442
1378443
1378495
1378496
1378497
1378498
1378499
1378521
1378522
1378523
1378524
1378525
1378526
1378527
1378528
1378543
1810312
1810322
1810332
1813120
1813121
1813122
1813123
1813124
1813125
1813126
1813127
1813128
1813129
1813212
1813222
1813238
1813239
1813256
1813257
1813258
1813259
1813270
1813271
1813272
1813273
1813274
1813275
1813276
1813277
1813278
1813279
1813402
1813412
1813422
1813431
1813432
1813433
1813434
1520005
1520006
1520007
1520008
1520009
1520312
1520322
1520332
1522700
1522701
1522702
1522703
1522704
1522705
1522706
1522707
1522708
1522709
1522722
1522723
1523020
1523021
1523022
1523023
1523024
1523025
1523026
1523027
1523028
1523029
1523040
1523041
1523042
1523043
1523044
1523045
1523046
1523047
1523048
1523049
1523120
1523121
1523122
1523123
1523124
1523125
1523126
1523127
1523128
1523129
1523196
1523197
1523198
1523199
1523220
1523221
1523222
1523223
1523224
1523225
1523226
1523227
1523228
1523229
1523290
1523291
1523292
1523293
1523294
1523295
1523296
1523297
1523298
1523299
1523312
1523370
1523371
1523372
1523373
1523374
1523375
1523376
1528422
1528423
1528433
1570312
1570322
1570323
1571250
1571251
1571252
1571253
1571254
1571255
1571256
1571257
1571258
1571259
1571302
1571312
1571322
1571332
1571692
1571695
1572000
1572001
1572002
1572003
1572004
1572005
1572006
1572007
1572008
1572009
1572010
1572011
1572012
1572013
1572014
1572015
1572016
1572017
1572018
1572019
1573120
1573121
1573122
1573123
1573124
1573125
1573126
1573127
1573128
1573129
1573220
1573221
1573222
1573223
1573224
1573225
1573226
1573227
1573228
1573229
1573320
1573321
1573322
1573323
1573324
1573325
1573326
1573327
1573328
1573329
1573380
1573381
1573382
1574031
1579661
1840302
1840312
1840322
1840332
1843120
1843121
1843122
1843123
1843124
1843125
1843126
1843127
1843128
1843129
1843142
1843143
1843144
1843232
1843262
1843272
1843282
1843292
1980140
1980141
1980142
1980143
1980144
1980145
1980146
1980147
1980148
1980149
1980150
1980151
1980152
1980153
1980154
1980155
1980156
1980157
1980158
1980159
1980160
1980161
1980162
1980163
1980164
1980165
1980166
1980167
1980168
1980169
1980170
1980171
1980172
1980173
1980174
1980175
1980176
1980177
1980178
1980179
1980180
1980181
1980182
1980183
1980184
1980185
1980186
1980187
1980188
1980189
1980190
1980191
1980192
1980193
1980194
1980195
1980196
1980197
1980198
1980199
1980312
1981301
1983120
1983121
1983122
1983123
1983124
1983125
1983126
1983127
1983128
1983129
1983149
1983222
1983228
1983232
1983242
1983252
1983262
1983264
1983320
1983321
1983322
1983323
1983324
1983325
1983326
1983327
1983328
1983329
1983360
1983361
1983362
1983363
1983390
1983391
1983392
1983393
1983394
1983395
1983396
1984482
1984484
1984492
1984494
1984495
1986882
1989892
1989898
1650113
1650118
1650312
1650821
1650862
1651312
1651367
1651602
1651609
1651918
1651922
1651924
1651978
1652066
1652312
1652586
1652655
1652813
1652822
1652825
1652855
1652868
1652899
1653088
1653099
1653123
1653126
1653128
1653129
1653204
1653222
1653228
1653251
1653312
1653355
1653898
1655128
1655129
1655192
1655197
1655420
1655892
1656091
1656224
1657188
1657312
1657775
1657821
1700312
1700313
1700314
1700322
1700323
1700338
1701320
1701348
1701354
1701355
1701356
1701357
1702325
1702326
1702327
1702328
1702329
1702330
1702331
1703588
1703589
1703590
1704153
1704154
1704155
1704156
1704157
1704158
1704159
1704160
1704161
1704162
1705538
1706544
1706545
1706546
1706547
1706548
1706549
1707312
1707313
1707314
1707320
1707321
1707322
1707323
1707324
1707325
1707326
1707327
1708312
1708320
1708321
1708322
1708323
1708324
1708325
1708326
1709320
1709321
1709322
1709323
1709324
1709325
1709326
1709327
1910312
1913121
1913122
1913124
1913125
1913127
1913128
1913321
1913322
1913324
1913325
1913333
1913342
1913358
1913422
1914332
1914333
1322320
1322321
1322322
1322323
1322324
1323020
1323021
1323022
1323023
1323024
1323025
1323026
1323027
1323028
1323029
1323060
1323061
1323062
1323063
1323064
1323120
1323121
1323122
1323123
1323124
1323125
1323126
1323127
1323128
1323129
1325763
1327320
1327321
1327322
1327323
1327324
1327325
1327326
1327327
1327328
1327329
1328430
1328431
1328432
1328433
1328434
1328435
1328436
1328437
1328438
1328439
1328658
1328893
1329042
1329052
1329054
1329062
1329068
1329290
1329291
1329292
1329293
1329294
1329295
1329296
1329297
1329298
1329299
