1990455
1990485
1991780
1991781
1991782
1991783
1991784
1997575
1997576
1999755
1999756
1999757
1560455
1560465
1560485
1563650
1563651
1563652
1563653
1563654
1563655
1563656
1563657
1563660
1563661
1563662
1563663
1563664
1563684
1563690
1563691
1563692
1563693
1563694
1564550
1564551
1564552
1564553
1564554
1564555
1564556
1566500
1566501
1567279
1567281
1567282
1567296
1569455
1850455
1854533
1780455
1784505
1784531
1784532
1784552
1784554
1784583
1784584
1784585
1788427
1788708
1789178
1789708
1330455
1330485
1331455
1332935
1332945
1333935
1333945
1334935
1334945
1335115
1335125
1335135
1335145
1335255
1335455
1335991
1335992
1338455
1339455
1360455
1360485
1361455
1362455
1363455
1364455
1364465
1366455
1366465
1367455
1952829
1890455
1890485
1894455
1894462
1894534
1894535
1894536
1894548
1894550
1894551
1894552
1894553
1894554
1894555
1894556
1800455
1804550
1804551
1804552
1804554
1804555
1804557
1804558
1804559
1808875
1530455
1530485
1532655
1533192
1533195
1534455
1534465
1500455
1504550
1504551
1504552
1504553
1504554
1504555
1504556
1504557
1504650
1504651
1504652
1504653
1504654
1504655
1504656
1504657
1504658
1504659
1504660
1504661
1504662
1504663
1504664
1832457
1834640
1834644
1834645
1834682
1622187
1622189
1622190
1622191
1590455
1594550
1594551
1594552
1594553
1594554
1594555
1594556
1594557
1594558
1594559
1594610
1594611
1594612
1594613
1594614
1594615
1594616
1594617
1594618
1594619
1770455
1774534
1774550
1774551
1774552
1775887
1450635
1450636
1450637
1450638
1450639
1452444
1452445
1452455
1350455
1355530
1355531
1355532
1355533
1355534
1355535
1355536
1355537
1355538
1355539
1300991
1300992
1302991
1302992
1303994
1303995
1304528
1304529
1305425
1305439
1306977
1306996
1308993
1308994
1308995
1308996
1308997
1309153
1309154
1309155
1309156
1860455
1860465
1861452
1861453
1861454
1861455
1861456
1861457
1861458
1861459
1864550
1864551
1864552
1864553
1864554
1864555
1864556
1864557
1864558
1864559
1864579
1869700
1869701
1869702
1869703
1869704
1869705
1869706
1869707
1869708
1550455
1554550
1554551
1554552
1554553
1554555
1554654
1554655
1554656
1554657
1559098
1559099
1390455
1390485
1394550
1394551
1394552
1394553
1394554
1394555
1394556
1671455
1672107
1672116
1672455
1673455
1674389
1674400
1674455
1674488
1674489
1810455
1814554
1814555
1818275
1818285
1520455
1521450
1521451
1521452
1521455
1524550
1524551
1524552
1524553
1524554
1524555
1524556
1524557
1524558
1524559
1524620
1524621
1524650
1524651
1524652
1524653
1524654
1524655
1524656
1524657
1524658
1524659
1750455
1750465
1754515
1754516
1754517
1754518
1754535
1754536
1754537
1754538
1754539
1759750
1759751
1759752
1759755
1759756
1759757
1759758
1759759
1759760
1759761
1759762
1759763
1759764
1759765
1759766
1880455
1881470
1881471
1884550
1370455
1374550
1374551
1374552
1374553
1374554
1374555
1374556
1374557
1374558
1374559
1374583
1374584
1374586
1374661
1374662
1374663
1374664
1376371
1376372
1376373
1376374
1376375
1376376
1376377
1376378
1376379
1376676
1379654
1379655
1379656
1379657
1379658
1379697
1470455
1474585
1478455
1478465
1478466
1479455
1701468
1701469
1702946
1702947
1702948
1910365
1910455
1320455
1320690
1320691
1320692
1321285
1321455
1321465
1322455
1322465
1323455
1325155
1325165
1325857
1325858
1327455
1327456
1328404
1328405
1328455
1328495
1329875
1571455
1576520
1576521
1576522
1576523
1576524
1576525
1576526
1576527
1576528
1576529
1576570
1576571
1576572
1576573
1576574
1576575
1576576
1576577
1576578
1576579
1577465
1577601
1577602
1577603
1577604
1577605
1840386
1840455
1844550
1844551
1844552
1844553
1844554
1844555
1844556
1844557
1844558
1844559
1980455
1981553
1984534
1984535
1984537
1984538
1984550
1984551
1984552
1984553
1984554
1984555
1984556
1984634
1984635
1984636
1988995
1650086
1650276
1650338
1650425
1650455
1650465
1650755
1651058
1651118
1651137
1651169
1651212
1651246
1651252
1651444
1651449
1651455
1651485
1651493
1651571
1651885
1652015
1652225
1652251
1652253
1652275
1652322
1652324
1652325
1652348
1652441
1652445
1652446
1652455
1652465
1652466
1652495
1652505
1652519
1652525
1652545
1652550
1652553
1652557
1652645
1652720
1652721
1652723
1652734
1652740
1652743
1652749
1652754
1652764
1652774
1652789
1652794
1652830
1652894
1653053
1653073
1653401
1653408
1653455
1653465
1653640
1653651
1653652
1653653
1653655
1653657
1653660
1653661
1653662
1653872
1653894
1655065
1655068
1655143
1655423
1655455
1655540
1655541
1655654
1655664
1655709
1656029
1656065
1656374
1656379
1656455
1656463
1656465
1656511
1656543
1656551
1656554
1656559
1656645
1656665
1656711
1656715
1656728
1656733
1656734
1656737
1656740
1656755
1656756
1656770
1656771
1656785
1656797
1656873
1656891
1656945
1657007
1657018
1657200
1657226
1657230
1657231
1657240
1657289
1657372
1657455
1657465
1657472
1657554
1657643
1657651
1657657
1657765
1380486
1383640
1383641
1383642
1383643
1383644
1383645
1383646
1383647
1383648
1383649
1384550
1384551
1384552
1384553
1384554
1384555
1384556
1384557
1384558
1384559
1384670
1384671
1384672
1384673
1384674
1384675
1384676
1384677
1384678
1384679
1660455
1664550
1664551
1664552
1664553
1664554
1664555
1664556
1664557
1664558
1664559
1664560
1664561
1664562
1664563
1664564
1664655
1664656
1664657
1664658
1664659
1870455
1871455
1872435
1872436
1872437
1872438
1872439
1872440
1872441
1872442
1872443
1872444
1872445
1872446
1872455
1874550
1874551
1874552
1874553
1874554
1874555
1874556
1874557
1874558
1874559
1874608
1874609
1874650
1874651
1874652
1874653
1874654
1874655
1874656
1874657
1874658
1874659
1874692
1874693
1874694
1874695
1310155
1310455
1311455
1311465
1311565
1312455
1312595
1312596
1313455
1313691
1313692
1314455
1314955
1315455
1316347
1316348
1316357
1316358
1316359
1316363
1316364
1316365
1319455
1319900
1319901
1319902
1319903
1730455
1734565
1738275
1738285
1739064
1580455
1584505
1584506
1584507
1584508
1584509
1584550
1584551
1584552
1584553
1584554
1584555
1584556
1584557
1584558
1584559
1584664
1584665
1584666
1584667
1584668
1760455
1761455
1764550
1764551
1764552
1764553
1764562
1764563
1513469
1514550
1514551
1514552
1514553
1514554
1514555
1514556
1514557
1514558
1514559
1514570
1514571
1514572
1514573
1514574
1514575
1514576
1514577
1514650
1514651
1514652
1514653
1514654
1514655
1514656
1514657
1514658
1514659
1518450
1518451
1518452
1518453
1518454
1518455
1518456
1518457
1518458
1518459
1820455
1824550
1824551
1824552
1824553
1824554
1824555
1824556
1824557
1824558
1824559
1824581
1824582
1824583
1824584
1824585
1824586
1824587
1824589
