1450989
1450994
1452784
1452795
1453793
1454542
1457054
1457055
1459665
1459666
1459667
1459775
1459794
1351996
1356530
1356531
1356532
1356533
1356534
1356535
1356536
1356560
1356561
1356562
1356563
1356564
1357946
1357947
1357960
1357961
1357962
1357963
1357964
1590905
1590994
1599907
1599908
1599909
1599935
1599936
1770994
1771696
1771697
1771698
1771699
1776762
1776763
1776764
1779487
1779794
1779799
1779940
1779941
1779958
1779959
1779994
1500165
1500166
1500167
1500168
1500169
1502615
1502616
1502617
1502618
1502619
1830994
1832404
1832405
1832406
1832407
1832408
1832409
1839990
1839991
1839992
1839993
1839994
1839995
1839996
1839997
1839998
1839999
1390994
1399934
1399935
1399936
1399954
1399955
1399956
1860994
1869085
1869086
1869087
1869936
1869940
1869941
1869942
1869943
1869944
1869945
1869946
1869947
1869948
1869949
1869955
1550900
1550994
1559961
1559979
1559981
1559982
1559989
1300960
1302960
1303940
1303941
1303942
1304050
1307038
1309000
1309401
1309505
1309506
1330994
1331900
1331905
1331994
1334539
1334540
1334541
1336475
1336490
1336491
1336900
1336980
1336994
1339496
1339908
1339970
1339994
1560994
1568488
1568489
1568834
1568835
1569904
1569905
1569923
1569924
1569930
1850994
1859930
1859933
1859940
1780994
1784442
1786758
1788100
1788169
1788170
1789922
1789994
1990994
1991420
1991421
1991422
1991500
1991501
1991502
1991503
1991505
1991506
1999038
1999047
1999675
1999679
1999940
1999941
1999942
1999943
1999944
1999945
1800994
1808280
1808284
1808395
1809484
1809590
1809597
1809681
1809682
1809683
1809685
1809781
1809782
1809900
1809935
1809936
1809937
1809938
1809994
1530994
1538996
1890994
1893572
1893573
1896383
1899754
1899755
1899756
1899780
1899781
1899782
1899934
1899935
1899936
1899954
1899955
1899956
1360994
1361996
1362995
1363998
1368990
1368991
1368992
1368993
1368994
1368995
1730994
1734994
1310900
1310901
1310902
1311900
1311994
1313970
1313994
1315035
1317994
1319970
1319994
1870905
1870994
1874270
1874271
1874272
1879905
1879967
1879968
1879969
1389960
1389961
1389962
1389963
1389964
1389965
1389966
1389967
1389968
1389969
1660994
1510994
1519936
1519937
1519942
1519964
1519965
1519966
1519967
1519968
1519969
1820994
1829065
1829066
1829067
1829068
1829069
1829950
1829951
1829952
1829953
1580994
1588690
1588691
1588692
1589476
1589477
1589478
1589479
1589905
1589906
1589907
1589908
1589909
1589927
1760994
1769052
1769053
1769054
1769055
1769143
1769144
1769920
1769921
1769922
1769994
1370994
1377925
1377926
1377927
1377985
1377986
1377987
1470994
1479913
1479914
1479915
1479975
1479976
1479977
1479978
1479979
1750994
1759014
1759015
1759016
1759017
1759018
1759019
1759020
1759021
1759022
1759023
1759024
1759025
1759026
1759027
1759028
1759029
1759497
1759924
1759925
1759970
1759971
1759972
1759973
1759974
1759975
1759976
1759994
1880905
1880994
1889086
1889087
1889088
1889089
1889903
1889904
1889964
1889965
1889966
1810994
1813900
1813901
1813902
1813903
1813904
1813944
1814644
1814645
1814981
1814982
1814994
1815486
1816047
1816048
1816049
1816772
1816773
1816774
1816775
1816776
1816777
1816778
1819485
1819486
1819487
1819488
1819489
1819610
1819611
1819612
1819613
1819614
1819615
1819616
1819617
1819618
1819619
1819900
1819925
1819926
1819927
1819928
1819929
1819994
1819995
1520994
1527642
1527643
1529258
1529259
1529260
1529261
1529262
1529263
1529264
1529265
1529960
1529961
1529962
1529963
1529964
1529965
1529966
1529967
1529968
1529969
1529997
1529998
1980904
1980994
1981403
1989012
1989014
1989022
1989905
1570994
1571496
1571990
1572996
1573946
1573960
1573961
1573962
1573963
1573964
1573979
1576900
1576901
1576902
1576903
1576904
1576905
1840985
1840986
1840987
1840988
1840989
1840994
1844000
1844001
1844002
1844003
1844004
1844005
1844006
1844007
1844008
1844009
1844934
1844935
1844936
1844937
1844938
1910904
1910905
1910994
1919010
1919011
1919012
1919013
1919014
1919020
1919021
1919045
1919060
1919061
1919911
1919914
1919918
1919919
1919940
1919941
1919942
1919943
1919945
1919970
1919971
1919972
1320100
1320101
1320102
1320103
1320994
1323900
1323988
1323989
1323994
1327900
1327905
1327994
1328900
1328905
1328994
