1730307
1730763
1730862
1730863
1730864
1732479
1732976
1732977
1732978
1732979
1735302
1735303
1737670
1314901
1314902
1314903
1314909
1316055
1316056
1316057
1316058
1316059
1316944
1316973
1316974
1316975
1317290
1317291
1317292
1317293
1317294
1317845
1317846
1317847
1317848
1317849
1319275
1319276
1319277
1319278
1319279
1870205
1870763
1871806
1871822
1871855
1380289
1382490
1382491
1382492
1382493
1382494
1382850
1382851
1382852
1382853
1382854
1382855
1382856
1382857
1382858
1382859
1660763
1660764
1667636
1667637
1667638
1667639
1510763
1510764
1510765
1511370
1511371
1511372
1511373
1511975
1511976
1511977
1511978
1511979
1511992
1511993
1511994
1511995
1511996
1511997
1820060
1820763
1821132
1821821
1821830
1821938
1580763
1580764
1580765
1581172
1581173
1581174
1581322
1581323
1581324
1581325
1581326
1581327
1581328
1581329
1581620
1581621
1581622
1581623
1581624
1581625
1581626
1581627
1581628
1581629
1582032
1582033
1587630
1587631
1587632
1587633
1587634
1587635
1760763
1768830
1341345
1341346
1341347
1341348
1341349
1341350
1341351
1341352
1341353
1341354
1341355
1341356
1341357
1341358
1341359
1341520
1341521
1341522
1341523
1341524
1341525
1341526
1341527
1341528
1341529
1341650
1341651
1341652
1341653
1341654
1341655
1341656
1341657
1341658
1341659
1341720
1341721
1341722
1341723
1341724
1341725
1341726
1341727
1341728
1341729
1342520
1342521
1342522
1342523
1342524
1342525
1342526
1343195
1343196
1343197
1343198
1343199
1343270
1343271
1343525
1343526
1343527
1343528
1343529
1471477
1471524
1471542
1471592
1471616
1477802
1477863
1372695
1372696
1372697
1372698
1372699
1372710
1372711
1372712
1372713
1372714
1372715
1372716
1372717
1372718
1372719
1372960
1372961
1372962
1372963
1372964
1372965
1372966
1372967
1372968
1372969
1374030
1374031
1374032
1374033
1374034
1374035
1374036
1374037
1374039
1375010
1375011
1375012
1375013
1375014
1375015
1375016
1375017
1375018
1375019
1880763
1881185
1881355
1881356
1881441
1881846
1881847
1882049
1882050
1882054
1882055
1882056
1882057
1882058
1882059
1882659
1882660
1882661
1882662
1882663
1889884
1750763
1756660
1756661
1756662
1756663
1756664
1810763
1812447
1812508
1812509
1812598
1812599
1812720
1812721
1812722
1812723
1812724
1812725
1812726
1812745
1812746
1812747
1812816
1816321
1816347
1816567
1816568
1816569
1520763
1520764
1521848
1521849
1521850
1521851
1521852
1521907
1521908
1521909
1521951
1521952
1521953
1650763
1651763
1980646
1980763
1981212
1981450
1982009
1982018
1982020
1982032
1982035
1982036
1982070
1983020
1983039
1983065
1983291
1983593
1984919
1984961
1984986
1986032
1986035
1986036
1986426
1986433
1986453
1986495
1986520
1986562
1986640
1986641
1986642
1986643
1986790
1987266
1987630
1987631
1987632
1987633
1987634
1987635
1987636
1987803
1987805
1987806
1987808
1987809
1987810
1987812
1987813
1989691
1570763
1570764
1571835
1572416
1572836
1572886
1576603
1576604
1576655
1576658
1576724
1576729
1576733
1576756
1576773
1576802
1576855
1840763
1840764
1842058
1847580
1847581
1847584
1910308
1910763
1912579
1912580
1321110
1321111
1321763
1322655
1322656
1322657
1322658
1322659
1322980
1322981
1322982
1322983
1322984
1323245
1323246
1323247
1323248
1323249
1323280
1323281
1323282
1323283
1323284
1323295
1323296
1323297
1323298
1323299
1324237
1324238
1324239
1325067
1325068
1328656
1328657
1328659
1328890
1328891
1328892
1350029
1350145
1350146
1350925
1350926
1353595
1353596
1353597
1353598
1353599
1353950
1353951
1353952
1354245
1354246
1354247
1354248
1354249
1355390
1355391
1355392
1355393
1355394
1355395
1355396
1355397
1355398
1355399
1452973
1453914
1453915
1453986
1453987
1454803
1458763
1458937
1458938
1458939
1458940
1458941
1458942
1458943
1458944
1590763
1591497
1591498
1591499
1591510
1591511
1591512
1591513
1591514
1591515
1591516
1591517
1591518
1591519
1591750
1591751
1591760
1591761
1591762
1591763
1591764
1597580
1597581
1597582
1597583
1597584
1597585
1597586
1597587
1597588
1597589
1599200
1599201
1599202
1599203
1599204
1599205
1599206
1599207
1599208
1599209
1770307
1770763
1772587
1772597
1772709
1772870
1772871
1772872
1772880
1500763
1500764
1501446
1501667
1501668
1501669
1501930
1501931
1501932
1501933
1501934
1501935
1508970
1508971
1508972
1508973
1508974
1508975
1830002
1830013
1830763
1831601
1831667
1831670
1831822
1831838
1831864
1831865
1831869
1831870
1831871
1831989
1834400
1834443
1390235
1392255
1392256
1392260
1392261
1392441
1392442
1392660
1392661
1392662
1392663
1392664
1392665
1392666
1392667
1392668
1392669
1392760
1392761
1392762
1392763
1392764
1392765
1392766
1392767
1392768
1392769
1671763
1672763
1673763
1860763
1866669
1867567
1867630
1867631
1867632
1867636
1867637
1867638
1868891
1300535
1301870
1302535
1304614
1304615
1304616
1305957
1305958
1305959
1307660
1307661
1307662
1307663
1307664
1307665
1307666
1307667
1307668
1307669
1308570
1308571
1308572
1713763
1715763
1716763
1717763
1717994
1717995
1330235
1331860
1331861
1331862
1332654
1332655
1334654
1334655
1336072
1336092
1336093
1337665
1337666
1337667
1337763
1338070
1338071
1560235
1562255
1562256
1562260
1562261
1562660
1562661
1562662
1562663
1562664
1562665
1562666
1562667
1562668
1562669
1562760
1562761
1562762
1562763
1562764
1562765
1562766
1562767
1562768
1562769
1566035
1569763
1780763
1781141
1781761
1781763
1781774
1781786
1781792
1781813
1781875
1781948
1782032
1782046
1782092
1782294
1782297
1782571
1782594
1782595
1782701
1784194
1784195
1786806
1786808
1786809
1787584
1787630
1787686
1788056
1788860
1789667
1850763
1857630
1857631
1857632
1857633
1857818
1857819
1990280
1990281
1990282
1990283
1990284
1990285
1990286
1990287
1992418
1992419
1992459
1992630
1992631
1992632
1992633
1992634
1992635
1992636
1992637
1992638
1992639
1992695
1992696
1992697
1992698
1800763
1802330
1802331
1802332
1802333
1802334
1802370
1802371
1802372
1802373
1802374
1802484
1802485
1802486
1802502
1802503
1802504
1802970
1802971
1802972
1802973
1802974
1802975
1802976
1803331
1530300
1530301
1530302
1530303
1530763
1532310
1532311
1532312
1532313
1532314
1532315
1532316
1532317
1532318
1532319
1533780
1534754
1534755
1536275
1536276
1538295
1538296
1538297
1538298
1890089
1890235
1892255
1892256
1892260
1892261
1892441
1892442
1892660
1892661
1892662
1892663
1892664
1892665
1892666
1892667
1892668
1892669
1893410
1893411
1893428
1893429
1893860
1893861
1893862
1894893
1894894
1899860
1899861
1360292
1360293
1360294
1361050
1361051
1361052
1361053
1361054
1361055
1361056
1361057
1361058
1361059
1362050
1362051
1362052
1362053
1362054
1362055
1362056
1362057
1362058
1362059
1362243
1362293
1363105
1363106
1363107
1363108
1363109
1364252
1364253
1364254
1364255
1365300
1365301
1367950
1367951
1367952
1367953
1367954
1368000
1368001
1368002
1368003
1368004
1953453
