1500937
1500947
1500948
1500949
1509565
1509566
1509567
1509568
1509721
1509722
1509723
1509724
1452850
1452851
1452852
1351907
1351937
1351947
1351948
1302875
1939370
1939371
1939372
1939373
1939374
1939375
1939376
1939377
1390937
1390947
1399370
1399371
1399372
1399373
1399374
1399375
1399376
1399377
1399378
1399379
1671930
1671932
1671933
1671935
1860937
1860942
1860946
1869370
1869371
1869372
1869373
1869374
1556976
1556977
1556978
1559348
1559349
1559370
1559371
1559372
1559373
1559374
1559375
1559376
1559377
1560937
1560948
1569370
1569371
1569372
1569373
1569374
1569377
1569378
1569379
1783437
1784887
1788087
1990937
1996870
1996871
1996872
1999371
1999372
1999373
1999374
1999375
1999376
1330937
1332129
1332137
1335939
1336937
1336947
1338937
1338943
1338947
1339937
1339940
1890937
1890947
1891937
1891942
1891946
1891947
1899370
1899371
1899372
1899373
1899374
1899375
1899376
1899377
1899378
1899379
1361937
1362937
1363937
1364937
1365936
1365937
1367937
1367939
1530937
1530942
1533700
1533704
1533937
1533942
1533948
1533949
1533977
1533988
1534490
1534906
1534907
1534937
1534945
1535219
1535220
1870937
1870947
1879370
1879371
1879372
1879373
1879374
1879375
1879376
1879377
1879378
1879379
1879404
1879405
1879406
1879447
1879448
1879470
1879471
1879472
1879473
1879474
1380937
1383014
1383015
1383016
1383017
1383018
1383019
1383070
1383071
1383072
1383073
1383074
1383075
1383076
1383077
1383078
1383079
1389370
1389371
1389372
1389373
1389374
1389375
1389376
1389377
1389378
1389379
1669347
1669348
1669349
1669370
1310947
1311937
1311945
1313937
1313948
1313949
1315019
1319594
1319597
1319598
1580937
1510170
1510171
1510172
1510173
1510174
1510175
1510176
1510937
1519349
1519370
1519371
1519372
1519373
1519374
1519375
1519376
1519377
1519378
1519379
1520937
1520947
1529326
1529327
1529328
1529329
1529347
1529348
1529349
1529372
1529373
1529374
1529375
1529376
1529377
1529378
1529379
1373937
1470937
1470939
1759370
1880937
1880947
1889360
1889361
1889362
1889363
1889364
1910937
1919370
1919371
1919375
1919376
1320937
1320940
1320942
1323937
1323949
1329932
1329937
1329938
1981595
1989370
1989371
1989372
1989373
1989374
1989375
1989376
1989377
1989378
1989379
1989604
1989605
1571937
1571939
