1330936
1332136
1335936
1336936
1339936
1339944
1560936
1568260
1568261
1568262
1568263
1568264
1568265
1568266
1568267
1568268
1569360
1569361
1569364
1569366
1569368
1780936
1783425
1783426
1783436
1784886
1788086
1789936
1850936
1859066
1859302
1990936
1995900
1995901
1995902
1995903
1995904
1996858
1996859
1999360
1999361
1999362
1999363
1999364
1999365
1999366
1999367
1999368
1999369
1999610
1999611
1999612
1800936
1808240
1808241
1808242
1808243
1808244
1808245
1808246
1808247
1808946
1808947
1808948
1809334
1809360
1809361
1809362
1809363
1809364
1809365
1809366
1809367
1809368
1809369
1530936
1530946
1533936
1533976
1534366
1534676
1534686
1534687
1534696
1534806
1534936
1535215
1535216
1535248
1535249
1537446
1537800
1537927
1537928
1537936
1537970
1537971
1537972
1537973
1537974
1537975
1537976
1537977
1537978
1537979
1539067
1539068
1539360
1539361
1539362
1539363
1539364
1539365
1539366
1539367
1539407
1539408
1890936
1891936
1899360
1899361
1899362
1899363
1899364
1899365
1899366
1899367
1362936
1364936
1368932
1368936
1368948
1368949
1452846
1459627
1459628
1459629
1351906
1351936
1770442
1770936
1771863
1771864
1771865
1775220
1775221
1778936
1778937
1778938
1778956
1779360
1779361
1779362
1779363
1779364
1779365
1779366
1779367
1779368
1779369
1500936
1502587
1502588
1502589
1509564
1839389
1839458
1839464
1839465
1839482
1390936
1391973
1391974
1391975
1399360
1399361
1399362
1399363
1399364
1399365
1399366
1399367
1399368
1399369
1860936
1869347
1869360
1869361
1869362
1869363
1869364
1550936
1550940
1550942
1550944
1550946
1556980
1556990
1556991
1556992
1556993
1556994
1556995
1556996
1556997
1556998
1559360
1559361
1559362
1559363
1559364
1559365
1559366
1559367
1559368
1559369
1559406
1559407
1559408
1559409
1301411
1301412
1304292
1308592
1309938
1470946
1471711
1471907
1471908
1471909
1880936
1889325
1889368
1889369
1889376
1889396
1889406
1889416
1889426
1750936
1810936
1811936
1813975
1813980
1813981
1813982
1813983
1813984
1813985
1814156
1818936
1818960
1818961
1818962
1818963
1818964
1819360
1819361
1819362
1819363
1819364
1819365
1819366
1819367
1819368
1819369
1819441
1819442
1819443
1819806
1520936
1529307
1529308
1529309
1529360
1529361
1529362
1529363
1529400
1529401
1529402
1650936
1651936
1980936
1980940
1980942
1980944
1980945
1980946
1980947
1980948
1981596
1989360
1989361
1989362
1989363
1989364
1989365
1989366
1989367
1989368
1989369
1570936
1571966
1575196
1840936
1841956
1841966
1841976
1910936
1919360
1919361
1919368
1320936
1322044
1323936
1323948
1326934
1701938
1701939
1730936
1732646
1732647
1732648
1732649
1732905
1732906
1732907
1732908
1732909
1734410
1737063
1737064
1737065
1739360
1739368
1311936
1313936
1315000
1315014
1319596
1870690
1870936
1871976
1871977
1879363
1879364
1879365
1879366
1879367
1879368
1879369
1879490
1879491
1879492
1380936
1383060
1383061
1383062
1383063
1383064
1383065
1383066
1383067
1383068
1383069
1660936
1510390
1510391
1510392
1510393
1510936
1519340
1519341
1519342
1519343
1519344
1519345
1519346
1820936
1820946
1821966
1821986
1821996
1829360
1829361
1829362
1829363
1829364
1829365
1829366
1829856
1829857
1829858
1580936
1760936
1769306
1769326
