1830000
1830004
1830666
1830669
1830755
1830761
1830764
1830767
1831200
1831234
1831245
1831246
1831247
1831248
1831249
1831250
1831251
1831252
1831253
1831256
1831258
1831644
1831662
1831685
1831699
1831803
1831805
1831806
1831844
1831867
1831872
1831881
1831887
1831893
1831901
1831902
1831903
1831904
1831905
1831906
1831938
1831941
1831942
1831943
1831945
1831946
1831999
1832074
1832075
1832076
1832077
1832078
1832079
1832080
1832081
1832082
1832083
1832084
1832085
1832086
1832087
1832088
1832089
1832090
1832091
1832092
1832093
1832094
1832095
1832096
1832097
1832098
1832099
1834401
1834402
1834403
1834414
1834418
1834425
1834429
1834447
1500205
1500206
1500207
1500208
1500209
1500755
1501245
1501246
1501247
1501248
1501249
1501250
1501251
1501252
1501253
1501254
1501255
1501256
1501257
1501258
1501259
1501260
1501261
1501262
1501263
1501264
1501265
1501266
1501267
1501268
1501269
1501270
1501271
1501272
1501273
1501274
1501275
1501276
1501277
1501278
1501279
1501280
1501281
1501282
1501283
1501284
1501285
1501286
1501287
1501288
1501289
1501290
1501291
1501292
1501293
1501294
1501295
1501296
1501297
1501298
1501299
1501341
1501342
1501343
1501344
1501345
1501346
1501347
1501348
1501349
1501350
1501351
1501352
1501353
1501354
1501355
1501356
1501357
1501358
1501359
1501360
1501361
1501362
1501363
1501364
1501365
1501366
1501367
1501368
1501369
1501370
1501371
1501372
1501373
1501374
1501375
1501376
1501377
1501378
1501379
1501380
1501381
1501382
1501383
1501384
1501385
1501386
1501387
1501388
1501389
1501400
1501401
1501402
1501403
1501404
1501405
1501406
1501407
1501408
1501409
1501410
1501411
1501412
1501413
1501414
1501670
1501671
1501672
1501673
1501674
1501760
1501761
1501762
1501763
1501790
1501791
1501792
1501793
1501794
1501795
1501796
1501797
1501798
1501799
1501850
1501851
1501852
1501853
1501854
1501890
1501891
1501892
1501893
1501894
1501895
1501896
1501897
1501898
1501899
1501920
1501921
1501922
1501923
1501924
1501925
1501926
1501927
1501928
1501929
1501940
1501941
1501942
1501943
1501944
1501945
1501946
1501947
1501948
1501949
1509990
1509991
1509992
1509993
1509994
1452920
1452921
1452922
1452923
1452924
1452925
1452926
1452927
1452928
1452929
1452930
1452931
1452932
1452933
1452934
1452935
1452936
1452937
1452938
1452939
1453920
1453921
1453922
1453923
1453924
1453925
1453926
1453927
1453928
1453929
1453930
1453931
1453970
1453971
1453972
1453973
1453974
1453975
1453976
1453977
1453978
1453979
1453980
1453981
1453982
1453983
1454666
1454667
1454668
1454669
1454670
1454671
1454672
1454683
1454684
1454685
1454686
1454692
1454800
1454801
1454815
1454816
1454817
1454847
1454848
1454849
1454890
1454891
1454892
1454893
1454894
1454895
1454896
1454897
1454898
1454899
1454990
1454991
1454992
1454993
1454994
1454995
1454996
1454997
1454998
1454999
1457040
1457041
1457042
1457043
1457044
1457045
1457046
1457390
1457391
1457392
1457393
1457394
1457395
1457396
1457397
1457398
1457399
1457430
1457431
1457432
1457433
1457434
1457784
1457785
1457786
1457787
1457788
1457789
1457790
1457791
1457792
1457793
1457794
1457795
1457796
1457797
1457798
1457799
1457900
1457901
1457902
1458755
1458969
1458970
1458971
1458972
1458973
1458974
1458975
1458976
1458977
1458978
1458979
1458980
1458981
1458982
1458983
1458984
1458985
1458986
1458987
1458988
1458989
1458990
1458991
1458992
1458993
1458994
1458995
1458996
1458997
1458998
1458999
1459000
1459001
1459002
1459003
1459004
1459005
1459006
1459007
1459008
1459009
1459010
1459011
1459012
1459013
1459014
1459015
1459016
1459017
1459018
1459019
1459020
1459021
1459022
1459023
1459024
1459025
1459026
1459027
1459028
1459029
1459030
1459031
1459032
1459033
1459034
1459035
1459036
1459037
1459038
1459039
1459040
1459041
1459042
1459043
1459044
1459045
1459046
1459047
1459048
1459049
1459050
1459051
1459052
1459053
1350004
1350005
1350006
1350155
1350156
1350157
1350158
1350159
1350280
1350281
1350282
1350283
1350284
1350285
1350286
1350287
1350288
1350289
1350960
1350961
1350962
1350963
1350964
1350965
1350966
1350967
1350968
1350969
1351000
1351001
1351002
1351003
1351004
1351005
1351006
1351007
1351008
1351009
1351010
1351011
1351012
1351013
1351014
1351015
1351016
1351017
1351018
1351019
1351020
1351021
1351022
1351023
1351024
1351025
1351026
1351027
1351028
1351029
1351030
1351031
1351032
1351033
1351034
1351035
1351036
1351037
1351038
1351039
1351040
1351041
1351042
1351043
1351044
1351045
1351046
1351047
1351048
1351049
1351050
1351051
1351052
1351053
1351054
1351055
1351056
1351057
1351058
1351059
1351060
1351061
1351062
1351063
1351064
1351065
1351066
1351067
1351068
1351069
1351070
1351071
1351072
1351073
1351074
1351075
1351076
1351077
1351078
1351079
1351080
1351081
1351082
1351083
1351084
1351085
1351086
1351087
1351088
1351089
1351090
1351091
1351092
1351093
1351094
1351095
1351096
1351097
1351098
1351099
1352840
1352841
1352842
1352843
1352844
1352845
1352846
1352847
1352848
1352849
1352870
1352871
1352872
1352873
1352874
1352875
1352876
1352877
1352878
1352879
1352880
1352881
1352882
1352883
1352884
1352885
1352886
1352887
1352888
1352889
1353000
1353001
1353002
1353003
1353004
1353005
1353006
1353007
1353008
1353009
1353010
1353011
1353012
1353013
1353014
1353015
1353016
1353017
1353018
1353019
1353020
1353021
1353022
1353023
1353024
1353025
1353026
1353027
1353028
1353029
1353030
1353031
1353032
1353033
1353034
1353035
1353036
1353037
1353038
1353039
1353040
1353041
1353042
1353043
1353044
1353045
1353046
1353047
1353048
1353049
1353050
1353051
1353052
1353053
1353054
1353055
1353056
1353057
1353058
1353059
1353060
1353061
1353062
1353063
1353064
1353065
1353066
1353067
1353068
1353069
1353070
1353071
1353072
1353073
1353074
1353075
1353076
1353077
1353078
1353079
1353080
1353081
1353082
1353083
1353084
1353085
1353086
1353087
1353088
1353089
1353090
1353091
1353092
1353093
1353094
1353095
1353096
1353097
1353098
1353099
1353400
1353401
1353402
1353403
1353404
1353405
1353406
1353407
1353408
1353409
1353410
1353411
1353412
1353413
1353414
1353415
1353416
1353417
1353418
1353419
1353420
1353421
1353422
1353423
1353424
1353425
1353426
1353427
1353428
1353429
1353750
1353751
1353752
1353753
1353754
1353755
1353756
1353757
1353758
1353759
1353760
1353761
1353762
1353763
1353764
1353765
1353766
1353767
1353768
1353769
1353770
1353771
1353772
1353773
1353774
1353775
1353776
1353777
1353778
1353779
1353780
1353781
1353782
1353783
1353784
1353785
1353786
1353787
1353788
1353789
1353800
1353801
1353802
1353803
1353804
1353805
1353806
1353807
1353808
1353809
1353810
1353811
1353812
1353813
1353814
1353815
1353816
1353817
1353818
1353819
1353820
1353821
1353822
1353823
1353824
1353825
1353826
1353827
1353828
1353829
1354325
1354326
1354327
1354328
1354329
1354330
1354331
1354332
1354333
1354334
1354400
1354401
1354402
1354403
1354404
1354405
1354406
1354407
1354408
1354409
1354410
1354411
1354412
1354413
1354414
1354415
1354416
1354417
1354418
1354419
1354420
1354421
1354422
1354423
1354424
1354425
1354426
1354427
1354428
1354429
1355470
1355471
1355472
1355473
1355474
1355475
1355476
1355477
1355478
1355479
1355480
1355481
1355482
1355483
1355484
1355485
1355486
1355487
1355488
1355489
1355490
1355491
1355492
1355493
1355494
1355495
1355496
1355497
1355498
1355499
1355680
1355681
1355682
1355683
1355684
1355685
1355686
1355687
1355688
1355689
1356070
1356071
1356072
1356073
1356074
1356075
1356076
1356077
1356078
1356079
1357080
1357081
1357082
1357083
1357084
1357085
1357086
1357087
1357088
1357089
1359010
1359011
1359012
1359013
1359014
1359015
1359016
1359017
1359018
1359019
1359020
1359021
1359022
1359023
1359024
1359025
1359026
1359027
1359028
1359029
1359030
1359031
1359032
1359033
1359034
1359035
1359036
1359037
1359038
1359039
1359040
1359041
1359042
1359043
1359044
1359045
1359046
1359047
1359048
1359049
1770400
1770401
1770402
1770403
1770404
1770405
1770406
1770407
1770408
1770755
1772222
1772240
1772241
1772242
1772243
1772244
1772245
1772246
1772247
1772248
1772249
1772250
1772251
1772252
1772253
1772254
1772255
1772256
1772257
1772258
1772259
1772260
1772261
1772262
1772263
1772264
1772265
1772266
1772267
1772268
1772269
1772280
1772281
1772282
1772283
1772284
1772448
1772449
1772460
1772461
1772462
1772463
1772464
1772465
1772466
1772467
1772468
1772469
1772470
1772471
1772472
1772473
1772474
1772740
1772741
1772742
1772743
1772744
1772745
1772746
1772747
1772748
1772749
1772750
1772751
1772752
1772753
1772754
1772755
1772756
1772757
1772758
1772759
1772780
1772781
1772782
1772783
1772784
1772785
1772786
1772787
1772788
1772789
1772790
1772791
1772792
1772793
1772794
1772795
1772796
1772797
1772798
1772799
1774490
1774491
1774492
1774493
1774494
1774495
1774496
1774497
1774498
1774499
1774850
1774851
1774852
1774853
1774854
1774855
1774856
1774857
1774858
1774859
1774860
1774861
1774862
1774863
1774864
1774865
1774866
1774867
1774868
1774869
1776528
1776529
1776884
1778872
1778873
1778874
1778875
1778876
1778877
1778878
1778879
1778880
1778884
1778889
1779630
1779631
1779632
1779633
1779634
1779635
1779636
1779637
1779638
1779639
1590755
1591400
1591401
1591402
1591403
1591404
1591405
1591406
1591407
1591408
1591409
1591410
1591411
1591412
1591413
1591414
1591415
1591416
1591417
1591418
1591419
1591530
1591531
1591532
1591533
1591534
1591535
1591536
1591537
1591538
1591539
1591540
1591541
1591542
1591543
1591544
1591545
1591546
1591547
1591548
1591549
1591940
1591941
1591942
1591943
1591944
1591945
1591946
1591947
1591948
1591949
1591970
1591971
1591972
1591973
1591974
1591975
1591976
1591977
1591978
1591979
1591980
1591981
1591982
1591983
1591984
1591985
1591986
1591987
1591988
1591989
1591990
1591991
1591992
1591993
1591994
1591995
1591996
1591997
1591998
1591999
1592000
1592001
1592002
1592003
1592004
1592005
1592006
1592007
1592008
1592009
1597685
1597686
1597687
1597688
1597689
1598660
1598661
1598662
1598663
1598664
1598665
1598666
1598667
1598668
1598669
1598670
1598671
1598672
1598673
1598674
1598675
1598676
1598677
1598678
1598679
1598680
1598681
1598682
1598683
1598684
1598930
1598931
1598932
1598933
1598934
1598935
1598936
1598937
1598938
1598939
1598940
1598941
1598942
1598943
1598944
1598945
1598946
1598947
1598948
1598949
1598950
1598951
1598952
1598953
1598954
1598955
1598956
1598957
1598958
1598959
1598985
1598986
1598987
1598988
1598989
1599470
1599471
1599472
1599473
1599474
1599475
1599476
1599477
1599478
1599479
1599480
1599481
1599482
1599483
1599484
1599950
1599951
1599952
1599953
1599954
1599955
1599956
1599957
1599958
1599959
1599960
1599961
1599962
1599963
1599964
1599965
1599966
1599967
1599968
1599969
1300540
1300541
1300542
1300543
1300544
1300545
1300546
1300547
1300548
1300549
1300660
1300661
1300662
1300663
1300664
1300665
1300666
1300667
1300668
1300669
1300880
1300881
1300882
1300883
1300884
1300885
1300886
1300887
1300888
1300889
1301054
1301075
1301088
1301089
1302540
1302541
1302542
1302543
1302544
1302545
1302546
1302547
1302548
1302549
1302660
1302661
1302662
1302663
1302664
1302665
1302666
1302667
1302668
1302669
1302790
1302791
1302792
1302793
1302794
1302795
1302796
1302797
1302798
1302799
1302880
1302881
1302882
1302883
1302884
1302885
1302886
1302887
1302888
1302889
1304080
1304081
1304082
1304083
1304084
1304085
1304086
1304087
1304088
1304089
1304340
1304341
1304342
1304343
1304344
1304345
1304346
1304347
1304348
1304349
1304580
1304581
1304582
1304583
1304584
1304585
1304586
1304587
1304588
1304589
1304880
1304881
1304882
1304883
1304884
1304885
1304886
1304887
1304888
1304889
1304890
1304891
1304892
1304893
1304894
1304895
1304896
1304897
1304898
1304899
1304930
1304931
1304932
1304933
1304934
1304935
1304936
1304937
1304938
1304939
1304940
1304941
1304942
1304943
1304944
1304945
1304946
1304947
1304948
1304949
1304980
1304981
1304982
1304983
1304984
1304985
1304986
1304987
1304988
1304989
1305800
1305801
1305802
1305803
1305804
1305805
1305806
1305807
1305808
1305809
1305810
1305811
1305812
1305813
1305814
1305815
1305816
1305817
1305818
1305819
1306680
1306681
1306682
1306683
1306684
1306685
1306686
1306687
1306688
1306689
1306690
1306691
1306692
1306693
1306694
1306695
1306696
1306697
1306698
1306699
1306840
1306841
1306842
1306843
1306844
1306845
1306846
1306847
1306848
1306849
1306870
1306871
1306872
1306873
1306874
1306878
1307690
1307691
1307692
1307693
1307694
1307695
1307696
1307697
1307698
1307699
1307780
1307781
1307782
1307783
1307784
1307785
1307786
1307787
1307788
1307789
1308880
1308881
1308882
1308883
1308884
1308885
1308886
1308887
1308888
1308889
1726664
1727773
1671755
1672755
1673761
1673762
1673764
1673765
1673766
1674030
1674031
1674032
1491120
1491121
1491122
1491123
1491124
1491125
1491126
1491127
1491128
1491129
1491130
1491131
1491132
1491133
1491134
1491135
1491136
1491137
1491138
1491139
1491140
1491141
1491142
1491143
1491144
1491145
1491146
1491147
1491148
1491149
1390231
1390243
1390244
1390245
1390246
1390247
1390248
1390290
1390291
1390292
1390293
1390294
1390295
1390296
1390297
1390298
1390299
1390302
1392280
1392281
1392282
1392283
1392284
1392285
1392286
1392287
1392288
1392289
1392340
1392341
1392342
1392343
1392344
1392345
1392346
1392347
1392348
1392349
1392370
1392371
1392372
1392373
1392374
1392375
1392376
1392377
1392378
1392379
1392380
1392381
1392382
1392383
1392384
1392385
1392386
1392387
1392388
1392389
1392458
1392459
1392460
1392461
1392462
1392463
1392464
1392465
1392466
1392467
1392520
1392521
1392522
1392523
1392524
1392525
1392526
1392527
1392528
1392529
1392650
1392651
1392652
1392653
1392654
1392655
1392656
1392657
1392658
1392659
1392740
1392741
1392742
1392743
1392744
1392745
1392746
1392747
1392748
1392749
1392840
1392841
1392842
1392843
1392844
1392845
1392846
1392847
1392848
1392849
1550200
1550201
1550202
1550203
1550204
1550750
1550751
1550752
1550753
1550754
1550755
1550756
1550757
1550758
1550759
1554670
1554671
1554672
1554673
1554674
1554675
1554676
1554677
1554678
1554679
1554680
1554681
1554682
1554683
1554684
1554685
1554686
1554687
1554688
1554689
1554690
1554691
1554692
1554693
1554694
1554695
1554696
1554697
1554698
1554699
1860300
1860301
1860302
1860303
1860304
1860305
1860306
1860307
1860755
1861700
1861701
1861702
1861703
1861704
1861705
1861706
1861707
1861708
1861709
1861710
1861711
1861712
1861713
1861714
1861715
1861716
1861717
1861718
1861719
1862030
1862031
1862032
1862033
1862034
1862035
1862036
1862037
1862038
1862039
1866430
1866431
1866432
1866433
1866434
1866435
1866436
1866437
1866438
1866439
1866455
1866456
1866457
1866458
1866459
1866490
1866491
1866492
1866493
1866494
1866495
1866496
1866497
1866498
1866499
1866530
1866531
1866532
1866533
1866534
1866535
1866536
1866537
1866538
1866539
1866580
1866581
1866582
1866583
1866584
1866585
1866586
1866587
1866588
1866589
1866590
1866591
1866592
1866593
1866594
1866595
1866596
1866597
1866598
1866599
1866620
1866621
1866622
1866628
1866629
1866666
1867550
1867551
1867552
1867553
1867554
1867555
1867556
1867557
1867558
1867559
1867564
1867634
1867639
1867665
1867666
1867667
1867668
1867669
1867670
1867671
1867672
1867673
1867674
1867675
1867676
1867677
1867678
1867679
1868030
1868031
1868032
1868033
1868034
1868035
1868036
1868037
1868038
1868039
1868066
1868067
1868068
1868069
1868143
1868144
1868145
1868146
1868147
1868148
1868149
1868150
1868151
1868152
1868153
1868154
1868155
1868156
1868157
1868158
1868159
1868200
1868201
1868202
1868203
1868204
1868205
1868206
1868207
1868208
1868209
1868210
1868211
1868212
1868213
1868214
1868215
1868216
1868217
1868218
1868219
1868220
1868221
1868222
1868223
1868224
1868225
1868226
1868227
1868228
1868229
1868230
1868231
1868232
1868233
1868234
1868235
1868236
1868237
1868238
1868239
1868240
1868241
1868242
1868243
1868244
1868245
1868246
1868247
1868248
1868249
1868870
1868871
1868872
1868873
1868874
1868875
1868876
1868877
1868878
1868879
1868882
1868883
1868892
1868893
1868894
1868895
1868896
1868897
1868898
1868899
1868920
1868921
1868922
1868946
1868947
1868948
1868949
1850300
1850301
1850302
1850303
1850304
1850305
1850306
1850307
1850308
1850309
1850755
1851260
1852080
1852081
1852082
1852083
1852084
1852085
1852086
1852087
1852088
1852089
1852906
1852907
1852908
1852909
1852950
1852951
1852952
1852953
1852954
1852955
1852956
1852957
1852958
1852959
1856560
1856561
1856562
1856563
1856564
1856565
1856566
1856567
1856568
1856569
1856570
1856571
1856572
1856573
1856574
1856575
1856576
1856577
1856578
1856579
1856580
1856581
1856582
1856583
1856584
1856585
1856586
1856587
1856588
1856589
1856620
1856621
1856622
1856623
1856624
1856625
1856626
1856627
1856628
1856629
1856660
1856661
1856662
1856663
1856664
1856665
1856666
1856667
1856668
1856669
1856670
1856671
1856672
1856673
1856674
1856675
1856676
1856677
1856678
1856679
1857550
1857551
1857552
1857553
1857554
1857555
1857556
1857557
1857558
1857559
1857567
1857568
1857569
1857640
1857641
1857642
1857643
1857644
1857645
1857646
1857647
1857648
1857649
1857660
1857661
1857662
1857663
1857664
1857665
1857666
1857667
1857668
1857669
1857670
1857671
1857672
1857673
1857674
1857675
1857676
1857677
1857678
1857679
1857848
1857849
1858820
1858821
1858822
1858823
1858824
1858825
1858826
1858827
1858828
1858829
1858830
1858831
1858832
1858833
1858834
1858835
1858836
1858837
1858838
1858839
1858840
1858841
1858842
1858843
1858844
1858845
1858846
1858847
1858848
1858849
1858895
1858896
1858897
1858898
1858900
1858901
1858902
1858903
1858904
1858905
1858906
1858907
1858908
1858909
1859410
1859411
1859412
1859413
1859414
1859415
1859416
1859417
1859418
1859419
1859420
1859421
1859422
1859423
1859424
1859425
1859426
1859427
1859428
1859429
1859430
1859431
1859432
1859433
1859434
1859435
1859436
1859437
1859438
1859439
1859800
1859801
1859802
1859803
1859804
1859805
1859806
1859807
1859808
1859809
1859824
1859825
1859826
1859827
1780209
1780671
1780765
1781160
1781161
1781162
1781163
1781165
1781168
1781169
1781174
1781177
1781701
1781709
1781723
1781728
1781732
1781736
1781755
1781773
1781777
1781781
1781795
1781800
1781827
1781831
1781832
1781833
1781834
1781837
1781840
1781848
1781855
1781856
1781857
1781868
1781884
1781914
1781917
1782021
1782039
1782058
1782060
1782062
1782063
1782064
1782065
1782066
1782067
1782069
1782073
1782074
1782078
1782079
1782098
1782099
1782519
1782520
1782547
1782553
1782554
1782581
1782719
1782760
1782761
1782762
1783174
1784090
1784091
1784092
1784093
1784094
1784095
1784096
1784097
1784098
1784099
1784100
1784101
1784102
1784103
1784104
1784105
1784106
1784107
1784108
1784109
1784110
1784111
1784112
1784113
1784114
1784667
1786800
1786811
1787504
1787516
1787518
1787526
1787536
1787539
1787542
1787546
1787550
1787574
1787582
1787591
1787601
1787614
1787622
1787632
1787649
1787655
1787671
1787674
1787685
1787699
1788061
1788140
1788141
1788142
1788143
1788144
1788145
1788146
1788147
1788148
1788149
1788180
1788188
1788194
1788868
1788947
1788955
1789644
1789645
1789646
1789647
1789648
1789840
1789841
1789842
1789843
1789844
1789845
1789846
1789848
1789849
1560231
1560243
1560244
1560245
1560246
1560247
1560248
1560290
1560291
1560292
1560293
1560294
1560295
1560296
1560297
1560298
1560299
1560302
1562280
1562281
1562282
1562283
1562284
1562285
1562286
1562287
1562288
1562289
1562520
1562521
1562522
1562523
1562524
1562525
1562526
1562527
1562528
1562529
1562650
1562651
1562652
1562653
1562654
1562655
1562656
1562657
1562658
1562659
1562740
1562741
1562742
1562743
1562744
1562745
1562746
1562747
1562748
1562749
1562850
1562851
1562852
1562853
1562854
1562855
1562856
1562857
1562858
1562859
1562864
1562865
1562867
1562868
1562869
1569208
1569209
1569244
1569245
1569755
1990240
1990290
1990291
1990292
1990293
1990294
1990295
1990296
1990297
1990298
1990299
1992440
1992441
1992442
1992443
1992444
1992445
1992446
1992447
1992448
1992449
1992450
1992451
1992452
1992453
1992454
1992455
1992456
1992457
1992458
1992490
1992491
1992492
1992493
1992494
1992510
1992511
1992512
1992513
1992514
1992515
1992516
1992517
1992518
1992519
1992520
1992521
1992522
1992523
1992524
1992525
1992526
1992527
1992528
1992529
1992530
1992531
1992532
1992533
1992534
1992535
1992536
1992537
1992538
1992539
1992540
1992541
1992542
1992543
1992544
1992545
1992546
1992547
1992548
1992549
1992640
1992641
1992642
1992643
1992644
1992645
1992646
1992647
1992648
1992649
1992650
1992651
1992652
1992653
1992654
1992655
1992656
1992657
1992658
1992659
1992663
1992664
1992665
1992666
1992667
1992668
1992669
1992680
1992681
1992682
1992683
1992684
1992870
1992871
1992872
1992873
1992874
1992875
1992876
1992877
1992878
1992879
1992880
1992881
1992882
1992883
1992884
1992885
1992886
1992887
1992888
1992889
1998700
1710999
1712881
1712882
1712883
1712884
1712889
1713755
1713996
1713997
1713998
1715030
1715031
1715032
1715033
1715035
1715036
1715037
1715038
1715039
1715080
1715081
1715082
1715083
1715085
1715086
1715087
1715089
1715482
1715483
1715484
1715485
1715486
1715487
1715488
1715489
1715755
1715761
1715762
1715764
1715765
1715767
1715780
1715781
1715782
1715783
1715784
1715785
1715786
1715787
1715789
1715860
1715861
1715862
1715863
1715864
1715865
1715867
1715868
1715884
1715964
1715994
1715995
1715999
1716034
1716040
1716088
1716755
1716766
1716767
1716788
1716866
1716868
1716886
1716888
1716966
1716969
1716996
1716999
1717755
1718041
1718048
1718481
1718486
1718755
1718886
1718889
1718995
1718996
1718997
1718998
1719030
1719031
1719032
1719033
1719034
1719035
1719036
1719037
1719041
1719481
1719755
1719766
1719866
1719888
1719999
1330231
1330243
1330244
1330245
1330246
1330247
1330248
1330290
1330291
1330292
1330293
1330294
1330295
1330296
1330297
1330298
1330299
1331083
1331084
1331085
1331086
1331087
1331290
1331291
1331292
1331293
1331294
1331295
1331296
1331297
1331298
1331299
1331640
1331641
1331642
1331643
1331644
1331645
1331646
1331647
1331648
1331649
1331650
1331651
1331652
1331653
1331654
1331655
1331656
1331657
1331658
1331659
1331680
1331681
1331682
1331683
1331684
1331685
1331686
1331687
1331688
1331689
1331690
1331691
1331692
1331693
1331694
1331695
1331696
1331697
1331698
1331699
1332292
1332293
1332298
1332299
1333290
1333291
1333292
1333293
1333294
1333295
1333296
1333297
1333298
1333299
1333654
1334290
1334291
1334292
1334293
1334294
1334295
1334296
1334297
1334298
1334299
1335290
1335291
1335292
1335293
1335294
1335295
1335296
1335297
1335298
1335299
1336005
1336006
1336007
1336008
1336009
1336050
1336051
1336052
1336053
1336054
1336097
1337755
1337764
1337767
1337840
1337841
1337842
1337843
1337865
1337866
1338030
1338031
1338032
1338033
1338034
1338035
1338036
1338037
1338038
1338039
1338078
1338079
1339215
1339216
1339217
1339218
1339219
1339240
1339241
1339242
1339243
1339244
1339280
1339281
1339282
1339283
1339284
1339285
1339286
1339287
1339288
1339289
1890231
1890243
1890244
1890245
1890246
1890247
1890248
1890283
1890284
1890285
1890290
1890291
1890292
1890293
1890294
1890295
1890296
1890297
1890298
1890299
1890302
1892280
1892281
1892282
1892283
1892284
1892285
1892286
1892287
1892288
1892289
1892340
1892341
1892342
1892343
1892344
1892345
1892346
1892347
1892348
1892349
1892370
1892371
1892372
1892373
1892374
1892375
1892376
1892377
1892378
1892379
1892380
1892381
1892382
1892383
1892384
1892385
1892386
1892387
1892388
1892389
1892458
1892459
1892460
1892461
1892462
1892463
1892464
1892465
1892466
1892467
1892520
1892521
1892522
1892523
1892524
1892525
1892526
1892527
1892528
1892529
1892600
1892601
1892602
1892603
1892604
1892605
1892606
1892607
1892608
1892609
1892640
1892641
1892642
1892643
1892644
1892645
1892646
1892647
1892648
1892649
1892650
1892651
1892652
1892653
1892654
1892655
1892656
1892657
1892658
1892659
1892675
1892676
1892677
1892678
1892679
1892740
1892741
1892742
1892743
1892744
1892745
1892746
1892747
1892748
1892749
1892840
1892841
1892842
1892843
1892844
1892845
1892846
1892847
1892848
1892849
1892930
1892931
1892932
1892933
1892934
1892935
1892936
1892937
1892938
1892939
1893802
1893803
1893804
1893805
1893806
1893807
1893808
1893809
1893814
1893815
1893816
1893817
1893863
1893864
1893865
1893866
1893867
1893868
1893869
1893883
1893884
1893885
1893886
1893887
1893888
1893889
1893890
1893891
1893892
1893893
1893894
1893895
1893896
1893897
1893898
1893899
1894816
1894817
1894818
1894819
1894830
1894831
1894832
1894833
1894834
1894835
1894870
1894871
1894872
1894873
1894874
1894875
1894876
1894877
1894878
1894879
1898875
1898876
1898877
1898878
1898879
1899890
1899891
1899892
1899893
1899894
1899895
1899896
1899897
1899898
1899899
1950084
1950087
1952051
1952052
1952053
1952054
1952055
1952056
1952057
1952058
1952059
1952060
1952061
1952062
1952063
1952064
1952065
1952066
1952067
1952068
1952069
1952070
1952071
1952072
1952073
1952074
1952075
1952076
1952077
1952078
1952079
1952080
1952081
1952082
1952083
1952084
1952085
1952086
1952087
1952088
1952089
1952333
1952712
1952713
1952714
1952755
1953066
1953077
1953398
1953456
1953598
1953608
1953618
1953628
1953914
1957605
1957800
1957801
1360014
1360015
1360016
1360017
1360018
1360019
1360040
1360041
1360042
1360043
1360044
1360250
1360251
1360252
1360253
1360254
1360255
1360256
1360257
1360258
1360259
1360260
1360261
1360262
1360263
1360264
1360265
1360266
1360267
1360268
1360269
1360300
1360301
1360302
1360303
1360304
1360305
1360306
1360307
1360308
1360309
1360961
1360962
1361280
1361281
1361282
1361283
1361284
1361285
1361286
1361287
1361288
1361289
1361290
1361291
1361292
1361293
1361294
1361295
1361296
1361297
1361298
1361299
1361300
1361301
1361302
1361303
1361304
1361305
1361306
1361307
1361308
1361309
1362020
1362021
1362022
1362090
1362091
1362092
1362093
1362094
1362095
1362096
1362097
1362098
1362099
1362230
1362231
1362232
1362233
1362234
1362235
1362236
1362237
1362238
1362239
1363150
1363151
1363152
1363153
1363154
1363155
1363156
1363157
1363158
1363159
1363160
1363161
1363162
1363163
1363164
1363165
1363166
1363167
1363168
1363169
1363250
1363251
1363252
1363253
1363254
1363255
1363256
1363257
1363258
1363259
1363260
1363261
1363262
1363263
1363264
1363265
1363266
1363267
1363268
1363269
1363270
1363271
1363272
1363273
1363274
1363275
1363276
1363277
1363278
1363279
1363280
1363281
1363282
1363283
1363284
1363285
1363286
1363287
1363288
1363289
1363290
1363291
1363292
1363293
1363294
1363295
1363296
1363297
1363298
1363299
1364090
1364091
1364092
1364093
1364094
1364095
1364096
1364097
1364098
1364099
1364140
1364141
1364142
1364143
1364144
1364145
1364146
1364147
1364148
1364149
1364234
1364235
1364236
1365140
1365141
1365142
1365143
1365144
1365145
1365146
1365147
1365148
1365149
1365230
1365231
1365232
1365233
1365234
1365235
1365236
1365237
1365238
1365239
1365240
1365241
1365242
1365243
1365244
1366220
1366221
1366222
1366223
1366224
1366225
1366226
1366227
1366228
1366229
1366255
1366256
1366257
1366258
1366259
1366260
1366261
1366262
1366263
1366264
1366265
1366266
1366267
1366268
1366269
1367000
1367001
1367002
1367003
1367004
1367005
1367006
1367007
1367008
1367009
1367010
1367011
1367012
1367013
1367014
1367015
1367016
1367017
1367018
1367019
1367020
1367021
1367022
1367023
1367024
1367025
1367026
1367027
1367028
1367029
1368230
1368231
1368232
1368233
1368234
1368235
1368236
1368237
1368238
1368239
1368240
1368241
1368242
1368243
1368244
1368245
1368246
1368247
1368248
1368249
1368250
1368251
1368252
1368253
1368254
1368255
1368256
1368257
1368258
1368259
1368260
1368261
1368262
1368263
1368264
1368265
1368266
1368267
1368268
1368269
1368490
1368491
1368492
1368493
1368494
1368495
1368496
1368497
1368498
1368499
1368640
1368641
1368642
1368643
1368644
1368645
1368646
1368647
1368648
1368649
1368680
1368681
1368682
1368683
1368684
1368685
1368686
1368687
1368688
1368689
1368880
1368881
1368882
1368883
1368884
1368950
1368951
1368952
1368953
1368954
1368955
1368956
1368957
1368958
1368959
1369160
1369161
1369162
1369163
1369164
1369165
1369166
1369167
1369168
1369169
1369170
1369171
1369172
1369173
1369174
1369175
1369176
1369177
1369178
1369179
1369180
1369181
1369182
1369183
1369184
1369185
1369186
1369187
1369188
1369189
1369190
1369191
1369192
1369193
1369194
1369195
1369196
1369197
1369198
1369199
1369210
1369211
1369212
1369213
1369214
1369215
1369216
1369217
1369218
1369219
1369220
1369221
1369222
1369223
1369224
1369225
1369226
1369227
1369228
1369229
1369975
1369976
1369977
1369978
1369979
1369980
1369981
1369982
1369983
1369984
1369985
1369986
1369987
1369988
1369989
1530260
1530261
1530262
1530263
1530264
1530265
1530266
1530267
1530268
1530269
1530270
1530271
1530272
1530273
1530274
1530275
1530276
1530277
1530278
1530279
1530755
1532340
1532341
1532342
1532343
1532344
1532345
1532346
1532347
1532348
1532370
1532371
1532372
1532373
1532374
1532375
1532376
1532377
1532378
1532379
1532380
1532381
1532382
1532383
1532384
1532385
1532386
1532387
1532388
1532389
1533870
1533871
1533872
1533873
1533874
1533875
1533876
1533877
1533878
1533879
1533880
1533881
1533882
1533883
1533884
1533885
1533886
1533887
1533888
1533889
1536100
1536101
1536102
1536103
1536104
1536105
1536106
1536107
1536108
1536109
1536140
1536141
1536142
1536143
1536144
1536145
1536146
1536147
1536148
1536149
1536150
1536151
1536152
1536153
1536154
1536155
1536156
1536157
1536158
1536159
1536160
1536161
1536162
1536163
1536164
1536165
1536166
1536167
1536168
1536169
1536180
1536181
1536182
1536183
1536184
1536185
1536186
1536187
1536188
1536189
1800250
1800251
1800252
1800253
1800254
1800255
1800256
1800257
1800258
1800259
1800755
1801870
1801871
1801872
1801873
1801874
1801875
1801876
1801877
1801878
1801879
1802530
1802531
1802532
1802533
1802534
1802535
1802536
1802537
1802538
1802539
1802540
1802541
1802542
1802543
1802544
1802545
1802546
1802547
1802548
1802549
1802584
1802585
1802690
1802691
1802692
1802693
1802694
1802695
1802696
1802697
1802698
1802699
1802765
1802766
1802870
1802871
1802872
1802873
1802874
1802875
1802876
1802877
1802878
1802879
1803305
1803306
1803307
1803308
1803309
1803340
1803341
1803342
1803343
1803344
1803800
1803801
1803802
1803803
1803804
1803805
1803806
1803807
1803808
1803809
1803810
1803811
1803812
1803813
1803814
1803815
1803816
1803817
1803818
1803819
1808888
1809890
1809891
1809892
1809893
1809894
1809895
1809896
1809897
1809898
1809899
1870755
1870761
1871804
1871805
1871847
1871848
1871851
1871852
1871856
1871857
1871867
1871868
1871869
1871877
1871878
1871879
1871886
1871892
1871893
1871903
1871904
1871905
1871906
1871927
1871928
1871944
1871945
1660755
1662078
1662079
1662080
1662081
1662082
1662083
1662084
1662085
1662086
1662087
1662088
1662089
1662090
1662091
1662092
1662093
1662094
1662095
1662096
1662097
1662098
1662099
1662510
1662511
1662512
1662513
1662514
1662515
1662516
1662517
1662518
1662519
1662520
1662521
1662522
1662523
1662524
1662525
1662526
1662527
1662528
1662529
1662530
1662531
1662532
1662533
1662534
1662535
1662536
1662537
1662538
1662539
1662540
1662541
1662542
1662543
1662544
1662545
1662546
1662547
1662548
1662549
1662550
1662551
1662552
1662553
1662554
1662555
1662556
1662557
1662558
1662559
1662560
1662561
1662562
1662563
1662564
1662565
1662566
1662567
1662568
1662569
1662570
1662571
1662572
1662573
1662574
1662575
1662576
1662577
1662578
1662579
1662580
1662581
1662582
1662583
1662584
1662585
1662586
1662587
1662588
1662589
1662590
1662591
1662592
1662593
1662594
1662595
1662596
1662597
1662598
1662599
1667511
1667512
1667513
1667515
1667516
1667517
1667518
1667519
1667532
1667533
1667534
1667535
1667536
1667537
1667538
1667539
1667540
1667541
1667542
1667543
1667544
1667545
1667546
1667547
1667548
1667549
1667550
1667551
1667552
1667553
1667554
1667555
1667556
1667557
1667558
1667559
1380220
1380221
1380222
1380223
1380224
1380225
1380226
1380227
1380228
1380229
1380255
1380256
1380257
1380258
1380259
1380270
1380880
1380883
1380885
1380986
1380988
1380989
1382310
1382311
1382312
1382313
1382314
1382315
1382316
1382317
1382318
1382319
1382320
1382321
1382322
1382323
1382324
1382325
1382326
1382327
1382328
1382329
1382330
1382331
1382332
1382333
1382334
1382335
1382336
1382337
1382338
1382339
1382350
1382351
1382352
1382353
1382354
1382355
1382356
1382357
1382358
1382359
1382360
1382361
1382362
1382363
1382364
1382365
1382366
1382367
1382368
1382369
1382370
1382371
1382372
1382373
1382374
1382375
1382376
1382377
1382378
1382379
1382430
1382431
1382432
1382433
1382434
1382435
1382436
1382437
1382438
1382439
1382520
1382521
1382522
1382523
1382524
1382525
1382526
1382527
1382528
1382529
1382650
1382651
1382652
1382653
1382654
1382655
1382656
1382657
1382658
1382659
1382740
1382741
1382742
1382743
1382744
1382745
1382746
1382747
1382748
1382749
1382870
1382871
1382872
1382873
1382874
1382875
1382876
1382877
1382878
1382879
1382880
1382881
1382882
1382883
1382884
1382885
1382886
1382887
1382888
1382889
1388991
1730190
1730191
1730192
1730193
1730194
1730195
1730196
1730197
1730198
1730199
1730260
1730261
1730262
1730263
1730264
1730265
1730266
1730267
1730268
1730269
1730440
1730441
1730442
1730443
1730444
1730445
1730446
1730447
1730448
1730449
1730755
1731800
1731801
1731802
1731803
1731804
1731805
1731806
1731807
1731808
1732230
1732231
1732232
1732233
1732234
1732235
1732236
1732237
1732244
1732437
1732438
1732439
1732440
1732441
1732442
1732443
1732444
1732445
1732446
1732447
1732448
1732449
1732835
1732836
1732837
1732838
1732839
1732870
1732871
1732872
1732873
1732874
1732875
1732876
1732877
1732878
1732879
1737673
1737674
1737675
1737681
1737682
1737683
1737684
1737685
1737686
1737687
1738870
1738871
1738872
1738873
1738874
1738875
1738876
1738877
1738878
1738879
1310654
1311300
1311301
1311302
1311304
1311360
1311361
1311362
1311363
1311364
1311365
1311366
1311367
1311368
1311369
1311380
1311381
1311382
1311383
1311384
1311385
1311386
1311387
1312870
1312871
1312872
1312873
1312874
1312875
1312876
1312877
1312878
1312879
1312880
1312881
1312882
1312883
1312884
1312885
1312886
1312887
1312888
1312889
1312890
1312891
1312892
1312893
1312894
1312895
1312896
1312897
1312898
1312899
1312950
1312951
1312952
1312953
1312954
1312955
1312956
1312957
1312958
1312959
1313815
1313816
1313817
1313818
1313885
1313886
1313887
1313888
1313889
1314340
1314341
1314342
1314343
1314344
1314345
1314346
1314380
1314381
1314382
1314383
1314384
1314385
1314386
1314387
1314388
1314389
1314390
1314391
1314392
1314393
1314394
1314395
1314396
1314397
1314398
1314399
1314480
1314481
1314482
1314483
1314484
1314580
1314581
1314582
1314583
1314584
1314585
1314586
1314587
1314588
1314589
1314590
1314591
1314592
1314593
1314594
1314595
1314596
1314597
1314598
1314599
1314700
1314701
1314702
1314703
1314704
1314705
1314706
1314707
1314708
1314709
1314750
1314751
1314752
1314753
1314754
1314755
1314756
1314757
1314758
1314759
1314870
1314871
1314872
1314873
1314874
1314875
1314876
1314877
1314878
1314879
1314880
1314881
1314882
1314883
1314884
1314885
1314886
1314887
1314888
1314889
1314990
1314991
1314992
1314993
1314994
1314995
1314996
1314997
1314998
1314999
1316370
1316371
1316372
1316373
1316374
1316375
1316376
1316377
1316378
1316379
1316470
1316471
1316472
1316473
1316474
1316475
1316476
1316477
1316478
1316479
1316800
1316801
1316802
1316803
1316804
1316805
1316806
1316807
1316808
1316809
1316870
1316871
1316872
1316873
1316874
1316875
1316876
1316877
1316878
1316879
1316990
1316991
1316992
1316993
1316994
1317240
1317241
1317242
1317243
1317244
1317245
1317246
1317247
1317248
1317249
1318970
1318971
1318972
1318973
1318974
1318975
1318976
1318977
1318978
1760300
1760301
1760302
1760303
1760304
1760305
1760306
1760307
1760308
1760309
1760755
1760761
1760767
1762030
1762031
1762032
1762033
1762034
1762035
1762036
1762037
1762038
1762039
1762040
1762041
1762042
1762043
1762044
1762045
1762046
1762047
1762048
1762049
1766520
1766521
1766522
1766523
1766524
1766525
1766526
1766527
1766528
1766530
1766531
1766532
1766533
1766534
1766535
1766536
1766537
1766538
1766539
1766546
1766547
1766548
1766549
1766610
1766611
1766612
1766613
1766614
1766629
1767500
1767501
1767502
1767503
1767504
1767505
1767506
1767507
1767508
1767509
1767510
1767511
1767512
1767513
1767514
1767515
1767516
1767517
1767518
1767519
1767520
1767521
1767522
1767523
1767524
1767525
1767526
1767527
1767528
1767529
1767530
1767531
1767532
1767533
1767534
1767535
1767536
1767537
1767538
1767539
1767540
1767541
1767542
1767543
1767544
1767545
1767546
1767547
1767548
1767549
1767550
1767551
1767552
1767553
1767554
1767555
1767556
1767557
1767558
1767559
1767644
1767675
1767676
1767677
1767678
1767679
1768815
1768816
1768853
1768854
1768855
1768856
1768870
1768871
1768872
1768873
1768874
1768875
1768876
1768877
1768878
1768879
1768882
1768883
1768889
1768890
1768891
1768892
1768893
1768894
1768895
1768896
1768897
1768898
1768899
1580755
1581180
1581181
1581182
1581183
1581184
1581370
1581371
1581372
1581373
1581374
1581380
1581381
1581382
1581383
1581384
1581385
1581386
1581387
1581388
1581389
1581400
1581401
1581402
1581403
1581404
1581405
1581406
1581407
1581408
1581409
1581440
1581441
1581442
1581443
1581444
1581445
1581446
1581447
1581448
1581449
1581460
1581461
1581462
1581463
1581464
1581465
1581466
1581467
1581468
1581469
1581470
1581471
1581472
1581473
1581474
1581475
1581476
1581477
1581478
1581479
1581550
1581551
1581552
1581553
1581554
1581555
1581556
1581557
1581558
1581559
1581685
1581686
1581687
1581688
1581689
1581720
1581721
1581722
1581723
1581724
1581725
1581726
1581727
1581728
1581729
1581730
1581731
1581732
1581733
1581734
1581735
1581736
1581737
1581738
1581739
1581740
1581741
1581742
1581743
1581744
1581745
1581746
1581747
1581748
1581749
1581850
1581851
1581852
1581853
1581854
1581855
1581856
1581857
1581858
1581859
1581860
1581861
1581862
1581863
1581864
1581865
1581866
1581867
1581868
1581869
1581870
1581871
1581872
1581873
1581874
1581875
1581876
1581877
1581878
1581879
1582040
1582041
1582042
1582043
1582044
1582045
1582046
1582047
1582048
1582049
1582075
1582076
1582077
1582078
1582079
1587550
1587551
1587552
1587553
1587554
1587555
1587556
1587557
1587558
1587559
1588929
1588930
1588931
1588932
1588933
1588934
1588935
1588936
1588937
1588938
1588939
1588940
1588941
1588942
1588943
1588944
1588945
1588946
1588947
1588948
1588949
1588950
1588951
1588952
1588953
1588954
1588955
1588956
1588957
1588958
1588959
1588960
1588961
1588962
1588963
1588964
1588965
1588966
1588967
1588968
1588969
1588970
1588971
1588972
1588973
1588974
1588975
1588976
1588977
1588978
1588979
1589975
1589976
1589977
1589978
1589979
1589985
1589986
1589987
1589988
1589989
1341000
1341001
1341002
1341003
1341004
1341005
1341006
1341007
1341008
1341009
1341010
1341011
1341012
1341013
1341014
1341015
1341016
1341017
1341018
1341019
1341020
1341021
1341022
1341023
1341024
1341025
1341026
1341027
1341028
1341029
1341030
1341031
1341032
1341033
1341034
1341035
1341036
1341037
1341038
1341039
1341040
1341041
1341042
1341043
1341044
1341045
1341046
1341047
1341048
1341049
1341050
1341051
1341052
1341053
1341054
1341055
1341056
1341057
1341058
1341059
1341060
1341061
1341062
1341063
1341064
1341065
1341066
1341067
1341068
1341069
1341070
1341071
1341072
1341073
1341074
1341075
1341076
1341077
1341078
1341079
1341080
1341081
1341082
1341083
1341084
1341085
1341086
1341087
1341088
1341089
1341090
1341091
1341092
1341093
1341094
1341095
1341096
1341097
1341098
1341099
1341185
1341186
1341187
1341188
1341189
1341445
1341446
1341447
1341448
1341449
1341730
1341731
1341732
1341733
1341734
1341735
1341736
1341737
1341738
1341739
1341740
1341741
1341742
1341743
1341744
1341745
1341746
1341747
1341748
1341749
1341750
1341751
1341752
1341753
1341754
1341755
1341756
1341757
1341758
1341759
1341845
1341846
1341847
1341848
1341849
1341850
1341851
1341852
1341853
1341854
1341855
1341856
1341857
1341858
1341859
1341860
1341861
1341862
1341863
1341864
1341865
1341866
1341867
1341868
1341869
1341870
1341871
1341872
1341873
1341874
1341875
1341876
1341877
1341878
1341879
1341880
1341881
1341882
1341883
1341884
1341885
1341886
1341887
1341888
1341889
1341890
1341891
1341892
1341893
1341894
1341895
1341896
1341897
1341898
1341899
1342090
1342091
1342092
1342093
1342094
1342095
1342096
1342097
1342098
1342099
1342130
1342131
1342132
1342133
1342134
1342135
1342136
1342137
1342138
1342139
1342180
1342181
1342182
1342183
1342184
1342285
1342286
1342287
1342288
1342289
1342370
1342371
1342372
1342373
1342374
1342375
1342376
1342377
1342378
1342379
1342380
1342381
1342382
1342383
1342384
1342385
1342386
1342387
1342388
1342389
1342390
1342391
1342392
1342393
1342394
1342395
1342396
1342397
1342398
1342399
1342415
1342416
1342417
1342418
1342419
1342420
1342421
1342422
1342423
1342424
1342425
1342426
1342427
1342428
1342429
1342430
1342431
1342432
1342433
1342434
1342435
1342436
1342437
1342438
1342439
1342440
1342441
1342442
1342443
1342444
1342510
1342511
1342512
1342513
1342514
1342515
1342516
1342517
1342518
1342519
1342790
1342791
1342792
1342793
1342794
1342795
1342796
1342797
1342798
1342799
1342865
1342866
1342867
1342868
1342869
1342870
1342871
1342872
1342873
1342874
1342875
1342876
1342877
1342878
1342879
1342890
1342891
1342892
1342893
1342894
1342895
1342896
1342897
1342898
1342899
1343040
1343041
1343042
1343043
1343044
1343045
1343046
1343047
1343048
1343049
1343050
1343051
1343052
1343053
1343054
1343055
1343056
1343057
1343058
1343059
1343060
1343061
1343062
1343063
1343064
1343065
1343066
1343067
1343068
1343069
1343070
1343071
1343072
1343073
1343074
1343075
1343076
1343077
1343078
1343079
1343080
1343081
1343082
1343083
1343084
1343085
1343086
1343087
1343088
1343089
1343090
1343091
1343092
1343093
1343094
1343095
1343096
1343097
1343098
1343099
1343440
1343441
1343442
1343443
1343444
1343445
1343446
1343447
1343448
1343449
1343470
1343471
1343472
1343473
1343474
1343475
1343476
1343477
1343478
1343479
1344120
1344121
1344123
1344124
1344125
1344126
1344127
1344320
1344321
1344322
1344323
1344324
1344325
1348010
1348011
1348012
1348013
1348014
1348015
1348016
1348017
1348018
1348019
1348060
1348061
1348062
1348063
1348064
1348065
1348066
1348067
1348068
1348069
1348070
1348071
1348072
1348073
1348074
1348075
1348076
1348077
1348078
1348079
1348080
1348081
1348082
1348083
1348084
1348085
1348086
1348087
1348088
1348089
1348090
1348091
1348092
1348093
1348094
1348095
1348096
1348097
1348098
1348099
1820070
1820071
1820098
1820755
1820767
1821130
1821142
1821143
1821155
1821156
1821802
1821808
1821814
1821817
1821836
1821841
1821842
1821854
1821857
1821865
1821871
1821872
1821874
1821880
1821881
1821914
1821916
1821917
1821920
1821924
1821935
1821944
1821952
1824491
1824497
1824498
1510755
1511225
1511226
1511227
1511228
1511229
1511230
1511231
1511232
1511233
1511234
1511235
1511236
1511237
1511238
1511239
1511240
1511241
1511242
1511243
1511244
1511245
1511246
1511247
1511248
1511249
1511250
1511251
1511252
1511253
1511254
1511255
1511256
1511257
1511258
1511259
1511260
1511261
1511262
1511263
1511264
1511265
1511266
1511267
1511268
1511269
1511800
1511801
1511802
1511803
1511804
1511805
1511806
1511807
1511808
1511809
1511810
1511811
1511812
1511813
1511814
1511815
1511816
1511817
1511818
1511819
1511881
1511882
1511883
1511884
1520755
1521700
1521701
1521702
1521703
1521704
1521705
1521706
1521772
1521773
1521774
1521775
1521776
1521777
1521796
1521797
1521870
1521871
1521872
1521873
1521874
1521941
1521942
1521943
1521944
1521945
1521946
1521947
1521948
1521949
1521950
1522005
1522006
1522007
1522008
1522009
1522010
1522011
1522012
1522013
1522014
1522015
1522016
1522017
1522018
1522019
1522020
1522021
1522022
1522023
1522024
1522025
1522026
1522027
1522028
1810027
1810028
1810029
1810755
1811870
1811871
1811872
1811873
1811874
1811875
1811876
1811877
1811878
1811879
1812205
1812206
1812207
1812208
1812209
1812360
1812361
1812362
1812363
1812364
1812365
1812366
1812367
1812368
1812369
1812370
1812371
1812372
1812373
1812374
1812375
1812376
1812377
1812378
1812379
1812380
1812381
1812382
1812383
1812384
1812385
1812386
1812387
1812388
1812389
1812390
1812391
1812392
1812393
1812394
1812395
1812396
1812397
1812398
1812399
1812400
1812401
1812402
1812403
1812404
1812405
1812406
1812407
1812408
1812409
1812410
1812411
1812412
1812413
1812414
1812415
1812416
1812417
1812418
1812419
1812450
1812451
1812452
1812453
1812454
1812455
1812456
1812457
1812458
1812459
1812460
1812461
1812462
1812463
1812464
1812465
1812466
1812467
1812468
1812469
1812470
1812471
1812472
1812473
1812474
1812475
1812476
1812477
1812478
1812479
1812600
1812601
1812602
1812603
1812604
1812605
1812606
1812607
1812608
1812609
1812610
1812611
1812612
1812613
1812614
1812615
1812616
1812617
1812618
1812619
1812620
1812621
1812622
1812623
1812624
1812625
1812626
1812627
1812628
1812629
1812630
1812631
1812632
1812633
1812634
1812635
1812636
1812637
1812638
1812639
1812640
1812641
1812642
1812643
1812644
1812645
1812646
1812647
1812648
1812649
1812650
1812651
1812652
1812653
1812654
1812700
1812701
1812702
1812703
1812704
1812705
1812706
1812707
1812708
1812709
1812880
1812881
1812882
1812883
1812884
1812885
1812886
1812887
1812888
1812889
1812980
1812981
1812982
1812983
1812984
1812985
1812986
1812987
1812988
1812989
1812990
1812991
1812992
1812993
1812994
1812995
1812996
1812997
1812998
1812999
1813820
1813821
1813822
1813823
1813824
1813825
1813826
1813827
1813828
1813829
1813840
1813841
1813842
1813843
1813844
1813880
1813881
1813882
1813883
1813884
1813885
1813886
1813887
1813888
1813889
1814580
1814581
1814582
1814583
1814584
1814585
1814586
1814850
1814851
1814852
1814853
1814854
1814855
1814856
1814857
1814858
1814859
1816570
1816571
1816572
1816573
1816574
1816575
1816576
1816577
1816578
1816579
1818860
1818861
1818862
1818863
1818864
1818865
1818866
1818867
1818868
1818869
1818885
1818887
1819400
1819401
1819402
1819403
1819404
1819405
1819406
1819407
1819408
1819409
1371350
1371351
1371352
1371353
1371354
1371355
1371356
1371357
1371358
1371359
1371360
1371361
1371362
1371363
1371364
1371365
1371366
1371367
1371368
1371369
1371370
1371371
1371372
1371373
1371374
1371375
1371376
1371377
1371378
1371379
1371380
1371381
1371382
1371383
1371384
1371385
1371386
1371387
1371388
1371389
1371390
1371391
1371392
1371393
1371394
1371395
1371396
1371397
1371398
1371399
1371400
1371401
1371402
1371403
1371404
1371405
1371406
1371407
1371408
1371409
1371410
1371411
1371412
1371413
1371414
1371415
1371416
1371417
1371418
1371419
1371420
1371421
1371422
1371423
1371424
1371425
1371426
1371427
1371428
1371429
1371430
1371431
1371432
1371433
1371434
1371435
1371436
1371437
1371438
1371439
1371440
1371441
1371442
1371443
1371444
1371445
1371446
1371447
1371448
1371449
1371450
1371451
1371452
1371453
1371454
1371455
1371456
1371457
1371458
1371459
1371460
1371461
1371462
1371463
1371464
1371465
1371466
1371467
1371468
1371469
1371470
1371471
1371472
1371473
1371474
1371475
1371476
1371477
1371478
1371479
1371480
1371481
1371482
1371483
1371484
1371485
1371486
1371487
1371488
1371489
1371490
1371491
1371492
1371493
1371494
1371495
1371496
1371497
1371498
1371499
1371500
1371501
1371502
1371503
1371504
1371505
1371506
1371507
1371508
1371509
1371510
1371511
1371512
1371513
1371514
1371515
1371516
1371517
1371518
1371519
1371520
1371521
1371522
1371523
1371524
1371525
1371526
1371527
1371528
1371529
1371530
1371531
1371532
1371533
1371534
1371535
1371536
1371537
1371538
1371539
1371700
1371701
1371702
1371703
1371704
1371705
1371706
1371707
1371708
1371709
1371710
1371711
1371712
1371713
1371714
1372340
1372341
1372342
1372343
1372344
1372345
1372346
1372347
1372348
1372349
1372370
1372371
1372372
1372373
1372374
1372375
1372376
1372377
1372378
1372379
1372420
1372421
1372422
1372423
1372424
1372425
1372426
1372427
1372428
1372429
1372430
1372431
1372432
1372433
1372434
1372435
1372436
1372437
1372438
1372439
1372550
1372551
1372552
1372553
1372554
1372555
1372556
1372557
1372558
1372559
1372860
1372861
1372862
1372863
1372864
1372865
1372866
1372867
1372868
1372869
1372870
1372871
1372872
1372873
1372874
1372875
1372876
1372877
1372878
1372879
1372880
1372881
1372882
1372883
1372884
1372885
1372886
1372887
1372888
1372889
1372890
1372891
1372892
1372893
1372894
1372895
1372896
1372897
1372898
1372899
1374128
1374305
1375100
1375101
1375102
1375103
1375104
1375105
1375106
1375107
1375108
1375109
1375110
1375111
1375112
1375113
1375114
1375115
1375116
1375117
1375118
1375119
1376010
1376011
1376012
1376013
1376014
1376015
1376016
1376017
1376018
1376019
1376020
1376021
1376022
1376023
1376024
1376025
1376026
1376027
1376028
1376029
1376030
1376031
1376032
1376033
1376034
1376035
1376036
1376037
1376038
1376039
1376040
1376041
1376042
1376043
1376044
1376045
1376046
1376047
1376048
1376049
1379445
1379446
1379447
1379448
1379449
1379820
1379821
1379822
1379823
1379824
1379825
1379826
1379827
1379828
1379829
1379830
1379831
1379832
1379833
1379834
1379835
1379836
1379837
1379838
1379839
1379840
1379841
1379842
1379843
1379844
1379845
1379846
1379847
1379848
1379849
1379850
1379851
1379852
1379853
1379854
1379855
1379856
1379857
1379858
1379859
1471455
1471456
1471457
1471458
1471486
1471487
1471488
1471489
1471490
1471508
1471509
1471510
1471511
1471512
1471513
1471576
1471577
1471578
1471579
1471584
1471596
1471598
1471601
1471602
1471603
1471631
1471632
1471635
1471636
1471638
1471639
1471645
1471646
1471647
1471648
1471649
1477540
1477541
1477542
1477543
1477544
1477545
1477546
1477547
1477548
1477549
1477623
1477624
1477625
1477626
1477627
1477628
1477629
1477810
1477811
1477824
1477826
1477828
1477834
1477843
1477849
1477854
1477857
1477859
1477860
1477871
1477873
1477878
1477879
1477888
1477889
1750300
1750301
1750302
1750303
1750304
1750305
1750306
1750307
1750308
1750309
1750755
1751120
1751121
1751122
1751123
1751124
1751125
1751126
1751127
1751128
1751129
1751130
1751131
1751132
1751133
1751134
1751135
1751136
1751180
1751181
1751182
1751183
1751184
1751200
1751201
1751202
1751203
1751204
1751205
1751206
1751207
1751208
1751209
1752014
1752045
1752046
1752047
1752048
1752049
1756640
1756641
1756642
1756643
1756644
1756645
1756646
1756647
1756648
1756649
1756650
1756651
1756652
1756653
1756654
1757521
1757533
1757535
1757536
1757538
1757547
1757551
1757556
1757690
1757691
1757692
1757693
1880267
1880268
1880664
1880665
1880666
1880755
1881187
1881188
1881357
1881364
1881367
1881368
1881386
1881388
1881390
1881391
1881392
1881393
1881395
1881398
1881422
1881430
1881435
1881436
1881444
1881445
1881446
1881447
1881448
1881449
1881674
1881676
1881682
1881685
1881688
1881852
1881853
1881854
1881855
1881856
1881857
1881858
1881859
1881868
1881869
1881870
1881877
1881878
1881879
1881899
1881900
1881901
1881902
1881903
1881904
1881905
1881906
1881907
1882015
1882016
1882017
1882018
1882019
1882020
1882021
1882022
1882023
1882024
1882025
1882026
1882027
1882028
1882029
1882046
1882047
1882048
1882090
1882091
1882092
1882093
1882094
1882095
1882096
1882097
1882098
1882099
1882280
1882281
1882282
1882283
1882284
1882285
1882286
1882287
1882288
1882289
1882316
1882317
1882318
1882319
1882320
1882321
1882330
1882331
1882332
1882333
1882334
1882335
1882336
1882337
1882338
1882339
1882340
1882341
1882342
1882343
1882344
1882345
1882346
1882366
1882367
1882370
1882371
1882372
1882373
1882374
1882375
1882376
1882377
1882378
1882379
1882380
1882381
1882382
1882383
1882384
1882385
1882386
1882387
1882388
1882389
1882423
1882424
1882425
1882426
1882427
1882428
1882429
1882430
1882431
1882432
1882439
1882458
1882459
1882460
1882461
1882462
1882463
1882464
1882465
1882466
1882467
1882520
1882521
1882522
1882523
1882524
1882525
1882526
1882527
1882528
1882529
1882650
1882651
1882652
1882653
1882654
1882655
1882656
1882657
1882658
1887590
1887591
1887592
1889835
1889836
1889856
1889858
1889859
1889861
1889865
1889872
1889873
1889874
1889875
1889876
1889877
1889879
1889883
1889976
1889977
1889985
1320225
1320226
1320227
1320228
1320229
1322685
1322686
1322687
1324200
1324201
1324202
1324203
1324204
1324205
1324206
1324207
1324208
1324209
1324240
1324241
1324242
1324243
1324244
1324290
1324291
1324292
1324293
1324294
1324295
1324296
1324297
1324298
1324299
1324370
1324371
1324372
1324373
1324374
1324375
1324376
1324377
1324378
1324379
1324380
1324381
1324382
1324383
1324384
1324385
1324386
1324387
1324388
1324389
1324470
1324471
1324472
1324473
1324474
1324475
1324476
1324477
1324478
1324479
1324485
1324486
1324487
1324488
1324489
1324660
1324661
1324662
1324663
1324664
1324665
1324666
1324667
1324668
1324669
1324670
1324671
1324672
1324673
1324674
1324675
1324676
1324677
1324678
1324679
1324760
1324761
1324762
1324763
1324764
1324905
1324906
1324907
1324908
1324909
1324939
1324943
1324944
1324945
1324946
1324980
1324981
1324982
1324983
1324984
1324985
1324986
1324987
1324988
1324989
1326540
1326541
1326542
1326543
1326544
1326545
1326546
1326547
1326548
1326549
1326552
1326553
1326554
1326555
1326556
1326557
1326558
1326559
1326560
1326561
1326562
1326563
1326564
1326565
1326566
1326567
1326568
1326569
1326570
1326571
1326572
1326573
1326574
1326575
1326576
1326577
1326578
1326579
1326580
1326581
1326582
1326583
1326584
1326585
1326586
1326587
1326588
1326589
1326650
1326651
1326652
1326653
1326654
1326655
1326656
1326657
1326658
1326659
1326660
1326661
1326662
1326663
1326664
1326665
1326666
1326667
1326668
1326669
1326670
1326671
1326672
1326673
1326674
1326675
1326676
1326677
1326678
1326679
1326680
1326681
1326682
1326683
1326684
1326685
1326686
1326687
1326688
1326689
1326692
1326693
1326694
1326695
1326696
1326697
1326698
1326699
1326700
1326701
1326702
1326703
1326704
1326705
1326706
1326707
1326708
1326709
1326710
1326711
1326712
1326713
1326714
1326715
1326716
1326717
1326718
1326719
1326720
1326721
1326722
1326723
1326724
1328665
1328666
1328667
1328668
1328669
1910755
1912450
1912451
1912452
1912453
1912454
1912455
1912456
1912457
1912458
1912459
1912520
1912521
1912522
1912523
1912524
1912525
1912526
1912527
1912528
1912529
1912535
1912536
1912537
1912538
1912539
1912830
1912831
1912832
1912833
1912834
1912835
1912836
1912837
1912838
1912839
1912930
1912931
1912932
1912933
1912934
1912935
1912936
1912937
1912938
1912939
1912940
1912941
1912942
1912943
1912944
1912945
1912946
1912947
1912948
1912949
1912950
1912951
1912952
1912953
1912954
1912955
1912956
1912957
1912958
1912959
1912990
1912991
1912992
1912993
1912994
1912995
1912996
1912997
1912998
1912999
1914640
1914641
1914642
1914643
1914644
1914645
1914646
1914647
1914648
1914649
1915749
1916630
1916690
1916850
1916851
1916852
1916853
1916854
1916855
1916856
1916857
1916858
1916859
1916890
1916891
1916892
1916893
1916894
1916895
1916896
1916897
1916898
1916899
1700018
1700019
1700133
1700180
1700181
1700190
1700191
1700192
1700193
1700199
1700264
1700265
1700266
1700267
1700302
1700344
1700360
1700361
1700362
1700363
1700364
1700400
1700401
1700482
1700483
1700484
1700485
1700498
1700499
1700693
1700755
1700885
1700887
1700888
1700889
1701747
1701748
1701749
1701750
1701751
1701752
1701753
1701754
1701755
1701756
1701757
1701758
1701759
1701760
1701761
1701762
1701763
1701764
1701765
1701766
1701767
1702745
1702746
1702747
1702748
1702749
1702750
1702820
1702821
1702822
1702823
1702824
1702825
1702826
1702827
1702828
1702829
1702830
1702831
1702832
1702833
1702834
1702835
1702836
1702837
1702838
1702839
1705011
1705081
1705098
1705112
1705113
1705138
1705151
1705189
1705228
1705248
1705266
1705269
1705273
1705284
1705300
1705304
1705308
1705311
1705314
1705318
1705322
1705324
1705328
1705331
1705332
1705333
1705334
1705338
1705339
1705340
1705341
1705342
1705358
1705368
1705500
1705604
1705605
1705655
1705656
1705700
1705701
1705702
1705703
1705704
1705705
1705710
1705711
1705713
1705714
1705715
1705730
1705731
1705732
1705733
1705755
1705756
1705813
1705814
1705815
1705818
1705831
1705844
1705845
1705846
1705867
1705868
1705869
1706212
1706213
1706214
1706215
1706216
1706217
1706218
1706219
1706220
1706221
1706222
1706223
1706224
1706225
1706226
1706227
1706228
1706229
1706230
1706231
1706232
1706233
1706234
1706235
1706236
1706237
1706238
1706239
1706240
1706241
1706242
1706243
1706244
1706245
1706246
1706247
1706248
1706249
1706250
1706251
1706252
1706253
1706254
1706255
1706256
1706257
1706258
1706259
1706260
1706261
1706262
1706263
1706264
1706265
1706266
1706267
1706268
1706269
1706270
1706271
1706272
1706273
1706274
1706275
1706276
1706277
1706278
1706279
1706280
1706281
1706282
1706283
1706284
1706285
1706286
1706287
1706288
1706289
1706290
1706291
1706292
1706293
1706294
1706295
1706296
1706297
1706298
1706299
1706300
1706301
1706302
1706303
1706304
1706305
1707690
1707691
1707692
1707693
1707694
1707695
1707696
1707697
1707698
1707699
1708020
1708021
1708022
1708023
1708024
1708025
1708026
1708027
1708028
1708029
1708030
1708031
1708032
1708033
1708034
1708035
1708036
1708037
1708038
1708039
1708040
1708041
1708042
1708043
1708044
1708045
1708046
1708047
1708048
1708049
1708060
1708061
1708062
1708063
1708064
1708065
1708066
1708067
1708068
1708069
1708090
1708091
1708092
1708093
1708094
1708095
1708096
1709342
1709343
1709346
1709347
1709410
1709411
1709412
1709413
1709414
1709720
1709721
1709722
1709723
1709724
1709725
1709726
1709727
1709728
1709729
1709730
1709731
1709732
1709733
1709734
1709735
1709736
1709737
1709738
1709739
1709743
1709744
1709898
1709899
1709988
1709998
1980644
1980650
1980651
1980657
1980658
1980661
1980665
1980669
1980670
1980671
1980672
1980673
1980675
1980676
1980679
1980755
1980761
1980764
1980765
1980767
1981190
1981191
1981197
1981199
1981201
1981439
1982000
1982008
1982022
1982025
1982026
1982047
1982081
1982088
1983011
1983042
1983066
1983067
1983074
1983079
1983083
1983084
1983275
1983286
1983288
1983587
1983594
1983598
1984191
1984196
1984204
1984205
1984210
1984215
1984218
1984222
1984224
1984230
1984231
1984236
1984248
1984251
1984256
1984261
1984265
1984267
1984270
1984271
1984272
1984273
1984274
1984275
1984276
1984277
1984279
1984900
1984902
1984907
1984918
1984936
1984942
1984947
1984957
1984971
1984974
1984975
1984978
1984979
1984987
1984995
1984997
1985408
1985444
1985448
1985449
1985459
1985472
1985474
1985475
1985476
1985477
1985478
1985483
1985485
1985486
1985487
1985497
1986000
1986008
1986014
1986017
1986028
1986033
1986042
1986043
1986045
1986047
1986055
1986060
1986066
1986074
1986084
1986087
1986410
1986414
1986427
1986438
1986440
1986444
1986447
1986457
1986458
1986465
1986468
1986470
1986472
1986475
1986477
1986481
1986483
1986484
1986486
1986487
1986494
1986498
1986507
1986508
1986533
1986544
1986547
1986554
1986555
1986556
1986565
1986566
1986574
1986576
1986578
1986582
1986585
1986587
1986589
1986605
1986609
1986611
1986612
1986614
1986615
1986618
1986619
1986628
1986633
1986638
1986648
1986655
1986658
1986661
1986662
1986664
1986665
1986671
1986673
1986674
1986676
1986678
1986688
1986690
1986692
1986694
1986695
1986698
1986708
1986754
1986770
1986771
1986772
1986773
1986774
1986775
1986776
1986777
1986778
1986779
1986788
1986797
1986808
1986811
1986827
1986834
1986864
1986874
1986892
1986893
1986895
1986896
1986898
1987240
1987241
1987242
1987243
1987251
1987256
1987258
1987261
1987265
1987274
1987282
1987284
1987289
1987291
1987295
1987410
1987412
1987413
1987415
1987416
1987418
1987419
1987430
1987431
1987432
1987433
1987434
1987435
1987436
1987437
1987438
1987439
1987452
1987467
1987470
1987471
1987472
1987473
1987474
1987475
1987476
1987477
1987478
1987479
1987517
1987522
1987532
1987534
1987538
1987539
1987544
1987546
1987550
1987551
1987552
1987553
1987554
1987555
1987556
1987557
1987558
1987559
1987565
1987567
1987568
1987585
1987587
1987589
1987611
1987612
1987616
1987628
1987637
1987641
1987643
1987646
1987647
1987648
1987649
1987655
1987658
1987671
1987673
1987677
1987678
1987688
1987840
1987841
1987913
1987915
1987916
1987918
1987919
1987925
1987926
1987928
1987929
1987940
1987941
1987942
1987943
1987944
1987963
1987983
1987984
1987987
1987988
1987990
1987991
1987992
1987993
1987994
1987995
1987997
1987999
1988081
1988085
1988095
1988098
1988600
1988604
1988613
1988624
1988628
1988630
1988637
1988642
1988645
1988654
1988655
1988656
1989650
1989651
1989652
1989653
1989654
1989655
1989656
1989657
1989658
1989659
1989687
1989688
1989697
1989699
1989801
1989811
1989814
1989816
1989826
1989827
1989833
1989836
1989840
1989843
1989846
1989856
1989857
1989865
1650600
1650601
1650612
1650614
1650700
1651064
1651065
1651104
1651105
1651555
1651755
1651766
1651827
1652116
1652215
1653901
1656500
1840666
1840755
1842002
1842013
1842015
1842045
1847536
1847539
1847542
1847543
1847544
1847545
1847546
1847548
1847552
1847554
1847555
1847556
1847557
1847559
1847560
1847561
1847562
1847563
1847632
1847633
1847635
1847636
1847639
1847648
1847649
1847654
1847655
1847657
1847663
1847665
1847669
1847674
1847685
1847686
1847687
1847688
1847690
1847691
1847699
1570755
1571075
1571076
1571077
1571078
1571079
1571080
1571081
1571082
1571083
1571084
1571195
1571196
1571197
1571198
1571199
1571200
1571201
1571202
1571203
1571204
1571205
1571206
1571207
1571208
1571209
1571210
1571211
1571212
1571213
1571214
1571215
1571216
1571217
1571218
1571219
1571812
1571822
1571824
1571842
1571847
1571848
1572409
1572410
1572811
1572824
1572825
1572835
1572852
1572853
1572856
1572864
1572867
1572874
1572879
1572884
1574022
1576600
1576608
1576616
1576619
1576620
1576626
1576643
1576644
1576645
1576646
1576649
1576698
1576700
1576712
1576742
1576744
1576754
1576763
1576766
1576783
1576784
1576791
1576807
1576811
1576813
1576814
1576825
1576827
1576836
1576839
1576840
1576845
1576847
1576851
1576854
1576856
1576863
1576870
1576876
1576877
1576887
1576889
1577501
1579405
1579406
1579407
1579408
1579409
