1320473
1321473
1322473
1322480
1323473
1323845
1324516
1327030
1327473
1328473
1329473
1910473
1914713
1840473
1844713
1570473
1571473
1577131
1980473
1980493
1981575
1984733
1984799
1650473
1650992
1651150
1651473
1651484
1652473
1653473
1655473
1657481
1520473
1524730
1524731
1524732
1524733
1524734
1524735
1524736
1810473
1814730
1814731
1814732
1814733
1814734
1814759
1750473
1754730
1754731
1880473
1884730
1884731
1884732
1884733
1884734
1884735
1884736
1884737
1884738
1884739
1474713
1373473
1374730
1374731
1374732
1374733
1374734
1374735
1374736
1374830
1374831
1374832
1374833
1760473
1761473
1764813
1768473
1580473
1584808
1584830
1584831
1584832
1584833
1584834
1584835
1584930
1584931
1510473
1514473
1514730
1514731
1514732
1514737
1514738
1514739
1514740
1514741
1514742
1514743
1514744
1517470
1517471
1517472
1517473
1517474
1660473
1664730
1664773
1384730
1384731
1384732
1384733
1384734
1384735
1384736
1384830
1384831
1384832
1384833
1384834
1384835
1870473
1874788
1874789
1313473
1313498
1315473
1317131
1319058
1319068
1319135
1730473
1360473
1361473
1364473
1365473
1366485
1890473
1894730
1894797
1894798
1530473
1532673
1533273
1533473
1533563
1538473
1990473
1850473
1854730
1854731
1854732
1854733
1854734
1780473
1780493
1781403
1781438
1781443
1784739
1560473
1562473
1564730
1564731
1564732
1564733
1564734
1564735
1564736
1564737
1564738
1564739
1569473
1330473
1331473
1332703
1335473
1338473
1339473
1300959
1301509
1302959
1303473
1308473
1554084
1554735
1554736
1554737
1554738
1554739
1554825
1554826
1556116
1556117
1860473
1864729
1864730
1864731
1864732
1864733
1864734
1869746
1390473
1394730
1394731
1394732
1394733
1394734
1394833
1394834
1504814
1504818
1504832
1504833
1504834
1504978
1504979
1770473
1774730
1774731
1774732
1774838
1774839
1779072
1779073
1590473
1351473
1450273
1452482
1453483
1453484
1453485
1453486
1453499
1454324
1320477
1320484
1320485
1320487
1321477
1321483
1321484
1321485
1322477
1323477
1323483
1323484
1324590
1324591
1327477
1327487
1327489
1328477
1328483
1328484
1328485
1329477
1329487
1329489
1329696
1910477
1910487
1914717
1701478
1701479
1701488
1701489
1980474
1980477
1980497
1981569
1984730
1984731
1984732
1984777
1988864
1989677
1650042
1650046
1650064
1650189
1650477
1651125
1651477
1651643
1651674
1651863
1652901
1652902
1653477
1655477
1655847
1655848
1655948
1657280
1840477
1841436
1570477
1570486
1570487
1570488
1570489
1570490
1570491
1570492
1570493
1570494
1570495
1570496
1570497
1570498
1570499
1571477
1571487
1573477
1573489
1575063
1575064
1575065
1575066
1575067
1575068
1575069
1575477
1576477
1577477
1520477
1520480
1524737
1524738
1524739
1524770
1524771
1524772
1524773
1524774
1524775
1524776
1524777
1524778
1524779
1524840
1524841
1524842
1524843
1524844
1524845
1524846
1524847
1524848
1524849
1810477
1810481
1814770
1814771
1814772
1814773
1814774
1814775
1814776
1814777
1814778
1814779
1814781
1814782
1814783
1814784
1814785
1814786
1814787
1814788
1814789
1814833
1814835
1814837
1370477
1372207
1372208
1372217
1372219
1373477
1373483
1373487
1374777
1374778
1374779
1375407
1375417
1378947
1378957
1378967
1378974
1378977
1474717
1474770
1474771
1474772
1474773
1474774
1474775
1474776
1474777
1474778
1474779
1474792
1474793
1474794
1474795
1474796
1474797
1474798
1474799
1476069
1478470
1478473
1478477
1478479
1479473
1479477
1479479
1479483
1479484
1479487
1479489
1479493
1479494
1479497
1479498
1479499
1750477
1750487
1880477
1884770
1884771
1884772
1884773
1884774
1884775
1884776
1884777
1884778
1884779
1760477
1760487
1761477
1764817
1768477
1768487
1580477
1580480
1580481
1580484
1580485
1580487
1580489
1584707
1584709
1584730
1584731
1584737
1584747
1584770
1584771
1584772
1584970
1584971
1584972
1584973
1584974
1584975
1584976
1584977
1584978
1584979
1589483
1589490
1589491
1589492
1589493
1589494
1589495
1589496
1589497
1589498
1589499
1345137
1347477
1347478
1347487
1347488
1347489
1348473
1348477
1820477
1820490
1820491
1820492
1820493
1820494
1824770
1824771
1824772
1824773
1824774
1824775
1824776
1824777
1824778
1824779
1824807
1824808
1824812
1824813
1824814
1824817
1824818
1824819
1824830
1824831
1824832
1824833
1824837
1824838
1510477
1513480
1513481
1513482
1513483
1513484
1513485
1513486
1513487
1513488
1513489
1513490
1513491
1513492
1513493
1513494
1514750
1514751
1514752
1514753
1514754
1514770
1514771
1514772
1514773
1514774
1514775
1514776
1514777
1514778
1514779
1514940
1514941
1514942
1514943
1514944
1514945
1514946
1514947
1514948
1514949
1514950
1514951
1514952
1514953
1514954
1514955
1514956
1514957
1514958
1514959
1514960
1514961
1514962
1514963
1514964
1514965
1514966
1514967
1514968
1514969
1514970
1514971
1514972
1514973
1514974
1514975
1514976
1514977
1514978
1514979
1870477
1874770
1874771
1874772
1874773
1874774
1874775
1874776
1874777
1874778
1874779
1660477
1664775
1664776
1664777
1664778
1664779
1384737
1384770
1384771
1384772
1384773
1384774
1384775
1384776
1384777
1384778
1384779
1384797
1384837
1384847
1384854
1384857
1384867
1384877
1384879
1730477
1730484
1730486
1731434
1731436
1739077
1311350
1311351
1311352
1311353
1312144
1312694
1313477
1313484
1313485
1313486
1313487
1313488
1314177
1315085
1315086
1315087
1315088
1315089
1315477
1317149
1319080
1319081
1319082
1319083
1319084
1319136
1319137
1890477
1894707
1894708
1894709
1894733
1894737
1894747
1894770
1894774
1894775
1894776
1894777
1894778
1894779
1894787
1952825
1360477
1361477
1361487
1362477
1362487
1363477
1364477
1365477
1366409
1530477
1532677
1532693
1532694
1532695
1532696
1532697
1532698
1532699
1533277
1533284
1533285
1533286
1533287
1533477
1533553
1533554
1533567
1534400
1534401
1534402
1534403
1534404
1535288
1535492
1535493
1535494
1535498
1535499
1537477
1537490
1537491
1537492
1537493
1537494
1537495
1537499
1538477
1538488
1538489
1538977
1538983
1538984
1538985
1538986
1538987
1538988
1538989
1539125
1539126
1539127
1539477
1800477
1804737
1804738
1804739
1804770
1804771
1804772
1804773
1804774
1804775
1804776
1804777
1804778
1804779
1804797
1804824
1804825
1804827
1804838
1804839
1850477
1850487
1850497
1854770
1854771
1854772
1854773
1854774
1854775
1854776
1854777
1854778
1854779
1854800
1854870
1854871
1854872
1854873
1854874
1854875
1854876
1780477
1780497
1781407
1781417
1781427
1781436
1781447
1784722
1784723
1784725
1784735
1784743
1784747
1784748
1784749
1784877
1788762
1789727
1560477
1562477
1564770
1564771
1564772
1564773
1564774
1564775
1564776
1564777
1564778
1564779
1564870
1564871
1564872
1564873
1564874
1564875
1564876
1564877
1564878
1564879
1566170
1566171
1566172
1566173
1566174
1566175
1566176
1566177
1566178
1566179
1566180
1566181
1566182
1566183
1566184
1566185
1566186
1566187
1566188
1566189
1566190
1566191
1566192
1566193
1566194
1566195
1566196
1566197
1566198
1566199
1569097
1569477
1990477
1994717
1996907
1997557
1997567
1999777
1330477
1331030
1331031
1331032
1331033
1331034
1331477
1332706
1332707
1333706
1333707
1334706
1335477
1338477
1338480
1339477
1300957
1301507
1301517
1301527
1301957
1302044
1302957
1303477
1304176
1308029
1308155
1308477
1308718
1308719
1671477
1671486
1671487
1671488
1671489
1672470
1672477
1672691
1672802
1673477
1390477
1394737
1394770
1394771
1394772
1394773
1394774
1394775
1394776
1394777
1394778
1394779
1394817
1394837
1394847
1394857
1394867
1394877
1394887
1550477
1550487
1554030
1554031
1554032
1554033
1554034
1554035
1554036
1554037
1554038
1554039
1554045
1554046
1554077
1554078
1554079
1554770
1554771
1554772
1554773
1554774
1554775
1554776
1554777
1554778
1554779
1554818
1554819
1554820
1554821
1554822
1554850
1554851
1554852
1554853
1554854
1554855
1554856
1554857
1554858
1554859
1554860
1554861
1554862
1554863
1554864
1554865
1554866
1554867
1554868
1554869
1556001
1556002
1556003
1556004
1556005
1556006
1556007
1556008
1556009
1556030
1556031
1556032
1556033
1556034
1556077
1556112
1556113
1556114
1556115
1559862
1559863
1559864
1559865
1559866
1559867
1559868
1559869
1559870
1559871
1559872
1559873
1559874
1559875
1559876
1559877
1559878
1559879
1559880
1559881
1559882
1559883
1559884
1860477
1860487
1861474
1861475
1861477
1861485
1861487
1864717
1864718
1864719
1864727
1864770
1864771
1864772
1864773
1864774
1864775
1864776
1864777
1864778
1864779
1864800
1864801
1864802
1864803
1864836
1864837
1864838
1864839
1864867
1864868
1864869
1868623
1868624
1868625
1868626
1621487
1622351
1622354
1830477
1834730
1834731
1834732
1834770
1834771
1834772
1834773
1834774
1834775
1834776
1834777
1500477
1503489
1504473
1504474
1504475
1504476
1504477
1504478
1504479
1504490
1504491
1504492
1504712
1504713
1504714
1504730
1504731
1504732
1504733
1504734
1504735
1504736
1504737
1504738
1504739
1504759
1504770
1504771
1504772
1504773
1504774
1504775
1504776
1504777
1504778
1504779
1504839
1504870
1504871
1504872
1504873
1504874
1504875
1504876
1504877
1504878
1504879
1504940
1504941
1504942
1504943
1504944
1504945
1504946
1504947
1504948
1504949
1504957
1504958
1504959
1504985
1504986
1504987
1504988
1504989
1450277
1450280
1450281
1450282
1450283
1452996
1452997
1452998
1452999
1454328
1454329
1454337
1459176
1459177
1459178
1459179
1350067
1351477
1351487
1770477
1770485
1770487
1770489
1774719
1774725
1774726
1774739
1774743
1774744
1774771
1774772
1774773
1774774
1590477
1592440
1592448
1592450
1592457
1592458
1593490
1593495
1593497
1593498
1594707
1594717
1594726
1594727
1594733
1594736
1594737
1594739
1594742
1594747
1594749
1594750
1594758
1594759
1594763
1594765
1594772
1594773
1594940
1594945
1594949
1800479
1804790
1804791
1804792
1804793
1804794
1804796
1804798
1804799
1530479
1532679
1533279
1533479
1533569
1534418
1534419
1537479
1537486
1537489
1537498
1538479
1538979
1539479
1360479
1361479
1361489
1364479
1365479
1365489
1366475
1366479
1366489
1367479
1367489
1368473
1368479
1369478
1369479
1890479
1894739
1894749
1894790
1894799
1330479
1331479
1332709
1333709
1335479
1338479
1339479
1990479
1994719
1560479
1562460
1562461
1562462
1562463
1562479
1564790
1564791
1564792
1564793
1564794
1564795
1564796
1564797
1564798
1564799
1569479
1850479
1850489
1854790
1854793
1854866
1780479
1780489
1780491
1781432
1781449
1789729
1860479
1861479
1864790
1864791
1864792
1864793
1864794
1864795
1864804
1864807
1864808
1864809
1869742
1869743
1869744
1550479
1554791
1554792
1554793
1554794
1554795
1554796
1554797
1554798
1554799
1554837
1390479
1394739
1394790
1394791
1394792
1394793
1394794
1394795
1394796
1394797
1394798
1394799
1394879
1303045
1303470
1308159
1308479
1309066
1309067
1590479
1594709
1594719
1594729
1770479
1774778
1774779
1774790
1774791
1774792
1774799
1351479
1450279
1452487
1453480
1453491
1453492
1453493
1453494
1454339
1500479
1504717
1504718
1504719
1504790
1504791
1504792
1504793
1504794
1504795
1504796
1504797
1504798
1504890
1504891
1504892
1504893
1504894
1504895
1504896
1504897
1830479
1834790
1570479
1571479
1573479
1575479
1577149
1840479
1840489
1844720
1844721
1844729
1980479
1980490
1980491
1910479
1910489
1914719
1320479
1321479
1323479
1323849
1324519
1327479
1329479
1750479
1754894
1754895
1754896
1754897
1880479
1884790
1884791
1884792
1884793
1884794
1884795
1884796
1884797
1884798
1884799
1474719
1474790
1474791
1372209
1374790
1374791
1375419
1810479
1814790
1814791
1814798
1814799
1520479
1524749
1524785
1524786
1524787
1524788
1524789
1524790
1524791
1524792
1524793
1524794
1524795
1524796
1524797
1524798
1524799
1524950
1524951
1524952
1524953
1524954
1524955
1524956
1524957
1524958
1524959
1510479
1514794
1514795
1514796
1514797
1514798
1514799
1514850
1514851
1514852
1514853
1514854
1514860
1514861
1514862
1514863
1514864
1514865
1514866
1514867
1514868
1514869
1516494
1516495
1516496
1516497
1516498
1516499
1820479
1824790
1824791
1824792
1824793
1824794
1824795
1824796
1824797
1824798
1824799
1347474
1347479
1348479
1580479
1584790
1584791
1584792
1584793
1584794
1584795
1584796
1584797
1584798
1584799
1584990
1584991
1584992
1584993
1760479
1761479
1764709
1764732
1764819
1768479
1313479
1313499
1314179
1314529
1315479
1317138
1319057
1319066
1319067
1319155
1319156
1730479
1384790
1384791
1384792
1384849
1384859
1660479
1660489
1870479
1874745
1874746
1874790
1874791
1874792
1874793
1874794
1874795
1874796
1308714
1860483
1864830
1864831
1864832
1864833
1864834
1550483
1554831
1556118
1830483
1452489
1453388
1453389
1453390
1453391
1453392
1454334
1770483
1774745
1774775
1774830
1774831
1779074
1779077
1890483
1894743
1894783
1800483
1804830
1804831
1533483
1534409
1535283
1537483
1538483
1564830
1564831
1564832
1569094
1850483
1850493
1854830
1780060
1780483
1781444
1784733
1994713
1332713
1335483
1338483
1760480
1760483
1820483
1870483
1874830
1874831
1874832
1874833
1660483
1664733
1664734
1730483
1313483
1314249
1315483
1319061
1320483
1326024
1327483
1329483
1980483
1981576
1984709
1984751
1984789
1650483
1651483
1653483
1655483
1655841
1657304
1570483
1571483
1577146
1840483
1841438
1844749
1810483
1814747
1814830
1524880
1524881
1524882
1524883
1750483
1754830
1754831
1361474
1361484
1362474
1364474
1365474
1366404
1366405
1369473
1369474
1890474
1894740
1894741
1894784
1894785
1894786
1530474
1532674
1532681
1533274
1533283
1533474
1533564
1534423
1535281
1535286
1537467
1537474
1538474
1538974
1539122
1539474
1804740
1804741
1804742
1804743
1804744
1804746
1804747
1804748
1990474
1994714
1999778
1850474
1850484
1850494
1854740
1854741
1854742
1854743
1854744
1854745
1854746
1854747
1854748
1854749
1780484
1780494
1781435
1784718
1784719
1784720
1784721
1784744
1784874
1789724
1560474
1562464
1562465
1562466
1562467
1562468
1562469
1562474
1564740
1564741
1564742
1564743
1564744
1564745
1564746
1564747
1564748
1564749
1564890
1564891
1564892
1564893
1564894
1564895
1564896
1564897
1564898
1564899
1569474
1330474
1331474
1332714
1333713
1333714
1335474
1338474
1339474
1339488
1300953
1301503
1301523
1302953
1303474
1308023
1308474
1308857
1308858
1308859
1550474
1554001
1554002
1554040
1554041
1554042
1554043
1554044
1554740
1554741
1554742
1554743
1554744
1554745
1554746
1554747
1554748
1554749
1554815
1554816
1554817
1556060
1556061
1556062
1556063
1556064
1556065
1556066
1559850
1559851
1559852
1559853
1860474
1860484
1864740
1864741
1864742
1864743
1864744
1864745
1864746
1864747
1864748
1864749
1864805
1864806
1864865
1864866
1671482
1672482
1672693
1672805
1673474
1673478
1673480
1673481
1673482
1673483
1390474
1394740
1394741
1394742
1394743
1394744
1394745
1394746
1394747
1394844
1394848
1394849
1394859
1394874
1394884
1394894
1830474
1834740
1834741
1834742
1834743
1834744
1834745
1834746
1834747
1834748
1834749
1500474
1504741
1504742
1504743
1504744
1504829
1504840
1504841
1504842
1504843
1504844
1504845
1504846
1504847
1504848
1504849
1504999
1621474
1770474
1774740
1774741
1774742
1774783
1774784
1774827
1774828
1590474
1590484
1592445
1592455
1594704
1594757
1594768
1594770
1594777
1350064
1351474
1351484
1450274
1452483
1452484
1453393
1453394
1453395
1453396
1454335
1320474
1321404
1321474
1322474
1322479
1323474
1323846
1323847
1323848
1324517
1324518
1327474
1328474
1328481
1328482
1329474
1329694
1329695
1910474
1910484
1840474
1840484
1841433
1844714
1844744
1844745
1844746
1844747
1844748
1570474
1571474
1571484
1573474
1575060
1575061
1575062
1575474
1576474
1576479
1576480
1576481
1576489
1576498
1576499
1577144
1577145
1577474
1577479
1577482
1980488
1980499
1984702
1984713
1655474
1655843
1656474
1656604
1656674
1657164
1520474
1524740
1524741
1524742
1524743
1524744
1524745
1524746
1524747
1524748
1810474
1814740
1814741
1814742
1814743
1814744
1814745
1814748
1750474
1751985
1751986
1751987
1751988
1751989
1754740
1754741
1754742
1754743
1754840
1754841
1754842
1754843
1754844
1754845
1754846
1754847
1754848
1754849
1880474
1884740
1884741
1884742
1884743
1884744
1884745
1884746
1884747
1884748
1884749
1884818
1474714
1474740
1474741
1474742
1474743
1474744
1474745
1474746
1474747
1474748
1474749
1478474
1479474
1370474
1373474
1373488
1373995
1374740
1374741
1374742
1374743
1374744
1374745
1374747
1374748
1374749
1375404
1375414
1378944
1378954
1378964
1348474
1760474
1761474
1761484
1764740
1764809
1764814
1768474
1768483
1768484
1768485
1768488
1768489
1580474
1584740
1584741
1584742
1584743
1584744
1584745
1584746
1584803
1584804
1584805
1584806
1584807
1584840
1584841
1584842
1584843
1584844
1584845
1584846
1584847
1584848
1584849
1584940
1584941
1584942
1584943
1584944
1584945
1820474
1824740
1824741
1824742
1824743
1824744
1824745
1824746
1824747
1824748
1824749
1510474
1510486
1511474
1514474
1514484
1514485
1514486
1514487
1514488
1514489
1514746
1514747
1514748
1514749
1516470
1516471
1516472
1516473
1516474
1516475
1516476
1516477
1516478
1516479
1660474
1660484
1664745
1664746
1664747
1664748
1664749
1664840
1664841
1664842
1664843
1664844
1664845
1664846
1664847
1664848
1664849
1384740
1384741
1384742
1384743
1384744
1384746
1384747
1384748
1384749
1384843
1384844
1384864
1870474
1874747
1874748
1874749
1874840
1874841
1874842
1874843
1312174
1312674
1313474
1315080
1315081
1315082
1315083
1315084
1315474
1317130
1319059
1319062
1319063
1319064
1319065
1319157
1319158
1730474
1700475
1701482
1701483
1320475
1320481
1321407
1321475
1321481
1322475
1322476
1322484
1323475
1323485
1323486
1324596
1324597
1327063
1327475
1327484
1327485
1328475
1328486
1328487
1328488
1328489
1329475
1329484
1329485
1329804
1329805
1329806
1329807
1329808
1329809
1910475
1910485
1914715
1840475
1840485
1841434
1844708
1844709
1844715
1844740
1844741
1844742
1844743
1570475
1571475
1571485
1573475
1575043
1575044
1575045
1575046
1575047
1575048
1575049
1575050
1575051
1575052
1575053
1575054
1575055
1575056
1575057
1575058
1575059
1575475
1576475
1577150
1577151
1577152
1577153
1577154
1577155
1577156
1577157
1577158
1577159
1577475
1650045
1650048
1650054
1650084
1650271
1650345
1650387
1650475
1650993
1651232
1651344
1651462
1651475
1651498
1651504
1651514
1651541
1651545
1651549
1651574
1651645
1652056
1652405
1652474
1652475
1652476
1652478
1652479
1652485
1652496
1652555
1652653
1652704
1652705
1652841
1652847
1652883
1652944
1653075
1653096
1653101
1653120
1653235
1653237
1653475
1653609
1653850
1653851
1653855
1653858
1653941
1653942
1653943
1653944
1653984
1655004
1655444
1655475
1655661
1655669
1655671
1655681
1655724
1655732
1655749
1655849
1655927
1655949
1655959
1656046
1656168
1656169
1656196
1656400
1656401
1656445
1656458
1656472
1656475
1656485
1656534
1656541
1656542
1656700
1656746
1656775
1656795
1656844
1656964
1656984
1657005
1657101
1657150
1657151
1657152
1657153
1657154
1657155
1657156
1657157
1657158
1657159
1657194
1657204
1657214
1657294
1657314
1657320
1657324
1657364
1657380
1657394
1657401
1657460
1657475
1657485
1657492
1657495
1657496
1657565
1980475
1980481
1980485
1981567
1984714
1984715
1984716
1984717
1984718
1984752
1984753
1984754
1984755
1984756
1984757
1984758
1984759
1984780
1984781
1984782
1984783
1984784
1988868
1989675
1520475
1520481
1520484
1520485
1520486
1520487
1520488
1520489
1524750
1524751
1524752
1524753
1524754
1524755
1524756
1524757
1524758
1524759
1524832
1524833
1524834
1524835
1524836
1524837
1524838
1524839
1810475
1814750
1814751
1814752
1814753
1814754
1814755
1814757
1880475
1884750
1884751
1884752
1884753
1884754
1884755
1884756
1884757
1884758
1884759
1884800
1884801
1884802
1884803
1884804
1884817
1750475
1751982
1751983
1751984
1754749
1754750
1754751
1754752
1754753
1754754
1754755
1754756
1754757
1754758
1754759
1754850
1754851
1754852
1754853
1754854
1754855
1754856
1754857
1754858
1754859
1754880
1754881
1754882
1754883
1754884
1754890
1754891
1754892
1372205
1372215
1373475
1373994
1373999
1374750
1374751
1374752
1374753
1374754
1374755
1374756
1374757
1374758
1374759
1374805
1375405
1375415
1378945
1378955
1378965
1378971
1378975
1474715
1474750
1474751
1474752
1474753
1474754
1474755
1474756
1474757
1474758
1474759
1476068
1478475
1479470
1479475
1479485
1479495
1340485
1345135
1347475
1347485
1347495
1348475
1348855
1348858
1760475
1761475
1761485
1764750
1764751
1764752
1764753
1764754
1764755
1764756
1764757
1764815
1768475
1580475
1584748
1584750
1584751
1584752
1584753
1584754
1584755
1584756
1584757
1584758
1584759
1584836
1584850
1584851
1584852
1584853
1584854
1584855
1584856
1584857
1584858
1584859
1584865
1584875
1584877
1584885
1584895
1584950
1584951
1584952
1584953
1584954
1584955
1584956
1584957
1584958
1584959
1589484
1589485
1589486
1589487
1589488
1589489
1820475
1820496
1820497
1820498
1820499
1824750
1824751
1824752
1824753
1824754
1824755
1824756
1824757
1824758
1824759
1824834
1824835
1824836
1510475
1511471
1511472
1511473
1511475
1511477
1511479
1513470
1513471
1513472
1513473
1513474
1513475
1513476
1513477
1513478
1513479
1514475
1514477
1514479
1514480
1514481
1514483
1514495
1514496
1514497
1514498
1514499
1514701
1514702
1514703
1514704
1514755
1514756
1514757
1514758
1514759
1514825
1514870
1514871
1514872
1514873
1514874
1514875
1514876
1514877
1514878
1514879
1514988
1514989
1514990
1514991
1514992
1514993
1514994
1514995
1514996
1514997
1514998
1514999
1516490
1516491
1516492
1516493
1660475
1660485
1664735
1664736
1664737
1664738
1664739
1664740
1664741
1664742
1664743
1664744
1664750
1664751
1664752
1664753
1664754
1664755
1664756
1664757
1664758
1664759
1664850
1664851
1664852
1664853
1664854
1664855
1664856
1664857
1664858
1664859
1380475
1384745
1384750
1384751
1384752
1384753
1384754
1384755
1384756
1384757
1384758
1384759
1384795
1384805
1384845
1384855
1384865
1384875
1384885
1384893
1384894
1384895
1870475
1874730
1874731
1874732
1874733
1874734
1874735
1874736
1874737
1874738
1874739
1874743
1874744
1874750
1874751
1874752
1874753
1874754
1874755
1874756
1874757
1874758
1874759
1874783
1874784
1874785
1874786
1874787
1312654
1313475
1314525
1315475
1315489
1317110
1317111
1317112
1317113
1319056
1319088
1319089
1319153
1319154
1730475
1731432
1731433
1360475
1361475
1361485
1362475
1362485
1363475
1364475
1364485
1365475
1366400
1366401
1890475
1894705
1894735
1894745
1894750
1894751
1894752
1894753
1894754
1530475
1532675
1533275
1533297
1533298
1533299
1533475
1533492
1533493
1533494
1533495
1533496
1533497
1534405
1534406
1534407
1534408
1537475
1537484
1537485
1537496
1537497
1538475
1538975
1539475
1800475
1804750
1804751
1804752
1804753
1804754
1804755
1804756
1804757
1804758
1804759
1990475
1994715
1996905
1997555
1780065
1780475
1780485
1780495
1781405
1781439
1781445
1784734
1784736
1784737
1784738
1784745
1784875
1788765
1789725
1850475
1850485
1850495
1854750
1854751
1854752
1854753
1854754
1854755
1854756
1854757
1854758
1854759
1560475
1562475
1564750
1564751
1564752
1564753
1564754
1564755
1564756
1564757
1564758
1564759
1564850
1564851
1564852
1564853
1564854
1564855
1564856
1564857
1564858
1564859
1569095
1569475
1330475
1331035
1331036
1331037
1331475
1332704
1332705
1333704
1333705
1334705
1335475
1338475
1339475
1301513
1301514
1301953
1301954
1302041
1302049
1303472
1303475
1303953
1303954
1308024
1308025
1308475
1308715
1308716
1308717
1550475
1550485
1554003
1554004
1554005
1554050
1554051
1554052
1554053
1554054
1554055
1554056
1554750
1554751
1554752
1554753
1554754
1554755
1554756
1554757
1554758
1554759
1554806
1554807
1554808
1554809
1556049
1556050
1556053
1556054
1556055
1556056
1556057
1556058
1556059
1860475
1860485
1864725
1864750
1864751
1864752
1864753
1864754
1864755
1864756
1864757
1864758
1864759
1864828
1864850
1864851
1864852
1864853
1864854
1864855
1864856
1864857
1864858
1864859
1868627
1868628
1671475
1672475
1672478
1672480
1672481
1672483
1672484
1672690
1672801
1673475
1675614
1675615
1675658
1390475
1394735
1394750
1394751
1394752
1394753
1394754
1394755
1394756
1394757
1394758
1394759
1394813
1394814
1394815
1394835
1394845
1394854
1394855
1394858
1394865
1394875
1394885
1394895
1830475
1834736
1834737
1834738
1834739
1834750
1834751
1834752
1834753
1834754
1834755
1834756
1834757
1834758
1834759
1834778
1834779
1500473
1500475
1500490
1500491
1500492
1500493
1500494
1500495
1500496
1500497
1500498
1500499
1504710
1504715
1504716
1504745
1504746
1504747
1504748
1504749
1504750
1504751
1504752
1504753
1504754
1504755
1504756
1504850
1504851
1504852
1504853
1504854
1504855
1504856
1504857
1622292
1622293
1622294
1622297
1770475
1774737
1774738
1774750
1774751
1774752
1779075
1779076
1590475
1590485
1592447
1592449
1592452
1592454
1592459
1593494
1593499
1594705
1594715
1594725
1594734
1594735
1594743
1594744
1594745
1594753
1594778
1594779
1594944
1450275
1452495
1452496
1453384
1453385
1453386
1453387
1454327
1350063
1350065
1351475
1351485
1320482
1320488
1320489
1321480
1321482
1322481
1322482
1322483
1323482
1324083
1324514
1324515
1327482
1329482
1910482
1914722
1840482
1840487
1841439
1844717
1844719
1844730
1844731
1844732
1844733
1844734
1844735
1844736
1844737
1570480
1570481
1570482
1570484
1570485
1570500
1570501
1570502
1570503
1571482
1573482
1575482
1576482
1655063
1655482
1655753
1655846
1656408
1656480
1656481
1656482
1656484
1656486
1656487
1656548
1656707
1656750
1657117
1657206
1657270
1657277
1657424
1657466
1657477
1657478
1657482
1657488
1657499
1520482
1524820
1524821
1524822
1524823
1524824
1524825
1524826
1524827
1524828
1524829
1524850
1524851
1524852
1524853
1524854
1524855
1524856
1524857
1524858
1524859
1810480
1810482
1814739
1814820
1814821
1814822
1750482
1751980
1751981
1754732
1754733
1754734
1754820
1754821
1754822
1754823
1754824
1754825
1754826
1754827
1754828
1754829
1754885
1754886
1754887
1754888
1754889
1880480
1880481
1880482
1880484
1880485
1880486
1884805
1884806
1884807
1884808
1884809
1884816
1370479
1373482
1340482
1345139
1760482
1760485
1764812
1764822
1764823
1767806
1767807
1767808
1767809
1768480
1768481
1768482
1580482
1580483
1584980
1584981
1584982
1584983
1820480
1820481
1820482
1820484
1824820
1824821
1824822
1824823
1824824
1824825
1824826
1824827
1824828
1824829
1510482
1510484
1510485
1514482
1514490
1514491
1514492
1514493
1514494
1514826
1514827
1514828
1514829
1514890
1514891
1514892
1514893
1514894
1514895
1514896
1514897
1514903
1514904
1517475
1517476
1517477
1517478
1517479
1660482
1664731
1664732
1664820
1664821
1664822
1664823
1664824
1664825
1664826
1664827
1664828
1664829
1380048
1380050
1380479
1384793
1384794
1384798
1384799
1384838
1384839
1384869
1870480
1870481
1870482
1870484
1870485
1870486
1870487
1870488
1870489
1874820
1874821
1874822
1874823
1311359
1313482
1315482
1317139
1319095
1319096
1319159
1730482
1730487
1362479
1362489
1363479
1364489
1365480
1365482
1365485
1366408
1366480
1366482
1890482
1894742
1894744
1894768
1894769
1894782
1532682
1533282
1533482
1533484
1533485
1533486
1533562
1534424
1534425
1535282
1537468
1537469
1537481
1537482
1538482
1539108
1539109
1539128
1539129
1800474
1800482
1804820
1804821
1804822
1804823
1804826
1804828
1999772
1850482
1854820
1854821
1854822
1854823
1854824
1854828
1854829
1780061
1780062
1780482
1780499
1781434
1781442
1789723
1564820
1564821
1564822
1564823
1564824
1564825
1564826
1564827
1564828
1564829
1564833
1564834
1569092
1331482
1332702
1333702
1335482
1338482
1339482
1303043
1303044
1308158
1308713
1550482
1550484
1554000
1554082
1554083
1554092
1554823
1554824
1554888
1554889
1556119
1556120
1556121
1556122
1556123
1556124
1559894
1559895
1559896
1559897
1559898
1559899
1860482
1861482
1864820
1864821
1864822
1864823
1864824
1864844
1864845
1394748
1394820
1394821
1394822
1394823
1394824
1394825
1394826
1394827
1394828
1394829
1394862
1394889
1394893
1394897
1394899
1830480
1830481
1830482
1830484
1830485
1830486
1500480
1500481
1500482
1500483
1500484
1500485
1502480
1502481
1502482
1502483
1502484
1502485
1502486
1503480
1503481
1503482
1503483
1503484
1503485
1503486
1503487
1503488
1504820
1504821
1504822
1504823
1504824
1504825
1504826
1504827
1504828
1622359
1622360
1622362
1622364
1770482
1774776
1774777
1774820
1774821
1774822
1779070
1779071
1590482
1351482
1450289
1452488
1453380
1453381
1453382
1453383
1454330
1300950
1300951
1300952
1301095
1301500
1301501
1301502
1301510
1301520
1301521
1301522
1301950
1302950
1302951
1302952
1303471
1303950
1303951
1303952
1307470
1307471
1307472
1307473
1307474
1307475
1307476
1307477
1307478
1307479
1308020
1308150
1308151
1308152
1308471
1308710
1308711
1308712
1309069
1550471
1550481
1554070
1554071
1554072
1554073
1554074
1554075
1554076
1554093
1554094
1554095
1554096
1554097
1554098
1554099
1554710
1554711
1554712
1554713
1554714
1554715
1554716
1554717
1554718
1554719
1554832
1554833
1554834
1554835
1554836
1554870
1554871
1554872
1554873
1554874
1554875
1554876
1554877
1554878
1554879
1554880
1554881
1554882
1554883
1554884
1554885
1554886
1554887
1556071
1556074
1556078
1556079
1556080
1556081
1556082
1556083
1556084
1556085
1556086
1556087
1556088
1556089
1556090
1556091
1556092
1556093
1556094
1556095
1556096
1556097
1556098
1556099
1556100
1556101
1556102
1556103
1556104
1556105
1556106
1556107
1556108
1556109
1556110
1556111
1556130
1559800
1559801
1559802
1559803
1559804
1559805
1559806
1559807
1559808
1559809
1559810
1559811
1559812
1559813
1559814
1559815
1559816
1559817
1559818
1559819
1559820
1559821
1559822
1559823
1559824
1559825
1559826
1559827
1559828
1559829
1860471
1860488
1861471
1861473
1861481
1864710
1864711
1864712
1864713
1864714
1864715
1864737
1864738
1864739
1864796
1864797
1864870
1864871
1864872
1864873
1868600
1868601
1868602
1868603
1868604
1868605
1868606
1868607
1868608
1868609
1869840
1869841
1869842
1869843
1869844
1869845
1869846
1671471
1672471
1672473
1672474
1672694
1672695
1672696
1672697
1672698
1672699
1672700
1672701
1672702
1672703
1672704
1672705
1672706
1672707
1672708
1672709
1673471
1673484
1673485
1673486
1673487
1673488
1673489
1390004
1390040
1390471
1394710
1394711
1394712
1394713
1394714
1394715
1394716
1394717
1394718
1394719
1394810
1394811
1394812
1394819
1394831
1394841
1394843
1394851
1394853
1394861
1394871
1394881
1394891
1830471
1834710
1834711
1834712
1834713
1834714
1834715
1834716
1834717
1834718
1834719
1834791
1834792
1834793
1834794
1834795
1834796
1834797
1834798
1834799
1500471
1502490
1502491
1502492
1502493
1502494
1502495
1502496
1502497
1502498
1502499
1503477
1503478
1503479
1503490
1503491
1503492
1503493
1503494
1503495
1503496
1503497
1503498
1503499
1504711
1504780
1504781
1504782
1504783
1504784
1504785
1504786
1504787
1504788
1504799
1504835
1504836
1504910
1504911
1504912
1504913
1504914
1504915
1504916
1504917
1504918
1504919
1622272
1622273
1622278
1622283
1770471
1770480
1770481
1770488
1774710
1774711
1774712
1774713
1774714
1774715
1774716
1774717
1774718
1774733
1774734
1774735
1774736
1774793
1774794
1774795
1774796
1774797
1774798
1590471
1590481
1590487
1590488
1590489
1592441
1592451
1593491
1594701
1594703
1594711
1594713
1594721
1594731
1594741
1594751
1594761
1594771
1594941
1594947
1450271
1450284
1450285
1450286
1450287
1450288
1452990
1452991
1452992
1452993
1452994
1452995
1454320
1454321
1454331
1454333
1459170
1459171
1459172
1350061
1350069
1351471
1351481
1952824
1952826
1952827
1953382
1958695
1360471
1361471
1361481
1362471
1362481
1362484
1363471
1364471
1364481
1364484
1364488
1365471
1365481
1365488
1366471
1366474
1366478
1366481
1366488
1367471
1367474
1367475
1367478
1367481
1367482
1367483
1367484
1367485
1367488
1368471
1368474
1368475
1368478
1369471
1890471
1894710
1894711
1894712
1894713
1894714
1894715
1894716
1894717
1894718
1894719
1894791
1894792
1894793
1894794
1894795
1894796
1530471
1532600
1532601
1532602
1532603
1532604
1532605
1532606
1532607
1532608
1532609
1532671
1533103
1533271
1533281
1533291
1533471
1533555
1533556
1533557
1533558
1534411
1535284
1535285
1535287
1535480
1535481
1535482
1535483
1535484
1535485
1535486
1535487
1535488
1535489
1537471
1538471
1538481
1538971
1538980
1538981
1538982
1539111
1539112
1539113
1539114
1539115
1539116
1539117
1539118
1539471
1800471
1800480
1800481
1800484
1800485
1800486
1800487
1800488
1800489
1804710
1804711
1804712
1804713
1804714
1804715
1804716
1804717
1804718
1804719
1804745
1804749
1804795
1804829
1804832
1804833
1804834
1804835
1804836
1804837
1990471
1994700
1994701
1994702
1994703
1994704
1994705
1994711
1996901
1996904
1997551
1997554
1997561
1997564
1997565
1997568
1999761
1999764
1999765
1999767
1999768
1999771
1999774
1999775
1850471
1850481
1850490
1850491
1850496
1850499
1854710
1854711
1854712
1854713
1854714
1854715
1854716
1854717
1854718
1854719
1854810
1854811
1854812
1854813
1854814
1854815
1854816
1854817
1854818
1854819
1854854
1854855
1854856
1854857
1854858
1854859
1858600
1858601
1858602
1858603
1858604
1858605
1858606
1858607
1858608
1858609
1858620
1858621
1858624
1858625
1858626
1858627
1858628
1858629
1780068
1780471
1780481
1780488
1781400
1781411
1781413
1781415
1781416
1781421
1781431
1781441
1784710
1784711
1784714
1784715
1784716
1784741
1784871
1788769
1789721
1560471
1562471
1564710
1564711
1564712
1564713
1564714
1564715
1564716
1564717
1564718
1564719
1564810
1564811
1564812
1564813
1564814
1564815
1564816
1564817
1564818
1564819
1566100
1566101
1566102
1566103
1566104
1566105
1566106
1566107
1566108
1566109
1566110
1566111
1566112
1566113
1566114
1566115
1566116
1566117
1566118
1566119
1566120
1566121
1566122
1566123
1566124
1566125
1566126
1566127
1566128
1566129
1569091
1569099
1569471
1330471
1331471
1331487
1331488
1331489
1332710
1332711
1332712
1333710
1333711
1333712
1334710
1334711
1334712
1334713
1334714
1334715
1334716
1335471
1335487
1335488
1335489
1338471
1338487
1338488
1338489
1339471
1339489
1711357
1711372
1711399
1712570
1712571
1712572
1712573
1712574
1713470
1713471
1713473
1713474
1713475
1713476
1713477
1713478
1713479
1713480
1713481
1713482
1713483
1713484
1713485
1713486
1715800
1715801
1715802
1715803
1715805
1715806
1715807
1715808
1715809
1716800
1716801
1716802
1716803
1716805
1716806
1716807
1716808
1716809
1717800
1717801
1717802
1718870
1718871
1718872
1718873
1718874
1718875
1718877
1719471
1719475
1719476
1719477
1719478
1719479
1340480
1340481
1340483
1340484
1344077
1345131
1345134
1347470
1347471
1347473
1347480
1347481
1347483
1347491
1348471
1348851
1348854
1348857
1760471
1760481
1760484
1760488
1761471
1761480
1761481
1761483
1761488
1761489
1764730
1764731
1764735
1764736
1764737
1764738
1764739
1764741
1764742
1764743
1764744
1764745
1764746
1764747
1764748
1764749
1764758
1764759
1764811
1764820
1764821
1764824
1764825
1767800
1767801
1767802
1767803
1767804
1767805
1768471
1580471
1580488
1584710
1584711
1584712
1584713
1584714
1584715
1584716
1584717
1584718
1584719
1584766
1584767
1584768
1584775
1584776
1584777
1584778
1584810
1584811
1584812
1584813
1584814
1584815
1584816
1584817
1584818
1584819
1584837
1584838
1584839
1584890
1584891
1584892
1584893
1584894
1584910
1584911
1584912
1584913
1584914
1584915
1584916
1584917
1584918
1584919
1584932
1584933
1584934
1584935
1584936
1584937
1584938
1584939
1820471
1820489
1824710
1824711
1824712
1824713
1824714
1824715
1824716
1824717
1824718
1824719
1824810
1824811
1510471
1512470
1512471
1512472
1512473
1512474
1512475
1512476
1512477
1512478
1512479
1514710
1514711
1514712
1514713
1514714
1514715
1514716
1514717
1514718
1514719
1514800
1514801
1514802
1514803
1514804
1514805
1514806
1514807
1514808
1514809
1514900
1518470
1518471
1518472
1518473
1518474
1518475
1518476
1518477
1518478
1660471
1660481
1660487
1664710
1664711
1664712
1664713
1664714
1664715
1664716
1664717
1664718
1664719
1664810
1664811
1664812
1664813
1664814
1664815
1664816
1664817
1664818
1664819
1664885
1664886
1664887
1664888
1664889
1380471
1380474
1384710
1384711
1384712
1384713
1384714
1384715
1384716
1384717
1384718
1384719
1384810
1384811
1384812
1384813
1384814
1384815
1384816
1384817
1384818
1384819
1384841
1384851
1384861
1384871
1384881
1384891
1870471
1874711
1874797
1874798
1874799
1874810
1874811
1874812
1874813
1874814
1874815
1874816
1874817
1874818
1874819
1874849
1313471
1315471
1315480
1315481
1315487
1315488
1317100
1317101
1317102
1317103
1317104
1317105
1317106
1317107
1317108
1317109
1317140
1317141
1317142
1319050
1319051
1319052
1319053
1319054
1319055
1319060
1319140
1319141
1319142
1319143
1730471
1730480
1730481
1730488
1731430
1731431
1739071
1700470
1700471
1700476
1700477
1700478
1700479
1701470
1701471
1701472
1701473
1701474
1702470
1702471
1702476
1702477
1702478
1702479
1702612
1702920
1702921
1702922
1702923
1702924
1702925
1702926
1702927
1702928
1703851
1703852
1705234
1705384
1705424
1705426
1705427
1705429
1705430
1705431
1705432
1705634
1705747
1707470
1707471
1707472
1707473
1707474
1707475
1707476
1707477
1707479
1708470
1708471
1708472
1708473
1708474
1709470
1709471
1709472
1709473
1709474
1709475
1709476
1709477
1709478
1709479
1320471
1320480
1321400
1321401
1321402
1321403
1321405
1321406
1321408
1321409
1321471
1323471
1323840
1323841
1323842
1323843
1323844
1324087
1324088
1324510
1324511
1326004
1327471
1327480
1327481
1329471
1329480
1329481
1329690
1910471
1910481
1914711
1914714
1914718
1914728
1840471
1840481
1844704
1844705
1844706
1844707
1844711
1844750
1844751
1844752
1844753
1844754
1844755
1844756
1844757
1844758
1844759
1844760
1844761
1844762
1844763
1844764
1844765
1844766
1844767
1844768
1844769
1844770
1844771
1844772
1844773
1844774
1844775
1844776
1844777
1844778
1844779
1844780
1844781
1844782
1844783
1844784
1844785
1844786
1844787
1844788
1844789
1844790
1844791
1844792
1844793
1844794
1844795
1844796
1844797
1844798
1844799
1849019
1849020
1849021
1849022
1849023
1849024
1849026
1849027
1849028
1570471
1571471
1571481
1573471
1575471
1575480
1575481
1575483
1575484
1575485
1575486
1575487
1575488
1575489
1575490
1575491
1575492
1575493
1575494
1575495
1575496
1575497
1575498
1576471
1577133
1577134
1577135
1577136
1577137
1577138
1577139
1577471
1980471
1980480
1980482
1980487
1980489
1981566
1984703
1984704
1984705
1984706
1984710
1984711
1984712
1984734
1984735
1984736
1984737
1984738
1984739
1984771
1984785
1984786
1984787
1988863
1989671
1650014
1650034
1650040
1650044
1650104
1650134
1650471
1650686
1650711
1650722
1650844
1650845
1651144
1651471
1651495
1651497
1651499
1651534
1651543
1651544
1651554
1651584
1651644
1651648
1651654
1651664
1651684
1651704
1651860
1651864
1652048
1652471
1652890
1652897
1653320
1653471
1653924
1653934
1655471
1655840
1656111
1656166
1656172
1657471
1520471
1524710
1524711
1524712
1524713
1524714
1524715
1524716
1524717
1524718
1524719
1524800
1524801
1524802
1524803
1524804
1524805
1524806
1524807
1524808
1524809
1524810
1524811
1524812
1524813
1524814
1524815
1524816
1524817
1524818
1524819
1810046
1810047
1810471
1810484
1810485
1810486
1814710
1814711
1814712
1814713
1814714
1814715
1814716
1814717
1814718
1814719
1814738
1814824
1814825
1814826
1814827
1814834
1814836
1814838
1814839
1750471
1750480
1750481
1750484
1750485
1754710
1754711
1754712
1754713
1754714
1754715
1754716
1754717
1754718
1754719
1754735
1754736
1754737
1754738
1754739
1754810
1754811
1754812
1754813
1754814
1754815
1754816
1754817
1754818
1754819
1880471
1880488
1880489
1880490
1880491
1880492
1880493
1884710
1884711
1884712
1884713
1884714
1884715
1884716
1884717
1884718
1884719
1884811
1370471
1370475
1370478
1372204
1372211
1373471
1373481
1373484
1373991
1373998
1374710
1374711
1374712
1374713
1374714
1374715
1374716
1374717
1374718
1374719
1374810
1374811
1374812
1374813
1374814
1374815
1374816
1374817
1374818
1374819
1375401
1375409
1375411
1378941
1378951
1378961
1474710
1474729
1474730
1474731
1474732
1474733
1474734
1474735
1474736
1474737
1474738
1474739
1474787
1474788
1474789
1476537
1478471
1479471
1479481
1479491
1560476
1562476
1564760
1564761
1564762
1564763
1564764
1564765
1564766
1564767
1564768
1564769
1564845
1564846
1564847
1564848
1564849
1564860
1564861
1564862
1564863
1564864
1564865
1564866
1564867
1564868
1564869
1564880
1564881
1564882
1564883
1564884
1569096
1569476
1850476
1850486
1854760
1854761
1854762
1854763
1854764
1854765
1854766
1854767
1854768
1854769
1854860
1854862
1854864
1780064
1780476
1780486
1780496
1781406
1781433
1781446
1784704
1784705
1784706
1784707
1784708
1784746
1784876
1788766
1789726
1990476
1994706
1994707
1994708
1994709
1994716
1996903
1996906
1996909
1997550
1997553
1997556
1997559
1997563
1997566
1997569
1999760
1999763
1999766
1999769
1999770
1999773
1999776
1999779
1330476
1331038
1331039
1331476
1332715
1332716
1333715
1333716
1335476
1335484
1335485
1338476
1338481
1339476
1339484
1890476
1894706
1894732
1894736
1894746
1894760
1894761
1894762
1894763
1894764
1894765
1894766
1894767
1360476
1361476
1361486
1362476
1362486
1363476
1364476
1364486
1365476
1365486
1366476
1366486
1367476
1367480
1367486
1367487
1368476
1368477
1369475
1369476
1369477
1800476
1804760
1804761
1804762
1804763
1804764
1804765
1804766
1804767
1804768
1804769
1530476
1532676
1532683
1532684
1532685
1532686
1532687
1532688
1532689
1533276
1533294
1533295
1533296
1533476
1533565
1533566
1534412
1534413
1534414
1534415
1534416
1534417
1537466
1537476
1538476
1538976
1539104
1539105
1539123
1539124
1539476
1621476
1622372
1622373
1622374
1500476
1500486
1500487
1500488
1500489
1504725
1504757
1504758
1504760
1504761
1504762
1504763
1504764
1504765
1504766
1504767
1504768
1504769
1504837
1504838
1504860
1504861
1504862
1504863
1504864
1504865
1504866
1504867
1504868
1504869
1504960
1504961
1504962
1504963
1504964
1504965
1504966
1504967
1504968
1504969
1504990
1504991
1504992
1504993
1504994
1504995
1504996
1504997
1504998
1830476
1830487
1830488
1830489
1830490
1830491
1830492
1830493
1830494
1830495
1830496
1830497
1830498
1830499
1834733
1834734
1834760
1834761
1834762
1834763
1834764
1834765
1834766
1834767
1834768
1834769
1350066
1351476
1351486
1450276
1452497
1452498
1452499
1453495
1453496
1453497
1453498
1454325
1454336
1590476
1590486
1592443
1592446
1592453
1592456
1593493
1593496
1594706
1594714
1594716
1594724
1594746
1594755
1594756
1594760
1594764
1594766
1594767
1594769
1594943
1770476
1774706
1774707
1774708
1774746
1774747
1774748
1774749
1774760
1774761
1774762
1774825
1774826
1301518
1301519
1301529
1301959
1302042
1303476
1303479
1303959
1308026
1308027
1308157
1308476
1308840
1308841
1308842
1308843
1390476
1394736
1394760
1394761
1394762
1394763
1394764
1394765
1394766
1394767
1394768
1394769
1394816
1394836
1394846
1394856
1394863
1394864
1394866
1394868
1394869
1394876
1394886
1394896
1671476
1672476
1672485
1672486
1672487
1672800
1672806
1673470
1673473
1673476
1860476
1860486
1861476
1861486
1864716
1864726
1864760
1864761
1864762
1864763
1864764
1864765
1864766
1864767
1864768
1864769
1864810
1864811
1864812
1864813
1864814
1864815
1864816
1864817
1864818
1864819
1864829
1864835
1868620
1868621
1868622
1868629
1550476
1550486
1554060
1554061
1554062
1554063
1554064
1554065
1554066
1554067
1554068
1554069
1554760
1554761
1554762
1554763
1554764
1554765
1554766
1554767
1554768
1554769
1554838
1554839
1554840
1554841
1554842
1554843
1554844
1554845
1554846
1554847
1554848
1554849
1554890
1554891
1554892
1554893
1554894
1554895
1554896
1554897
1554898
1554899
1556035
1556036
1556037
1556038
1556039
1556040
1556041
1556042
1556043
1556044
1556045
1556046
1556047
1556048
1559854
1559855
1559856
1559857
1559858
1559859
1559860
1559861
1810476
1814746
1814760
1814761
1814762
1814763
1814764
1814765
1814766
1814767
1814768
1814769
1814823
1520476
1524760
1524761
1524762
1524763
1524764
1524765
1524766
1524767
1524768
1524769
1524860
1524861
1524862
1524863
1524864
1524865
1524866
1524867
1524868
1524869
1474716
1474760
1474761
1474762
1474763
1474764
1474765
1474766
1474767
1474768
1474769
1476060
1476061
1476062
1476063
1476064
1476065
1476066
1476067
1478476
1479476
1479480
1479486
1479490
1479496
1370476
1372206
1372214
1372216
1373476
1373478
1373479
1373485
1373486
1373489
1373993
1374760
1374761
1374762
1374763
1374764
1374765
1374766
1374767
1374768
1374769
1374770
1374771
1374772
1374773
1374774
1374775
1374776
1374806
1375406
1375413
1375416
1378943
1378946
1378949
1378953
1378956
1378959
1378963
1378966
1378969
1378973
1378976
1378979
1750476
1750486
1754705
1754706
1754707
1754708
1754709
1754744
1754745
1754746
1754747
1754748
1754760
1754761
1754762
1754763
1754764
1754765
1754766
1754767
1754768
1754769
1754770
1754771
1754772
1754773
1754774
1754775
1754776
1754777
1754778
1754779
1754795
1754796
1754797
1754798
1754799
1754800
1754801
1754802
1754803
1754804
1754805
1754806
1754807
1754808
1754809
1754834
1754835
1754836
1754837
1754838
1754839
1754860
1754861
1754862
1754863
1754864
1754865
1754866
1754867
1754868
1754869
1754870
1754871
1754872
1754873
1754874
1754875
1754876
1754877
1754878
1754879
1880476
1880494
1884760
1884761
1884762
1884763
1884764
1884765
1884766
1884767
1884768
1884769
1884814
1884815
1910476
1910486
1914716
1914721
1914724
1914725
1914726
1914727
1914729
1320476
1321476
1321486
1321487
1323476
1324086
1324594
1324595
1326014
1327476
1328476
1329476
1329800
1329801
1329802
1329803
1701484
1701485
1701486
1701487
1980476
1980484
1980486
1980494
1980495
1980496
1981565
1984707
1984708
1984740
1984741
1984742
1984743
1984744
1984765
1984766
1984767
1984768
1984769
1984790
1984791
1984792
1984793
1984794
1988866
1989676
1650074
1650272
1650476
1650991
1651173
1651302
1651476
1651540
1651546
1651604
1651634
1651646
1651862
1652039
1652673
1652685
1652842
1652845
1652885
1652887
1652889
1653295
1653476
1653856
1655048
1655249
1655252
1655476
1655643
1655684
1655731
1655746
1655842
1655844
1656167
1657302
1657345
1657368
1657381
1657476
1657698
1657761
1570360
1570361
1570362
1570363
1570364
1570365
1570366
1570367
1570368
1570369
1570476
1571476
1571486
1573476
1575040
1575041
1575042
1575476
1576476
1577140
1577141
1577142
1577143
1577476
1577480
1577481
1577483
1577484
1577485
1577486
1577487
1577488
1577489
1577490
1577491
1577492
1577493
1577494
1577495
1577496
1577497
1577498
1577499
1840476
1840486
1841435
1844716
1844726
1844727
1844728
1870476
1874713
1874714
1874715
1874716
1874717
1874718
1874719
1874760
1874761
1874762
1874763
1874764
1874765
1874766
1874767
1874768
1874769
1874800
1874801
1874802
1874803
1874804
1874805
1874806
1874807
1874808
1874809
1874829
1380476
1384760
1384761
1384762
1384763
1384764
1384765
1384766
1384767
1384768
1384769
1384796
1384806
1384836
1384846
1384856
1384866
1384876
1384886
1384887
1384888
1384889
1384896
1384897
1384898
1384899
1660476
1660486
1664760
1664761
1664762
1664763
1664764
1664765
1664766
1664767
1664768
1664769
1664830
1664831
1664832
1664833
1664834
1664835
1664836
1664837
1664838
1664839
1664860
1664861
1664862
1664863
1664864
1664865
1664866
1664867
1664868
1664869
1730476
1731435
1731437
1739076
1311354
1311355
1311356
1311357
1311358
1313476
1315091
1315092
1315093
1315094
1315095
1315096
1315097
1315098
1315476
1315484
1315485
1315486
1317135
1317136
1317137
1319090
1319091
1319092
1319093
1319094
1319150
1319151
1319152
1580476
1580486
1584705
1584706
1584732
1584733
1584734
1584735
1584736
1584738
1584739
1584749
1584760
1584761
1584762
1584889
1584896
1584897
1584898
1584899
1584960
1584961
1584962
1584963
1584964
1584965
1584966
1584967
1584968
1584969
1584994
1584995
1584996
1584997
1584998
1584999
1760476
1760486
1761476
1761486
1761487
1764733
1764734
1764760
1764761
1764762
1764763
1764764
1764765
1764766
1764767
1764768
1764769
1764816
1764826
1764827
1764828
1764829
1764865
1764868
1764869
1768476
1768486
1340486
1340487
1340488
1340489
1345133
1345136
1347476
1347484
1347486
1347496
1348476
1348856
1348859
1510476
1510480
1510481
1511476
1512490
1512491
1512492
1512493
1512494
1512495
1512496
1512497
1512498
1512499
1514471
1514476
1514733
1514734
1514735
1514736
1514745
1514760
1514761
1514762
1514763
1514764
1514765
1514766
1514767
1514768
1514769
1514810
1514811
1514812
1514813
1514814
1514815
1514816
1514817
1514818
1514819
1514830
1514831
1514832
1514833
1514834
1514835
1514836
1514837
1514838
1514839
1514905
1514906
1514907
1514908
1514909
1514910
1514911
1514912
1514913
1514914
1514915
1514916
1514917
1514918
1514919
1517480
1517481
1517482
1517483
1517484
1517485
1517486
1517487
1517488
1517489
1820476
1820486
1820487
1820488
1820495
1824760
1824761
1824762
1824763
1824764
1824765
1824766
1824767
1824768
1824769
1824800
1824801
1824803
1824804
1824805
1824806
1824809
1824839
1800472
1804720
1804721
1804722
1804723
1804724
1804725
1804726
1804727
1804728
1804729
1530472
1532672
1532690
1532691
1532692
1533272
1533292
1533293
1533472
1533550
1533551
1533552
1533559
1534422
1535289
1535490
1535491
1535495
1535496
1535497
1537472
1537487
1537488
1538472
1538484
1538485
1538486
1538487
1538972
1539100
1539101
1539102
1539103
1539120
1539121
1539472
1890472
1894720
1894721
1894722
1894723
1894724
1894725
1894726
1894727
1894728
1894729
1894771
1894772
1894773
1360472
1361472
1361482
1362472
1362482
1362483
1363472
1364472
1364482
1364483
1364487
1365472
1365484
1365487
1366402
1366403
1366406
1366407
1366472
1366473
1366477
1366484
1366487
1367472
1367473
1367477
1368472
1369472
1712575
1712576
1712577
1712578
1712579
1712580
1712581
1712582
1712583
1712584
1712585
1712586
1712587
1712588
1712589
1713472
1713487
1713488
1713489
1715804
1716804
1717803
1717804
1717805
1717806
1717807
1717808
1717809
1718876
1718878
1718879
1719470
1719472
1719473
1719474
1330472
1331472
1331484
1331485
1331486
1332717
1332718
1332719
1333717
1333718
1333719
1334707
1334708
1334709
1334717
1334718
1334719
1335472
1335486
1338472
1338484
1338485
1338486
1339472
1560472
1564720
1564721
1564722
1564723
1564724
1564725
1564726
1564727
1564728
1564729
1566130
1566131
1566132
1566133
1566134
1566135
1566136
1566137
1566138
1566139
1566140
1566141
1566142
1566143
1566144
1566145
1566146
1566147
1566148
1566149
1566150
1566151
1566152
1566153
1566154
1566155
1566156
1566157
1566158
1566159
1566160
1566161
1566162
1566163
1566164
1566165
1566166
1566167
1566168
1566169
1569090
1569098
1569472
1850472
1850492
1854720
1854721
1854722
1854723
1854724
1854725
1854726
1854727
1854728
1854729
1858610
1858611
1858612
1858613
1858614
1858615
1858616
1858617
1858618
1858619
1780067
1780472
1780487
1780492
1781402
1781412
1781420
1781422
1781423
1781428
1781437
1784724
1784727
1784728
1784729
1784742
1784872
1788767
1789722
1990472
1994712
1996902
1997552
1997562
1999762
1390047
1390472
1394720
1394721
1394722
1394723
1394724
1394725
1394726
1394727
1394728
1394729
1394832
1394842
1394852
1394872
1394873
1394882
1394892
1671470
1671472
1671473
1671484
1671485
1672472
1672488
1672489
1672780
1672781
1672782
1672783
1672784
1672785
1672786
1672787
1672788
1672789
1672804
1672807
1672808
1672809
1673472
1860472
1861472
1861483
1861484
1864720
1864721
1864722
1864723
1864724
1864728
1864798
1864799
1864825
1864826
1864827
1864846
1864847
1864848
1864849
1864860
1864861
1864862
1864863
1864864
1868610
1868611
1868612
1868613
1868614
1868615
1868616
1868617
1868618
1868619
1869740
1869741
1550472
1550489
1554010
1554011
1554012
1554013
1554014
1554015
1554016
1554017
1554018
1554019
1554020
1554021
1554022
1554023
1554024
1554025
1554026
1554027
1554028
1554029
1554085
1554086
1554087
1554088
1554089
1554720
1554721
1554722
1554723
1554724
1554725
1554726
1554727
1554728
1554729
1554730
1554731
1554732
1554733
1554734
1554810
1554811
1554812
1554813
1554814
1556125
1556126
1556127
1556128
1556129
1556131
1556132
1556133
1556134
1556135
1556136
1556137
1556138
1556139
1556140
1556141
1556142
1556143
1556144
1556145
1556146
1556147
1556148
1556149
1556150
1556151
1556152
1556153
1556154
1556155
1556156
1556157
1556158
1556159
1559830
1559831
1559832
1559833
1559834
1559835
1559836
1559837
1559838
1559839
1559840
1559841
1559842
1559843
1559844
1559845
1559846
1559847
1559848
1559849
1300095
1300954
1300955
1300956
1301504
1301505
1301506
1301515
1301516
1301524
1301525
1301526
1301955
1301956
1302043
1302954
1302955
1302956
1303046
1303047
1303048
1303049
1303955
1303956
1303957
1303958
1308021
1308022
1308153
1308154
1308472
1308844
1308845
1308856
1350062
1351472
1351489
1450260
1450261
1450262
1450263
1450264
1450265
1450266
1450267
1450268
1450269
1450272
1452490
1452491
1452492
1452493
1452494
1453481
1453482
1454322
1454323
1454332
1459173
1459174
1459175
1590472
1592442
1592444
1593492
1594702
1594708
1594712
1594718
1594722
1594723
1594732
1594752
1594762
1594942
1594948
1770472
1770484
1770486
1774703
1774704
1774705
1774720
1774721
1774722
1774723
1774724
1774835
1774836
1774837
1500472
1502470
1502471
1502472
1502473
1502474
1502475
1502476
1502477
1502478
1502479
1503470
1503471
1503472
1503473
1503474
1503475
1503476
1504470
1504471
1504472
1504493
1504494
1504495
1504496
1504497
1504498
1504499
1504720
1504721
1504722
1504723
1504724
1504740
1504815
1504816
1504817
1504819
1504920
1504921
1504922
1504923
1504924
1504925
1504926
1504927
1504928
1504929
1504930
1504931
1504932
1504933
1504934
1504935
1504936
1504937
1504938
1830472
1834720
1834721
1834722
1834723
1834724
1834725
1834726
1834727
1834728
1834729
1834780
1834781
1834782
1834783
1834784
1980472
1980492
1981568
1984719
1984720
1984721
1984722
1984723
1984772
1984773
1984778
1984779
1988862
1989672
1650472
1650733
1651472
1651861
1651865
1652472
1653472
1655472
1570472
1571472
1571489
1573472
1575472
1576472
1576490
1576491
1576492
1576493
1576494
1576495
1576496
1576497
1577123
1577124
1577125
1577126
1577127
1577128
1577129
1577472
1840472
1840488
1841432
1844712
1844723
1844724
1844725
1910472
1914712
1914720
1320472
1321472
1321490
1321491
1321492
1321493
1321494
1321495
1321496
1322470
1322471
1322472
1322485
1322486
1322487
1323472
1323480
1323481
1324512
1324513
1327472
1327486
1328470
1328471
1328472
1328480
1329472
1329486
1329691
1329692
1329693
1700472
1700473
1700474
1701475
1701476
1701477
1702472
1702473
1702474
1702475
1702646
1702647
1702648
1704570
1704571
1704572
1704573
1704574
1704575
1704576
1704577
1704578
1704579
1704580
1704581
1704582
1704583
1704584
1704585
1704586
1704587
1704588
1704589
1705224
1705433
1705434
1705435
1705436
1705437
1705786
1708475
1708476
1708477
1708478
1708479
1474712
1474720
1474721
1474722
1474723
1474724
1474725
1474726
1474727
1474728
1478472
1479472
1479482
1479492
1370472
1370473
1372212
1372213
1373472
1373480
1373992
1373997
1374720
1374721
1374722
1374723
1374724
1374725
1374726
1374727
1374728
1374729
1374800
1374801
1374802
1374803
1374820
1374821
1374822
1374823
1374824
1374825
1374826
1374827
1374828
1374829
1375402
1375412
1378942
1378952
1378962
1378972
1750472
1750488
1750489
1754720
1754721
1754722
1754723
1754724
1754725
1754726
1754727
1754728
1754729
1754780
1754781
1754782
1754783
1754784
1754785
1754786
1754787
1754788
1754789
1880472
1884720
1884721
1884722
1884723
1884724
1884725
1884726
1884727
1884728
1884729
1884812
1884813
1810472
1810488
1810489
1814720
1814721
1814722
1814723
1814724
1814725
1814726
1814727
1814728
1814729
1814735
1814736
1814737
1814749
1814792
1814793
1814794
1814795
1814796
1814797
1814832
1520472
1524720
1524721
1524722
1524723
1524724
1524725
1524726
1524727
1524728
1524729
1510472
1512480
1512481
1512482
1512483
1512484
1512485
1512486
1512487
1512488
1512489
1514472
1514720
1514721
1514722
1514723
1514724
1514725
1514726
1514727
1514728
1514729
1514820
1514821
1514822
1514823
1514824
1514899
1514930
1514931
1514932
1514933
1514934
1514935
1514936
1514937
1514938
1514939
1517490
1517491
1517492
1517493
1517494
1517495
1517496
1517497
1517498
1517499
1518479
1820472
1820485
1824720
1824721
1824722
1824723
1824724
1824725
1824726
1824727
1824728
1824729
1824802
1824815
1824816
1580472
1584708
1584720
1584721
1584722
1584723
1584724
1584725
1584726
1584727
1584728
1584729
1584763
1584764
1584765
1584769
1584779
1584820
1584821
1584822
1584823
1584824
1584825
1584826
1584827
1584828
1584829
1584860
1584861
1584862
1584863
1584864
1584866
1584867
1584868
1584869
1584879
1584880
1584881
1584882
1584883
1584884
1584886
1584887
1584888
1584920
1584921
1584922
1584923
1584924
1584925
1584926
1584927
1584928
1584929
1584946
1584947
1584948
1584949
1760472
1760489
1761472
1761482
1768472
1345132
1347472
1347482
1347492
1347497
1347498
1347499
1348472
1348852
1348853
1730472
1730485
1730489
1731438
1731439
1313472
1313489
1314240
1314241
1314242
1314243
1314244
1314261
1314263
1314264
1314526
1314527
1315472
1317120
1317121
1317122
1317123
1317124
1317125
1317126
1317127
1317128
1317129
1317143
1317144
1317145
1317146
1317147
1317148
1319069
1319070
1319071
1319072
1319073
1319074
1319075
1319144
1319145
1319146
1319147
1319148
1319149
1870472
1874710
1874712
1874720
1874721
1874722
1874723
1874724
1874725
1874726
1874727
1874728
1874729
1874741
1874742
1874824
1874825
1874826
1874827
1874828
1380472
1380477
1384720
1384721
1384722
1384723
1384724
1384725
1384726
1384727
1384728
1384729
1384738
1384739
1384800
1384801
1384802
1384820
1384821
1384822
1384823
1384824
1384825
1384826
1384827
1384828
1384829
1384842
1384852
1384853
1384862
1384863
1384872
1384873
1384882
1384883
1384892
1660472
1660490
1660491
1660492
1660493
1660494
1660495
1660496
1660497
1660498
1660499
1664720
1664721
1664722
1664723
1664724
1664725
1664726
1664727
1664728
1664729
1664770
1664771
1664772
1664774
1390478
1394738
1394780
1394781
1394782
1394783
1394784
1394785
1394786
1394787
1394788
1394789
1394818
1394838
1394839
1394878
1394888
1394898
1550478
1550488
1554080
1554081
1554090
1554091
1554780
1554781
1554782
1554783
1554784
1554785
1554786
1554787
1554788
1554789
1554790
1554827
1554828
1554829
1554830
1556051
1556052
1559885
1559886
1559887
1559888
1860478
1860489
1861478
1861488
1861489
1864780
1864781
1864782
1864783
1864784
1864785
1864786
1864787
1864788
1864789
1864840
1864841
1864842
1864843
1864874
1864875
1864876
1864877
1864878
1864879
1300958
1301508
1301528
1301958
1302045
1302046
1302047
1302048
1302958
1303478
1308028
1308156
1308478
1308846
1308847
1308848
1308849
1350068
1351478
1351488
1450278
1452485
1452486
1453397
1453398
1453399
1453490
1454338
1770478
1774727
1774728
1774780
1774781
1774823
1774824
1590478
1594728
1594738
1594748
1594754
1830478
1834785
1834786
1834787
1834788
1834789
1500478
1502487
1502488
1502489
1504480
1504481
1504482
1504483
1504484
1504485
1504486
1504487
1504488
1504489
1504705
1504706
1504707
1504708
1504709
1504726
1504727
1504728
1504729
1504789
1504858
1504859
1504880
1504881
1504882
1504883
1504884
1504885
1504886
1504887
1504888
1504889
1504898
1504899
1504939
1504980
1504981
1504982
1504983
1504984
1530478
1532678
1533278
1533288
1533289
1533478
1533487
1533488
1533489
1533498
1533499
1533561
1533568
1534426
1534427
1534428
1534429
1537465
1537478
1537480
1538478
1538978
1539106
1539107
1539478
1800478
1804780
1804781
1804782
1804783
1804784
1804785
1804786
1804787
1804788
1804789
1890478
1894734
1894738
1894748
1894780
1894781
1894788
1894789
1360478
1361478
1361488
1362478
1362488
1363478
1364478
1365478
1330478
1331478
1332708
1333700
1333701
1333703
1333708
1335478
1338478
1339478
1339483
1339485
1339486
1339487
1780478
1780498
1781448
1784712
1784713
1784726
1784878
1789728
1850478
1850488
1850498
1854780
1854781
1854782
1854783
1854784
1854785
1854786
1854787
1854788
1854789
1854801
1854802
1854831
1854832
1560478
1562478
1564780
1564781
1564782
1564783
1564784
1564785
1564786
1564787
1564788
1564789
1564840
1564841
1564842
1564843
1564844
1564885
1564886
1564887
1564888
1564889
1569478
1990478
1994718
1996908
1997558
1820478
1824780
1824781
1824782
1824783
1824784
1824785
1824786
1824787
1824788
1824789
1510478
1511478
1513495
1513496
1513497
1513498
1513499
1514478
1514780
1514781
1514782
1514783
1514784
1514785
1514786
1514787
1514788
1514789
1514790
1514791
1514792
1514793
1514880
1514881
1514882
1514883
1514884
1514885
1514886
1514887
1514888
1514889
1514980
1514981
1514982
1514983
1514984
1514985
1514986
1514987
1516480
1516481
1516482
1516483
1516484
1516485
1516486
1516487
1516488
1516489
1760478
1761478
1764818
1768478
1580478
1584780
1584781
1584782
1584783
1584784
1584785
1584786
1584787
1584788
1584789
1584870
1584871
1584872
1584873
1584874
1584876
1584984
1584985
1584986
1584987
1584988
1584989
1344078
1345138
1348478
1730478
1312684
1313478
1313480
1313481
1314178
1314245
1314246
1314247
1314248
1315099
1315478
1317132
1317133
1317134
1319078
1319079
1319085
1319086
1319087
1319138
1319139
1870478
1870490
1870491
1870492
1870493
1870494
1870495
1870496
1870497
1870498
1870499
1874780
1874781
1874782
1660478
1660488
1664880
1664881
1664882
1664883
1664884
1380478
1384780
1384781
1384782
1384783
1384784
1384785
1384786
1384787
1384788
1384789
1384848
1384858
1384868
1384874
1384878
1384884
1655478
1656170
1980478
1980498
1840478
1841431
1844718
1844738
1844739
1570478
1571478
1571488
1573478
1575478
1576478
1576483
1576484
1576485
1576486
1576487
1576488
1577120
1577121
1577147
1577148
1577478
1320478
1321478
1321488
1321489
1321497
1322478
1322488
1322489
1323478
1323487
1323488
1323489
1324592
1324593
1327031
1327478
1327488
1328478
1328479
1329478
1329488
1329697
1329698
1329699
1910478
1910488
1474718
1474780
1474781
1474782
1474783
1474784
1474785
1474786
1478478
1479478
1479488
1372218
1373990
1374780
1374781
1374782
1374783
1374784
1374785
1374786
1374787
1374788
1374789
1375408
1375418
1378948
1378958
1378968
1378978
1880478
1884780
1884781
1884782
1884783
1884784
1884785
1884786
1884787
1884788
1884789
1884819
1750478
1520478
1524780
1524781
1524782
1524783
1524784
1524884
1524885
1524886
1524887
1524888
1524889
1810478
1810487
1814758
1814780
1360470
1360474
1361470
1361480
1362470
1362480
1363470
1363474
1364470
1364480
1365470
1366470
1367470
1368470
1369470
1890470
1894700
1894701
1894702
1894703
1894704
1894755
1894756
1894757
1894758
1894759
1800470
1804700
1804701
1804702
1804703
1804704
1804705
1804706
1804707
1804708
1804709
1530470
1532670
1532680
1533270
1533280
1533290
1533470
1533480
1533481
1533490
1533491
1533560
1534420
1534421
1535280
1537460
1537461
1537462
1537470
1538470
1538480
1538970
1539110
1539119
1539470
1990470
1994710
1996900
1997560
1560470
1562470
1562472
1564700
1564701
1564702
1564703
1564704
1564705
1564706
1564707
1564708
1564709
1564800
1564801
1564802
1564803
1564804
1564805
1564806
1564807
1564808
1564809
1564835
1564836
1564837
1564838
1564839
1569093
1569470
1850470
1850480
1854700
1854701
1854702
1854703
1854704
1854705
1854706
1854707
1854708
1854709
1854803
1854804
1854805
1854806
1854807
1854808
1854809
1854825
1854826
1854827
1780069
1780470
1780480
1780490
1781430
1781440
1784700
1784702
1788760
1789720
1330470
1331470
1331480
1331481
1331483
1332700
1332701
1334700
1334701
1334702
1334703
1334704
1335470
1335480
1335481
1338470
1339470
1339480
1339481
1301511
1301512
1301951
1301952
1302040
1303040
1303041
1303042
1308470
1308850
1308851
1308852
1308853
1308854
1308855
1860470
1860480
1860481
1861470
1861480
1864700
1864701
1864702
1864703
1864704
1864705
1864706
1864707
1864708
1864709
1864736
1869747
1869748
1869749
1869847
1869848
1869849
1550470
1550480
1554006
1554007
1554008
1554009
1554047
1554048
1554049
1554057
1554058
1554059
1554700
1554701
1554702
1554703
1554704
1554705
1554706
1554707
1554708
1554709
1554800
1554801
1554802
1554803
1554804
1554805
1556067
1556068
1556069
1556070
1556072
1556073
1556075
1556076
1559889
1559890
1559891
1559892
1559893
1390470
1394700
1394701
1394702
1394703
1394704
1394705
1394706
1394707
1394708
1394709
1394807
1394808
1394809
1394830
1394840
1394850
1394860
1394870
1394880
1394890
1500470
1504700
1504701
1504702
1504703
1504704
1504800
1504801
1504802
1504803
1504804
1504805
1504806
1504807
1504808
1504809
1504810
1504811
1504812
1504813
1504900
1504901
1504902
1504903
1504904
1504905
1504906
1504907
1504908
1504909
1504950
1504951
1504952
1504953
1504954
1504955
1504956
1504970
1504971
1504972
1504973
1504974
1504975
1504976
1504977
1830470
1834700
1834701
1834702
1834703
1834704
1834705
1834706
1834707
1834708
1834709
1621480
1622384
1622386
1622387
1622393
1622394
1590470
1590480
1594700
1594710
1594720
1594730
1594740
1594774
1594775
1594776
1594946
1770470
1774700
1774701
1774702
1774709
1774829
1774832
1774833
1774834
1779078
1779079
1350060
1351470
1351480
1450270
1452480
1452481
1453487
1453488
1453489
1454326
1701480
1701481
1910470
1910480
1914710
1320470
1320486
1321470
1321498
1321499
1323470
1324084
1324085
1324598
1324599
1327470
1329470
1570470
1570504
1570505
1570506
1570507
1570508
1570509
1571470
1571480
1573470
1573480
1573481
1573483
1573484
1573485
1573486
1573487
1573488
1575470
1576470
1577122
1577470
1840470
1840480
1841430
1844700
1844701
1844702
1844703
1844710
1980470
1984700
1984701
1655046
1655146
1655470
1655730
1655750
1656047
1656367
1656368
1656385
1656386
1656470
1657021
1657250
1657444
1657470
1810470
1814700
1814701
1814702
1814703
1814704
1814705
1814706
1814707
1814708
1814709
1814756
1520470
1520490
1520491
1520492
1520493
1520494
1520495
1520496
1520497
1520498
1520499
1524700
1524701
1524702
1524703
1524704
1524705
1524706
1524707
1524708
1524709
1524870
1524871
1524872
1524873
1524874
1524875
1524876
1524877
1524878
1524879
1524940
1524941
1524942
1524943
1524944
1524945
1524946
1524947
1524948
1524949
1750470
1754700
1754701
1754702
1754703
1754704
1754832
1754833
1880470
1880495
1880496
1880497
1880498
1880499
1884700
1884701
1884702
1884703
1884704
1884705
1884706
1884707
1884708
1884709
1884810
1474700
1474701
1474702
1474703
1474704
1474705
1474706
1474707
1474708
1474709
1474711
1370470
1372200
1372201
1372202
1372203
1372210
1373470
1373996
1374700
1374701
1374702
1374703
1374704
1374705
1374706
1374707
1374708
1374709
1375400
1375403
1375410
1378940
1378950
1378960
1378970
1345130
1347490
1347493
1347494
1348470
1348850
1580470
1584700
1584701
1584702
1584703
1584704
1584773
1584774
1584800
1584801
1584802
1584809
1584878
1584900
1584901
1584902
1584903
1584904
1584905
1584906
1584907
1584908
1584909
1589480
1589481
1589482
1760470
1761470
1761490
1761491
1761492
1761493
1761494
1761495
1761496
1761497
1761498
1761499
1764700
1764701
1764702
1764703
1764704
1764705
1764707
1764800
1764810
1764848
1768470
1510470
1510487
1510488
1510489
1510490
1510491
1510492
1510493
1510494
1510495
1510496
1510497
1510498
1510499
1511470
1514470
1514705
1514706
1514707
1514708
1514709
1514840
1514841
1514842
1514843
1514844
1514845
1514846
1514847
1514848
1514849
1514855
1514856
1514857
1514858
1514859
1514901
1514902
1514920
1514921
1514922
1514923
1514924
1514925
1514926
1514927
1514928
1514929
1820470
1824700
1824701
1824702
1824703
1824704
1824705
1824706
1824707
1824708
1824709
1380047
1380470
1384700
1384701
1384702
1384703
1384704
1384705
1384706
1384707
1384708
1384709
1384803
1384804
1384807
1384808
1384809
1384840
1384850
1384860
1384870
1384880
1384890
1660470
1660480
1664700
1664701
1664702
1664703
1664704
1664705
1664706
1664707
1664708
1664709
1664800
1664801
1664802
1664803
1664804
1664805
1664806
1664807
1664808
1664809
1664870
1664871
1664872
1664873
1664874
1664875
1664876
1664877
1664878
1664879
1870470
1874700
1874701
1874702
1874703
1874704
1874705
1874706
1874707
1874708
1874709
1874740
1874834
1874835
1874836
1874837
1874838
1874839
1874844
1874845
1874846
1874847
1874848
1313470
1313490
1313491
1313492
1313493
1313494
1313495
1313496
1313497
1314528
1315090
1315470
1317114
1317115
1317116
1317117
1317118
1317119
1319076
1319077
1319097
1319098
1319099
1319130
1319131
1319132
1319133
1319134
1730470
1739070
