1850371
1850378
1850380
1850381
1850382
1850383
1850384
1850385
1850386
1850387
1850388
1850389
1853000
1853001
1853002
1853003
1853004
1853005
1853006
1853007
1853008
1853009
1853010
1853011
1853012
1853014
1853080
1853081
1853082
1853083
1853084
1853085
1853086
1853087
1853088
1853089
1853090
1853091
1853092
1853093
1853094
1853095
1853096
1853097
1853098
1853099
1853710
1853711
1853712
1853713
1853714
1853715
1853716
1853717
1853718
1853719
1853737
1853738
1853739
1853780
1853781
1853782
1853783
1853784
1853785
1853786
1853787
1853788
1853800
1853801
1853802
1853803
1853804
1853805
1853806
1853807
1853808
1853809
1853810
1853811
1853812
1853813
1853814
1853815
1853816
1853817
1853818
1853819
1853820
1853821
1853822
1853823
1853824
1853825
1853826
1853827
1853828
1853829
1853830
1853831
1853832
1853840
1853841
1853842
1853843
1853850
1853851
1853852
1853853
1853854
1853855
1853856
1853857
1853858
1853859
1853870
1853871
1853872
1853873
1853874
1853875
1853876
1853877
1853878
1853879
1853892
1853893
1853894
1853924
1853925
1853926
1853927
1853928
1853929
1853940
1853941
1853942
1853943
1853944
1853945
1853946
1853947
1853948
1853949
1853956
1853957
1853990
1853991
1853992
1853993
1853994
1853995
1853996
1853997
1853998
1853999
1856700
1856701
1856702
1856704
1856864
1856865
1856867
1856868
1856985
1856986
1856987
1856988
1856990
1856991
1856992
1856993
1856994
1856995
1856996
1856997
1856998
1856999
1857410
1857411
1857412
1857413
1857414
1857415
1857416
1857417
1857423
1857424
1857425
1857426
1859541
1859542
1859543
1859544
1859545
1859546
1859547
1859548
1859549
1859550
1859551
1859552
1859557
1859558
1859559
1859560
1859561
1859562
1859563
1859564
1859565
1859566
1859567
1859568
1859569
1859570
1859571
1859572
1859573
1859574
1859575
1859576
1859577
1859578
1859579
1859580
1859581
1859582
1859583
1859584
1859585
1859586
1859587
1859588
1859589
1859590
1859591
1859592
1780371
1780378
1780382
1780383
1780384
1780385
1780386
1780387
1780388
1780389
1780390
1780399
1781450
1781451
1781452
1781453
1781454
1781460
1781461
1781462
1781463
1781464
1781465
1781466
1781467
1781468
1781469
1783690
1783691
1783692
1783693
1783694
1783695
1783696
1783697
1783698
1783699
1783710
1783711
1783712
1783713
1783714
1783715
1783716
1783717
1783718
1783719
1783727
1783728
1783780
1783782
1783783
1783788
1783815
1783816
1783817
1783818
1783819
1783830
1783831
1783832
1783833
1783834
1783835
1783836
1783837
1783838
1783839
1783870
1783871
1783872
1783873
1783874
1783875
1783876
1783921
1783922
1783923
1783924
1783925
1783926
1783927
1783928
1783929
1783990
1783991
1783992
1783993
1783994
1783995
1783996
1783997
1783998
1783999
1788666
1788855
1789670
1789671
1560371
1560390
1561740
1561741
1561742
1561743
1561744
1561750
1561751
1561752
1561753
1561754
1561755
1561756
1561757
1561758
1561759
1561760
1561761
1561762
1561763
1561764
1561765
1561766
1561767
1561768
1561769
1561770
1561771
1561772
1561773
1561774
1561775
1561776
1561777
1561778
1561779
1561780
1561781
1561782
1561783
1561784
1561785
1561786
1561787
1561788
1561789
1561790
1561791
1561792
1561793
1561794
1561795
1561796
1561797
1561798
1563710
1563711
1563712
1563713
1563714
1563715
1563716
1563717
1563718
1563719
1563810
1563811
1563812
1563813
1563814
1563815
1563816
1563817
1563818
1563819
1563820
1563821
1563822
1563823
1563824
1563825
1563826
1563827
1563828
1563829
1563840
1563841
1563842
1563843
1563844
1563845
1563846
1563847
1563848
1563849
1563850
1563851
1563852
1563853
1563854
1563855
1563856
1563857
1563858
1563859
1563880
1563881
1563882
1563883
1563884
1563885
1563886
1563887
1563888
1563889
1563890
1563891
1563892
1563893
1563894
1563900
1563901
1563902
1563903
1563904
1563905
1563906
1563907
1563908
1563909
1563925
1563926
1563927
1563928
1563929
1563970
1563971
1563972
1563973
1563974
1563975
1563976
1563977
1563978
1563979
1563990
1563991
1563992
1563993
1563994
1564437
1564900
1564901
1564902
1564903
1564904
1564905
1564906
1564907
1564908
1564909
1564910
1564911
1564912
1564913
1564914
1564920
1564921
1564922
1564923
1564924
1564925
1564926
1564927
1564928
1564929
1564930
1564931
1564932
1564933
1564934
1564965
1564966
1564967
1564968
1564969
1564985
1564986
1564987
1566402
1566403
1566404
1566405
1566410
1566411
1566412
1566413
1566414
1566415
1566416
1566417
1566418
1566419
1567060
1567061
1567062
1567063
1567240
1567241
1567242
1567243
1567244
1567245
1567246
1567247
1567248
1567249
1567251
1567252
1567253
1567254
1567255
1567256
1567257
1567258
1569084
1569085
1569086
1569087
1569088
1990090
1990091
1990092
1990093
1990095
1990097
1990371
1990380
1990381
1990382
1990383
1990384
1990385
1990386
1990388
1990397
1991331
1991371
1991378
1991380
1991381
1991382
1991383
1991384
1991385
1991386
1991387
1991388
1991389
1992974
1992976
1993701
1993702
1993703
1993707
1993708
1993710
1993711
1993712
1993713
1993714
1993715
1993716
1993717
1993718
1993719
1993736
1993737
1993738
1993739
1993740
1993741
1993742
1993753
1993760
1993761
1993762
1993765
1993767
1993768
1993775
1993776
1993777
1993778
1993779
1993780
1993781
1993785
1993786
1993787
1993788
1993789
1993828
1993913
1993927
1993928
1993929
1993935
1993936
1993937
1993949
1993950
1993957
1993970
1993971
1993972
1993975
1993976
1993990
1993991
1993992
1993993
1993994
1993995
1993996
1993997
1993998
1993999
1994380
1994381
1994382
1994383
1994385
1994386
1994390
1994910
1994911
1994912
1994913
1994914
1994915
1994916
1994917
1994918
1994919
1994927
1994928
1994929
1710163
1710433
1710436
1710448
1710450
1710464
1710480
1710507
1710513
1710518
1710615
1712201
1712202
1712203
1712204
1712205
1712206
1712207
1712208
1712209
1712210
1712211
1712212
1712213
1712214
1712215
1712216
1712217
1712218
1712219
1712230
1713150
1713151
1713152
1713153
1713154
1713155
1713156
1713157
1713158
1713159
1713360
1713361
1713362
1713363
1713364
1713365
1713366
1713367
1713368
1713369
1713371
1713378
1713380
1713381
1713382
1713383
1713384
1713385
1713386
1713387
1713388
1713389
1713390
1713397
1713399
1713460
1713461
1713462
1713463
1713464
1713465
1713466
1713467
1713468
1713469
1713500
1713501
1713502
1713503
1713504
1713505
1713506
1713507
1713508
1713509
1713600
1713601
1713602
1713603
1713604
1713605
1713606
1713607
1713608
1713609
1713610
1713611
1713612
1713614
1715151
1715154
1715364
1715366
1715371
1715378
1715384
1715388
1715399
1715440
1715441
1715442
1715443
1715444
1715445
1715500
1716363
1716366
1716371
1716378
1716388
1716399
1717151
1717152
1717153
1717155
1717157
1717366
1717371
1717378
1717388
1717399
1717444
1717445
1717446
1717447
1717448
1718150
1718151
1718152
1718153
1718154
1718155
1718156
1718157
1718158
1718159
1718364
1718366
1718371
1718378
1718380
1718381
1718382
1718383
1718384
1718385
1718388
1718399
1718439
1718501
1718502
1718503
1718505
1719366
1719371
1719378
1719388
1719393
1719399
1719437
1330371
1330381
1330382
1330383
1330384
1330385
1330386
1332371
1332381
1332382
1332383
1332384
1332385
1332386
1333371
1333381
1333382
1333383
1333384
1333385
1333386
1334371
1334381
1334382
1334383
1334384
1334385
1334386
1334693
1334694
1334695
1335371
1335380
1337390
1337391
1337392
1337393
1337394
1337395
1338371
1338381
1338382
1338383
1338384
1338385
1338386
1338400
1338401
1338402
1338403
1338404
1339370
1339371
1339372
1339373
1339374
1900383
1900386
1903716
1890371
1890381
1890382
1890383
1890384
1890385
1890386
1893710
1893711
1893712
1893713
1893714
1893715
1893716
1893717
1893718
1893719
1893762
1893763
1893764
1893765
1893767
1893924
1893925
1893926
1893950
1893951
1893952
1893956
1893957
1950371
1950380
1950381
1950382
1950383
1950384
1950385
1950386
1950387
1950388
1950389
1950399
1951330
1951331
1951332
1951333
1951334
1951335
1951336
1951337
1951338
1951339
1951550
1951552
1951553
1951554
1951555
1951556
1952228
1952232
1952236
1952237
1952554
1952555
1952556
1953698
1954450
1954451
1954452
1954453
1954454
1954455
1954456
1954457
1954560
1954561
1954562
1954563
1954564
1954566
1954567
1954568
1954569
1954700
1954701
1954702
1954704
1955555
1955573
1956135
1956136
1956137
1956278
1956279
1360345
1360371
1360382
1360384
1360386
1360398
1360399
1360764
1360765
1360766
1360767
1360768
1360769
1360867
1360868
1360869
1361371
1361380
1361381
1361382
1361383
1361384
1361385
1361386
1361984
1362371
1362380
1362381
1362382
1362383
1362384
1362385
1362386
1362984
1363371
1363380
1363381
1363382
1363383
1363384
1363385
1363386
1364371
1364380
1364381
1364382
1364383
1364384
1364385
1364386
1365371
1365380
1365381
1365382
1365383
1365384
1365385
1365386
1365397
1366300
1366301
1366371
1366380
1366381
1366382
1366383
1366384
1366385
1366386
1367335
1367336
1367337
1367338
1367339
1367360
1367361
1367362
1367363
1367364
1367365
1367366
1367367
1367368
1367369
1367371
1367397
1367399
1367490
1367491
1367492
1367493
1367494
1367495
1367496
1367497
1367498
1367499
1367690
1367691
1367692
1367693
1367694
1367695
1367696
1367697
1367698
1367699
1368371
1368380
1368381
1368382
1368383
1369371
1530371
1530372
1530381
1530382
1530383
1530384
1532471
1532472
1532473
1532474
1532480
1532481
1532482
1532483
1532484
1532485
1532486
1532487
1532488
1532489
1532490
1532491
1532492
1532493
1532494
1532495
1532496
1532497
1532498
1532499
1533120
1533371
1533380
1533381
1533382
1533383
1533386
1534371
1534380
1534381
1534382
1534383
1534656
1534657
1534658
1534659
1537870
1537871
1537872
1537873
1537874
1537875
1537876
1537877
1537878
1537879
1539370
1539371
1800371
1800381
1800382
1800383
1800384
1800385
1800386
1803710
1803711
1803712
1803713
1803714
1803715
1803716
1803717
1803718
1803719
1803727
1803730
1803731
1803732
1803733
1803737
1803738
1803745
1803746
1803747
1803748
1803749
1803750
1803751
1803757
1803767
1803768
1803769
1803777
1803778
1803779
1803780
1803781
1803786
1803787
1803788
1803789
1803910
1803911
1803920
1803921
1803922
1803923
1803927
1803928
1803929
1803933
1803950
1803951
1803954
1803955
1803957
1803966
1803967
1803997
1623480
1623483
1623711
1623712
1623713
1623714
1623715
1623716
1623717
1623718
1623780
1623781
1623782
1623783
1623784
1623786
1623949
1830066
1830067
1830068
1830069
1830070
1830371
1833600
1833601
1833630
1833631
1833632
1833633
1833634
1833635
1833636
1833637
1833638
1833639
1833646
1833710
1833711
1833712
1833713
1833714
1833715
1833716
1833717
1833718
1833719
1833920
1833921
1833922
1833923
1833924
1833925
1833926
1833927
1833928
1833929
1833980
1833981
1833982
1833983
1833984
1833990
1833991
1833992
1833993
1833994
1833995
1833996
1833997
1833998
1833999
1834840
1834841
1834842
1834843
1500371
1500380
1500381
1500382
1500383
1500384
1500385
1500386
1500387
1500388
1500389
1500399
1503600
1503601
1503602
1503603
1503604
1503605
1503606
1503607
1503608
1503609
1503610
1503611
1503612
1503613
1503614
1503615
1503616
1503617
1503618
1503619
1503710
1503711
1503712
1503713
1503714
1503715
1503716
1503717
1503718
1503719
1503800
1503801
1503802
1503803
1503804
1503805
1503806
1503807
1503808
1503809
1503810
1503811
1503812
1503813
1503814
1503815
1503816
1503817
1503818
1503819
1503820
1503821
1503822
1503823
1503824
1503825
1503826
1503827
1503828
1503829
1503830
1503831
1503832
1503833
1503834
1503835
1503836
1503837
1503838
1503839
1503905
1503906
1503907
1503908
1503909
1509305
1509306
1509307
1509308
1509309
1509310
1509311
1509312
1509313
1509314
1509315
1509316
1509317
1509318
1509319
1509320
1509321
1509322
1509323
1509324
1509325
1509326
1509327
1509328
1509329
1509330
1509331
1509332
1509333
1509334
1509335
1509336
1509337
1509338
1509339
1509340
1509341
1509342
1509343
1509344
1509345
1509346
1509347
1509348
1509349
1509363
1350345
1350371
1350381
1350382
1350383
1350384
1350385
1350386
1350399
1351371
1351380
1351389
1352300
1352301
1352302
1352303
1352304
1352305
1352306
1352307
1352308
1352309
1352340
1352341
1352342
1352343
1352344
1352345
1352346
1352347
1352348
1352349
1352350
1352351
1352352
1352353
1352354
1352355
1352356
1352357
1352358
1352359
1352371
1352550
1352551
1352552
1352553
1352554
1352555
1352556
1352557
1352558
1352559
1352640
1352641
1352642
1352643
1352644
1352645
1352646
1352647
1352648
1352649
1352650
1352651
1352652
1352653
1352654
1352655
1352656
1352657
1352658
1352659
1352660
1352661
1352662
1352663
1352664
1352665
1352666
1352667
1352668
1352669
1352670
1352671
1352672
1352673
1352674
1352675
1352676
1352677
1352678
1352679
1352680
1352681
1352682
1352683
1352684
1352685
1352686
1352687
1352688
1352689
1359240
1359241
1359242
1359243
1359244
1359245
1359246
1359247
1359248
1359249
1359250
1359251
1359252
1359253
1359254
1359255
1359256
1359257
1359258
1359259
1359260
1359261
1359262
1359263
1359264
1359265
1359266
1359267
1359268
1359269
1359800
1359801
1359802
1359803
1359804
1359805
1359806
1359807
1359808
1359809
1359840
1359841
1359842
1359843
1359844
1359880
1359881
1359882
1359883
1359884
1359885
1359886
1359887
1359888
1359889
1452310
1452311
1452312
1452313
1452314
1452315
1452316
1452317
1452318
1452319
1452320
1452321
1452322
1454200
1454201
1454202
1454203
1454204
1454864
1458405
1458406
1458407
1458408
1458409
1458410
1458411
1458412
1458413
1458414
1458415
1458416
1458417
1458418
1458419
1458510
1458511
1458512
1458513
1458514
1960371
1960388
1770060
1770061
1770062
1770063
1770064
1770065
1770066
1770067
1770068
1770069
1770371
1770378
1770381
1770382
1770383
1770384
1770385
1770386
1771909
1771920
1771980
1771981
1771982
1771983
1771984
1771985
1771986
1771987
1771988
1771989
1771994
1771999
1772480
1772481
1772482
1772483
1772484
1772972
1772973
1772974
1772975
1772976
1772977
1772978
1772979
1773478
1773479
1773480
1773481
1773482
1773710
1773711
1773712
1773713
1773714
1773715
1773716
1773717
1773718
1773719
1773730
1773731
1773740
1773741
1773748
1773749
1773750
1773751
1773757
1773760
1773761
1773770
1773771
1773777
1773778
1773779
1773784
1773788
1773921
1773973
1773974
1773975
1773976
1773977
1773978
1773979
1774040
1774041
1774460
1774461
1774462
1774463
1774465
1774631
1774638
1774696
1775250
1775251
1775252
1775253
1775254
1775255
1775256
1775257
1775258
1776070
1776071
1776072
1776073
1776074
1776075
1776076
1776077
1776078
1776079
1776166
1778810
1778811
1778812
1778813
1778814
1778815
1778816
1778817
1779664
1779665
1779666
1779676
1779773
1779774
1779775
1779776
1779777
1590360
1590361
1590362
1590363
1590364
1590365
1590366
1590367
1590368
1590369
1590371
1590399
1593620
1593621
1593622
1593623
1593624
1593625
1593626
1593627
1593628
1593629
1593710
1593711
1593712
1593713
1593714
1593715
1593716
1593717
1593718
1593719
1593870
1593871
1593872
1593873
1593874
1593875
1593876
1593877
1593878
1593879
1593900
1593901
1593902
1593903
1593904
1597840
1597841
1597842
1597843
1597844
1598180
1598181
1598182
1598183
1598184
1598185
1598186
1598187
1598188
1598189
1598190
1598191
1598192
1598193
1598194
1598195
1598196
1598197
1598198
1598199
1930371
1930388
1933711
1933712
1933713
1933716
1933717
1933785
1933787
1933788
1933789
1933958
1933990
1933991
1933993
1933994
1933996
1933997
1933998
1933999
1300750
1300751
1300752
1300753
1300754
1300760
1300761
1300762
1301076
1301450
1301451
1301452
1301453
1301454
1301455
1301456
1301457
1301458
1301459
1301460
1301461
1301462
1301463
1301464
1301465
1301466
1301467
1301468
1301469
1301550
1301551
1301552
1301553
1301554
1301765
1301766
1301767
1301768
1301769
1302750
1302751
1302752
1302760
1302761
1302762
1302770
1302771
1302772
1302773
1302774
1302775
1302776
1302777
1302778
1302779
1304301
1304371
1304397
1304399
1304451
1304470
1304471
1307100
1307101
1307102
1307103
1307104
1307105
1307106
1307107
1307108
1307109
1307370
1307371
1307372
1307373
1307374
1307375
1307376
1307377
1307378
1307379
1308360
1308366
1308369
1308371
1720146
1720147
1720371
1720380
1720381
1720382
1720383
1720384
1720385
1720386
1720387
1720388
1720389
1724043
1724044
1724053
1724057
1724060
1724061
1724065
1726388
1727539
1727560
1727561
1727890
1729770
1671282
1671283
1671284
1671285
1671286
1671287
1671288
1671289
1671290
1671371
1671640
1671641
1671642
1671643
1671644
1672371
1673371
1674173
1674174
1674371
1390371
1390381
1390382
1390383
1390384
1390385
1390386
1393710
1393711
1393712
1393713
1393714
1393715
1393716
1393717
1393718
1393719
1393820
1393821
1393822
1393823
1393824
1393825
1393826
1393827
1393828
1393829
1393840
1393841
1393842
1393843
1393844
1393845
1393846
1393847
1393848
1393849
1393850
1393851
1393852
1393853
1393854
1393855
1393856
1393857
1393858
1393859
1393900
1393901
1393902
1393903
1393904
1393905
1393906
1393907
1393908
1393909
1394900
1394901
1394902
1394903
1394904
1394905
1394906
1394907
1394908
1394909
1394910
1394911
1394912
1394913
1394914
1550371
1551435
1551436
1551437
1551438
1551439
1551450
1551451
1551452
1551453
1551454
1551455
1551456
1551457
1551458
1551459
1551550
1551551
1551552
1551553
1551554
1551555
1551556
1551557
1551558
1551559
1551560
1551561
1551562
1551563
1551564
1551565
1551566
1551567
1551568
1551569
1551570
1551571
1551572
1551573
1551574
1551575
1551576
1551577
1551578
1551579
1551580
1551581
1551582
1551583
1551584
1551585
1551586
1551587
1551588
1551589
1551590
1551591
1551592
1551593
1551594
1551595
1551596
1551597
1551598
1551599
1551615
1551616
1551617
1551618
1551619
1551690
1551691
1551692
1551693
1551694
1551695
1551696
1551697
1551698
1551699
1551710
1551711
1551712
1551713
1551714
1551715
1551716
1551717
1551718
1551719
1551750
1551751
1551752
1551753
1551754
1551755
1551756
1551757
1551758
1551759
1553710
1553711
1553712
1553713
1553714
1553715
1553716
1553717
1553718
1553719
1553800
1553801
1553802
1553803
1553804
1553805
1553806
1553807
1553808
1553809
1553810
1553811
1553812
1553813
1553814
1553815
1553816
1553817
1553818
1553819
1553820
1553821
1553822
1553823
1553824
1553825
1553826
1553827
1553828
1553829
1553830
1553831
1553832
1553833
1553834
1553835
1553836
1553837
1553838
1553839
1553870
1553871
1554407
1554408
1554409
1554410
1554411
1554412
1554413
1554414
1554415
1554416
1554417
1554418
1554419
1555407
1555408
1555409
1555410
1555411
1555412
1555413
1555414
1555415
1555416
1555417
1555418
1556505
1556506
1556507
1556508
1556509
1556540
1860371
1860381
1860382
1860383
1860384
1860385
1860386
1861371
1861495
1861496
1861497
1861498
1862371
1862490
1862491
1862492
1862493
1862494
1862495
1862496
1862497
1862498
1862499
1862550
1862551
1862552
1862553
1862554
1862555
1862556
1862557
1862558
1862559
1862577
1862578
1863710
1863711
1863712
1863713
1863714
1863715
1863716
1863717
1863718
1863719
1863800
1863801
1863802
1863803
1863810
1863811
1863812
1863813
1863814
1863815
1863816
1863817
1863818
1863819
1863820
1863821
1863822
1863823
1863824
1863825
1863826
1863827
1863828
1863829
1863839
1863850
1863851
1863852
1863853
1863854
1863855
1863856
1863857
1863858
1863859
1863860
1863861
1863862
1863863
1863864
1863865
1863866
1863867
1863868
1863869
1863870
1863871
1863872
1863873
1863874
1863875
1863876
1863877
1863878
1863879
1863892
1863893
1863894
1863900
1863901
1863902
1863955
1863957
1869580
1869581
1869582
1869583
1869584
1869585
1869586
1869587
1869588
1869589
1869590
1869730
1869731
1869732
1869733
1869734
1520371
1522505
1522506
1522507
1522508
1522509
1522510
1522511
1522512
1522513
1522514
1522515
1522516
1522517
1522518
1522519
1523710
1523711
1523712
1523713
1523714
1523715
1523716
1523717
1523718
1523719
1523800
1523801
1523802
1523803
1523804
1523805
1523806
1523807
1523808
1523809
1523830
1523831
1523832
1523833
1523834
1523835
1523836
1523837
1523838
1523839
1523860
1523861
1523862
1523863
1523864
1523865
1523866
1523867
1523868
1523869
1524965
1524966
1524967
1524968
1524969
1528680
1528681
1528682
1528683
1528684
1529040
1529041
1529042
1529043
1529044
1529080
1529081
1529082
1529083
1529084
1529085
1529086
1529087
1529088
1529089
1529460
1529461
1529462
1529463
1529464
1810032
1810033
1810371
1810381
1810382
1810383
1810384
1810385
1810386
1813440
1813441
1813471
1813473
1813474
1813567
1813568
1813569
1813577
1813578
1813579
1813710
1813711
1813712
1813713
1813714
1813715
1813716
1813717
1813718
1813719
1813722
1813727
1813732
1813733
1813737
1813747
1813766
1813767
1813777
1813778
1813779
1813780
1813781
1813782
1813783
1813784
1813785
1813786
1813787
1813788
1813789
1814390
1814397
1473710
1473711
1473712
1473713
1473714
1473715
1473716
1473717
1473718
1473719
1473819
1473820
1473821
1473822
1473823
1473824
1473825
1473826
1473827
1473828
1473829
1473836
1473838
1473839
1473853
1473869
1473871
1473878
1473882
1473888
1473890
1475666
1475668
1475669
1475671
1475678
1475681
1475682
1476465
1476466
1476467
1476468
1476469
1476470
1476471
1476472
1476473
1476474
1476475
1476476
1476477
1476478
1476511
1476516
1476517
1476525
1476526
1476527
1476528
1478315
1478316
1478317
1478318
1478319
1478371
1478380
1478381
1478385
1478386
1478387
1478388
1478389
1478420
1478421
1478422
1478423
1478424
1478435
1478436
1478437
1478438
1478439
1478880
1478881
1478882
1478883
1478884
1478885
1478886
1478887
1478888
1478889
1370084
1370085
1370086
1370087
1370088
1370371
1370382
1370384
1370386
1370390
1370392
1370393
1370395
1370398
1370399
1372140
1372141
1372142
1372143
1372144
1373315
1373316
1373317
1373318
1373319
1373380
1373381
1373382
1373383
1373384
1373385
1373386
1373387
1373388
1373389
1374038
1374840
1374841
1374842
1374843
1374844
1374845
1374846
1374847
1374848
1374849
1374850
1374851
1374852
1374853
1374854
1374855
1374856
1374857
1374858
1374859
1374885
1374886
1374887
1374888
1374889
1374895
1374896
1374897
1374898
1374899
1374900
1374901
1374902
1374903
1374904
1374905
1374906
1374907
1374908
1374909
1374910
1374911
1374917
1374918
1374919
1378340
1378341
1378342
1378343
1378344
1378345
1378346
1378347
1378348
1378349
1378350
1378351
1378352
1378353
1378354
1378355
1378356
1378357
1378358
1378359
1378360
1378361
1378362
1378363
1378364
1378365
1378366
1378367
1378368
1378369
1378371
1750371
1750378
1750382
1750397
1750399
1751311
1751312
1751313
1751314
1751315
1751316
1751317
1751318
1751319
1751320
1751321
1751322
1751323
1751324
1751325
1751326
1751327
1751328
1751329
1751330
1751331
1751332
1751333
1751334
1751335
1751336
1751337
1751338
1751617
1751618
1751619
1751620
1751621
1751622
1751646
1751647
1751648
1752513
1752514
1752515
1752516
1752517
1752518
1752519
1752520
1752521
1752522
1752523
1752524
1752525
1752526
1752527
1752528
1752529
1752530
1752531
1752532
1752533
1752534
1752535
1752536
1752537
1752538
1752539
1752540
1752541
1752542
1752543
1752544
1752545
1752546
1752547
1752548
1752549
1752550
1752551
1752552
1752553
1752554
1752555
1752556
1752557
1752558
1752559
1752560
1752561
1752562
1752563
1752564
1752565
1752566
1752567
1752568
1752569
1752570
1752822
1753010
1753011
1753012
1753013
1753710
1753711
1753712
1753713
1753714
1753715
1753716
1753717
1753718
1753719
1753780
1753785
1753810
1753811
1753812
1753813
1753814
1753815
1753816
1753817
1753818
1753819
1753870
1753871
1753955
1753957
1754920
1754921
1759417
1759648
1759649
1759650
1759651
1759652
1759653
1759654
1759655
1759656
1759657
1759658
1759659
1759660
1759661
1759662
1759663
1759664
1759665
1759666
1759667
1759668
1759669
1880078
1880369
1880371
1880397
1883630
1883635
1883637
1883661
1883662
1883663
1883664
1883665
1883667
1883668
1883690
1883691
1883692
1883693
1883694
1883695
1883696
1883697
1883698
1883699
1883710
1883711
1883712
1883713
1883714
1883715
1883716
1883717
1883718
1883719
1883800
1883801
1883802
1883803
1883804
1883805
1883806
1883807
1883808
1883809
1883810
1883811
1883812
1883813
1883814
1883815
1883816
1883817
1883818
1883819
1883820
1883821
1883822
1883823
1883824
1883825
1883826
1883827
1883828
1883829
1883890
1883891
1883892
1883893
1883894
1883895
1883896
1883897
1883898
1883899
1883977
1883978
1883979
1884882
1884883
1884884
1884885
1884886
1884887
1884888
1884889
1886029
1886035
1886036
1886037
1886038
1886039
1886410
1886412
1886413
1886414
1886415
1886416
1886417
1886418
1886419
1889810
1889811
1889812
1889813
1889814
1320370
1320371
1320372
1320373
1320374
1320380
1320381
1320382
1320383
1320384
1320385
1320386
1320387
1320388
1320389
1321300
1321301
1321302
1321303
1321304
1321305
1321306
1321307
1321308
1321309
1321310
1321311
1321312
1321313
1321314
1321315
1321316
1321317
1321318
1321319
1321320
1321321
1321322
1321323
1321324
1321599
1322301
1322302
1322303
1322304
1322305
1322306
1322307
1322308
1322309
1322371
1324342
1324343
1324344
1325330
1325331
1325332
1325333
1325334
1325335
1325336
1325337
1325338
1325339
1325340
1325341
1325342
1325343
1325344
1325345
1325346
1325347
1325348
1325349
1325350
1325351
1325352
1325353
1325354
1325355
1325356
1325357
1325358
1325359
1325360
1325361
1325362
1325363
1325364
1325365
1325366
1325367
1325368
1325369
1325592
1325596
1327155
1327156
1327157
1327158
1327159
1327302
1327371
1327380
1327381
1327597
1327690
1328371
1328380
1328381
1328382
1328383
1328384
1328385
1328386
1328387
1328388
1328389
1328507
1329090
1329094
1329096
1329810
1329811
1329812
1329813
1329814
1329815
1329816
1329817
1329818
1329819
1329830
1329831
1329832
1329833
1329834
1329835
1329836
1329840
1329841
1329842
1910371
1910380
1910381
1910382
1910383
1910384
1910385
1910386
1910387
1910388
1910397
1913710
1913711
1913712
1913713
1913714
1913715
1913716
1913717
1913718
1913719
1913726
1913727
1913728
1913729
1913740
1913741
1913742
1913743
1913744
1913746
1913747
1913748
1913749
1913760
1913761
1913762
1913763
1913764
1913790
1913791
1913792
1913793
1913794
1913801
1913802
1913803
1913805
1913806
1913807
1913808
1913810
1913811
1913812
1913813
1913815
1913816
1913817
1913819
1913970
1913971
1913972
1913973
1913974
1913975
1913976
1913977
1913978
1913979
1913980
1913981
1913985
1913986
1913988
1913989
1913990
1913991
1913992
1913993
1913995
1913996
1913997
1913998
1913999
1914371
1914380
1914381
1914382
1914383
1914384
1914385
1914386
1914940
1914941
1914942
1914943
1914944
1700370
1700371
1700372
1700373
1700374
1700375
1700378
1700384
1700385
1700390
1700391
1700392
1700393
1700394
1700395
1700397
1700399
1701367
1701368
1701369
1701370
1701371
1701372
1701373
1701374
1701375
1701376
1701377
1701378
1701379
1701380
1701381
1701382
1701383
1702180
1702181
1702182
1702370
1702371
1702372
1702373
1702374
1702375
1702376
1702377
1702378
1702379
1702380
1702381
1702382
1702383
1702384
1702385
1702386
1702387
1702388
1702389
1702390
1702391
1703606
1703607
1703608
1703609
1703610
1703611
1703612
1703613
1703614
1703615
1703616
1703617
1703618
1703619
1703620
1703621
1703622
1703623
1703624
1703625
1704201
1704202
1704203
1704204
1704205
1704206
1704207
1704208
1704209
1704210
1704211
1704212
1704213
1704214
1704215
1704216
1704217
1704218
1704219
1704220
1704222
1704333
1705023
1705086
1705133
1705135
1705155
1705184
1705192
1705259
1705371
1705506
1705555
1705573
1705574
1705595
1705596
1705626
1705775
1705787
1706574
1706575
1706576
1706577
1706578
1706579
1706580
1706581
1706582
1706583
1706584
1706585
1706586
1706587
1706588
1706589
1706590
1706591
1706592
1706593
1706594
1706595
1706596
1706597
1706598
1706599
1706600
1706601
1706602
1706603
1706604
1706605
1706606
1706607
1706608
1706609
1706610
1706611
1706612
1706613
1706614
1706615
1706616
1706617
1706618
1706619
1706620
1706621
1706622
1706623
1706624
1706625
1706626
1706627
1706628
1706629
1706630
1706631
1706632
1706633
1706634
1706635
1706636
1706637
1706638
1706639
1706640
1706641
1706642
1706643
1706644
1706645
1706646
1706647
1706648
1706649
1706650
1706651
1706652
1706653
1706654
1706655
1706656
1706657
1706658
1706659
1706660
1706661
1706662
1706663
1706664
1706665
1706666
1706667
1706668
1706669
1706670
1706671
1706672
1706673
1706674
1706675
1706676
1706677
1706678
1706679
1706680
1706681
1706682
1706683
1706684
1706685
1706686
1706687
1706688
1706689
1706690
1706691
1706692
1706693
1706694
1706695
1706696
1706697
1706698
1706699
1706700
1706701
1707168
1707169
1707180
1707181
1707182
1707183
1707184
1707185
1707186
1707187
1707188
1707189
1707350
1707351
1707352
1707353
1707354
1707355
1707356
1707357
1707358
1707359
1707360
1707361
1707362
1707363
1707371
1707378
1707380
1707381
1707945
1707946
1707947
1707948
1708360
1708371
1708378
1708386
1708388
1708480
1708481
1709360
1709361
1709362
1709363
1709364
1709365
1709366
1709367
1709368
1709369
1709370
1709371
1709372
1709373
1709374
1709375
1709376
1709377
1709378
1709379
1980371
1980380
1980381
1980382
1980383
1980384
1980385
1980386
1980387
1980388
1980389
1980399
1981262
1983603
1983710
1983711
1983712
1983713
1983714
1983715
1983716
1983717
1983718
1983719
1983800
1983801
1983802
1983803
1983804
1983805
1983806
1983807
1983808
1983809
1983810
1983811
1983812
1983813
1983814
1983815
1983816
1983817
1983818
1983819
1983865
1983866
1983867
1983868
1983869
1983888
1983889
1983997
1983998
1983999
1984085
1984087
1984090
1984091
1984092
1984094
1650033
1650121
1650122
1650125
1650126
1650127
1650128
1650129
1650130
1650131
1650133
1650135
1650136
1650137
1650138
1650139
1650150
1650371
1650520
1650521
1650695
1650697
1650840
1650878
1650879
1650887
1650927
1650985
1650986
1651012
1651070
1651071
1651133
1651199
1651203
1651204
1651206
1651207
1651266
1651277
1651309
1651371
1651374
1651390
1651392
1651651
1651653
1651655
1651656
1651658
1651659
1651660
1651676
1651680
1651681
1651683
1651685
1651686
1651687
1651688
1651689
1651811
1651812
1651881
1651988
1651989
1652007
1652008
1652014
1652095
1652117
1652123
1652187
1652197
1652371
1652504
1652882
1652911
1653023
1653025
1653027
1653371
1653500
1653517
1653710
1653711
1653712
1653713
1653714
1653715
1653716
1653717
1653718
1653719
1653861
1653921
1653966
1840371
1843604
1843614
1843632
1843634
1843639
1843640
1843641
1843642
1843643
1843644
1843645
1843646
1843647
1843648
1843649
1843650
1843651
1843652
1843653
1843654
1843655
1843656
1843657
1843658
1843659
1843660
1843661
1843662
1843663
1843664
1843665
1843666
1843667
1843668
1843669
1843670
1843671
1843672
1843673
1843674
1843675
1843676
1843677
1843678
1843679
1843680
1843681
1843682
1843683
1843684
1843685
1843686
1843687
1843688
1843689
1843690
1843691
1843692
1843693
1843694
1843695
1843696
1843697
1843698
1843699
1843710
1843711
1843712
1843713
1843714
1843715
1843716
1843717
1843718
1843719
1843780
1843781
1843783
1843784
1843785
1843787
1843788
1843789
1843848
1843849
1843870
1843871
1843872
1843873
1843874
1843875
1843876
1843877
1843878
1843879
1843880
1843980
1843981
1843982
1843983
1843984
1843985
1843986
1843987
1843988
1843989
1843990
1843991
1843992
1843993
1843994
1843995
1843996
1843997
1843998
1843999
1846100
1846101
1846102
1846103
1846104
1846105
1846106
1846107
1846108
1846109
1846110
1846111
1846112
1846113
1846114
1846115
1846116
1846117
1846118
1846119
1846120
1846121
1846122
1846123
1846124
1846125
1846126
1846127
1846128
1846129
1846130
1846131
1846132
1846133
1846134
1846135
1846136
1846137
1846138
1846139
1846140
1846141
1846142
1846143
1846144
1846145
1846146
1846147
1846148
1846149
1846150
1846151
1846152
1846153
1846154
1846155
1846156
1846157
1846158
1846159
1846160
1846161
1846162
1846163
1846164
1846165
1846166
1846167
1846168
1846169
1846170
1846171
1846172
1846173
1846174
1846175
1846176
1846177
1846178
1846179
1846180
1846181
1846182
1846183
1846184
1846185
1846186
1846187
1846188
1846189
1849230
1849231
1849232
1849233
1849234
1849235
1849236
1849237
1849238
1849239
1570371
1571366
1571367
1571368
1571369
1571371
1571380
1571381
1571382
1571383
1571384
1571385
1571386
1571387
1571388
1571389
1571648
1572936
1572937
1572938
1572939
1572944
1573670
1573671
1573672
1573673
1573674
1573675
1573676
1573677
1573678
1573679
1573688
1573710
1573711
1573712
1573713
1573714
1573715
1573716
1573717
1573718
1573719
1573788
1573789
1573830
1573831
1573832
1573833
1573834
1573835
1573836
1573837
1573838
1573839
1573840
1573841
1573842
1573850
1573880
1573881
1573882
1573883
1573884
1573885
1573886
1573887
1573888
1573889
1579185
1579665
1579988
1870360
1870361
1870362
1870363
1870364
1870365
1870366
1870367
1870368
1870369
1870371
1870380
1870381
1870382
1870383
1870384
1870385
1870386
1870387
1870388
1870389
1870397
1870399
1873600
1873601
1873602
1873603
1873604
1873605
1873606
1873607
1873608
1873609
1873710
1873711
1873712
1873713
1873714
1873715
1873716
1873717
1873718
1873719
1873810
1873811
1873812
1873813
1873814
1873815
1873816
1873817
1873818
1873819
1873990
1873991
1873992
1873993
1873994
1873999
1874940
1874941
1874942
1874943
1874944
1874945
1874946
1874947
1874948
1874949
1876885
1876886
1876887
1876888
1876889
1879025
1879026
1879027
1879028
1879029
1660371
1660380
1660381
1660382
1660383
1660384
1660385
1660386
1660387
1660388
1660397
1660399
1661617
1662733
1663483
1663484
1663485
1663486
1663487
1663488
1663489
1663490
1663491
1663492
1663493
1663494
1663495
1663496
1663497
1663498
1663499
1663710
1663711
1663712
1663713
1663714
1663715
1663716
1663717
1663718
1663719
1663800
1663801
1663802
1663803
1663804
1663805
1663806
1663807
1663808
1663809
1663810
1663811
1663812
1663813
1663814
1663815
1663816
1663817
1663818
1663819
1663820
1663821
1663822
1663823
1663824
1663825
1664950
1664951
1664952
1664953
1664954
1664955
1664956
1664957
1664958
1664959
1664960
1664961
1664962
1664963
1664964
1664965
1664966
1664967
1664968
1664969
1664970
1664971
1664972
1664973
1664974
1664975
1664976
1665011
1665022
1665023
1665024
1665025
1665026
1665027
1666809
1666811
1669162
1669168
1669210
1669211
1669212
1669213
1669214
1669215
1669216
1669217
1669218
1669219
1669600
1669601
1669602
1669603
1669604
1669605
1669606
1669607
1669608
1669609
1669610
1669611
1669612
1669613
1669614
1669615
1669616
1669617
1669618
1669619
1669620
1669621
1669622
1669660
1669661
1669662
1669663
1669664
1669665
1669666
1669667
1669668
1669669
1380371
1380381
1380382
1380383
1380384
1380385
1380386
1380389
1380399
1383710
1383711
1383712
1383713
1383714
1383715
1383716
1383717
1383718
1383719
1383800
1383801
1383802
1383803
1383804
1383805
1383806
1383807
1383808
1383809
1383810
1383811
1383812
1383813
1383814
1383815
1383816
1383817
1383818
1383819
1383820
1383821
1383822
1383823
1383824
1383825
1383826
1383827
1383828
1383829
1383830
1383831
1383832
1383833
1383834
1383835
1383836
1383837
1383838
1383839
1383850
1383851
1383852
1383853
1383854
1383855
1383856
1383857
1383858
1383859
1384900
1384901
1384902
1384903
1384904
1384905
1384906
1384907
1384908
1384909
1384910
1384911
1384917
1384918
1384919
1730371
1730378
1730381
1730382
1730383
1730384
1730385
1730386
1731970
1731971
1731972
1731973
1731974
1731975
1731976
1731977
1731978
1731979
1732010
1732011
1732012
1732013
1732014
1732015
1732016
1732017
1732018
1732019
1732480
1732481
1732482
1732483
1732484
1732930
1732931
1732932
1732933
1732934
1732940
1732941
1732942
1732943
1732944
1733480
1733481
1733488
1733535
1733547
1733549
1733556
1733557
1733558
1733559
1733570
1733571
1733572
1733573
1733574
1733575
1733576
1733577
1733578
1733579
1733710
1733711
1733712
1733713
1733714
1733715
1733716
1733717
1733718
1733719
1733777
1733780
1733781
1733782
1733783
1733784
1733785
1733786
1733787
1733788
1733789
1734461
1734468
1734471
1734478
1734487
1734488
1734489
1734499
1735250
1736598
1736599
1739582
1739895
1739896
1739897
1739898
1739899
1310171
1310371
1310381
1310382
1310383
1310384
1310385
1310386
1312324
1313710
1313711
1313712
1313713
1313714
1313715
1313770
1313771
1313772
1313773
1313794
1314000
1314001
1314002
1314003
1314004
1314005
1314006
1314007
1314008
1314009
1314010
1314011
1314012
1314013
1314014
1314015
1314016
1314017
1314018
1314019
1316430
1316431
1316432
1316433
1316434
1316435
1316436
1316437
1316438
1316439
1318300
1318301
1760371
1760378
1760382
1760384
1760385
1760386
1760387
1760388
1761314
1761315
1761316
1761317
1761319
1761320
1761321
1761322
1761343
1761344
1761345
1761346
1761347
1762440
1762482
1762483
1762490
1762491
1762492
1762493
1762494
1762495
1762496
1762497
1762498
1762499
1762933
1762934
1762935
1762936
1762937
1762938
1762939
1762940
1762941
1762942
1762943
1762944
1763000
1763001
1763002
1763003
1763004
1763005
1763006
1763007
1763008
1763009
1763010
1763011
1763012
1763013
1763014
1763710
1763711
1763712
1763713
1763714
1763715
1763716
1763717
1763718
1763719
1763780
1763781
1763782
1763783
1763784
1763785
1763786
1763787
1763788
1763789
1763810
1763811
1763812
1763813
1763814
1763815
1763816
1763817
1763818
1763819
1763850
1763851
1763852
1763853
1763854
1763855
1763856
1763857
1763858
1763859
1764433
1764435
1764437
1764438
1764439
1764643
1764644
1764645
1764647
1764648
1764652
1765058
1765061
1765064
1765065
1765067
1765070
1765074
1765075
1765494
1765496
1765590
1765592
1765593
1769479
1769804
1769805
1769806
1769807
1769808
1769809
1769810
1769811
1769812
1769813
1769814
1769815
1769816
1769817
1769818
1769819
1769825
1769844
1769845
1769846
1769847
1769848
1769849
1769860
1769861
1769862
1769863
1769864
1769865
1769866
1769867
1769868
1769869
1580371
1580380
1580381
1580382
1580383
1580384
1580385
1580386
1580387
1580388
1580389
1580399
1582480
1582481
1582482
1582483
1582484
1582485
1582486
1582487
1582488
1582489
1583710
1583711
1583712
1583713
1583714
1583715
1583716
1583717
1583718
1583719
1583800
1583801
1583802
1583803
1583804
1583805
1583806
1583807
1583808
1583809
1583810
1583811
1583812
1583813
1583814
1583815
1583816
1583817
1583818
1583819
1583820
1583821
1583822
1583823
1583824
1583825
1583826
1583827
1583828
1583829
1583830
1583831
1583832
1583833
1583834
1583835
1583836
1583837
1583838
1583839
1589000
1589001
1589002
1589003
1589004
1589005
1589006
1589007
1589008
1589009
1589010
1589011
1589012
1589013
1589014
1589015
1589016
1589017
1589018
1589019
1589060
1589061
1589062
1589063
1589064
1589065
1589066
1589067
1589068
1589069
1340371
1346020
1346021
1346022
1346023
1346025
1346026
1346027
1346028
1346029
1346030
1346031
1346032
1346033
1346034
1346035
1346036
1346037
1346038
1346039
1346040
1346041
1346044
1346045
1346046
1971007
1971008
1971290
1971291
1971292
1971293
1971295
1971296
1971297
1971298
1971299
1971371
1971451
1971453
1971454
1971552
1971553
1971555
1971556
1971557
1971558
1972371
1820360
1820361
1820362
1820363
1820364
1820365
1820366
1820367
1820368
1820369
1820371
1820397
1820399
1822450
1822451
1822452
1822453
1822454
1823640
1823641
1823642
1823643
1823644
1823675
1823676
1823677
1823678
1823679
1823690
1823691
1823692
1823693
1823694
1823695
1823696
1823697
1823698
1823699
1823710
1823711
1823712
1823713
1823714
1823715
1823716
1823717
1823718
1823719
1823990
1823991
1823992
1823993
1823994
1823995
1823996
1823997
1823998
1823999
1510371
1513610
1513611
1513612
1513613
1513614
1513615
1513616
1513617
1513618
1513619
1513620
1513621
1513622
1513623
1513624
1513625
1513626
1513627
1513628
1513629
1513640
1513641
1513642
1513643
1513644
1513645
1513646
1513647
1513648
1513649
1513710
1513711
1513712
1513713
1513714
1513715
1513716
1513717
1513718
1513719
1513845
1513846
1513847
1513848
1513849
1513865
1513866
1513867
1513868
1513869
1513890
1513891
1513892
1513893
1513894
1513895
1513896
1513897
1513898
1513899
1518830
1518831
1518832
1518833
1518834
1518835
1518836
1518837
1518838
1518839
