1700568
1700570
1700571
1700581
1700582
1700641
1700642
1700668
1700669
1700680
1700681
1700682
1700683
1700684
1700685
1700686
1700687
1700688
1700689
1700832
1700833
1700848
1700849
1701230
1701231
1701232
1701233
1701234
1701235
1701236
1701237
1701238
1701239
1701240
1702230
1702231
1702232
1702233
1702234
1702235
1702236
1702237
1702238
1702239
1702240
1702241
1702570
1702571
1702572
1702573
1702574
1702575
1702576
1702577
1702578
1702579
1703464
1703465
1703466
1703467
1703468
1703469
1703470
1703471
1703472
1703473
1703474
1703475
1703476
1703477
1703478
1703479
1703480
1703481
1703482
1703483
1703484
1703485
1703486
1703487
1703488
1703489
1703490
1703491
1703492
1703493
1703494
1703495
1703496
1703497
1703498
1703499
1705014
1705057
1705077
1705105
1705106
1705136
1705178
1705193
1705194
1705225
1705243
1705270
1705299
1705367
1705517
1705571
1705611
1705678
1705783
1705828
1705834
1705849
1705900
1705901
1705902
1705903
1707420
1707421
1707422
1707423
1707424
1707880
1707881
1707882
1707883
1707884
1707885
1707886
1707887
1707888
1707889
1707900
1707901
1707902
1707903
1707904
1707905
1707906
1707907
1707908
1707909
1709160
1709161
1709162
1709163
1709164
1709165
1709166
1709167
1709168
1709169
1709485
1709486
1709487
1709488
1709489
1709667
1709668
1709669
1709800
1709801
1709802
1709803
1709804
1709805
1709806
1709807
1709808
1709809
1709812
1709813
1709814
1709815
1709816
1709817
1709818
1709819
1709840
1709841
1709842
1709969
1910571
1910581
1910655
1910656
1910658
1910671
1910672
1910673
1910674
1910675
1910676
1910677
1910678
1910679
1910681
1910682
1910683
1910684
1910685
1910688
1910689
1914350
1914351
1914352
1914353
1914354
1914355
1914356
1914357
1914358
1914359
1914360
1914361
1914362
1914363
1914364
1914365
1914366
1914367
1914368
1914369
1914470
1914471
1914472
1914473
1915714
1915722
1915723
1915724
1915766
1915777
1915788
1915789
1320571
1320581
1320800
1320801
1320802
1320803
1320804
1321610
1321611
1321612
1321613
1321614
1321615
1321616
1321617
1321618
1321619
1321670
1321671
1321681
1322100
1322101
1322102
1322103
1322104
1322105
1322106
1322107
1322108
1322109
1322140
1322141
1322180
1322181
1322182
1322183
1323571
1323581
1324840
1324841
1324842
1324843
1324844
1324845
1325080
1325081
1325082
1325083
1325084
1325100
1325101
1325102
1325571
1325581
1327671
1327681
1328200
1328201
1328202
1328203
1328210
1328211
1328212
1328213
1328214
1328215
1328216
1328217
1328218
1328219
1328240
1328241
1328242
1328243
1328280
1328281
1328282
1328283
1328284
1328571
1328581
1329140
1329141
1329142
1329148
1329180
1329181
1329182
1329183
1329184
1329185
1329186
1329187
1329188
1329189
1329571
1329581
1329671
1329672
1329673
1329674
1329675
1329676
1570005
1570006
1570007
1570008
1570009
1570010
1570011
1570012
1570013
1570014
1570015
1570016
1570017
1570018
1570019
1570571
1570581
1571570
1571571
1571572
1571573
1571574
1571575
1571576
1571577
1571578
1571579
1571580
1571581
1572495
1572496
1572497
1572498
1572499
1575700
1575701
1575702
1575703
1575704
1575710
1575711
1575712
1575713
1575714
1575715
1575716
1575717
1575718
1575719
1575750
1575751
1575752
1575753
1575770
1575771
1575772
1575773
1575774
1579414
1579415
1579416
1579417
1579418
1579419
1579555
1579612
1579613
1579618
1579619
1579620
1579656
1579657
1579673
1579687
1579689
1579690
1579819
1579820
1579999
1840571
1840581
1841370
1841371
1841372
1841373
1841374
1841375
1841376
1841377
1841378
1841379
1841380
1841381
1841382
1841383
1841384
1841385
1841386
1841387
1841388
1841389
1841390
1841391
1841392
1841393
1841394
1841395
1841396
1841397
1841398
1841399
1841400
1841401
1841402
1841403
1841404
1841405
1841406
1841407
1841408
1841409
1841410
1841411
1841412
1841413
1841414
1841415
1841416
1841417
1841418
1841419
1841420
1841421
1841422
1841423
1841424
1841425
1841426
1841427
1841428
1841429
1841437
1841440
1841441
1841442
1841443
1841444
1841445
1841446
1841447
1841448
1841449
1841450
1841451
1841452
1841453
1841454
1841455
1841456
1841457
1841458
1841459
1841460
1841461
1841462
1841463
1841464
1841465
1841466
1841467
1841468
1841469
1841470
1841471
1841472
1841473
1841474
1841475
1841476
1841477
1841478
1841479
1841480
1841481
1841482
1841483
1841484
1841485
1841486
1841487
1841488
1841489
1841490
1841491
1841492
1841493
1841494
1841495
1841496
1841497
1841498
1841499
1841500
1841501
1841502
1841503
1841504
1841505
1841506
1841507
1841508
1841509
1841510
1841511
1841512
1841513
1841514
1841515
1841516
1841517
1841518
1841519
1841520
1841521
1841522
1841523
1841524
1841525
1841526
1841527
1841528
1841529
1841530
1841531
1841532
1841533
1841534
1841535
1841536
1841537
1841538
1841539
1841540
1841541
1841542
1841543
1841544
1841545
1841546
1841547
1841548
1841549
1841550
1841551
1841552
1841553
1841554
1841555
1841556
1841557
1841558
1841559
1841560
1841561
1841562
1841563
1841564
1841565
1841566
1841567
1841568
1841569
1841570
1841571
1841572
1841573
1841574
1841575
1841576
1841577
1841578
1841579
1841580
1841581
1841582
1841583
1841584
1841585
1841586
1841587
1841588
1841589
1841590
1841591
1841592
1841593
1841594
1841595
1841596
1841597
1841598
1841599
1845710
1845711
1845712
1845713
1845714
1845715
1845716
1845717
1845718
1845719
1845810
1845811
1845812
1845813
1845814
1845815
1845816
1845817
1845818
1845819
1845820
1845821
1845822
1845823
1845824
1845830
1845831
1845832
1845833
1845834
1845840
1845841
1845842
1845843
1845844
1845885
1845886
1845887
1845888
1845889
1849330
1849331
1849332
1849333
1849334
1849335
1849336
1849337
1849338
1849339
1849340
1849341
1849342
1849343
1849344
1849345
1849346
1849347
1849348
1849349
1849350
1849351
1849352
1849353
1849354
1849355
1849356
1849357
1849358
1849359
1849515
1849516
1849517
1849518
1849519
1849526
1849527
1849528
1849529
1849800
1849801
1849802
1849803
1849804
1849805
1849806
1849807
1849808
1849809
1849810
1849811
1849812
1849813
1849814
1849815
1849816
1849817
1849818
1849819
1849820
1849821
1849822
1849823
1849824
1849825
1849826
1849827
1849828
1849829
1849830
1849831
1849832
1849833
1849834
1849835
1849836
1849837
1849838
1849839
1980571
1980581
1981234
1981472
1981687
1981688
1981689
1981710
1981711
1981712
1981713
1981714
1981715
1981716
1981717
1981718
1981719
1981740
1981741
1981742
1981743
1981744
1981745
1981746
1981747
1981748
1981749
1981771
1981785
1981786
1981844
1981851
1981853
1982281
1985700
1985701
1985702
1985703
1985704
1985710
1985711
1985712
1985713
1985714
1985715
1985716
1985717
1985718
1985719
1985740
1985741
1985742
1985743
1985744
1985810
1985811
1985812
1985813
1985814
1985815
1985816
1985817
1985818
1985819
1985887
1988310
1988311
1988312
1988313
1988314
1988315
1988316
1988317
1988320
1988321
1988323
1988324
1988415
1988416
1988417
1988418
1988419
1988881
1650571
1650856
1651878
1652171
1653890
1656110
1656116
1657172
1657173
1810017
1810018
1810019
1810571
1810581
1810650
1810651
1810652
1810653
1810654
1810655
1810656
1810657
1810658
1810659
1814200
1814201
1814202
1814340
1814341
1814342
1814343
1814344
1814345
1814346
1814347
1814348
1814349
1815710
1815711
1815712
1815713
1815714
1815715
1815716
1815717
1815718
1815719
1815810
1815811
1815812
1815813
1815814
1815815
1815816
1815817
1815818
1815819
1815840
1815841
1815842
1815843
1815844
1815850
1815851
1815852
1815853
1815868
1815869
1815871
1816710
1816711
1816712
1816713
1816714
1816715
1816716
1816717
1816718
1816719
1520571
1520581
1522400
1522401
1522402
1522403
1522404
1522405
1522406
1522407
1522408
1522409
1525710
1525711
1525712
1525713
1525714
1525715
1525716
1525717
1525718
1525719
1525880
1525881
1525882
1525883
1525884
1525885
1525886
1525887
1525888
1525889
1526700
1526701
1526702
1526703
1526704
1526705
1526706
1526707
1526708
1526709
1526710
1526711
1526712
1526713
1526714
1526715
1526716
1526717
1526718
1526719
1526742
1526743
1526744
1526745
1526746
1526747
1526748
1526749
1526810
1526811
1526812
1526813
1526814
1526815
1526816
1526817
1526818
1526819
1526850
1526851
1526852
1526853
1526854
1526855
1526856
1526857
1526858
1526859
1526880
1526881
1526882
1526883
1526884
1750571
1750581
1750650
1750651
1750652
1750671
1755728
1755729
1880571
1880581
1880650
1880651
1880652
1880653
1880671
1880681
1881480
1881481
1881482
1881483
1881484
1881485
1881486
1881487
1881488
1881489
1885710
1885711
1885712
1885713
1885714
1885715
1885716
1885717
1885718
1885719
1885786
1885787
1885788
1885789
1885810
1885811
1885812
1885813
1885814
1885815
1885816
1885817
1885818
1885819
1885826
1885827
1885828
1885829
1885850
1885851
1886710
1886711
1886712
1886713
1886714
1886715
1886750
1886751
1886752
1886753
1886754
1886810
1886811
1886812
1886813
1886814
1886815
1886816
1886817
1886818
1886819
1886840
1886841
1886842
1886843
1886844
1886850
1886851
1886870
1886871
1886872
1886873
1886874
1886875
1886876
1886877
1886878
1886879
1886880
1886881
1886882
1886883
1886884
1886885
1886886
1886887
1886888
1886889
1888890
1888891
1888892
1888893
1888894
1888895
1888896
1888897
1888898
1888899
1470571
1470581
1472400
1472401
1472402
1472403
1472404
1472405
1472406
1472407
1472408
1472409
1472410
1472411
1472412
1472413
1472414
1472415
1472416
1472417
1472418
1472419
1472420
1472421
1472422
1472423
1472424
1472425
1472426
1472427
1472428
1472429
1472430
1472431
1472432
1472433
1472434
1472435
1472436
1472437
1472438
1472439
1472440
1472441
1472442
1472443
1472444
1472445
1472446
1472447
1472448
1472449
1472450
1472451
1472452
1472453
1472454
1472455
1472456
1472457
1472458
1472459
1472460
1472461
1472462
1472463
1472464
1472465
1472466
1472467
1472468
1472469
1472470
1472471
1472472
1472473
1472474
1472475
1472476
1472477
1472478
1472479
1472480
1472481
1472482
1472483
1472484
1472485
1472486
1472487
1472488
1472489
1472490
1472491
1472492
1472493
1472494
1472495
1472496
1472497
1472498
1472499
1472710
1472711
1472712
1472713
1472714
1475700
1475701
1475710
1475711
1475712
1475713
1475714
1475715
1475740
1475741
1475742
1475743
1475744
1475745
1475746
1475747
1475748
1475749
1475810
1475811
1475812
1475813
1475814
1475815
1475816
1475817
1475818
1475819
1476553
1476554
1476555
1476556
1476557
1476642
1476643
1476644
1476645
1476646
1476647
1370571
1370581
1370650
1370651
1370671
1370681
1373220
1373221
1373222
1373223
1373224
1373225
1373226
1373227
1373228
1373229
1373540
1373541
1373542
1373543
1373544
1373545
1373546
1373547
1373548
1373549
1373550
1373551
1373552
1373553
1373554
1373555
1373556
1373557
1373558
1373559
1373580
1373581
1373582
1373583
1373584
1373585
1373586
1373587
1373588
1373589
1373800
1373801
1373802
1373803
1373804
1373805
1373806
1373807
1373808
1373809
1373810
1373811
1373812
1373813
1373814
1373815
1373816
1373817
1373818
1373819
1375080
1375081
1375082
1375083
1375084
1375085
1375086
1375087
1375088
1375089
1375431
1375432
1375710
1375711
1375712
1375713
1375714
1375715
1375716
1375717
1375718
1375719
1375810
1375811
1375812
1375813
1375814
1375815
1375816
1375817
1375818
1375819
1375820
1375821
1375822
1375823
1375824
1375825
1375826
1375827
1375828
1375829
1377735
1377736
1377737
1377738
1377739
1377740
1377741
1377742
1377743
1377744
1377745
1377746
1377747
1377748
1377749
1377755
1377756
1377757
1377758
1377759
1377780
1377781
1377782
1377783
1377784
1377785
1377786
1377787
1377788
1377789
1970504
1970549
1970683
1970685
1342910
1342911
1342912
1342913
1342914
1342915
1342916
1342917
1342918
1342919
1342960
1342961
1342962
1342963
1342964
1342965
1342966
1342967
1342968
1342969
1345410
1345411
1345412
1345413
1345414
1345415
1345416
1345417
1345418
1345419
1345440
1345441
1345442
1345443
1345444
1345445
1345446
1345447
1345448
1345449
1345670
1345671
1345672
1345673
1345674
1345675
1345676
1345677
1345678
1345679
1345680
1345681
1345682
1345683
1345684
1345685
1345686
1345687
1345688
1345689
1345690
1345691
1345692
1345693
1345694
1345695
1345696
1345697
1345698
1345699
1348400
1348401
1348402
1348403
1348404
1348610
1348611
1348612
1348613
1348614
1348615
1348616
1348617
1348618
1348619
1348635
1348636
1348637
1348638
1348639
1580571
1580581
1582410
1582411
1582412
1582413
1582414
1582415
1582416
1582417
1582418
1582419
1582440
1582441
1582442
1582443
1582444
1582445
1582446
1582447
1582448
1582449
1582550
1582551
1582552
1582553
1582554
1585710
1585711
1585712
1585713
1585714
1585715
1585716
1585717
1585718
1585719
1585810
1585811
1585812
1585813
1585814
1585815
1585816
1585817
1585818
1585819
1585820
1585821
1585822
1585823
1585824
1585825
1585826
1585827
1585828
1585829
1586710
1586711
1586712
1586713
1586714
1586715
1586716
1586717
1586718
1586719
1586810
1586811
1586812
1586813
1586814
1586815
1586816
1586817
1586818
1586819
1586840
1586841
1586842
1586843
1586844
1586845
1586846
1586847
1586848
1586849
1586880
1586881
1586882
1586883
1586884
1586885
1586886
1586887
1586888
1586889
1586900
1586901
1586902
1586903
1586904
1586910
1586911
1586912
1586913
1586914
1586915
1586916
1586917
1586918
1586919
1588880
1588881
1588882
1588883
1588884
1588885
1588886
1588887
1588888
1588889
1760571
1760581
1760588
1760650
1760651
1760652
1760653
1760654
1760671
1768180
1768181
1768182
1768183
1768184
1768185
1768186
1768187
1768188
1768189
1768195
1768230
1768231
1768232
1768233
1768234
1768244
1768248
1510571
1510581
1515710
1515711
1515712
1515713
1515714
1515715
1515716
1515717
1515718
1515719
1515800
1515801
1515802
1515803
1515804
1515805
1515806
1515807
1515808
1515809
1515810
1515811
1515812
1515813
1515814
1515815
1515816
1515817
1515818
1515819
1515880
1515881
1515882
1515883
1515884
1515885
1515886
1515887
1515888
1515889
1516710
1516711
1516712
1516713
1516714
1516715
1516716
1516717
1516718
1516719
1516820
1516821
1516822
1516823
1516824
1516825
1516826
1516827
1516828
1516829
1516830
1516831
1516832
1516833
1516834
1516835
1516836
1516837
1516838
1516839
1516840
1516841
1516842
1516843
1516844
1516845
1516846
1516847
1516848
1516849
1820571
1820581
1824840
1824841
1824842
1824843
1824844
1824845
1824846
1824847
1824848
1824849
1825710
1825711
1825712
1825713
1825714
1825715
1825716
1825717
1825718
1825719
1825810
1825811
1825812
1825813
1825814
1825815
1825816
1825817
1825818
1825819
1825820
1825821
1825822
1825823
1825824
1825825
1825826
1825827
1825828
1825829
1825840
1825841
1825842
1825843
1825844
1825845
1825846
1825847
1825848
1825849
1825880
1825881
1825882
1825883
1825884
1825885
1825886
1825887
1825888
1825889
1826710
1826711
1826712
1826713
1826714
1826715
1826716
1826717
1826718
1826719
1826800
1826801
1826802
1826803
1826804
1826805
1826806
1826807
1826808
1826809
1826810
1826811
1826812
1826813
1826814
1826815
1826816
1826817
1826818
1826819
1826880
1826881
1826882
1826883
1826884
1826885
1826886
1826887
1826888
1826889
1380057
1380058
1380068
1380069
1380570
1380571
1380572
1380573
1380574
1380575
1380576
1380577
1380578
1380579
1380650
1380651
1380652
1381910
1381911
1381912
1381913
1381914
1381915
1381916
1381917
1381918
1381919
1381945
1381946
1381947
1381948
1381949
1385710
1385711
1385712
1385713
1385714
1385715
1385716
1385717
1385718
1385719
1385800
1385801
1385802
1385803
1385804
1385805
1385806
1385807
1385808
1385809
1385810
1385811
1385812
1385813
1385814
1385815
1385816
1385817
1385818
1385819
1386710
1386711
1386712
1386713
1386714
1386715
1386716
1386717
1386718
1386719
1386740
1386741
1386742
1386743
1386744
1386745
1386746
1386747
1386748
1386749
1386800
1386801
1386802
1386803
1386804
1386805
1386806
1386807
1386808
1386809
1386810
1386811
1386812
1386813
1386814
1386815
1386816
1386817
1386818
1386819
1660571
1660581
1665704
1665710
1665711
1665712
1665713
1665714
1665715
1665716
1870571
1870581
1875710
1875711
1875712
1875713
1875714
1875715
1875716
1875717
1875718
1875719
1875755
1875756
1875757
1875758
1875759
1875800
1875801
1875802
1875803
1875804
1875805
1875806
1875807
1875808
1875809
1875810
1875811
1875812
1875813
1875814
1875815
1875816
1875817
1875818
1875819
1875820
1875821
1875822
1875823
1875824
1875825
1875826
1875827
1875828
1875829
1875855
1875856
1875857
1875858
1875859
1875885
1875886
1875887
1875888
1875889
1876710
1876711
1876712
1876713
1876714
1876715
1876716
1876717
1876718
1876719
1876810
1876811
1876812
1876813
1876814
1876815
1876816
1876817
1876818
1876819
1876840
1876841
1876842
1876843
1876844
1876845
1876846
1876847
1876848
1876849
1310571
1310581
1310770
1310771
1310772
1310773
1310774
1311571
1311670
1311671
1311672
1311673
1311674
1311675
1311676
1311677
1311678
1311679
1312390
1312391
1312392
1312393
1312394
1312395
1313610
1313611
1313612
1313613
1313614
1313615
1313616
1313617
1313618
1313619
1314830
1314831
1314832
1314833
1314834
1314835
1314836
1314837
1314838
1314839
1314840
1314841
1314842
1314843
1314844
1314845
1314846
1314847
1314848
1314849
1315710
1315711
1315712
1315713
1315714
1315715
1315716
1315717
1315718
1315719
1316494
1316495
1316595
1316596
1316597
1316598
1316599
1317360
1317361
1317362
1317363
1317364
1317365
1317366
1317367
1317368
1317369
1317500
1317501
1317502
1317503
1317504
1317505
1317506
1317507
1317508
1317509
1317510
1317511
1317512
1317513
1317514
1318420
1318421
1318422
1318423
1318424
1318441
1318500
1318501
1318502
1318503
1318504
1318505
1318506
1318507
1318508
1318509
1318571
1318695
1318696
1318697
1318698
1318699
1730571
1730581
1730640
1730641
1730642
1730643
1730644
1730671
1730681
1731690
1731691
1731692
1731693
1731694
1731695
1731696
1731697
1731698
1731699
1732600
1732601
1732602
1732603
1732604
1732605
1732606
1732607
1732608
1732609
1732885
1732886
1732887
1732888
1732889
1734200
1734201
1734202
1734203
1734204
1734205
1734206
1734207
1734850
1734851
1734852
1734853
1734854
1735470
1735471
1735472
1735473
1735474
1735710
1735711
1735712
1735713
1735714
1735715
1735716
1735717
1735718
1735719
1736450
1736451
1736452
1736453
1736454
1736455
1736456
1736457
1736458
1736459
1736661
1736662
1736666
1736705
1736706
1736707
1736708
1736710
1736711
1736712
1736713
1736714
1737650
1737651
1737652
1737653
1737654
1737655
1737656
1737657
1737658
1737659
1739571
1739800
1739801
1739802
1739803
1739804
1739805
1360051
1360052
1360053
1360054
1360570
1360571
1360580
1360581
1360650
1360651
1360652
1360653
1360654
1360660
1360661
1360662
1360663
1360664
1360670
1360671
1360680
1360681
1361571
1361581
1361650
1361651
1361652
1361653
1361654
1361655
1361671
1361681
1362571
1362581
1362671
1363410
1363411
1363412
1363413
1363414
1363415
1363416
1363417
1363418
1363419
1364571
1364581
1364671
1364681
1364682
1364683
1364684
1364685
1364686
1364687
1365571
1365581
1365663
1365664
1365665
1365666
1365667
1365668
1365669
1365671
1365681
1366660
1366661
1366662
1366663
1366664
1366665
1366666
1366667
1366668
1366669
1367581
1367582
1367583
1367584
1367585
1367586
1367587
1367588
1367589
1368574
1368575
1368576
1368577
1368578
1368579
1950581
1951120
1951125
1951794
1951795
1951913
1951919
1952162
1952166
1953065
1954813
1954819
1955010
1955011
1955012
1955017
1955513
1955514
1955712
1955714
1955813
1955818
1955819
1955824
1956012
1956013
1956014
1956017
1956019
1956040
1956412
1956417
1890571
1890581
1890650
1890651
1890652
1890653
1890671
1890681
1895710
1895711
1895712
1895713
1895714
1895715
1895716
1895717
1895718
1895719
1895800
1895801
1895802
1895803
1895804
1895805
1895806
1895807
1895808
1895809
1895810
1895811
1895812
1895813
1895814
1895815
1895816
1895817
1895818
1895819
1896615
1896616
1896617
1896618
1896619
1896648
1896649
1896710
1896711
1896712
1896713
1896714
1896715
1896716
1896717
1896718
1896719
1896800
1896801
1896802
1896803
1896804
1896805
1896806
1896807
1896808
1896809
1896810
1896811
1896812
1896813
1896814
1896815
1896816
1896817
1896818
1896819
1896900
1896901
1896902
1896903
1896904
1896905
1896906
1896907
1896908
1896909
1896910
1896911
1896912
1896913
1896914
1896915
1896916
1896917
1896918
1896919
1896990
1896991
1896992
1896993
1896994
1896995
1896996
1896997
1896998
1896999
1898945
1898946
1898947
1898948
1898949
1898980
1898981
1898982
1898983
1898984
1898985
1898986
1898987
1898988
1898989
1800571
1800581
1800588
1800671
1800678
1800681
1804200
1804201
1804202
1804203
1804204
1804230
1804231
1804232
1804240
1804241
1804242
1804243
1804244
1804245
1804246
1804247
1804248
1804249
1805710
1805711
1805712
1805713
1805714
1805715
1805716
1805717
1805718
1805719
1805810
1805811
1805812
1805813
1805814
1805815
1805816
1805817
1805818
1805819
1805840
1805841
1805842
1805843
1805844
1805870
1805871
1805872
1805873
1805874
1805875
1805876
1805877
1805878
1805879
1805880
1805881
1806790
1806791
1806792
1806793
1806794
1806795
1806796
1806797
1806798
1806799
1806940
1806941
1806942
1806943
1806944
1806975
1806976
1806977
1806978
1806979
1806980
1806981
1806982
1806983
1806984
1806985
1806986
1806987
1806988
1806989
1807270
1807271
1807272
1807273
1807274
1807275
1807276
1807277
1807278
1807279
1807280
1807281
1807282
1807283
1807284
1807285
1807286
1807287
1807288
1807289
1807290
1807291
1807292
1807293
1807294
1807295
1807296
1807297
1807298
1807299
1809470
1809471
1809478
1530571
1530581
1530650
1530651
1530652
1530653
1530654
1530655
1530656
1530657
1530658
1530659
1530671
1530681
1531460
1531461
1531462
1531463
1531464
1531465
1531466
1531467
1531468
1531469
1532571
1532581
1532588
1533650
1533651
1533652
1533653
1533654
1533655
1533656
1533657
1533658
1533659
1533687
1533688
1533689
1533761
1534571
1534581
1534582
1534588
1535500
1535501
1535502
1535503
1535504
1535505
1535506
1535507
1535508
1535509
1535540
1535541
1535542
1535543
1535544
1535545
1535546
1535547
1535548
1535549
1535571
1535581
1535610
1535611
1535612
1535613
1535614
1535615
1535616
1535617
1535618
1535619
1535663
1535664
1535665
1535666
1535667
1535668
1535669
1535671
1535681
1537200
1537201
1537202
1537203
1537204
1537205
1537206
1537207
1537208
1537209
1537240
1537241
1537242
1537243
1537244
1537258
1537259
1538100
1538101
1538102
1538103
1538104
1538105
1538106
1538107
1538108
1538109
1538110
1538111
1538112
1538113
1538114
1538115
1538116
1538117
1538118
1538119
1538230
1538231
1538232
1538233
1538234
1538235
1538236
1538237
1538238
1538239
1538400
1538401
1538402
1538403
1538404
1538405
1538406
1538407
1538408
1538409
1539420
1539421
1539422
1539423
1539424
1539425
1539426
1539427
1539428
1539429
1539571
1539581
1539582
1539583
1539584
1539700
1539701
1539702
1539703
1539704
1539705
1539706
1539707
1539708
1539709
1539710
1539711
1539712
1539713
1539714
1539715
1539716
1539717
1539718
1539719
1990571
1990581
1990651
1990661
1990663
1990666
1990671
1990672
1990673
1990675
1990678
1990679
1990681
1990683
1990685
1990686
1990687
1994100
1994108
1994109
1994110
1994114
1994119
1994120
1994124
1994129
1994130
1994134
1994136
1994137
1994138
1994139
1994140
1994146
1994147
1994149
1995701
1995710
1995711
1995712
1995713
1995714
1995715
1995716
1995717
1995718
1995719
1995724
1995725
1995727
1995729
1995746
1995782
1995789
1996730
1996731
1996732
1996733
1996734
1996735
1996736
1996737
1996738
1996739
1996740
1996741
1996742
1996743
1996744
1996745
1996746
1996747
1996748
1996749
1997525
1997526
1997527
1997529
1997537
1997538
1997539
1560571
1560581
1560588
1560650
1560651
1560652
1560653
1560671
1560681
1565710
1565711
1565712
1565713
1565714
1565715
1565716
1565717
1565718
1565719
1565800
1565801
1565802
1565803
1565804
1565805
1565806
1565807
1565808
1565809
1565810
1565811
1565812
1565813
1565814
1565815
1565816
1565817
1565818
1565819
1565880
1565881
1565882
1565883
1565884
1565885
1565886
1565887
1565888
1565889
1566900
1566901
1566902
1566903
1566904
1566905
1566906
1566907
1566908
1566909
1566940
1566941
1566942
1566943
1566944
1566945
1566946
1566947
1566948
1566949
1566990
1566991
1566992
1566993
1566994
1566995
1566996
1566997
1566998
1566999
1567601
1567602
1567603
1567604
1567605
1567606
1567608
1567609
1567640
1567641
1567642
1567643
1567644
1567645
1567646
1567648
1567649
1567654
1567655
1567656
1567658
1569571
1569584
1569588
1850571
1850581
1850657
1850658
1850659
1850681
1850682
1850683
1850684
1850685
1855700
1855701
1855702
1855703
1855704
1855705
1855706
1855707
1855708
1855709
1855710
1855711
1855712
1855713
1855714
1855715
1855716
1855717
1855718
1855719
1855720
1855721
1855722
1855723
1855724
1855725
1855726
1855727
1855728
1855729
1855730
1855731
1855732
1855733
1855734
1855735
1855736
1855737
1855738
1855739
1855740
1855741
1855742
1855743
1855744
1855745
1855746
1855747
1855748
1855749
1855750
1855751
1855752
1855753
1855754
1855755
1855757
1855810
1855811
1855812
1855813
1855814
1855815
1855816
1855817
1855818
1855819
1780571
1780581
1781560
1781561
1781570
1781571
1781602
1781603
1781604
1781605
1781606
1781607
1781608
1781609
1781610
1781611
1781612
1781613
1781614
1781615
1781616
1781617
1781618
1781619
1781660
1781661
1781671
1781672
1781673
1781674
1781675
1781676
1781685
1781686
1781687
1781688
1781689
1782680
1782681
1782682
1782683
1782684
1782685
1782686
1782687
1782688
1782689
1785700
1785701
1785710
1785711
1785712
1785713
1785714
1785715
1785730
1785731
1785732
1785733
1785734
1785740
1785741
1785768
1785769
1785798
1785799
1785840
1785841
1785842
1785860
1785861
1785862
1785863
1785864
1785865
1785883
1785884
1785885
1785886
1786781
1786784
1786791
1786792
1786793
1788821
1789560
1789561
1901120
1901125
1901127
1901270
1901278
1901280
1903200
1330571
1330581
1330650
1330651
1330652
1330653
1330671
1330681
1332571
1332581
1332591
1332613
1332614
1333571
1333581
1333588
1333600
1333601
1333602
1333603
1333604
1333605
1333606
1333607
1333608
1333609
1333610
1333611
1333612
1333613
1333614
1333615
1333616
1333617
1333618
1333619
1334571
1334581
1334615
1334616
1334617
1334618
1334619
1335571
1335578
1335581
1335710
1335711
1335712
1335713
1335714
1335715
1335716
1335717
1335718
1335719
1336210
1336211
1336212
1336213
1336214
1336215
1336216
1336217
1336218
1336219
1336289
1337240
1337241
1337250
1337251
1337252
1337253
1337254
1337255
1337256
1337257
1337571
1337581
1337681
1337682
1337683
1338571
1338581
1338650
1338651
1338652
1338653
1338842
1338843
1338860
1338861
1339571
1339581
1339650
1339651
1339652
1339653
1339654
1339655
1339656
1339657
1339658
1339659
1339671
1339681
1712220
1712221
1712222
1712223
1712224
1713000
1713001
1713002
1713003
1713004
1713005
1713006
1713007
1713008
1713009
1713100
1713101
1713102
1713103
1713104
1713105
1713106
1713107
1713108
1713109
1713110
1713111
1713112
1713113
1713114
1713115
1713140
1713141
1713142
1713143
1713144
1713145
1713146
1713147
1713148
1713149
1713164
1713166
1713170
1713174
1713288
1713333
1713336
1713338
1713339
1713553
1713555
1713988
1715577
1715665
1715666
1715988
1716571
1716666
1716668
1716669
1716988
1717571
1717666
1717667
1717979
1717988
1717989
1718410
1718411
1718412
1718413
1718414
1718415
1718416
1718417
1718571
1718666
1718668
1718985
1718986
1718987
1718988
1718989
1719571
1719581
1719582
1719583
1719585
1719586
1719587
1719588
1719589
1719660
1719661
1719662
1719663
1719665
1719666
1719667
1719668
1719669
1719900
1719901
1719902
1719903
1719911
1719912
1720110
1720111
1720585
1727521
1727688
1727778
1728001
1728002
1728010
1728011
1728016
1728017
1728018
1728019
1728070
1728071
1728072
1728077
1728079
1728081
1300360
1300361
1300362
1300363
1300364
1300365
1300366
1300367
1300368
1300369
1300428
1301036
1301890
1301891
1301892
1301893
1301894
1301895
1301896
1301897
1301898
1301899
1302360
1302361
1302362
1302363
1302364
1302365
1302366
1302367
1302368
1302369
1302427
1302428
1302429
1303360
1303361
1303420
1303421
1304571
1304760
1304761
1304762
1304763
1304764
1304765
1304766
1304767
1306470
1306471
1306472
1306473
1306474
1306475
1306476
1306477
1306478
1306479
1306570
1306571
1306572
1306573
1306574
1306770
1306771
1306772
1306773
1306774
1306775
1306776
1306777
1306778
1306779
1306780
1306781
1306782
1306783
1306784
1306785
1306786
1306787
1306788
1306789
1306790
1306791
1306792
1306793
1306794
1306795
1306796
1306797
1306798
1306799
1307180
1307181
1307182
1307183
1307184
1307185
1307186
1307187
1307188
1307189
1307360
1307361
1307362
1307363
1307364
1307365
1307366
1307367
1307368
1307369
1308280
1308281
1308282
1308283
1308284
1308285
1308395
1308396
1308397
1308398
1308399
1309370
1309371
1309372
1309373
1309374
1309375
1309376
1309377
1309378
1309379
1309480
1309481
1309571
1930581
1935710
1935711
1935713
1935714
1935718
1935719
1935727
1935728
1935757
1935767
1860571
1860581
1860588
1860650
1860651
1860652
1860653
1860671
1862685
1862686
1862687
1862688
1862689
1865710
1865711
1865712
1865713
1865714
1865715
1865716
1865717
1865718
1865719
1865810
1865811
1865812
1865813
1865814
1865815
1865816
1865817
1865818
1865819
1865880
1865881
1865882
1865883
1865884
1865885
1865886
1865887
1865888
1865889
1866700
1866701
1866702
1866703
1866704
1866710
1866711
1866712
1866713
1866714
1866715
1866716
1866717
1866718
1866719
1866790
1866791
1866792
1866793
1866794
1866800
1866801
1866802
1866803
1866804
1866805
1866806
1866807
1866808
1866809
1866810
1866811
1866812
1866813
1866814
1866815
1866816
1866817
1866818
1866819
1866820
1866821
1866822
1866823
1866824
1866840
1866841
1866842
1866843
1866844
1866845
1866846
1866847
1866848
1866849
1869455
1869456
1869457
1869458
1869459
1869480
1869481
1869482
1869483
1869484
1869485
1869486
1869854
1869855
1869856
1869857
1869858
1869859
1550030
1550031
1550032
1550033
1550034
1550035
1550036
1550037
1550038
1550039
1550040
1550042
1550043
1550044
1550571
1550581
1550588
1555710
1555711
1555712
1555713
1555714
1555715
1555716
1555717
1555718
1555719
1555800
1555801
1555802
1555803
1555804
1555805
1555806
1555807
1555808
1555809
1555810
1555811
1555812
1555813
1555814
1555815
1555816
1555817
1555818
1555819
1390065
1390066
1390067
1390571
1390581
1390650
1390651
1390652
1390653
1390671
1390681
1395710
1395711
1395712
1395713
1395714
1395715
1395716
1395717
1395718
1395719
1395800
1395801
1395802
1395803
1395804
1395805
1395806
1395807
1395808
1395809
1395810
1395811
1395812
1395813
1395814
1395815
1395816
1395817
1395818
1395819
1396710
1396711
1396712
1396713
1396714
1396715
1396716
1396717
1396718
1396719
1396800
1396801
1396802
1396803
1396804
1396805
1396806
1396807
1396808
1396809
1396810
1396811
1396812
1396813
1396814
1396815
1396816
1396817
1396818
1396819
1398945
1398946
1398947
1398948
1398949
1398980
1398981
1398982
1398983
1398984
1398985
1398986
1398987
1398988
1398989
1671571
1672571
1672920
1672921
1672922
1672923
1672924
1672925
1672926
1672927
1672928
1672929
1673571
1500571
1500581
1502440
1502441
1502442
1502443
1502444
1502445
1502446
1502447
1502448
1502449
1505710
1505711
1505712
1505713
1505714
1505715
1505716
1505717
1505718
1505719
1505810
1505811
1505812
1505813
1505814
1505815
1505816
1505817
1505818
1505819
1506710
1506711
1506712
1506713
1506714
1506715
1506716
1506717
1506718
1506719
1506810
1506811
1506812
1506813
1506814
1506815
1506816
1506817
1506818
1506819
1506870
1506871
1506872
1506873
1506874
1506875
1506876
1506877
1506878
1506879
1506880
1506881
1506882
1506883
1506884
1506885
1506886
1506887
1506888
1506889
1508860
1508861
1508862
1508863
1508864
1508865
1508866
1508867
1508868
1508869
1508870
1508871
1508872
1508873
1508874
1508875
1508876
1508877
1508878
1508879
1830571
1830581
1831485
1831486
1831487
1831488
1831489
1832440
1832441
1832442
1832443
1832444
1832445
1832446
1832447
1832448
1832449
1832910
1832911
1832912
1832913
1832914
1832915
1832916
1832917
1832918
1832919
1833430
1833431
1833432
1833433
1833434
1833435
1833436
1833437
1833438
1833439
1835700
1835701
1835702
1835703
1835704
1835710
1835711
1835712
1835713
1835714
1835715
1835716
1835717
1835718
1835719
1835810
1835811
1835812
1835813
1835814
1835815
1835816
1835817
1835818
1835819
1836710
1836711
1836712
1836713
1836714
1836715
1836716
1836717
1836718
1836719
1836800
1836801
1836802
1836803
1836804
1836810
1836811
1836812
1836813
1836814
1836815
1836816
1836817
1836818
1836819
1836880
1836881
1836882
1836883
1836884
1836885
1836886
1836887
1836888
1836889
1590571
1590581
1590660
1590661
1590662
1590663
1590664
1590665
1590666
1590667
1590668
1590669
1590671
1590681
1592410
1592411
1592412
1592413
1592414
1592415
1592416
1592417
1592418
1592419
1592560
1592561
1592562
1592563
1592564
1592565
1592566
1592567
1592568
1592569
1595710
1595711
1595712
1595713
1595714
1595715
1595716
1595717
1595718
1595719
1595800
1595801
1595802
1595803
1595804
1595810
1595811
1595812
1595813
1595814
1595815
1595816
1595817
1595818
1595819
1596710
1596711
1596712
1596713
1596714
1596715
1596716
1596717
1596718
1596719
1596810
1596811
1596812
1596813
1596814
1596815
1596816
1596817
1596818
1596819
1596880
1596881
1596882
1596883
1596884
1596885
1596886
1596887
1596888
1596889
1598810
1598811
1598812
1598813
1598814
1598815
1598816
1598817
1598818
1598819
1598840
1598841
1598842
1598843
1598844
1598845
1598846
1598847
1598848
1598849
1598880
1598881
1598882
1598883
1598884
1598885
1598886
1598887
1598888
1598889
1599000
1599001
1599002
1599003
1599004
1599005
1599006
1599007
1599008
1599009
1599010
1599011
1599012
1599013
1599014
1599015
1599016
1599017
1599018
1599019
1770571
1770581
1770640
1770641
1770642
1770643
1770644
1770650
1770651
1770652
1770653
1770671
1770681
1774200
1774201
1774202
1774203
1774204
1774680
1774681
1774682
1774683
1774684
1775710
1775711
1775712
1775713
1775714
1775715
1775716
1775717
1775718
1775719
1775800
1775801
1775802
1775803
1775804
1776450
1776451
1776452
1776453
1776454
1776455
1776456
1776457
1776458
1776459
1776705
1776706
1776707
1776708
1776709
1776710
1776711
1776712
1776713
1776714
1776715
1776716
1776717
1776718
1776719
1776720
1776721
1776722
1776723
1776724
1776725
1776726
1776727
1777400
1777401
1778855
1778856
1778857
1778858
1778859
1779450
1779451
1779452
1779453
1779454
1779455
1779456
1779457
1779458
1779459
1779980
1779981
1779982
1779983
1779984
1779985
1779986
1779987
1779989
1350571
1350581
1350671
1350681
1351571
1351581
1351670
1351671
1351672
1351677
1351680
1351681
1351682
1351685
1351687
1356710
1356711
1356712
1356713
1356714
1356715
1356716
1356717
1356718
1356719
1357545
1357546
1357547
1357548
1357549
1357570
1357571
1357572
1357573
1357574
1357575
1357576
1357577
1357578
1357579
1358800
1358801
1358802
1358803
1358804
1358805
1358806
1358807
1358808
1358809
1358810
1358811
1358812
1358813
1358814
1358815
1358816
1358817
1358818
1358819
1358820
1358821
1358822
1358823
1358824
1358825
1358826
1358827
1358828
1358829
1358830
1358831
1358832
1358833
1358834
1358835
1358836
1358837
1358838
1358839
1358840
1358841
1358842
1358843
1358844
1358845
1358846
1358847
1358848
1358849
1358870
1358871
1358872
1358873
1358874
1358875
1358876
1358877
1358878
1358879
1358880
1358881
1358882
1358883
1358884
1358885
1358886
1358887
1358888
1358889
1452200
1452201
1452202
1452203
1452204
1452205
1452206
1452207
1452208
1452209
1452240
1452241
1453100
1453101
1453102
1453103
1453104
1453105
1453106
1453107
1453108
1453109
1453110
1453111
1453112
1453113
1453114
1453115
1453116
1453117
1453118
1453119
1453120
1453121
1453122
1453123
1453124
1453125
1453126
1453127
1453128
1453129
1453200
1453201
1453202
1453203
1453204
1453205
1453206
1453207
1453208
1453209
1453210
1453211
1453212
1453213
1453214
1453215
1453216
1453217
1453218
1453219
1453220
1453230
1453231
1453232
1453233
1453234
1453235
1453236
1453237
1453238
1453239
1453240
1453241
1453242
1453243
1453244
1453245
1453246
1453247
1453248
1453249
1453300
1453301
1453302
1453303
1453304
1453305
1453306
1453307
1453308
1453309
1453310
1453311
1453312
1453313
1453314
1453315
1453316
1453317
1453318
1453319
1453320
1453321
1453322
1453323
1453324
1453325
1453326
1453327
1453328
1453329
1453330
1453331
1453332
1453333
1453334
1454160
1454161
1454168
1454171
1454701
1454711
1454713
1454721
1454722
1454725
1454731
1454752
1454753
1454754
1454755
1454756
1454757
1454758
1454759
1457170
1457171
1457172
1457173
1457174
1457175
1457176
1457177
1457178
1457179
1457180
1457181
1457970
1457971
1457972
