1650934
1980934
1981589
1989075
1989076
1989340
1989341
1989342
1989343
1989344
1989345
1989346
1989347
1989348
1989349
1570170
1570934
1571964
1571965
1573099
1575191
1576930
1576944
1840934
1841935
1841936
1841949
1841959
1841967
1841968
1841982
1910934
1911970
1911971
1911972
1911973
1911974
1911975
1911976
1911977
1911978
1911979
1911985
1911986
1911990
1911991
1911992
1911993
1911994
1914005
1914006
1914007
1914008
1914009
1919340
1919341
1919342
1919343
1919344
1919345
1919346
1919347
1919348
1320934
1323934
1323960
1323961
1326034
1326324
1326334
1326954
1373934
1470944
1471710
1471959
1471965
1471966
1471967
1471968
1471969
1479340
1479341
1479342
1479343
1479344
1479345
1479346
1479347
1479348
1479349
1880934
1889340
1889341
1889342
1889343
1889344
1889365
1889366
1889373
1889388
1889394
1889418
1889434
1889448
1889455
1750934
1810934
1813992
1813993
1814154
1814374
1815226
1815227
1815228
1815229
1818934
1819340
1819341
1819342
1819343
1819344
1819345
1819346
1819347
1819348
1819349
1819808
1520934
1521380
1521381
1521382
1521383
1521384
1521385
1521386
1521387
1521388
1521389
1526891
1526892
1526893
1526894
1526895
1526896
1526897
1526898
1526899
1529340
1529341
1529342
1529343
1529344
1529345
1529346
1529370
1529371
1529440
1529441
1529442
1529443
1529444
1529445
1529446
1529447
1529448
1529449
1510184
1510185
1510186
1510187
1510188
1510189
1510190
1510934
1510946
1510947
1519360
1519361
1519362
1519363
1519364
1519365
1519366
1519367
1519368
1519369
1820934
1820944
1821540
1821541
1821542
1821543
1821544
1821545
1821546
1821547
1821548
1821549
1821964
1821974
1821984
1821994
1829308
1829309
1829340
1829341
1829342
1829343
1829344
1829345
1829346
1829347
1829348
1829349
1829406
1829407
1829408
1829409
1829880
1829881
1829882
1829883
1829884
1829885
1829886
1829887
1829888
1829889
1829890
1582586
1760934
1769301
1769304
1730934
1732640
1732641
1732642
1732643
1732900
1732901
1732902
1732903
1732904
1734418
1735813
1735814
1735815
1739340
1739342
1739343
1739344
1739348
1739605
1310934
1311934
1311939
1311949
1313934
1313946
1315012
1315013
1319584
1319588
1870934
1871970
1871971
1871972
1871973
1871974
1871975
1874096
1874097
1879340
1879341
1879342
1879343
1879344
1879345
1879346
1879347
1879348
1879349
1879449
1879493
1879494
1380934
1383040
1383041
1383042
1383043
1383044
1383045
1383046
1383047
1383048
1383049
1388410
1388411
1388412
1388413
1388414
1388415
1388416
1388417
1388418
1388419
1660934
1669340
1669341
1669342
1669343
1669344
1669345
1669346
1800934
1803460
1803461
1808249
1808934
1809340
1809341
1809342
1809343
1809344
1809345
1809346
1809347
1809348
1809349
1530934
1530944
1533602
1533702
1533934
1533946
1533974
1534674
1534684
1534694
1534934
1534941
1535208
1535209
1535210
1535234
1535235
1537444
1537923
1537924
1537925
1537926
1539056
1539340
1539341
1539342
1539343
1539344
1890934
1891925
1891926
1891927
1891928
1891934
1899340
1899341
1899342
1899343
1899344
1899345
1899346
1899347
1899348
1899349
1362934
1364934
1367934
1368934
1959333
1713934
1713946
1715934
1716934
1717934
1330934
1332123
1335934
1336934
1336942
1338934
1338946
1339934
1560934
1560946
1568290
1568291
1568292
1568293
1568294
1568295
1568296
1569340
1569341
1569343
1569345
1569346
1569348
1569349
1780934
1780946
1783434
1784884
1786616
1788084
1789934
1850934
1850946
1859064
1990934
1994422
1996855
1999340
1999341
1999342
1999343
1999344
1999345
1999346
1999347
1999348
1999349
1999620
1999621
1999622
1999623
1999624
1999625
1999626
1999627
1999628
1999629
1390934
1391958
1391959
1391960
1391961
1399340
1399341
1399342
1399343
1399344
1399345
1399346
1399347
1399348
1399349
1671934
1672934
1673934
1860934
1869340
1869341
1869342
1869343
1869344
1869346
1869366
1869386
1550934
1556971
1556972
1556973
1559340
1559341
1559342
1559343
1559344
1559345
1559346
1559347
1303410
1303419
1304293
1308593
1309935
1309936
1939542
1452844
1454584
1459617
1459618
1459619
1351904
1351934
1770934
1771876
1771877
1775207
1775208
1775209
1778969
1779340
1779341
1779342
1779343
1779344
1779345
1779346
1779347
1779348
1779349
1500934
1502594
1509555
1509556
1509557
1509558
1509559
1509709
1509710
1509711
1509712
1830934
1836892
1839319
1839360
1839361
1839362
1839363
1839364
1839365
1839366
1839367
1839368
1839369
1839382
1839399
1839429
1839438
1839460
1839461
1839484
1839485
1839486
1839487
1839493
