1320473
1321473
1322473
1322480
1323473
1323845
1324516
1327030
1327473
1328473
1329473
1910473
1914713
1840473
1844713
1570473
1571473
1577131
1980473
1980493
1981575
1984733
1984799
1650473
1650992
1651150
1651473
1651484
1652473
1653473
1655473
1657481
1520473
1524730
1524731
1524732
1524733
1524734
1524735
1524736
1810473
1814730
1814731
1814732
1814733
1814734
1814759
1750473
1754730
1754731
1880473
1884730
1884731
1884732
1884733
1884734
1884735
1884736
1884737
1884738
1884739
1474713
1373473
1374730
1374731
1374732
1374733
1374734
1374735
1374736
1374830
1374831
1374832
1374833
1760473
1761473
1764813
1768473
1580473
1584808
1584830
1584831
1584832
1584833
1584834
1584835
1584930
1584931
1510473
1514473
1514730
1514731
1514732
1514737
1514738
1514739
1514740
1514741
1514742
1514743
1514744
1517470
1517471
1517472
1517473
1517474
1660473
1664730
1664773
1384730
1384731
1384732
1384733
1384734
1384735
1384736
1384830
1384831
1384832
1384833
1384834
1384835
1870473
1874788
1874789
1313473
1313498
1315473
1317131
1319058
1319068
1319135
1730473
1360473
1361473
1364473
1365473
1366485
1890473
1894730
1894797
1894798
1530473
1532673
1533273
1533473
1533563
1538473
1990473
1850473
1854730
1854731
1854732
1854733
1854734
1780473
1780493
1781403
1781438
1781443
1784739
1560473
1562473
1564730
1564731
1564732
1564733
1564734
1564735
1564736
1564737
1564738
1564739
1569473
1330473
1331473
1332703
1335473
1338473
1339473
1300959
1301509
1302959
1303473
1308473
1554084
1554735
1554736
1554737
1554738
1554739
1554825
1554826
1556116
1556117
1860473
1864729
1864730
1864731
1864732
1864733
1864734
1869746
1390473
1394730
1394731
1394732
1394733
1394734
1394833
1394834
1504814
1504818
1504832
1504833
1504834
1504978
1504979
1770473
1774730
1774731
1774732
1774838
1774839
1779072
1779073
1590473
1351473
1450273
1452482
1453483
1453484
1453485
1453486
1453499
1454324
