1870733
1871135
1871136
1871137
1871138
1871139
1877331
1877332
1877333
1877334
1877335
1877336
1877337
1877338
1877339
1877418
1877419
1877420
1879742
1879743
1661889
1667410
1667411
1667412
1667413
1667414
1668070
1668071
1668072
1668073
1668074
1668152
1668153
1668633
1668634
1380733
1380741
1387330
1387331
1387332
1387333
1387334
1387335
1387336
1387337
1387338
1387410
1387411
1387412
1387413
1387414
1387415
1387416
1387417
1387418
1387419
1310023
1310033
1310700
1310701
1310702
1310703
1310733
1311733
1311753
1313503
1313513
1313533
1316740
1316741
1316742
1316743
1316744
1765241
1580733
1586970
1586971
1586972
1586973
1586974
1587330
1587331
1587332
1587333
1587334
1587335
1587336
1587337
1587338
1587339
1588630
1588631
1588632
1588633
1588634
1588635
1588636
1588637
1588638
1588639
1589733
1340733
1340747
1346733
1346772
1346773
1346900
1346901
1346902
1346903
1348733
1348773
1348774
1348775
1971993
1972223
1972226
1820733
1827333
1510733
1511530
1511531
1511532
1511533
1511534
1511535
1511536
1511537
1511538
1511539
1511600
1511601
1511602
1511603
1511604
1511605
1511606
1511607
1511608
1511609
1517330
1517331
1517332
1517333
1517334
1517335
1517336
1517337
1517338
1517339
1519730
1519731
1519732
1519733
1519734
1519735
1519736
1519737
1519738
1519739
1520040
1520041
1520042
1520043
1520044
1520045
1520046
1520047
1520048
1520049
1520733
1520740
1520741
1520742
1527330
1527331
1527332
1527333
1527334
1527335
1527336
1527337
1527338
1527339
1529210
1529211
1529212
1529213
1529214
1529215
1529216
1529217
1529218
1529219
1529220
1529221
1529222
1529223
1529224
1470733
1477303
1477333
1370733
1370741
1376225
1376226
1376227
1376230
1376231
1376232
1376233
1376234
1376235
1376236
1376237
1376238
1376239
1378630
1378631
1378632
1378633
1378634
1378635
1378636
1378637
1378638
1378639
1378733
1378780
1378781
1378782
1378783
1378906
1378907
1378908
1378909
1752633
1757274
1757275
1757276
1757277
1757278
1757279
1757330
1757331
1757332
1757333
1757334
1757335
1757336
1757337
1757338
1757339
1757990
1757991
1757992
1757993
1757994
1757995
1757996
1757997
1757998
1757999
1758014
1758015
1758016
1758017
1758018
1758019
1758033
1758041
1758141
1758233
1758241
1880733
1887330
1887331
1887332
1887333
1887334
1887335
1887336
1887337
1887338
1887339
1320330
1320331
1320332
1320333
1320334
1320335
1320336
1320733
1321733
1323733
1325733
1325741
1327210
1327211
1327212
1327213
1327214
1329733
1329854
1329856
1910733
1917330
1917331
1917332
1917333
1917334
1917335
1917336
1917337
1917338
1917339
1981333
1987330
1987331
1987332
1987333
1989193
1989194
1989195
1989196
1989210
1989211
1989212
1989213
1989214
1989215
1989216
1989235
1989236
1989630
1989631
1847267
1570733
1571733
1571753
1577333
1837333
1500733
1507330
1507331
1507332
1507333
1507334
1507335
1507336
1507337
1507338
1507339
1507410
1507411
1507412
1507413
1507414
1509630
1509631
1509632
1509633
1509634
1509635
1509636
1509637
1509638
1509639
1350733
1351733
1351741
1357420
1357421
1357422
1357423
1357424
1357425
1357426
1357427
1357428
1357429
1452733
1452753
1770053
1770054
1774964
1590733
1597330
1597331
1597332
1597333
1597334
1597335
1597336
1597337
1597437
1597438
1597439
1300733
1300745
1301710
1301711
1301712
1301713
1301733
1302733
1302745
1303733
1304723
1305411
1305412
1305413
1305511
1305512
1305513
1307700
1307701
1307702
1307703
1307704
1307705
1307706
1307707
1307708
1307709
1308733
1726733
1672733
1672737
1672738
1674276
1674277
1390733
1390741
1390843
1397330
1397331
1397332
1397333
1397334
1397335
1397336
1397337
1397338
1397339
1397410
1397411
1397412
1397413
1397414
1397415
1397416
1397417
1397418
1397419
1397530
1397531
1397532
1397533
1397534
1397535
1397536
1397537
1397538
1397539
1557071
1557072
1557073
1557074
1557075
1557076
1557077
1557078
1557079
1557330
1557331
1557332
1557333
1557334
1557335
1557336
1557337
1557338
1557339
1557410
1557411
1557412
1557413
1557414
1557415
1557416
1557417
1557418
1557419
1558013
1558014
1558015
1558016
1860733
1860741
1867080
1867081
1867082
1867083
1867084
1867085
1867086
1867087
1867089
1867330
1867331
1867332
1867333
1867334
1867335
1867336
1867337
1867338
1867339
1867343
1869260
1869261
1850733
1852836
1852837
1852838
1787205
1787206
1787257
1787258
1789108
1560733
1560741
1561633
1561634
1561635
1561636
1561637
1561638
1561639
1567330
1567331
1567332
1567333
1567334
1567335
1567336
1567337
1567338
1567339
1567410
1567411
1567412
1567413
1567414
1567415
1567416
1567417
1567418
1567419
1567530
1567531
1567532
1567533
1567534
1567535
1567536
1567537
1567538
1567539
1569733
1569741
1990741
1990843
1991833
1991840
1991841
1991842
1995830
1995831
1995832
1995833
1995834
1995835
1995836
1995837
1995838
1995839
1997330
1997331
1997332
1997333
1997334
1997335
1997336
1997337
1997338
1997339
1997673
1330733
1330741
1331733
1331741
1332733
1333253
1333723
1333733
1334133
1334253
1334723
1334733
1334863
1335720
1335733
1336581
1336733
1336741
1337803
1337808
1338733
1338741
1339733
1339753
1339768
1890733
1890741
1890843
1897330
1897331
1897332
1897333
1897334
1897335
1897336
1897337
1897338
1897339
1897410
1897411
1897412
1897413
1897414
1897415
1897416
1897417
1897418
1897419
1897530
1897531
1897532
1897533
1897534
1897535
1897539
1360733
1360742
1361733
1361741
1361843
1362733
1363733
1363843
1364733
1365733
1366743
1530733
1530741
1534303
1534333
1534733
1534833
1536420
1536421
1536422
1536423
1536715
1536716
1536717
1536718
1536719
1536733
1536741
