1351909
1351939
1452849
1459642
1459643
1459644
1770447
1770939
1774580
1774583
1774584
1778939
1778945
1778946
1778959
1779390
1779391
1779392
1779393
1779394
1779395
1779396
1779397
1779398
1779399
1779444
1779445
1779446
1500939
1502596
1509573
1509574
1509575
1509576
1509717
1509718
1509719
1509720
1830939
1830949
1839312
1839313
1839314
1839347
1839348
1839349
1839353
1839354
1839355
1839356
1839357
1839358
1839359
1839377
1839378
1839379
1839396
1839463
1839488
1839494
1839495
1839496
1839497
1390939
1391955
1391956
1391957
1399390
1399391
1399392
1399393
1399394
1399395
1399396
1399397
1399398
1399399
1860939
1869336
1869389
1869390
1869391
1869392
1869393
1869394
1869395
1550930
1550939
1556986
1556987
1556988
1556989
1559390
1559391
1559392
1559393
1559402
1559403
1559404
1559405
1309932
1309934
1935775
1935776
1935777
1935778
1935779
1935890
1935891
1935892
1935893
1935894
1935895
1935896
1935897
1935898
1935899
1939590
1939591
1939592
1939593
1939594
1939595
1939596
1939597
1939598
1939599
1330939
1332139
1336939
1338939
1338949
1339939
1560939
1568299
1569390
1569393
1569394
1569397
1569398
1569399
1780939
1780949
1783423
1783424
1783427
1783428
1783439
1784889
1786615
1788089
1789939
1850939
1850949
1859069
1990939
1994423
1995840
1995841
1995842
1995843
1995844
1996856
1996857
1999390
1999391
1999392
1999393
1999394
1999395
1999396
1999397
1999398
1999399
1800939
1803464
1803465
1808939
1809390
1809391
1809392
1809395
1809396
1809397
1809398
1809399
1530939
1533609
1533705
1533939
1533979
1534679
1534689
1534809
1534904
1534939
1534948
1534949
1535223
1535224
1535239
1537449
1537804
1537805
1537806
1537807
1537808
1537809
1537939
1539059
1539318
1539319
1539327
1539328
1539329
1890939
1891939
1891944
1891949
1899390
1899391
1899392
1899393
1899394
1362939
1364939
1365939
1368937
1368939
1730939
1734419
1737062
1738946
1739306
1739391
1739392
1739393
1739395
1739396
1739397
1739398
1739399
1739420
1739421
1739422
1739423
1739424
1739428
1739429
1739440
1739445
1739446
1739447
1739448
1739449
1739606
1739608
1739740
1739741
1739742
1313939
1313941
1315003
1315008
1319580
1870695
1870696
1870697
1870939
1871955
1871956
1871957
1871958
1871959
1879390
1879391
1879392
1879393
1879394
1879395
1879396
1879397
1879398
1879399
1879407
1879408
1879409
1879410
1879411
1879412
1879413
1879495
1879496
1879497
1879498
1879499
1380939
1383090
1383091
1383092
1383093
1383094
1383095
1383096
1383097
1383098
1383099
1660939
1660946
1669307
1669390
1669391
1669392
1669393
1669394
1669395
1669396
1669397
1669398
1669399
1669410
1669411
1669412
1669413
1669414
1510394
1510395
1510396
1510397
1510398
1510399
1510939
1510948
1510949
1519390
1519391
1519392
1519393
1519394
1519395
1519396
1519397
1519398
1519399
1820939
1820949
1821969
1821989
1821999
1829390
1829391
1829392
1829393
1829394
1829395
1829396
1829397
1829398
1829399
1829450
1829451
1829452
1829453
1829454
1829455
1829456
1829457
1829458
1829459
1829460
1829461
1829462
1829463
1829464
1829465
1829466
1829467
1829468
1829469
1829470
1829471
1829472
1829473
1829474
1829863
1580934
1580939
1580948
1580949
1582587
1582588
1582589
1760939
1769309
1769361
1769362
1769363
1769364
1769365
1769366
1769398
1344794
1344894
1470949
1471717
1471930
1471931
1471932
1471933
1471934
1471935
1471936
1471937
1471938
1471939
1479350
1479351
1479360
1479361
1479362
1479363
1479364
1479365
1479366
1479367
1479368
1479369
1373939
1880939
1889335
1889338
1889339
1889399
1889419
1889429
1750939
1759346
1759347
1759348
1759349
1759390
1759391
1759392
1759393
1759394
1759395
1810939
1811939
1813994
1813995
1813996
1813997
1814159
1815219
1815391
1818939
1819390
1819391
1819392
1819393
1819394
1819395
1819396
1819397
1819398
1819399
1819444
1819445
1819446
1819447
1819804
1520939
1529335
1529336
1529337
1529338
1529339
1529391
1529392
1529393
1529394
1529395
1529396
1529397
1529398
1529399
1529406
1529407
1529408
1529409
1529410
1650939
1980939
1981588
1989390
1989391
1989392
1989393
1989394
1989395
1989396
1989397
1989398
1989399
1989411
1989412
1989413
1989606
1989607
1989608
1989609
1570173
1570939
1570949
1571969
1573092
1576937
1576949
1579116
1840939
1841810
1841811
1841908
1841918
1841923
1841930
1841946
1841954
1841969
1841978
1841985
1841991
1841997
1841998
1910939
1911995
1911996
1911997
1911998
1911999
1919390
1919391
1919392
1919393
1919395
1919396
1919397
1919398
1919399
1320939
1320944
1323939
1323944
1329939
