1361474
1361484
1362474
1364474
1365474
1366404
1366405
1369473
1369474
1890474
1894740
1894741
1894784
1894785
1894786
1530474
1532674
1532681
1533274
1533283
1533474
1533564
1534423
1535281
1535286
1537467
1537474
1538474
1538974
1539122
1539474
1804740
1804741
1804742
1804743
1804744
1804746
1804747
1804748
1990474
1994714
1999778
1850474
1850484
1850494
1854740
1854741
1854742
1854743
1854744
1854745
1854746
1854747
1854748
1854749
1780484
1780494
1781435
1784718
1784719
1784720
1784721
1784744
1784874
1789724
1560474
1562464
1562465
1562466
1562467
1562468
1562469
1562474
1564740
1564741
1564742
1564743
1564744
1564745
1564746
1564747
1564748
1564749
1564890
1564891
1564892
1564893
1564894
1564895
1564896
1564897
1564898
1564899
1569474
1330474
1331474
1332714
1333713
1333714
1335474
1338474
1339474
1339488
1300953
1301503
1301523
1302953
1303474
1308023
1308474
1308857
1308858
1308859
1550474
1554001
1554002
1554040
1554041
1554042
1554043
1554044
1554740
1554741
1554742
1554743
1554744
1554745
1554746
1554747
1554748
1554749
1554815
1554816
1554817
1556060
1556061
1556062
1556063
1556064
1556065
1556066
1559850
1559851
1559852
1559853
1860474
1860484
1864740
1864741
1864742
1864743
1864744
1864745
1864746
1864747
1864748
1864749
1864805
1864806
1864865
1864866
1671482
1672482
1672693
1672805
1673474
1673478
1673480
1673481
1673482
1673483
1390474
1394740
1394741
1394742
1394743
1394744
1394745
1394746
1394747
1394844
1394848
1394849
1394859
1394874
1394884
1394894
1830474
1834740
1834741
1834742
1834743
1834744
1834745
1834746
1834747
1834748
1834749
1500474
1504741
1504742
1504743
1504744
1504829
1504840
1504841
1504842
1504843
1504844
1504845
1504846
1504847
1504848
1504849
1504999
1621474
1770474
1774740
1774741
1774742
1774783
1774784
1774827
1774828
1590474
1590484
1592445
1592455
1594704
1594757
1594768
1594770
1594777
1350064
1351474
1351484
1450274
1452483
1452484
1453393
1453394
1453395
1453396
1454335
1320474
1321404
1321474
1322474
1322479
1323474
1323846
1323847
1323848
1324517
1324518
1327474
1328474
1328481
1328482
1329474
1329694
1329695
1910474
1910484
1840474
1840484
1841433
1844714
1844744
1844745
1844746
1844747
1844748
1570474
1571474
1571484
1573474
1575060
1575061
1575062
1575474
1576474
1576479
1576480
1576481
1576489
1576498
1576499
1577144
1577145
1577474
1577479
1577482
1980488
1980499
1984702
1984713
1655474
1655843
1656474
1656604
1656674
1657164
1520474
1524740
1524741
1524742
1524743
1524744
1524745
1524746
1524747
1524748
1810474
1814740
1814741
1814742
1814743
1814744
1814745
1814748
1750474
1751985
1751986
1751987
1751988
1751989
1754740
1754741
1754742
1754743
1754840
1754841
1754842
1754843
1754844
1754845
1754846
1754847
1754848
1754849
1880474
1884740
1884741
1884742
1884743
1884744
1884745
1884746
1884747
1884748
1884749
1884818
1474714
1474740
1474741
1474742
1474743
1474744
1474745
1474746
1474747
1474748
1474749
1478474
1479474
1370474
1373474
1373488
1373995
1374740
1374741
1374742
1374743
1374744
1374745
1374747
1374748
1374749
1375404
1375414
1378944
1378954
1378964
1348474
1760474
1761474
1761484
1764740
1764809
1764814
1768474
1768483
1768484
1768485
1768488
1768489
1580474
1584740
1584741
1584742
1584743
1584744
1584745
1584746
1584803
1584804
1584805
1584806
1584807
1584840
1584841
1584842
1584843
1584844
1584845
1584846
1584847
1584848
1584849
1584940
1584941
1584942
1584943
1584944
1584945
1820474
1824740
1824741
1824742
1824743
1824744
1824745
1824746
1824747
1824748
1824749
1510474
1510486
1511474
1514474
1514484
1514485
1514486
1514487
1514488
1514489
1514746
1514747
1514748
1514749
1516470
1516471
1516472
1516473
1516474
1516475
1516476
1516477
1516478
1516479
1660474
1660484
1664745
1664746
1664747
1664748
1664749
1664840
1664841
1664842
1664843
1664844
1664845
1664846
1664847
1664848
1664849
1384740
1384741
1384742
1384743
1384744
1384746
1384747
1384748
1384749
1384843
1384844
1384864
1870474
1874747
1874748
1874749
1874840
1874841
1874842
1874843
1312174
1312674
1313474
1315080
1315081
1315082
1315083
1315084
1315474
1317130
1319059
1319062
1319063
1319064
1319065
1319157
1319158
1730474
