1478378
1478382
1478383
1478384
1370078
1370378
1370761
1372320
1372321
1372322
1372323
1372324
1372325
1372326
1372327
1372328
1372329
1374912
1374913
1374914
1374915
1374916
1378110
1378111
1378112
1378113
1378114
1378115
1378116
1378117
1378118
1378119
1378378
1378390
1378399
1880362
1880378
1883780
1883781
1883782
1883783
1883784
1883785
1883786
1883787
1883788
1883789
1886411
1752571
1752572
1752573
1752574
1753014
1753781
1753782
1753783
1753784
1753786
1753787
1753788
1753789
1520378
1522545
1522546
1522547
1522548
1522549
1522600
1522601
1522602
1522603
1522604
1522605
1522606
1522607
1522608
1522609
1523780
1523781
1523782
1523783
1523784
1523785
1523786
1523787
1523788
1523789
1810378
1650378
1650829
1651690
1651696
1651699
1651764
1651891
1652034
1652873
1653246
1980378
1981271
1983781
1983782
1983783
1983784
1983785
1983786
1983787
1983788
1983789
1983841
1840378
1843782
1843786
1570378
1571378
1571642
1571670
1571671
1573685
1573686
1573687
1573689
1573781
1573782
1573783
1573784
1573785
1573786
1573787
1573848
1321397
1321398
1321399
1322378
1322379
1322380
1324305
1324306
1327114
1327115
1327304
1327378
1328304
1328378
1329508
1910378
1913733
1913780
1913781
1913782
1913783
1913784
1914378
1310178
1310378
1312440
1313756
1313757
1313758
1313759
1313780
1313781
1313782
1313783
1313784
1314045
1314046
1318325
1318326
1318327
1318328
1319375
1319376
1319377
1319378
1319379
1870378
1873690
1873691
1873692
1873693
1873694
1873695
1873696
1873697
1873698
1873699
1873780
1873781
1873782
1873783
1873784
1873785
1873786
1873787
1873788
1873789
1873895
1873896
1873897
1873898
1873899
1873995
1873996
1873997
1873998
1874980
1874981
1874982
1874983
1874984
1874985
1874986
1874987
1874988
1874989
1660378
1662750
1662751
1662752
1662753
1662754
1662755
1662756
1662757
1662758
1662759
1662760
1662761
1662780
1662781
1662782
1662783
1662784
1662785
1662786
1662787
1662788
1662789
1663471
1663472
1663473
1663474
1663780
1663781
1663782
1663783
1663784
1663785
1663786
1663787
1663788
1663789
1663826
1663827
1663828
1380378
1383780
1383781
1383782
1383783
1383784
1383785
1383786
1383787
1383788
1383789
1383995
1383996
1383997
1383998
1383999
1384912
1384913
1384914
1384915
1384916
1820378
1823650
1823651
1823652
1823653
1823654
1823655
1823656
1823657
1823658
1823659
1823780
1823781
1823782
1823783
1823784
1823785
1823786
1823787
1823788
1823789
1823820
1823821
1823822
1823823
1823824
1510378
1513780
1513781
1513782
1513783
1513784
1513785
1513786
1513787
1513788
1513789
1519460
1519461
1519462
1519463
1519464
1580378
1583780
1583781
1583782
1583783
1583784
1583785
1583786
1583787
1583788
1583789
1589030
1589031
1589032
1589033
1589034
1589035
1589036
1589037
1589038
1589039
1589090
1589091
1589092
1589093
1589094
1589095
1589096
1589097
1589098
1589099
1340378
1341975
1341976
1341977
1341978
1341979
1346060
1346061
1346062
1346063
1346064
1346065
1346066
1346067
1346068
1346069
1346070
1346071
1346072
1346073
1346074
1346075
1346076
1346077
1346078
1346079
1717150
1717156
1718438
1330378
1332365
1332378
1333378
1334365
1334378
1334677
1335378
1335381
1335382
1335383
1338378
1339380
1339381
1339382
1339383
1339384
1783781
1783784
1783785
1783786
1783787
1783789
1783805
1783806
1788490
1788491
1789677
1853013
1853789
1856703
1856866
1560378
1563780
1563781
1563782
1563783
1563784
1563785
1563786
1563787
1563788
1563789
1564940
1564941
1564942
1564943
1564944
1566428
1567267
1569067
1990378
1993782
1993783
1993784
1993958
1993959
1994937
1994938
1533126
1533378
1534378
1800378
1890378
1893780
1893781
1893782
1893783
1893784
1893785
1893786
1893787
1893788
1893789
1360348
1360378
1360860
1361378
1361981
1362378
1363378
1363969
1364378
1365378
1366378
1367378
1368378
1369378
1369389
1369390
1350348
1350378
1351378
1352378
1356950
1356951
1356952
1356953
1356954
1359210
1359211
1359212
1359213
1359214
1359875
1359876
1359877
1359878
1359879
1452328
1452329
1960378
1773920
1779671
1590378
1593780
1593781
1593782
1593783
1593784
1593785
1593786
1593787
1593788
1593789
1593850
1593851
1593852
1593853
1593854
1593855
1593856
1593857
1593858
1593859
1599330
1599331
1599332
1599333
1599334
1599335
1599336
1599337
1599338
1599339
1623989
1623994
1623995
1830378
1830385
1830386
1830387
1830388
1831780
1831781
1831782
1831783
1831784
1831785
1831786
1831787
1831788
1831789
1833780
1833781
1833782
1833783
1833784
1833785
1833786
1833787
1833788
1833789
1833840
1833841
1833842
1833843
1833844
1833845
1833846
1500378
1503780
1503781
1503782
1503783
1503784
1503785
1503786
1503787
1503788
1503789
1503900
1503901
1503902
1503903
1503904
1509360
1509361
1509362
1509364
1509365
1509366
1509367
1509368
1509369
1671291
1671292
1671293
1671294
1671295
1671296
1671297
1671645
1671646
1671647
1390378
1393780
1393781
1393782
1393783
1393784
1393785
1393786
1393787
1393788
1393789
1393860
1393861
1393862
1393863
1393864
1394940
1394941
1394942
1394943
1394944
1550378
1551403
1551409
1551520
1551521
1551522
1551523
1551524
1551525
1551526
1551542
1551543
1551544
1551780
1551781
1551782
1551783
1553780
1553781
1553782
1553783
1553784
1553785
1553786
1553787
1553788
1553789
1556510
1556511
1556512
1556513
1860378
1861378
1862370
1862378
1862482
1862483
1862545
1862546
1863780
1863781
1863782
1863783
1863784
1863785
1863786
1863787
1863788
1863789
1863975
1863976
1863977
1869778
1300764
1301758
1301762
1302764
1304378
1304478
1306930
1306931
1306932
1306933
1306934
1308378
1308388
1308424
1308700
