1452764
1301494
1303687
1304783
1308676
1309783
1720089
1332164
1332174
1332474
1332480
1334754
1334758
1336754
1336774
1336784
1337703
1338774
1339774
1784018
1784019
1784042
1784043
1784044
1784045
1784046
1784047
1784081
1784087
1787742
1787743
1787744
1787745
1787746
1787748
1787749
1787750
1787751
1990784
1997636
1997637
1997638
1997639
1999476
1999477
1999798
1999799
1890784
1897840
1897841
1897842
1897843
1897844
1897845
1897846
1897847
1310044
1310054
1311764
1311767
1312357
1313287
1313294
1319753
1319754
1667494
1667760
1667761
1667762
1667763
1667764
1667972
1767794
1767795
1759566
1981397
1987743
1987744
1989783
1989784
1989785
1989786
1989787
1989788
1989789
1321144
1321784
1321789
1323774
1323777
1323784
1326379
1326384
1910784
1915240
1915241
1915242
1915243
1915244
1917250
1917251
1917252
1917253
1917254
1917840
1917841
1917842
1917843
1917844
1917845
1917846
1917847
1917848
1917849
1919770
1919771
1919772
1919773
1919774
1919775
1919776
1919777
1919778
1919779
1919780
1919781
1919782
1919783
1919784
1919785
1919786
1919787
1919788
1919789
1919790
1919791
1919792
1919793
1919794
1919795
1919796
1919797
1919798
1919799
