1820806
1828906
1828916
1828917
1588906
1768906
1768916
1768956
1730896
1735450
1735456
1738906
1738996
1738997
1739716
1739719
1388906
1668906
1870806
1870807
1879896
1879897
1572676
1572896
1840896
1848916
1848919
1848926
1848929
1980986
1981436
1988916
1988926
1989956
1989959
1910896
1918910
1322896
1329896
1889806
1889808
1750986
1758906
1471896
1472896
1478906
1810896
1814146
1814326
1814327
1814385
1814386
1818496
1818996
1520806
1520807
1528906
1528916
1868906
1868916
1390896
1398906
1398996
1770896
1771196
1774076
1778456
1778906
1778996
1778997
1351896
1354903
1452396
1454266
1459436
1459536
1508906
1830806
1838906
1800896
1807696
1808906
1808996
1534896
1361896
1362896
1363896
1364896
1365896
1890896
1898906
1898996
1330896
1332256
1339806
1990896
1998926
1998936
1998937
1998946
1998949
1560896
1569266
1780896
1786766
1788806
1788906
1788909
1788916
1788917
1788926
1788936
1788966
1789146
1789906
1858916
1858941
