1730532
1730542
1730639
1735334
1735335
1735336
1735341
1735342
1735343
1736222
1736223
1736224
1736225
1310512
1310513
1310514
1310515
1310516
1310517
1310518
1310519
1310532
1310542
1312700
1312701
1312702
1312703
1312704
1312705
1312706
1314532
1314542
1315320
1315321
1315322
1315323
1315324
1315325
1315326
1315327
1315328
1315329
1315603
1315604
1315605
1315620
1315621
1315622
1315623
1315624
1315625
1315626
1315627
1315628
1315629
1315636
1315637
1315638
1315639
1315642
1315648
1315685
1315686
1315687
1315688
1315689
1316500
1316501
1316502
1316503
1316504
1316505
1316506
1316507
1316508
1316509
1316515
1316516
1316532
1316542
1317320
1317321
1317322
1317323
1317324
1317639
1317648
1317650
1317651
1317652
1317653
1317685
1317686
1317687
1317688
1317689
1318413
1318414
1318895
1318896
1318897
1318898
1318899
1870532
1870542
1870630
1870642
1870648
1872470
1872471
1872472
1872473
1872474
1872475
1872476
1872477
1872478
1872479
1875320
1875321
1875322
1875323
1875324
1875325
1875326
1875327
1875328
1875329
1875420
1875421
1875422
1875423
1875424
1875425
1875426
1875427
1875428
1875429
1876300
1876390
1876420
1876421
1876422
1876423
1876424
1876425
1876426
1876427
1876428
1876429
1876520
1876521
1876522
1876523
1876524
1876525
1876526
1876527
1876528
1876529
1876532
1876542
1876590
1876591
1876592
1876593
1876594
1876595
1876596
1876597
1876598
1876599
1876620
1876621
1876622
1876623
1876624
1876625
1876626
1876627
1876628
1876629
1876639
1876642
1876648
1380532
1380542
1380639
1380642
1380644
1380895
1380896
1380897
1380898
1380899
1385320
1385321
1385322
1385323
1385324
1385325
1385326
1385327
1385328
1385329
1385420
1385421
1385422
1385423
1385424
1385425
1385426
1385427
1385428
1385429
1386390
1386391
1386392
1386393
1386394
1386395
1386396
1386397
1386398
1386399
1386420
1386421
1386422
1386423
1386424
1386425
1386426
1386427
1386428
1386429
1386480
1386481
1386482
1386483
1386484
1386485
1386486
1386487
1386488
1386489
1386980
1386981
1386982
1386983
1386984
1386985
1386986
1386987
1386988
1386989
1388463
1388494
1388495
1388496
1388497
1660532
1660542
1665320
1665321
1665322
1665323
1665324
1665325
1665326
1665327
1665328
1665329
1665420
1665421
1665422
1667840
1667841
1667842
1667843
1667850
1667851
1667852
1667853
1667854
1667855
1667856
1667857
1667858
1667859
1667860
1667861
1667862
1667863
1667864
1667865
1667866
1667867
1667868
1667869
1667870
1667871
1667872
1667873
1667874
1667875
1667876
1667877
1667878
1667879
1667895
1667896
1667897
1667898
1667899
1510532
1510542
1515320
1515321
1515322
1515323
1515324
1515325
1515326
1515327
1515328
1515329
1515420
1515421
1515422
1515423
1515424
1515425
1515426
1515427
1515428
1515429
1515441
1515442
1515443
1515444
1516520
1516521
1516522
1516523
1516524
1516525
1516526
1516527
1516528
1516529
1516532
1516542
1516600
1516601
1516602
1516603
1516604
1516605
1516606
1516639
1516642
1516660
1516661
1516662
1516663
1516664
1516665
1516666
1516667
1516668
1516669
1519200
1519201
1519202
1519203
1519204
1519205
1519206
1519207
1519208
1519209
1519248
1519249
1519250
1519251
1519252
1519253
1519254
1519255
1519256
1519257
1519258
1519259
1519260
1519261
1519262
1519263
1519264
1519265
1519266
1519267
1519268
1519269
1519270
1519271
1519272
1519273
1519274
1519275
1519276
1519277
1519278
1519279
1519420
1519421
1519422
1519423
1519424
1519425
1519426
1519427
1519428
1519429
1519430
1820532
1820542
1825320
1825321
1825322
1825323
1825324
1825325
1825326
1825327
1825328
1825329
1825420
1825421
1825422
1825423
1825424
1825425
1825426
1825427
1825428
1825429
1826532
1826542
1826620
1826621
1826622
1826623
1826639
1826642
1826648
1826661
1826662
1826663
1826664
1826665
1580532
1580542
1580639
1580642
1580650
1580651
1580652
1580653
1580654
1580655
1580656
1580657
1580658
1580659
1582002
1582003
1582008
1585320
1585321
1585322
1585323
1585324
1585325
1585326
1585327
1585328
1585329
1585420
1585421
1585422
1585423
1585424
1585425
1585426
1585427
1585428
1585429
1586300
1586301
1586302
1586303
1586304
1586305
1586306
1586307
1586308
1586309
1586311
1586344
1586345
1586346
1586347
1586348
1586420
1586421
1586422
1586423
1586424
1586425
1586426
1586427
1586428
1586429
1586470
1586471
1586472
1586473
1586474
1586532
1586550
1586551
1586552
1586553
1586554
1586555
1586556
1586557
1586558
1586559
1586680
1586681
1586682
1586683
1586684
1586685
1586686
1586687
1586688
1586689
1589880
1589881
1589882
1589883
1589884
1589885
1589886
1589887
1589888
1760532
1760542
1760639
1760642
1760648
1761532
1761639
1764470
1764471
1764472
1764473
1764474
1764475
1764476
1764477
1764478
1764479
1765320
1765321
1765322
1765323
1765324
1765325
1765326
1765327
1765328
1765329
1765700
1765701
1765702
1765703
1765704
1765705
1765706
1765707
1765708
1765709
1765710
1765711
1765712
1765713
1765714
1765715
1765716
1765717
1765718
1765719
1765847
1765848
1765849
1765890
1765891
1765892
1765893
1765894
1765895
1765896
1765897
1765898
1765899
1766021
1766022
1766023
1766024
1766043
1766044
1766045
1766060
1766061
1766062
1766063
1766064
1766065
1766066
1766067
1766068
1766069
1766090
1766091
1766092
1766093
1766094
1766095
1766096
1766097
1766098
1766099
1766390
1766391
1766392
1766393
1766394
1766395
1766396
1766397
1766398
1766399
1766400
1766401
1766402
1766403
1766404
1766405
1766406
1766407
1766408
1766409
1766750
1766751
1766752
1766753
1766754
1766755
1766756
1766757
1766758
1766759
1766760
1766761
1766762
1766763
1766764
1766765
1766766
1766767
1766768
1766769
1766770
1766771
1766772
1766773
1766774
1766775
1766776
1766777
1766778
1766779
1766780
1766781
1766782
1766783
1766784
1766785
1766786
1766787
1766788
1766789
1766790
1766791
1766792
1766793
1766794
1766795
1766796
1766797
1766798
1766799
1766938
1766939
1766940
1766941
1766942
1766943
1766944
1766945
1766946
1766947
1766948
1766949
1766950
1766951
1766952
1766953
1766954
1766955
1766956
1766957
1766958
1766959
1766960
1766961
1766962
1766963
1766964
1766965
1766966
1766967
1766968
1766969
1766970
1766971
1766972
1766973
1766974
1766975
1766976
1766977
1766978
1766979
1766980
1766981
1766982
1766983
1766984
1766985
1766986
1766987
1766988
1766989
1766990
1766991
1766992
1766993
1766994
1766995
1766996
1766997
1766998
1766999
1768440
1768441
1768442
1768443
1768444
1768445
1768446
1768447
1768448
1768449
1768544
1768545
1768547
1768550
1768551
1768552
1768553
1768554
1768555
1768556
1768557
1768558
1768559
1768570
1768571
1768572
1768573
1768574
1768575
1768576
1768577
1768578
1768579
1768580
1768581
1768582
1768583
1768584
1768585
1768586
1768587
1768588
1768589
1768643
1768644
1768645
1340532
1340542
1340642
1340648
1340680
1340681
1340760
1344572
1344579
1344957
1345520
1345521
1345522
1345523
1345524
1345525
1345526
1345527
1345528
1345529
1346532
1346542
1346544
1346580
1346581
1346582
1346583
1346584
1346585
1346586
1346587
1346588
1346589
1346828
1346829
1347532
1347542
1347544
1347580
1347581
1347582
1347583
1347584
1347585
1347586
1347587
1470532
1470542
1470639
1470642
1470648
1475315
1475316
1475317
1475318
1475319
1475320
1475321
1475322
1475323
1475324
1475325
1475326
1475327
1475328
1475329
1475347
1475348
1475349
1476325
1476326
1476327
1476390
1476391
1476392
1476393
1476394
1476395
1476396
1476397
1476398
1476399
1476890
1476891
1370532
1370542
1370630
1370634
1370642
1370648
1370895
1370896
1370897
1370898
1370899
1373090
1373091
1373092
1373093
1373094
1373095
1373096
1373097
1373098
1373099
1374863
1378060
1378061
1378062
1378063
1378064
1378065
1378066
1378067
1378068
1378069
1378984
1378985
1378986
1378987
1378988
1379180
1379181
1379182
1379183
1379184
1379190
1379191
1379192
1379193
1379194
1379195
1379196
1379197
1379198
1379199
1379242
1379243
1379244
1379245
1379246
1379247
1379248
1379249
1379280
1379281
1379282
1379283
1379284
1379285
1379286
1379287
1379288
1379289
1379290
1379291
1379320
1379321
1379322
1379323
1379324
1379325
1379326
1379327
1379328
1379329
1750532
1750542
1750639
1750642
1750648
1751532
1751542
1755320
1755321
1755322
1755323
1755324
1755325
1755326
1755327
1755328
1755329
1755414
1755415
1755416
1755417
1755418
1755419
1755420
1755421
1755422
1755423
1755424
1755425
1755426
1755427
1755532
1755542
1756005
1756006
1756007
1756008
1756009
1756165
1756166
1756167
1756168
1756169
1756170
1756171
1756172
1756173
1756174
1756175
1756176
1756177
1756178
1756179
1756180
1756181
1756182
1756183
1756184
1756185
1756186
1756187
1756188
1756189
1756190
1756191
1756192
1756193
1756194
1756195
1756196
1756197
1756198
1756199
1756390
1756391
1756392
1756393
1756394
1756395
1756396
1756397
1756398
1756399
1756700
1756701
1756702
1756703
1756704
1756705
1756706
1756707
1756708
1756709
1756710
1756711
1756712
1756713
1756714
1756715
1756716
1756717
1756718
1756719
1756890
1756891
1756892
1756893
1756894
1756895
1756896
1756897
1756898
1756899
1756900
1756901
1756902
1756903
1756904
1756905
1756906
1756907
1756908
1756909
1758372
1758373
1758374
1758375
1758376
1758377
1758378
1758379
1758380
1758381
1758382
1758383
1758384
1758385
1758386
1758387
1758388
1758389
1758390
1758391
1758392
1758393
1758394
1758395
1758396
1758397
1758398
1758399
1758400
1758401
1758402
1758403
1758404
1758405
1758406
1758407
1758408
1758409
1758815
1758816
1758817
1880532
1880542
1880639
1880642
1880648
1881532
1881639
1885320
1885321
1885322
1885323
1885324
1885325
1885326
1885327
1885328
1885329
1885420
1885421
1885422
1885423
1885424
1885425
1885426
1885427
1885428
1885429
1886390
1886391
1886392
1886393
1886394
1886395
1886396
1886397
1886398
1886399
1886532
1886620
1886621
1886622
1886623
1886624
1886625
1886626
1886627
1886628
1886629
1886639
1886642
1886648
1886662
1810036
1810037
1810532
1810542
1810639
1815320
1815321
1815322
1815323
1815324
1815325
1815326
1815327
1815328
1815329
1520532
1520542
1521532
1521542
1521639
1521642
1521648
1522441
1522442
1522443
1522444
1522445
1524420
1524421
1524422
1524423
1524424
1524425
1524426
1524427
1524428
1524429
1525320
1525321
1525322
1525323
1525324
1525325
1525326
1525327
1525328
1525329
1525420
1525421
1525422
1525423
1525424
1525425
1525426
1525427
1525428
1525429
1526303
1526304
1526305
1526420
1526421
1526422
1526423
1526424
1526425
1526426
1526427
1526428
1526429
1526520
1526521
1526522
1526523
1526524
1526525
1526526
1526527
1526528
1526529
1526532
1526542
1526620
1526621
1526622
1526623
1526624
1526625
1526920
1526921
1526922
1526923
1526924
1526925
1526926
1526927
1526928
1526929
1527520
1527521
1527522
1527523
1527524
1527525
1527526
1527527
1527528
1527529
1527532
1527542
1528896
1528897
1528898
1980532
1980542
1981245
1981483
1981986
1981987
1981990
1981991
1981992
1981993
1981994
1981995
1981996
1981997
1981998
1981999
1985320
1985321
1985322
1985323
1985324
1985325
1985326
1985327
1985328
1985329
1985420
1985421
1985422
1985423
1985424
1985425
1985426
1985427
1985428
1985429
1986145
1986146
1986147
1986148
1986149
1986220
1986221
1986222
1986223
1986224
1986225
1986226
1986227
1986228
1986280
1986281
1986282
1986283
1986284
1986285
1986286
1986287
1986288
1986289
1986370
1986371
1986372
1986373
1986374
1986375
1986376
1986377
1986378
1986379
1650057
1650061
1650154
1650181
1650369
1650381
1650406
1650532
1650542
1650727
1650929
1651033
1651216
1651248
1651399
1651532
1651630
1651637
1651638
1651782
1651787
1652062
1652069
1652108
1652148
1652175
1652181
1652186
1652532
1653051
1653151
1653225
1653247
1653253
1653271
1653273
1653488
1653532
1653567
1653572
1653732
1653822
1653832
1653904
1655026
1655150
1655152
1655153
1655154
1655155
1655156
1655157
1655158
1655159
1655200
1655201
1655202
1655203
1655204
1655205
1655206
1655207
1655208
1655209
1655210
1655211
1655212
1655213
1655214
1655215
1655216
1655217
1655218
1655219
1655220
1655221
1655223
1655224
1655225
1655226
1655227
1655228
1655229
1655320
1655321
1655322
1655323
1655324
1655325
1655326
1655327
1655328
1655329
1655532
1655695
1655737
1655877
1655917
1656008
1656056
1656154
1656157
1656207
1656208
1656221
1656384
1656501
1656510
1656513
1656527
1656528
1656532
1656557
1656568
1656575
1656585
1656587
1656596
1656597
1656605
1656615
1656630
1656657
1656710
1656712
1656732
1656751
1656752
1656753
1656790
1656791
1656792
1656793
1656830
1656832
1656907
1656920
1656923
1656927
1656928
1656930
1656980
1656981
1656982
1656983
1656985
1657001
1657161
1657167
1657201
1657208
1657213
1657217
1657227
1657236
1657251
1657253
1657265
1657276
1657285
1657286
1657287
1657291
1657296
1657300
1657307
1657351
1657448
1657516
1657532
1657563
1570532
1570542
1570639
1570642
1571270
1571271
1571272
1571273
1571274
1571275
1571276
1571277
1571278
1571279
1571532
1571542
1572520
1572521
1572522
1572523
1572524
1572525
1572526
1572527
1572532
1572542
1572620
1572621
1572622
1572623
1572624
1572625
1572626
1572627
1572639
1572642
1572648
1574532
1574533
1574534
1574535
1574536
1574537
1575320
1575321
1575322
1575323
1575324
1575325
1575326
1575327
1575328
1575329
1576225
1576226
1576227
1576228
1576229
1576390
1576391
1576392
1576393
1576394
1576395
1576396
1576397
1576398
1576399
1576420
1576421
1576422
1576423
1576424
1576425
1576426
1576427
1576428
1576429
1579430
1579431
1579432
1579433
1579434
1579435
1579436
1579437
1579438
1579439
1840532
1840542
1845320
1845321
1845322
1845323
1845324
1845325
1845326
1845327
1845328
1845329
1845420
1845421
1845422
1845423
1845424
1845425
1845426
1845427
1845428
1845429
1846200
1846201
1846202
1846203
1846204
1846420
1846421
1846422
1846423
1846424
1910041
1910532
1910542
1910639
1910642
1910648
1915320
1915321
1915322
1915323
1915324
1915325
1915326
1915327
1915328
1915329
1915440
1915441
1915444
1320532
1320636
1320637
1320638
1320639
1320641
1320642
1320643
1320644
1320645
1320646
1320647
1320648
1320649
1321000
1321001
1321002
1321003
1321004
1321005
1321006
1321007
1321008
1321009
1321010
1321011
1321012
1321013
1321014
1321015
1321016
1321017
1321018
1321019
1321020
1321021
1321022
1321023
1321024
1321025
1321026
1321027
1321028
1321029
1321080
1321081
1321082
1321083
1321084
1321085
1321086
1321087
1321088
1321089
1322085
1322086
1322087
1322088
1322089
1322532
1322542
1323532
1324532
1324542
1325532
1325542
1325555
1325556
1325557
1325558
1325559
1325639
1325682
1325683
1325684
1325685
1325686
1325687
1325688
1325689
1327532
1327542
1327639
1327642
1327648
1328080
1328081
1328082
1328083
1328084
1328085
1328086
1328087
1328088
1328089
1328532
1328542
1329532
1329542
1329639
1329642
1329648
1700030
1700031
1700032
1700033
1700532
1700540
1700547
1700548
1700549
1700630
1700638
1700639
1700640
1700659
1700660
1700661
1700892
1700893
1700894
1700927
1700928
1700929
1701050
1701051
1701052
1701053
1701054
1701055
1701110
1701111
1701112
1701113
1701114
1701115
1701116
1701117
1701118
1701119
1702146
1702147
1702148
1702149
1702150
1702151
1702152
1702153
1702154
1702155
1702156
1702157
1702158
1702159
1702160
1702161
1702162
1702163
1702164
1702165
1702166
1702167
1703000
1703001
1703002
1703003
1703004
1703005
1703006
1703007
1703008
1703009
1703010
1703011
1703012
1703871
1703872
1703873
1703874
1703875
1703876
1703877
1703878
1703879
1703880
1703881
1703882
1703883
1703884
1703885
1704866
1704867
1704868
1704869
1705017
1705041
1705082
1705165
1705187
1705202
1705237
1705365
1705484
1705485
1705486
1705487
1705488
1705489
1705490
1705491
1705492
1705493
1705494
1705495
1705496
1705497
1705498
1705499
1705532
1705552
1705616
1705673
1705688
1705694
1705751
1705894
1705895
1707532
1707643
1707644
1707645
1708532
1708600
1708601
1708602
1708603
1708604
1708605
1708606
1708607
1708608
1708609
1708610
1708611
1708612
1708613
1708614
1708615
1708616
1708617
1708618
1708619
1708620
1708621
1708622
1708623
1708624
1708625
1708626
1709600
1709601
1709602
1709603
1709604
1709605
1709606
1709607
1709608
1709609
1709618
1709619
1709642
1709643
1709644
1709645
1350532
1350542
1350639
1350642
1350648
1351532
1351542
1351862
1355300
1355301
1355302
1355303
1355304
1355305
1355306
1355307
1355308
1355309
1357320
1357321
1357322
1357323
1357324
1357325
1357326
1357327
1357328
1357329
1357380
1357381
1357382
1357383
1357384
1357385
1357386
1357387
1357388
1357389
1358320
1358321
1358322
1358323
1358324
1358325
1358326
1358327
1358328
1358329
1358920
1358921
1358922
1358923
1358924
1358925
1358926
1358927
1358928
1358929
1358930
1358931
1358932
1358933
1358934
1358935
1358936
1358937
1358938
1358939
1452532
1452542
1452555
1452556
1452557
1452558
1452559
1453500
1453501
1453502
1453514
1453515
1453516
1453517
1453518
1453519
1453520
1453521
1453522
1453523
1453524
1453525
1454342
1454343
1454362
1454363
1454372
1454774
1454777
1454779
1457001
1457339
1457340
1457341
1457342
1457745
1457746
1457747
1457748
1458440
1458441
1458442
1458443
1458444
1458445
1458446
1458447
1458448
1458449
1458450
1458451
1458452
1458453
1458454
1458455
1458456
1458457
1458458
1458459
1458460
1458461
1458462
1458463
1458464
1458465
1458466
1458467
1458468
1458469
1458470
1458471
1458472
1458473
1458474
1458475
1458476
1458477
1458478
1458479
1458480
1458481
1458482
1458483
1458484
1590532
1590542
1590639
1590892
1590893
1590894
1590895
1590896
1590897
1590898
1590899
1595320
1595321
1595322
1595323
1595324
1595325
1595326
1595327
1595328
1595329
1595338
1595408
1595409
1595420
1595421
1595422
1595423
1595424
1595425
1595426
1595427
1595428
1595429
1595480
1595481
1595482
1595483
1595484
1595485
1595486
1595487
1595488
1595489
1596300
1596301
1596320
1596321
1596322
1596323
1596324
1596325
1596326
1596327
1596328
1596329
1596420
1596421
1596422
1596423
1596424
1596425
1596426
1596427
1596428
1596429
1596491
1596492
1596493
1596494
1596495
1596496
1596497
1596498
1596499
1596532
1596542
1596555
1596556
1596557
1596558
1596680
1596681
1596682
1596683
1596684
1596685
1596686
1596687
1596688
1596689
1596690
1596691
1596692
1596693
1596694
1596980
1596981
1596982
1596983
1596984
1596985
1596986
1596987
1596988
1596989
1770532
1770542
1770639
1775320
1775321
1775322
1775323
1775324
1775325
1775326
1775327
1775328
1775329
1775384
1776200
1776201
1776202
1776203
1776323
1621657
1621658
1621659
1621660
1500532
1500542
1500642
1500648
1500658
1502002
1502003
1502004
1502005
1502006
1502007
1502008
1502009
1505320
1505321
1505322
1505323
1505324
1505325
1505326
1505327
1505328
1505329
1505420
1505421
1505422
1505423
1505424
1505425
1505426
1505427
1505428
1505429
1505481
1505482
1505489
1506300
1506301
1506302
1506303
1506304
1506305
1506306
1506307
1506308
1506309
1506390
1506391
1506392
1506393
1506394
1506395
1506396
1506397
1506398
1506399
1506420
1506421
1506422
1506423
1506424
1506425
1506426
1506427
1506428
1506429
1506480
1506481
1506482
1506483
1506484
1506485
1506486
1506487
1506488
1506489
1506532
1506542
1506616
1506617
1506618
1506619
1506620
1506621
1506622
1506623
1506624
1506625
1506626
1506627
1506628
1506629
1506639
1506679
1506680
1506681
1506682
1506683
1506684
1506685
1506686
1506687
1506688
1506689
1509200
1509201
1509202
1509203
1509204
1509205
1509206
1509207
1509208
1509209
1509210
1509211
1509212
1509213
1509214
1509215
1509216
1509217
1509218
1509219
1509220
1509221
1509222
1509223
1509224
1509225
1509226
1509227
1509228
1509229
1509240
1509241
1509242
1509243
1509244
1509245
1830020
1830021
1830022
1830023
1830024
1830025
1830026
1830027
1830028
1830029
1830532
1830542
1830639
1830642
1830648
1831542
1832542
1835320
1835321
1835322
1835323
1835324
1835325
1835326
1835327
1835328
1835329
1835420
1835421
1835422
1835423
1835424
1835425
1835426
1835427
1835428
1835429
1836390
1836391
1836392
1836393
1836394
1836395
1836396
1836397
1836398
1836399
1836420
1836421
1836422
1836423
1836424
1836425
1836426
1836427
1836428
1836429
1836620
1836621
1836622
1836623
1836624
1836625
1836626
1836627
1836628
1836629
1837542
1390532
1390542
1390639
1390642
1390648
1395320
1395321
1395322
1395323
1395324
1395325
1395326
1395327
1395328
1395329
1395420
1395421
1395422
1395423
1395424
1395425
1395426
1395427
1395428
1395429
1396390
1396391
1396392
1396393
1396394
1396395
1396396
1396397
1396398
1396399
1396420
1396421
1396422
1396423
1396424
1396425
1396426
1396427
1396428
1396429
1396480
1396481
1396482
1396483
1396484
1396485
1396486
1396487
1396488
1396489
1396960
1396961
1396962
1396963
1396964
1396965
1396966
1396967
1396968
1396969
1396970
1396971
1396972
1396973
1396974
1396975
1396976
1396977
1396978
1396979
1396980
1396981
1396982
1396983
1396984
1396985
1396986
1396987
1396988
1396989
1671532
1672532
1673490
1673491
1673492
1673493
1673494
1673532
1673676
1673677
1673678
1673679
1673680
1673681
1673682
1673683
1673684
1673685
1673686
1860532
1861532
1865320
1865321
1865322
1865323
1865324
1865325
1865326
1865327
1865328
1865329
1866020
1866021
1866022
1866023
1866024
1866025
1866026
1866027
1866028
1866029
1866140
1866141
1866142
1866143
1866144
1866145
1866146
1866147
1866148
1866149
1866160
1866161
1866162
1866163
1866164
1866165
1866166
1866167
1866168
1866169
1866170
1866171
1866172
1866173
1866174
1866175
1866176
1866177
1866178
1866179
1866180
1866181
1866182
1866183
1866184
1866185
1866186
1866187
1866188
1866189
1866190
1866191
1866192
1866193
1866194
1866195
1866196
1866197
1866198
1866199
1866390
1866391
1866392
1866393
1866394
1866395
1866396
1866397
1866398
1866399
1866940
1866941
1866942
1866943
1866970
1866971
1866972
1866973
1866974
1866975
1866976
1866977
1866978
1866979
1866980
1866981
1866982
1866983
1866984
1866985
1866986
1866987
1866988
1866989
1867840
1867841
1867842
1867843
1867844
1867845
1867846
1867861
1867890
1867891
1867892
1867893
1867894
1867895
1867896
1867897
1867898
1867899
1550532
1550542
1550639
1555320
1555321
1555322
1555323
1555324
1555420
1555421
1555422
1555423
1555424
1555425
1555426
1556344
1556345
1556390
1556391
1556392
1556393
1556394
1556395
1556396
1556397
1556398
1556399
1556485
1556486
1556487
1556488
1556489
1558399
1558860
1558861
1558862
1558863
1558864
1558865
1558866
1558867
1558868
1558869
1558897
1558898
1558899
1558980
1558981
1558982
1558983
1558984
1558985
1558986
1558987
1558988
1558989
1300166
1300167
1300168
1300169
1300650
1300651
1300652
1300653
1301240
1301241
1301242
1301243
1301244
1301245
1301246
1301247
1301248
1301249
1301250
1301251
1301252
1301253
1301254
1301255
1301294
1301295
1302166
1302167
1302168
1302169
1302650
1302651
1302652
1302653
1304500
1304501
1304502
1304503
1304504
1304505
1304506
1304507
1304508
1304509
1304740
1304741
1306120
1306121
1306122
1306123
1306124
1306125
1306126
1306127
1306128
1306129
1306130
1306131
1306132
1306133
1306134
1306135
1306136
1306137
1306138
1306139
1306140
1306141
1306142
1306143
1306144
1306145
1306146
1306147
1306148
1306149
1307080
1307081
1307082
1307083
1307084
1307085
1307086
1307087
1307088
1307089
1711559
1711568
1711587
1711590
1711601
1712500
1712501
1712502
1712503
1712504
1712505
1712506
1712507
1712508
1712509
1712510
1712511
1712512
1712513
1712514
1712515
1712555
1713530
1713532
1713533
1713534
1713538
1713540
1713541
1713542
1713543
1713544
1713545
1713546
1713547
1713548
1713549
1713670
1713671
1713672
1713673
1713674
1713675
1713676
1713677
1713678
1713679
1713950
1713951
1713952
1713953
1713954
1713955
1713956
1713957
1713958
1713959
1715160
1715161
1715162
1715163
1715164
1715165
1715166
1715167
1715168
1715169
1715530
1715532
1715533
1715534
1715538
1715600
1715601
1715602
1715603
1715605
1715606
1715607
1715608
1715688
1716161
1716166
1716532
1716600
1717532
1718532
1718548
1718549
1718604
1718614
1718617
1718618
1718619
1718670
1718671
1718672
1718673
1718674
1718675
1718676
1718677
1718678
1718679
1718680
1718681
1718682
1718683
1718684
1718685
1718687
1718688
1718689
1719440
1719441
1719442
1719443
1719444
1719530
1719532
1719533
1719538
1719600
1719601
1719602
1719688
1330532
1330542
1330639
1330642
1330648
1331066
1331067
1332500
1332501
1332502
1332639
1333500
1333501
1333502
1333503
1333504
1333505
1333506
1333507
1333508
1333509
1333639
1334122
1334123
1334124
1334445
1334500
1334501
1334502
1334639
1335444
1335445
1335532
1335542
1335639
1335685
1335686
1335687
1335688
1335689
1336120
1336121
1336122
1336123
1336124
1336125
1336126
1336127
1336128
1336129
1336148
1336149
1336532
1336542
1337080
1337081
1337082
1337083
1337084
1337085
1337086
1337087
1337088
1337089
1337148
1337149
1337532
1337542
1337555
1337556
1337557
1337558
1337639
1337642
1337648
1338532
1338542
1338639
1338642
1338648
1339532
1339542
1339639
1339642
1339648
1560532
1560542
1560639
1560642
1560648
1561000
1561001
1561002
1561003
1561006
1561007
1561008
1561009
1561045
1561047
1561048
1561050
1561051
1561052
1561053
1561054
1561055
1561056
1561057
1561512
1561532
1561542
1561552
1561562
1561572
1561588
1562101
1562102
1562103
1562105
1562106
1562107
1562108
1562109
1562110
1562111
1562112
1562113
1562114
1562115
1562116
1562117
1562118
1562119
1562140
1562141
1562142
1562143
1562144
1562145
1562146
1562147
1562148
1562400
1565017
1565019
1565320
1565321
1565322
1565323
1565324
1565325
1565326
1565327
1565328
1565329
1566613
1566620
1566622
1566642
1566648
1566652
1566668
1566669
1566679
1566682
1568470
1568471
1568472
1568473
1568474
1568475
1568910
1568911
1568912
1568913
1568943
1568944
1568945
1568946
1568947
1568948
1568990
1568991
1568992
1568993
1568994
1568995
1568996
1568997
1568998
1568999
1569232
1569234
1569238
1569440
1569441
1569442
1569443
1569444
1569445
1569446
1569447
1569448
1569449
1569811
1569814
1569815
1569816
1850532
1850639
1850642
1850648
1855320
1855321
1855322
1855323
1855324
1855325
1855326
1855327
1855328
1855329
1855482
1855483
1855484
1855485
1855486
1855487
1855488
1855489
1855490
1855491
1855492
1855493
1855494
1855495
1855496
1855497
1855498
1855499
1856043
1856044
1856045
1856046
1856047
1856048
1856049
1856060
1856061
1856062
1856063
1856064
1856065
1856066
1856067
1856068
1856130
1856131
1856132
1856133
1856134
1856135
1856136
1856137
1856138
1856139
1856140
1856141
1856142
1856143
1856144
1856145
1856146
1856147
1856148
1856149
1856150
1856151
1856152
1856153
1856154
1856155
1856156
1856157
1856158
1856159
1856160
1856161
1856162
1856163
1856164
1856165
1856166
1856167
1856168
1856169
1856170
1856171
1856172
1856173
1856174
1856175
1856176
1856177
1856178
1856179
1856180
1856181
1856182
1856183
1856184
1856185
1856186
1856187
1856188
1856189
1856190
1856191
1856192
1856193
1856194
1856195
1856196
1856197
1856198
1856199
1856250
1856251
1856252
1856253
1856254
1856255
1856256
1856257
1856258
1856259
1856260
1856261
1856262
1856263
1856264
1856265
1856266
1856267
1856268
1856269
1856270
1856271
1856272
1856273
1856274
1856275
1856276
1856277
1856278
1856279
1856280
1856281
1856282
1856283
1856284
1856285
1856286
1856287
1856288
1856289
1856290
1856291
1856390
1856391
1856392
1856393
1856394
1856395
1856396
1856397
1856398
1856399
1856400
1856401
1856402
1856403
1856404
1856405
1856406
1856407
1856408
1856409
1856410
1856411
1856412
1856413
1856414
1856415
1856416
1856417
1856418
1856419
1856420
1856421
1856485
1856486
1856487
1856488
1856489
1856490
1856491
1856492
1856493
1856494
1856495
1856496
1856497
1856498
1856499
1780532
1780542
1780622
1780623
1780624
1780625
1780626
1780627
1780628
1780629
1785202
1785215
1785216
1785232
1785241
1785242
1785272
1785283
1785284
1785320
1785321
1785322
1785323
1785324
1785325
1785326
1785327
1785328
1785329
1785420
1785421
1785422
1785423
1785424
1785425
1785426
1785427
1785428
1785429
1786042
1786070
1786071
1786072
1786073
1786074
1786075
1786076
1786077
1786078
1786079
1786080
1786081
1786082
1786083
1786084
1786142
1786143
1786390
1786391
1786392
1786393
1786394
1786395
1786396
1786397
1786398
1786399
1786420
1786421
1786422
1786423
1786424
1786425
1786426
1786427
1786428
1786429
1786532
1786542
1786662
1786663
1786680
1786681
1786682
1786683
1786684
1786685
1786686
1786687
1786688
1786712
1788832
1789532
1789542
1789630
1990532
1990542
1990639
1990642
1990648
1991265
1991266
1995320
1995321
1995322
1995323
1995324
1995325
1995326
1995327
1995328
1995329
1995419
1995426
1995427
1996314
1996315
1996370
1996371
1996386
1996387
1996399
1996998
1800532
1800542
1800642
1800648
1805320
1805321
1805322
1805323
1805324
1805325
1805326
1805327
1805328
1805329
1805385
1805386
1805442
1805443
1805444
1805445
1805446
1805447
1530532
1530542
1530639
1530642
1530648
1531420
1531421
1531422
1531423
1531424
1531425
1531500
1531501
1531502
1531532
1531542
1531550
1531551
1531552
1531553
1531554
1531870
1531871
1531872
1531873
1531874
1531875
1531876
1531877
1531878
1531879
1531886
1531887
1531888
1531889
1533532
1533542
1533639
1533642
1533648
1533999
1534532
1534542
1537639
1537642
1537648
1537670
1537671
1537672
1537673
1537674
1537675
1537676
1537677
1537678
1537679
1537687
1537688
1537689
1537690
1890532
1890542
1890639
1890642
1890648
1895320
1895321
1895322
1895323
1895324
1895325
1895326
1895327
1895328
1895329
1895420
1895421
1895422
1895423
1895424
1895425
1895426
1895427
1895428
1895429
1895483
1895484
1896302
1360532
1360542
1360630
1360634
1360639
1360642
1360648
1360896
1360897
1360898
1361532
1361542
1361639
1361642
1361648
1362532
1362542
1362639
1362642
1362648
1364532
1364542
1364639
1364642
1364648
1365532
1365542
1365639
1365642
1365648
1365865
1365866
1365867
1365868
1365869
1366532
1366542
1366884
1366885
1366886
1366887
1366888
1366889
1367532
1367542
1367884
1367885
1367886
1367887
1367888
1367889
1368532
1368542
1368760
1368761
1368762
1368763
1368764
1368765
1368766
1368767
1368768
1368769
1369532
1369542
1369765
1369766
1369767
1369768
1369865
1369866
1369867
1369868
1369869
1950542
1952822
