1350870
1357800
1357801
1357802
1357803
1357804
1357805
1357806
1357807
1357808
1357809
1452890
1454644
1459405
1459406
1459407
1459408
1459409
1770870
1778702
1778704
1778759
1590870
1591180
1591181
1591182
1591183
1591268
1591269
1592506
1592507
1592508
1592509
1592550
1592551
1592552
1592553
1592554
1596900
1596901
1596902
1596903
1597485
1597486
1597487
1597488
1597489
1598700
1598701
1598702
1598703
1598704
1598705
1598706
1598790
1598791
1598792
1830870
1838700
1838701
1838702
1838703
1838704
1838705
1838706
1838707
1838708
1838709
1838869
1838870
1838871
1838872
1838873
1838874
1838875
1838876
1838877
1838878
1838879
1501225
1501226
1501227
1501228
1501229
1501230
1501231
1501232
1501233
1501234
1501235
1501236
1501237
1501238
1501239
1508720
1508721
1508775
1508776
1508777
1508778
1508779
1509425
1509426
1509427
1509428
1509429
1509653
1509654
1509655
1509656
1509657
1509658
1509659
1509682
1509683
1509684
1390870
1550870
1860870
1868705
1868707
1868708
1868709
1303863
1303864
1308748
1309433
1309520
1309745
1309964
1727771
1727854
1727864
1713870
1715709
1715870
1716690
1716870
1717473
1717870
1719694
1719817
1719818
1719819
1719870
1330870
1331268
1332042
1332496
1333042
1336870
1337870
1338870
1339870
1780870
1784235
1784236
1784237
1784238
1784239
1784240
1784241
1784242
1784243
1784244
1784245
1784246
1784247
1784248
1784249
1786894
1786895
1786896
1786897
1786898
1787410
1787411
1787412
1787413
1787414
1787415
1787416
1787417
1787443
1787444
1787445
1787446
1787447
1787448
1787449
1787450
1787451
1787452
1787453
1787454
1850870
1850880
1858700
1858939
1560870
1567046
1567047
1567048
1568700
1568701
1568702
1568703
1568704
1569700
1990870
1991270
1991277
1991280
1991287
1991297
1994870
1994899
1998400
1998401
1998402
1998403
1998404
1998405
1998406
1998407
1998408
1998409
1998990
1999580
1999590
1530870
1533179
1533449
1534870
1536827
1536828
1536870
1538870
1538885
1539144
1539145
1539146
1539833
1539834
1539835
1539836
1539868
1539870
1800870
1808700
1808701
1808702
1808703
1808707
1808708
1808709
1808722
1808890
1890870
1898700
1898701
1898702
1898703
1898704
1898785
1898805
1953995
1360870
1361870
1362870
1363880
1363881
1363882
1363883
1363884
1363885
1363886
1363887
1363888
1363889
1364870
1364967
1364968
1365870
1730870
1738702
1738703
1738705
1738706
1738707
1738708
1738709
1738781
1738783
1738793
1310858
1311699
1311870
1315068
1315069
1317057
1317058
1318754
1318755
1870870
1660699
1660870
1668700
1668701
1668702
1668703
1668730
1668746
1668747
1668748
1388700
1388701
1388702
1388703
1388704
1388705
1388706
1388707
1388708
1388709
1388710
1388711
1388712
1388713
1821420
1821421
1821422
1821423
1821424
1821425
1821426
1821427
1821428
1821429
1828700
1828701
1828702
1828703
1828704
1828705
1828706
1828707
1828708
1828709
1512530
1512531
1512532
1512533
1512534
1512535
1512536
1512537
1512538
1512539
1512540
1512541
1512542
1512543
1512544
1512545
1512546
1512547
1512548
1512549
1512660
1512661
1512662
1512663
1512664
1512665
1512666
1512667
1512668
1512669
1518700
1518701
1518702
1518703
1518704
1518705
1518706
1518707
1518708
1518709
1519850
1519851
1519852
1519853
1519854
1519855
1519856
1519857
1519858
1519859
1760870
1768701
1580860
1580861
1580862
1580863
1580864
1589420
1589421
1589422
1589423
1589424
1589425
1589426
1589427
1340880
1340881
1340882
1340883
1340884
1340885
1340886
1340887
1344187
1344288
1344487
1346620
1346621
1346622
1346623
1346624
1470870
1473664
1473665
1473666
1476910
1476911
1476912
1476913
1476914
1476915
1476916
1476917
1476918
1476919
1478700
1478701
1478702
1478703
1478704
1478705
1478706
1478707
1370860
1880870
1880881
1880882
1884984
1884985
1884986
1884987
1884988
1884989
1886940
1886941
1886942
1886943
1886944
1886950
1886951
1886952
1886953
1886954
1886955
1886956
1886957
1886958
1886959
1886960
1886961
1888700
1888701
1888702
1888703
1888704
1888705
1888706
1888707
1750870
1758419
1758707
1758726
1758790
1520870
1524080
1524081
1524082
1524083
1524084
1524085
1524086
1524087
1524088
1524089
1528450
1528451
1528452
1528453
1528454
1528700
1528701
1528702
1528703
1528704
1528705
1528706
1528707
1528708
1528709
1528770
1528771
1528772
1528773
1528774
1528775
1528776
1528777
1528778
1528779
1816470
1816471
1818355
1818708
1650870
1980690
1980694
1980870
1981105
1981106
1981165
1981166
1981167
1981168
1981169
1981315
1984894
1984895
1984896
1984897
1984898
1984899
1986900
1986954
1986955
1986956
1986957
1986958
1986959
1988700
1988701
1988702
1988703
1988704
1988705
1988706
1988707
1988708
1988709
1840870
1846922
1846923
1846924
1846925
1846926
1846927
1846928
1846929
1848760
1848761
1848762
1848763
1848764
1848765
1848766
1848767
1848768
1570870
1570880
1570881
1570882
1575010
1575011
1575012
1575013
1575014
1575015
1575016
1575017
1575018
1575019
1575240
1575241
1575242
1575243
1575244
1575245
1575246
1575247
1575248
1575249
1575290
1575291
1575292
1575293
1575294
1575295
1575296
1575297
1575298
1575299
1575805
1575806
1575807
1575808
1575809
1577025
1320870
1321184
1321185
1321186
1323860
1323870
1327863
1327864
1327865
1327866
1327867
1327868
1327869
1327870
1329490
1329491
1329492
1910870
1914304
1914307
1914313
1914321
1916917
1916918
1916919
1918700
1918701
1918702
1918703
1918704
1918705
1918706
1918707
1918708
1918709
1918763
1918764
1918765
1918766
1918767
1918768
1918769
1918788
1918840
1918841
1703458
1703459
1703460
1707830
1707831
1707832
1707834
