1830712
1832760
1832761
1832762
1832763
1832764
1832765
1832766
1832767
1832768
1832769
1832788
1832789
1837120
1837121
1837122
1837123
1837124
1837125
1837126
1837127
1500729
1507208
1507209
1507210
1507211
1507212
1507213
1507214
1507215
1507216
1507217
1507218
1507257
1507258
1507259
1507260
1507261
1507262
1507263
1507264
1507265
1507266
1507267
1507268
1507269
1507270
1507271
1509805
1509806
1770712
1772024
1772025
1772046
1772047
1776261
1776262
1776303
1776428
1777120
1777121
1777122
1778629
1779830
1590729
1592680
1592681
1592682
1592683
1592684
1592685
1592686
1592687
1597118
1597119
1597120
1597121
1597122
1597123
1597124
1597125
1597126
1597127
1597128
1597129
1597130
1597131
1597232
1597233
1597234
1452712
1452729
1454490
1457382
1458637
1458638
1458639
1350729
1350863
1350869
1354543
1354544
1354545
1354546
1354547
1354548
1358145
1358146
1358147
1728232
1728233
1728234
1303515
1303516
1303517
1303518
1304274
1304480
1304481
1304482
1309414
1309415
1309848
1550272
1550273
1550274
1550729
1554950
1554951
1554952
1554953
1554954
1554955
1554956
1554957
1554958
1554959
1554960
1554961
1554962
1554963
1554982
1554983
1557049
1557120
1557121
1557122
1557123
1557124
1557125
1557126
1557127
1557128
1557129
1557250
1557251
1557252
1557253
1557254
1557255
1557256
1558620
1558621
1558622
1558623
1558624
1558625
1860729
1860862
1867120
1867121
1867122
1867123
1867124
1867125
1867126
1867127
1867128
1867129
1867162
1867258
1867259
1867410
1867411
1867421
1867422
1867423
1869508
1869509
1390729
1397194
1397195
1397196
1397197
1397264
1397265
1397266
1397267
1397268
1397269
1398645
1398646
1398647
1398648
1398649
1398650
1399585
1399586
1399587
1399588
1399589
1990729
1994512
1994788
1997101
1997102
1997103
1997104
1997105
1997106
1997107
1997108
1997109
1997110
1997111
1997240
1997241
1997242
1997292
1997293
1997294
1997295
1998627
1998628
1998629
1780726
1784787
1786628
1786648
1787116
1787142
1787156
1787157
1787182
1788681
1789712
1850729
1850868
1852713
1852714
1852715
1852716
1852717
1852719
1852794
1852795
1857112
1857113
1857114
1857115
1857141
1857211
1857212
1857274
1857275
1857276
1857277
1857278
1560729
1561487
1561488
1562953
1562954
1562955
1562956
1562957
1562958
1567110
1567111
1567112
1567194
1567195
1567196
1567197
1569712
1330729
1332990
1332991
1333983
1333984
1334981
1336712
1337783
1338529
1338767
1339618
1339727
1713712
1715712
1716712
1717270
1717271
1717273
1717275
1717276
1717277
1717278
1717279
1717712
1718713
1719712
1719714
1719718
1719719
1953385
1957137
1957138
1957139
1360729
1361712
1361723
1363581
1363582
1364712
1365712
1366902
1367712
1368712
1369712
1369713
1890729
1897194
1897195
1897196
1897197
1897264
1897265
1897266
1897267
1897268
1897269
1898645
1898646
1898647
1898648
1898649
1898650
1899569
1899570
1530729
1532706
1532707
1532708
1532709
1532756
1532757
1533407
1533408
1533409
1533574
1533575
1533576
1533732
1534250
1534251
1534252
1534253
1534254
1534255
1534256
1534257
1534709
1537710
1538721
1538722
1800729
1806231
1806416
1807118
1807119
1807146
1807179
1808639
1660729
1660864
1667124
1667125
1667126
1667127
1667145
1667146
1380729
1387185
1387186
1387187
1387188
1387189
1387190
1387191
1387192
1387193
1387194
1388635
1388636
1388637
1388638
1388639
1870729
1872745
1872746
1872747
1872748
1872749
1872750
1872751
1872752
1872753
1872754
1872755
1872756
1877167
1877168
1877169
1877170
1877171
1877172
1877173
1877212
1311441
1311700
1313560
1313561
1313562
1313563
1313564
1314729
1316566
1317725
1317726
1317727
1317728
1317729
1319735
1319736
1319737
1319738
1319739
1734342
1735446
1736235
1736266
1736267
1736336
1736337
1736421
1737120
1737121
1737122
1737123
1737137
1737138
1738620
1738621
1738622
1738667
1739820
1342992
1342993
1342994
1344372
1346979
1346980
1347649
1347650
1347651
1347652
1347653
1347654
1347655
1347656
1347770
1347771
1347772
1348719
1348720
1760729
1767184
1767185
1767186
1767187
1767188
1767189
1767190
1767210
1767212
1767213
1767215
1767216
1767217
1767218
1767219
1768379
1768380
1768381
1580729
1582679
1582680
1582681
1582682
1582683
1582684
1582685
1582686
1582687
1587126
1587127
1587128
1587129
1587130
1587131
1587132
1587133
1587134
1589766
1589767
1589768
1589769
1589770
1589771
1589772
1589773
1589774
1820729
1827173
1827174
1827175
1827176
1827177
1827209
1827210
1827211
1827246
1510729
1517121
1517122
1517123
1517124
1517125
1517126
1517127
1517128
1517129
1517130
1517131
1517212
1517213
1517214
1517215
1517216
1517217
1517218
1517219
1517220
1517221
1517222
1517223
1520729
1527167
1527168
1527169
1527200
1527275
1527276
1527277
1527278
1527279
1527280
1527281
1527282
1527283
1527284
1810712
1812029
1812030
1812046
1814061
1815434
1815446
1816282
1816283
1816284
1816316
1816317
1816318
1816358
1816413
1817154
1817155
1817160
1817161
1818694
1818695
1880729
1887120
1887121
1887122
1887123
1887124
1887125
1887126
1887127
1887128
1887129
1887207
1887208
1887209
1887210
1887211
1887212
1887264
1887265
1887266
1887267
1887268
1750729
1757123
1757124
1757125
1757126
1757127
1757128
1757129
1757164
1370729
1373341
1373342
1373343
1373344
1373345
1373346
1373347
1373348
1373349
1373350
1373351
1373352
1378993
1378994
1378995
1378996
1378997
1378998
1378999
1379710
1379711
1379712
1379713
1379714
1379715
1379716
1379717
1379718
1379719
1379720
1379721
1470729
1477102
1477171
1477172
1477173
1705680
1706782
1706783
1706784
1707264
1707265
1707266
1707267
1707268
1707269
1321712
1321721
1322712
1322713
1322714
1322715
1322716
1322717
1322718
1322719
1322730
1323547
1323548
1323549
1324721
1325711
1325712
1326484
1326485
1326486
1326487
1327700
1327701
1327702
1327712
1329752
1329753
1329754
1329755
1910726
1915100
1915101
1915102
1915103
1915104
1915105
1915106
1915107
1915108
1915109
1916449
1917146
1840712
1842712
1847120
1847121
1847122
1847123
1847124
1847125
1847143
1847154
1847166
1847187
1847188
1571729
1572709
1572712
1572729
1577112
1577113
1579720
1579721
1579748
1650712
1650848
1652050
1653747
1655603
1656162
1656163
1980712
1981377
1987125
1987126
1987127
1987143
1987191
1987192
1987193
1987214
1987215
1987216
1988830
1988831
