1510433
1514330
1514331
1514332
1514333
1514334
1514335
1514336
1514337
1514338
1514339
1820433
1824330
1824331
1824332
1824333
1824334
1824335
1824336
1824337
1824338
1824339
1580433
1583470
1583471
1583472
1583473
1583474
1583475
1583476
1583477
1583478
1583479
1583490
1583491
1583492
1583493
1583494
1583495
1583496
1583497
1583498
1583499
1584330
1584331
1584332
1584333
1584334
1584335
1584336
1584337
1584338
1584339
1584430
1584431
1584432
1584433
1584434
1584435
1584436
1584437
1584438
1584439
1760433
1760443
1761433
1761443
1764330
1764333
1764334
1764335
1764336
1764337
1764338
1764339
1767833
1768430
1310433
1312433
1312573
1313433
1314433
1315433
1315963
1317908
1317909
1317914
1317915
1318073
1318090
1318091
1318092
1318093
1319433
1319620
1730433
1734381
1380443
1380448
1384330
1384331
1384332
1384333
1384334
1384335
1384336
1384337
1384338
1384339
1384430
1384431
1384432
1384433
1384434
1384435
1384436
1384437
1384438
1384439
1384470
1384471
1384472
1384473
1384474
1384475
1384476
1384477
1384478
1384479
1389430
1389431
1389432
1389433
1389434
1389435
1389436
1389437
1389438
1389439
1660433
1662433
1662440
1662441
1662442
1662443
1664303
1664330
1664331
1664332
1664333
1664334
1664335
1664336
1664337
1664338
1664339
1668823
1668833
1668843
1870433
1874330
1874331
1874332
1874333
1874334
1874335
1874336
1874337
1874338
1874339
1874430
1874431
1874432
1874433
1874434
1874435
1874436
1874437
1874438
1874439
1570433
1571433
1571443
1840433
1844330
1844331
1844332
1844333
1844334
1844335
1844336
1844337
1844338
1844339
1980433
1984303
1984337
1984338
1984339
1655933
1656043
1656045
1656084
1656433
1656442
1656443
1657279
1657379
1657433
1657462
1910433
1910443
1320433
1321433
1322433
1322443
1323433
1324433
1325183
1325881
1325882
1325883
1327433
1327823
1327824
1327833
1327834
1329433
1329880
1750433
1750443
1751993
1754330
1754331
1754332
1754333
1754334
1754335
1754336
1754337
1754338
1754339
1754390
1754391
1754392
1754393
1758129
1880433
1884330
1884331
1884332
1884333
1884334
1884335
1884336
1884337
1884338
1884339
1884430
1884431
1884432
1884433
1884434
1884435
1884436
1884437
1884438
1884439
1884470
1884471
1884472
1884473
1884474
1470433
1474313
1370433
1370438
1370443
1370446
1370448
1374330
1374331
1374333
1374334
1374335
1374336
1374337
1374338
1374339
1374430
1374431
1374432
1374433
1374434
1374435
1374436
1374437
1374438
1374439
1374470
1374471
1374472
1374473
1374474
1374475
1374476
1374477
1374478
1374479
1810433
1810443
1814313
1520433
1860433
1862694
1862695
1862696
1862697
1862698
1862699
1864328
1864329
1864330
1864331
1864332
1864333
1864334
1864335
1864336
1864337
1864338
1864339
1868433
1868633
1550433
1552670
1552671
1552672
1552673
1552674
1552675
1552676
1552677
1552678
1552679
1556760
1556761
1556762
1556763
1556764
1556765
1556766
1556767
1556768
1556769
1556800
1556801
1556802
1556803
1556804
1556805
1556806
1556807
1556808
1556809
1558460
1558461
1558462
1558463
1558464
1558465
1558466
1558467
1558468
1558555
1558556
1558558
1558559
1390443
1390446
1390447
1390448
1394332
1394335
1394336
1394337
1394338
1394339
1394430
1394431
1394432
1394433
1394434
1394435
1394436
1394437
1394438
1394439
1394470
1394471
1394472
1394473
1394474
1394475
1394476
1394477
1394478
1394479
1671430
1671433
1672174
1672184
1672194
1672204
1672234
1672240
1672241
1672389
1672433
1672500
1672501
1672502
1672503
1672505
1672506
1672507
1673433
1674433
1300908
1300909
1301918
1301923
1302908
1302909
1303908
1303909
1303918
1303923
1303933
1304335
1304336
1304337
1304338
1304339
1304433
1306908
1306909
1306923
1308930
1308931
1308932
1308933
1308934
1308943
1308944
1590433
1594330
1594331
1594332
1594333
1594334
1594335
1594336
1594337
1594338
1594339
1594430
1594431
1594432
1594433
1594434
1594435
1594436
1594437
1594438
1594439
1598130
1598131
1598132
1598133
1598134
1598135
1598136
1598137
1598138
1598139
1770433
1776688
1776783
1776793
1350091
1350092
1350472
1351433
1351443
1359650
1359651
1359652
1359653
1359654
1359655
1359656
1359657
1359658
1359659
1450500
1450501
1450502
1450503
1450504
1452185
1452186
1454143
1500433
1504330
1504331
1504332
1504333
1504334
1504335
1504336
1504337
1504338
1504339
1830433
1834330
1834331
1834332
1834333
1834334
1834335
1834336
1834337
1834338
1834339
1623241
1623242
1623289
1623290
1800433
1804330
1804331
1804335
1804336
1530433
1532633
1532643
1533063
1534432
1534433
1534438
1535453
1535454
1535455
1361077
1361433
1361443
1362070
1362071
1362433
1362443
1363066
1363067
1363068
1363069
1363433
1363443
1364433
1364443
1364446
1365433
1365443
1365448
1367433
1368970
1369433
1369443
1890433
1890443
1894330
1894331
1894332
1894333
1894334
1894335
1894336
1894337
1894370
1894371
1894372
1894373
1894374
1894375
1894389
1330443
1330446
1330447
1330448
1331433
1331438
1332144
1332151
1332433
1332443
1332448
1333148
1333151
1333163
1334152
1334153
1335157
1335313
1335325
1335433
1336433
1336443
1336466
1338433
1338443
1339433
1339443
1990433
1560433
1564330
1564331
1564332
1564333
1564334
1564335
1564336
1564337
1564338
1564339
1566218
1566219
1566225
1566226
1566227
1566228
1566229
1566280
1569433
1569958
1850433
1850448
1854331
1780433
1780800
1789613
