1520908
1527680
1527681
1529972
1812908
1812918
1819484
1819970
1819971
1819972
1377903
1377960
1377961
1470908
1479904
1880908
1889290
1889941
1320908
1327908
1328908
1980908
1840908
1844933
1844942
1844943
1570099
1570908
1571491
1571902
1573978
1870908
1871993
1874267
1879910
1660908
1380998
1389948
1389949
1311908
1317986
1319975
1760908
1769908
1769986
1769987
1580908
1820908
1829970
1829971
1516086
1788121
1788130
1788158
1788159
1789928
1789929
1850907
1850908
1569908
1999042
1999049
1331908
1334537
1336908
1336984
1337970
1339490
1899750
1899769
1364993
1366759
1534997
1538993
1538997
1809499
1809791
1809908
1809978
1830908
1839903
1839973
1839974
1839975
1502284
1450965
1450966
1450967
1450968
1452798
1454552
1457058
1357956
1357957
1779495
1779908
1590908
1304047
1307006
1550908
1860908
1869080
1869083
1869084
