1560877
1568770
1568771
1568772
1568773
1568774
1569467
1569707
1850877
1850887
1858716
1858936
1780877
1786890
1786891
1786892
1786893
1786992
1787455
1787456
1787457
1789136
1789137
1990877
1994877
1998770
1998771
1998777
1998779
1999593
1713877
1715877
1716709
1716877
1717477
1717690
1717693
1717877
1718814
1719812
1719813
1719815
1719816
1719877
1330877
1330889
1331264
1331265
1332058
1333058
1335466
1335467
1336877
1336889
1337877
1337889
1338877
1338889
1339877
1339889
1890877
1898770
1898771
1898772
1898773
1898774
1360877
1360889
1361877
1361889
1361947
1362877
1364877
1365877
1953997
1800877
1808770
1808771
1808777
1808778
1808779
1808891
1808892
1530877
1533154
1533155
1533156
1533448
1534877
1536877
1539147
1539832
1539877
1500877
1500887
1500888
1500889
1508770
1508771
1508772
1508773
1508774
1509670
1509671
1509672
1509673
1509674
1509675
1509676
1509677
1509678
1509679
1830877
1831310
1831311
1831312
1831313
1831314
1831340
1831341
1831342
1831343
1838776
1838777
1838778
1838779
1452882
1454648
1454652
1459522
1459523
1459524
1459525
1350877
1350889
1351877
1352969
1352975
1352976
1352977
1352978
1352979
1352990
1352997
1352999
1357770
1357771
1357772
1357773
1357774
1357775
1357776
1357777
1357778
1357779
1590877
1591176
1591177
1591238
1591239
1591274
1591275
1591276
1596930
1596931
1597498
1597499
1598707
1598708
1598709
1598728
1598729
1598770
1598771
1598772
1598773
1598774
1770877
1778706
1778770
1778771
1778772
1778791
1300864
1301337
1301348
1301349
1303865
1303866
1308743
1309430
1309529
1309740
1309741
1309988
1309989
1727855
1390877
1390889
1398770
1398771
1398772
1398773
1398774
1398775
1398776
1398777
1398778
1398779
1398840
1398841
1398842
1398843
1398844
1398845
1398846
1398847
1398848
1398849
1673902
1673903
1673904
1673905
1673906
1673907
1860877
1868775
1868776
1868777
1868778
1868779
1550877
1558737
1558738
1558739
1810877
1810887
1816460
1818700
1818770
1818771
1818772
1818773
1818774
1818775
1818776
1818777
1520877
1528442
1528443
1528444
1528445
1528446
1370867
1370869
1370877
1375905
1375906
1375907
1375908
1375909
1470877
1473670
1473671
1478717
1478775
1478776
1478777
1478778
1478779
1750877
1758414
1758703
1758714
1758715
1758716
1758719
1758733
1758734
1758735
1758736
1758737
1758797
1880877
1884974
1884975
1884976
1884977
1884978
1884979
1886970
1886971
1886972
1886973
1886974
1886975
1886976
1886977
1886978
1888770
1888771
1888772
1888773
1888774
1888775
1888776
1888777
1888778
1888779
1910877
1918429
1918770
1918771
1918772
1918773
1320877
1321195
1321196
1323877
1703461
1703462
1703463
1707765
1707766
1707767
1707768
1707769
1980697
1980877
1981151
1981160
1981161
1981162
1981163
1981164
1981318
1986970
1986971
1986972
1986973
1986974
1988772
1988773
1988774
1988775
1988776
1988777
1988778
1988779
1570694
1570695
1570696
1570697
1570877
1571877
1572185
1575800
1575801
1575802
1575803
1575804
1575810
1575811
1575812
1575813
1575814
1575815
1575816
1575817
1575818
1575819
1579877
1840877
1846930
1846931
1846932
1846980
1846981
1846982
1846983
1848770
1848771
1848772
1848773
1870877
1872483
1872484
1872485
1872486
1872540
1872541
1872542
1872543
1878770
1878771
1878772
1878773
1878774
1878775
1878776
1878777
1878778
1878779
1388770
1388771
1388772
1388773
1388774
1388775
1388776
1388777
1388778
1388779
1660696
1660877
1660889
1668705
1668706
1668707
1668712
1668721
1668739
1668740
1668741
1668742
1730877
1738770
1738772
1738775
1738776
1738777
1738778
1738779
1310864
1310877
1311410
1311877
1315050
1315051
1315052
1317064
1317065
1317066
1318771
1318772
1318773
1318774
1580865
1580866
1580877
1582512
1582513
1582514
1582515
1588788
1588789
1589428
1589429
1760877
1768707
1510870
1510871
1510872
1510873
1510874
1510875
1510876
1510877
1510878
1510879
1518770
1518771
1518772
1518773
1518774
1518775
1518776
1518777
1518778
1518779
1518815
1518816
1518817
1518818
1518819
1821410
1821411
1821412
1821413
1821414
1821415
1821416
1821417
1821418
1821419
1828770
1828771
1828772
1828773
1828774
1828775
1828776
1828777
1828778
1828779
