1550807
1550830
1550842
1550843
1552043
1860821
1860830
1861573
1868300
1868301
1868302
1868303
1868304
1868305
1868306
1868307
1868308
1868309
1671830
1672815
1672830
1673830
1390908
1398024
1398025
1398240
1398241
1398242
1398243
1398244
1398245
1398246
1398247
1398248
1398249
1398270
1398271
1398272
1398273
1398274
1398275
1398276
1398277
1398278
1398279
1398912
1398913
1720810
1720811
1720812
1726087
1300286
1301815
1303642
1303643
1303654
1303655
1303811
1306014
1306015
1307910
1307911
1307912
1307913
1307914
1307915
1307916
1307917
1307918
1307919
1308644
1308659
1308817
1308831
1771120
1771142
1771374
1771375
1771376
1771399
1771570
1771571
1771572
1771573
1771574
1771619
1772197
1772198
1772199
1772333
1772980
1772981
1773688
1773800
1773801
1773802
1773803
1773804
1773805
1773856
1773857
1773858
1773859
1773867
1773868
1774012
1774327
1774330
1774430
1774542
1774543
1774804
1774810
1774811
1774842
1776010
1776043
1776044
1776062
1776065
1776107
1776108
1777830
1777831
1778010
1778011
1778030
1778087
1778100
1778101
1778102
1778103
1778104
1778105
1778186
1778187
1778865
1590826
1590836
1590846
1592828
1592829
1598300
1598301
1598302
1598303
1598304
1598400
1598401
1598402
1598403
1598404
1598442
1598443
1350803
1351837
1351838
1354097
1354098
1354148
1354149
1354158
1354159
1354734
1354735
1354736
1354737
1354834
1354835
1354836
1354837
1355087
1355088
1355089
1355166
1355172
1355173
1356812
1356813
1356814
1356815
1356862
1356863
1452829
1452830
1454569
1454876
1459325
1459326
1459327
1459328
1459329
1830830
1830831
1830832
1830833
1830834
1838090
1838091
1838092
1838093
1838094
1838095
1838096
1838097
1838098
1838099
1838300
1838301
1838302
1838303
1838304
1838305
1838306
1838307
1838308
1838309
1838400
1838401
1838402
1838403
1838404
1838430
1838431
1838432
1838433
1838434
1838435
1838436
1838437
1838438
1838439
1508205
1508206
1508207
1508208
1508209
1530908
1532830
1532831
1532832
1532833
1532834
1532840
1534820
1534821
1534822
1535128
1535129
1537830
1538656
1538657
1538658
1538659
1538843
1539022
1539023
1539024
1539767
1539768
1800820
1800821
1800822
1800823
1800824
1801101
1801102
1801103
1801104
1801163
1801164
1801165
1801572
1801573
1801574
1801575
1803473
1803474
1803475
1804039
1804815
1804868
1804869
1804892
1808494
1808495
1809015
1809016
1809017
1809018
1809019
1809083
1809084
1809085
1809086
1809087
1809088
1809089
1360828
1361904
1362904
1364904
1365904
1367830
1367967
1367968
1367969
1368820
1368821
1369610
1369611
1369815
1369816
1890908
1891951
1898024
1898025
1898240
1898241
1898242
1898243
1898244
1898245
1898246
1898247
1898248
1898249
1898270
1898271
1898272
1898273
1898274
1898275
1898276
1898277
1898278
1898279
1898912
1898913
1330908
1332074
1332078
1333074
1333078
1334074
1334078
1335013
1335014
1335081
1337825
1337826
1338828
1338829
1339826
1339827
1339828
1339829
1717143
1717149
1717815
1717835
1717836
1717837
1717839
1991174
1991177
1991548
1991573
1991580
1991581
1991582
1991583
1991584
1991585
1991586
1991587
1991588
1991589
1993858
1993859
1994091
1994978
1994979
1994990
1994991
1994992
1994993
1994994
1995087
1995088
1995089
1996090
1996091
1996092
1996093
1996094
1996095
1996096
1996097
1996098
1996099
1998024
1998025
1998251
1998252
1998253
1998254
1998255
1998256
1998257
1998258
1998259
1850830
1851571
1851572
1851573
1858300
1858301
1858302
1858303
1858304
1858305
1858306
1858307
1858402
1858413
1780820
1780821
1780822
1780830
1784491
1784492
1786708
1788349
1788358
1788359
1788360
1788361
1788843
1560908
1567694
1567695
1567697
1568024
1568025
1568152
1568153
1568154
1568155
1568156
1568157
1568158
1568159
1568230
1568231
1568232
1568233
1569290
1569407
1820830
1820831
1820832
1820833
1820834
1820835
1820836
1820837
1820838
1820839
1822895
1822896
1822897
1822898
1822899
1824436
1824437
1828110
1828111
1828112
1828113
1828114
1828115
1828116
1828117
1828118
1828119
1828300
1828301
1828302
1828303
1828304
1828305
1828306
1828307
1828308
1828309
1828470
1828471
1828472
1828473
1828474
1510818
1510819
1518140
1518141
1518195
1518196
1518197
1518198
1518199
1518250
1518251
1518300
1518301
1518302
1518303
1518304
1518305
1518306
1518307
1518308
1518309
1519605
1519606
1519607
1519608
1519609
1340409
1340820
1340830
1341915
1341916
1341917
1341918
1341919
1343858
1343859
1344005
1345870
1345871
1345872
1345873
1760830
1762825
1762830
1762860
1768300
1580830
1580848
1580849
1588140
1588141
1588195
1588196
1588197
1588198
1588199
1588300
1588301
1588302
1588303
1588304
1588305
1588306
1588307
1588308
1588309
1588415
1588416
1588417
1588418
1588419
1588478
1588479
1589290
1589291
1589292
1589293
1589294
1310805
1310806
1310830
1311802
1311803
1311843
1311844
1315460
1315860
1315861
1315862
1318345
1318360
1318361
1319492
1319825
1319826
1319842
1319886
1730905
1730906
1730907
1730908
1730909
1731178
1731179
1731345
1731346
1731347
1731348
1731349
1731350
1734040
1734041
1734042
1734043
1734044
1734149
1734150
1734151
1734152
1734153
1734154
1734155
1734156
1734157
1734158
1734159
1734430
1736040
1736041
1736042
1736043
1736044
1736045
1736046
1736047
1736048
1736049
1736050
1736051
1736052
1736053
1736054
1736055
1736056
1736057
1736058
1736059
1736060
1736061
1736110
1736111
1736112
1736113
1736114
1736486
1737496
1737896
1737897
1737898
1737899
1738000
1738002
1738033
1738085
1738090
1738091
1738140
1738141
1738143
1738144
1738174
1738290
1738291
1738292
1738293
1738294
1739694
1739695
1739696
1739697
1739699
1660830
1668300
1668301
1668336
1380083
1380828
1388270
1388271
1388272
1388273
1388274
1388275
1388276
1388277
1388278
1388279
1389041
1871570
1871571
1871572
1871573
1871574
1871575
1871576
1871577
1871578
1871579
1871580
1871581
1871582
1871583
1871584
1871585
1871586
1871587
1871588
1871589
1871610
1871611
1871612
1871613
1871614
1878300
1878301
1878302
1878303
1878304
1878305
1878306
1878307
1878308
1878309
1848300
1848301
1848302
1848303
1848304
1848305
1848306
1848307
1848308
1848309
1848350
1848351
1848352
1848353
1848354
1570830
1572966
1572967
1573156
1573157
1573158
1573159
1577520
1577521
1577522
1577523
1577524
1577525
1577526
1577527
1577528
1577529
1577542
1577543
1980828
1980830
1981287
1982783
1982784
1982785
1982786
1982787
1988230
1988231
1988232
1988233
1988234
1988235
1988236
1988237
1988238
1988239
1988240
1988241
1988242
1988243
1988257
1988258
1988259
1650830
1651519
1651830
1320830
1321933
1321934
1321935
1321936
1321937
1321938
1322837
1328160
1328161
1328162
1328163
1328164
1328165
1328166
1328167
1910830
1911190
1911191
1911192
1911193
1911194
1911195
1911430
1911431
1911432
1911433
1911434
1911435
1911436
1911437
1911438
1911439
1911440
1911441
1911442
1911443
1911444
1911445
1911446
1911447
1911448
1911449
1911573
1911580
1911581
1911582
1911583
1911584
1911585
1911586
1911587
1911588
1911589
1913004
1913005
1913006
1913007
1913008
1913009
1915087
1915088
1915089
1916142
1916150
1916151
1916152
1916153
1916154
1916155
1916156
1916157
1916158
1916159
1916160
1916161
1916162
1916163
1916164
1916165
1916166
1916167
1916168
1916169
1916170
1916171
1916172
1916173
1916174
1916175
1916176
1916177
1916178
1916179
1916180
1916181
1916182
1916183
1916184
1916185
1916186
1916187
1916188
1916189
1916190
1916191
1916192
1916193
1916194
1916195
1916196
1916197
1916198
1916199
1918024
1918025
1918240
1918241
1918242
1918243
1918244
1918245
1918246
1918247
1918248
1918249
1918270
1918271
1918272
1918273
1918274
1918275
1918276
1918277
1918278
1918279
1918300
1918301
1918302
1918303
1918304
1750821
1750830
1758216
1880830
1882842
1882843
1882844
1882875
1882876
1882877
1882878
1882879
1888150
1888151
1888152
1888153
1888154
1888155
1888156
1888157
1888158
1888159
1472670
1472671
1472672
1478050
1478051
1478052
1478053
1478054
1478055
1478056
1478057
1478058
1478059
1478070
1478071
1478072
1478148
1478149
1370098
1370828
1377844
1379574
1379597
1522820
1522821
1522822
1522823
1522824
1522825
1522826
1522827
1522828
1522829
1522846
1522847
1528246
1528247
1528300
1528301
1528302
1528303
1528304
1528305
1528306
1528307
1528308
1528309
1528405
1528406
1528407
1528408
1528409
1529825
1529826
1529827
1529828
1529829
1811117
1811118
1811119
1811120
1811172
1811351
1811352
1811353
1811354
1811355
1811356
1811357
1811795
1811796
1811797
1812197
1812198
1812199
1814130
1814131
1814508
1814509
1814803
1814804
1814847
1814848
1814849
1816006
1816007
1818028
1818029
1818030
1818115
1818116
1818117
1818186
1818187
1818188
1818189
1818338
1818339
1819002
1819003
1819004
