1590412
1590492
1590980
1594120
1594121
1594122
1594123
1594124
1594125
1594126
1594127
1594128
1594129
1594220
1594221
1594222
1594223
1594224
1594225
1594226
1594227
1594228
1594229
1599800
1599801
1599802
1599803
1599804
1599805
1599806
1599807
1599808
1599809
1770412
1770980
1774120
1774121
1774122
1774123
1774124
1774125
1774126
1774127
1774128
1774129
1774164
1774188
1774214
1779080
1450320
1450321
1450322
1450323
1450324
1450325
1450326
1450327
1450328
1450329
1450412
1450422
1450484
1450485
1452412
1452422
1452437
1453354
1453355
1453430
1453431
1453432
1454284
1454285
1350042
1350412
1350491
1351412
1351422
1351602
1359120
1359121
1359122
1359123
1359124
1359158
1359159
1500412
1504065
1504066
1504067
1504070
1504071
1504072
1504073
1504074
1504075
1504076
1504077
1504078
1504079
1504220
1504221
1504222
1504223
1504224
1504225
1504226
1504227
1504228
1504229
1504232
1504233
1504234
1508400
1508401
1508402
1508403
1508404
1508405
1508406
1508407
1508408
1508409
1830412
1834120
1834121
1834122
1834123
1834124
1834125
1834126
1834127
1834128
1834129
1621309
1621310
1621318
1622413
1860412
1860420
1860422
1860492
1860980
1862412
1862420
1862422
1862460
1862461
1862462
1862463
1862464
1862465
1864120
1864121
1864122
1864123
1864124
1864125
1864126
1864127
1864128
1864129
1864220
1864221
1864222
1864223
1864224
1864225
1864226
1864227
1864228
1864229
1550412
1550420
1550492
1550980
1554127
1554128
1554129
1554271
1554272
1554273
1554274
1554275
1554276
1556625
1556626
1556627
1556628
1556642
1390042
1390412
1390420
1390422
1390492
1390980
1394120
1394121
1394122
1394123
1394124
1394125
1394126
1394127
1394128
1394129
1394220
1394221
1394222
1394223
1394224
1394225
1394226
1394227
1394228
1394229
1399800
1399801
1399802
1399803
1399804
1399805
1399806
1399807
1399808
1399809
1671412
1672412
1672662
1672666
1672676
1672677
1672678
1672679
1672680
1672681
1672682
1672683
1672685
1672686
1672687
1672688
1672689
1673045
1673046
1673047
1673048
1673049
1673060
1673061
1673062
1673063
1673064
1673065
1673066
1673067
1673068
1673069
1673070
1673071
1673072
1673073
1673074
1673075
1673076
1673077
1673078
1673079
1673080
1673081
1673084
1673094
1673104
1673114
1673124
1673134
1673154
1673164
1673173
1673174
1673175
1673176
1673177
1673178
1673179
1673180
1673181
1673182
1673183
1673184
1673185
1673186
1673187
1673188
1673189
1673190
1673191
1673192
1673193
1673194
1673195
1673196
1673197
1673198
1673199
1673410
1673412
1673413
1674412
1720230
1720231
1720232
1720233
1720234
1720235
1720236
1720237
1720238
1720239
1300936
1300937
1300938
1300939
1301960
1301961
1301962
1301963
1301964
1302033
1302936
1302937
1302938
1302939
1304260
1304261
1304262
1305000
1305001
1305002
1305003
1305004
1305005
1305006
1305007
1305008
1305009
1306540
1306541
1306542
1306543
1306544
1306545
1306546
1306547
1306548
1306549
1308120
1308121
1308122
1308123
1308124
1308225
1308226
1330412
1330420
1330422
1330492
1330980
1331403
1331404
1331412
1331425
1332210
1332211
1332412
1332422
1333210
1333211
1334210
1334211
1335210
1335211
1335412
1335425
1335860
1335861
1335862
1335863
1335864
1335865
1335866
1335867
1335868
1336412
1336422
1337285
1338412
1338422
1338674
1338675
1338676
1338677
1338678
1338679
1339007
1339008
1339009
1339030
1339031
1339032
1339033
1339034
1339412
1339420
1712690
1712691
1712692
1712693
1712694
1712695
1712696
1712697
1712698
1712699
1712700
1712701
1712702
1712703
1712704
1712705
1712706
1712707
1712708
1712709
1712710
1712711
1712712
1712713
1712714
1712715
1712716
1712717
1712718
1712719
1712720
1712721
1712722
1712723
1712724
1712725
1712726
1712727
1712728
1712729
1713412
1716401
1716402
1716403
1716404
1716405
1716406
1716407
1717192
1717193
1717195
1717196
1717197
1717198
1717250
1717251
1717252
1717253
1717255
1718250
1718251
1718252
1718253
1718255
1718256
1718257
1718258
1718259
1719020
1719021
1719022
1719023
1719025
1719026
1719027
1719028
1719029
1719284
1719294
1990412
1990420
1997590
1997591
1997599
1998412
1998413
1998414
1998415
1560412
1560420
1560422
1560492
1560980
1564120
1564121
1564122
1564123
1564124
1564125
1564126
1564127
1564128
1564129
1564220
1564221
1564222
1564223
1564224
1564225
1564248
1564260
1566322
1566323
1566324
1566325
1569412
1569422
1569890
1569891
1569892
1850412
1852412
1852422
1852430
1852431
1852432
1852433
1852434
1852577
1852578
1852579
1854121
1854123
1780412
1782412
1782432
1782440
1782441
1782442
1782443
1782444
1784594
1784595
1784792
1788752
1789622
1800412
1800420
1800422
1800492
1804120
1804121
1804122
1804123
1804124
1804125
1804126
1804127
1804128
1804129
1530412
1530491
1532618
1533084
1533113
1360412
1360420
1360422
1360491
1360980
1361080
1361098
1361412
1361420
1361422
1361492
1362412
1362420
1362422
1362492
1364412
1364420
1364422
1364492
1365412
1365422
1367412
1367422
1890412
1890420
1890422
1890492
1890980
1894120
1894121
1894122
1894123
1894124
1894125
1894126
1894127
1894128
1894129
1310412
1310422
1312412
1312550
1313005
1313006
1313007
1313008
1313009
1313015
1313016
1313017
1313018
1313019
1313412
1313425
1314788
1314972
1315412
1315425
1318800
1318801
1318802
1318803
1318804
1318805
1318806
1318807
1318808
1318809
1319412
1319425
1730412
1730980
1734112
1380412
1380420
1380422
1380491
1380492
1384120
1384121
1384122
1384123
1384124
1384125
1384126
1384127
1384128
1384129
1384220
1384221
1384222
1384223
1384224
1384225
1384226
1384227
1384228
1384229
1388970
1388971
1388972
1388973
1388974
1388975
1388976
1388977
1388978
1388979
1389800
1389801
1389802
1389803
1389804
1389805
1389806
1389807
1660412
1660420
1660422
1662412
1662420
1662422
1664120
1664121
1664122
1664123
1664124
1664125
1664126
1664127
1664128
1664129
1664220
1664221
1664222
1664223
1664224
1664225
1664226
1664227
1664228
1664229
1870412
1874120
1874121
1874122
1874123
1874124
1874125
1874126
1874127
1874128
1874129
1874222
1510412
1512410
1512411
1512412
1512413
1512414
1512415
1512416
1512417
1512418
1512419
1514080
1514081
1514082
1514083
1514084
1514085
1514086
1514087
1514120
1514121
1514122
1514123
1514124
1514125
1514126
1514127
1514128
1514129
1514220
1514221
1514222
1514223
1514224
1516420
1516421
1516422
1516423
1516424
1516425
1516426
1516427
1516428
1820412
1824120
1824121
1824122
1824123
1824124
1824125
1824126
1824127
1824128
1824129
1824220
1824221
1824222
1824223
1824224
1824225
1824226
1824227
1824228
1824229
1344041
1344042
1346433
1346434
1346435
1346436
1346442
1346490
1346491
1346492
1346493
1346494
1346495
1346496
1346497
1346498
1346499
1347800
1347801
1347802
1347803
1347804
1347805
1347806
1347807
1347808
1347809
1580412
1584120
1584121
1584122
1584123
1584124
1584125
1584126
1584127
1584128
1584129
1584200
1584201
1584202
1584203
1584204
1584205
1584206
1584207
1584208
1584209
1584220
1584221
1584222
1584223
1584224
1584225
1584226
1584227
1584228
1584229
1760412
1760420
1760422
1761412
1761420
1761422
1762412
1762420
1762422
1764065
1764066
1764067
1764068
1764069
1764120
1764121
1764122
1750412
1750420
1750422
1750492
1752412
1752420
1752422
1754120
1754121
1754122
1754123
1754124
1754125
1754126
1754127
1754128
1754129
1754220
1754221
1754222
1754223
1754224
1754225
1754226
1754227
1754228
1754229
1880412
1880422
1880423
1880424
1880425
1884120
1884121
1884122
1884123
1884124
1884125
1884126
1884127
1884128
1884129
1884200
1884201
1884202
1884203
1884204
1884205
1884206
1884207
1884208
1884209
1884220
1884221
1884222
1884223
1884224
1884225
1884226
1884227
1884228
1884229
1370012
1370017
1370412
1370420
1370422
1370492
1370980
1374120
1374121
1374122
1374123
1374125
1374126
1374127
1374220
1374221
1374222
1374223
1374224
1374225
1374226
1374227
1374228
1374229
1470412
1470422
1474020
1474021
1474022
1474023
1474024
1474025
1474026
1474027
1474028
1474029
1474030
1474031
1474032
1474033
1474034
1474120
1474121
1474122
1474123
1474124
1474125
1810412
1810420
1810422
1810492
1814120
1814121
1814122
1814123
1814124
1814171
1814172
1524120
1524121
1524122
1524123
1524124
1524125
1524126
1524127
1524128
1524129
1524210
1524211
1524212
1524213
1524214
1524220
1524221
1524222
1524223
1524224
1524225
1524226
1524227
1524228
1524229
1524280
1524281
1524282
1524283
1524284
1524285
1524286
1524287
1524288
1524289
1570412
1571402
1571412
1571422
1572460
1572461
1572462
1572463
1572464
1573420
1573421
1573422
1573423
1573424
1573425
1573426
1573427
1573428
1573429
1840412
1980412
1981360
1982412
1982423
1982424
1982460
1982461
1982462
1982463
1982464
1984120
1984121
1984122
1984123
1984124
1984125
1984126
1984127
1984128
1984129
1650412
1650422
1650492
1650726
1650892
1650903
1650908
1651289
1651412
1651422
1651474
1651610
1651612
1651619
1651803
1652412
1652422
1652477
1652488
1652499
1653412
1653422
1653481
1655412
1655501
1655502
1656412
1656422
1656574
1657089
1657409
1657412
1657805
1657882
1700412
1700413
1700422
1700440
1701420
1701421
1701422
1701423
1701492
1701493
1702345
1702346
1702347
1702348
1702349
1702411
1702412
1702413
1703826
1703827
1703828
1703829
1703830
1704630
1704631
1704632
1704633
1704634
1704635
1704636
1704637
1704638
1704639
1704640
1704641
1704642
1704643
1704644
1704645
1704646
1704647
1704648
1704649
1704650
1704651
1704652
1704653
1704654
1704655
1704656
1704657
1704658
1704659
1705390
1705413
1705414
1705415
1705416
1705417
1705418
1705540
1705856
1707060
1707061
1707062
1707063
1707064
1707065
1707066
1707067
1910412
1320412
1320422
1320423
1321412
1322412
1323412
1323680
1323681
1323682
1323683
1323684
1323817
1323818
1323819
1323897
1323898
1323899
1327412
1328412
1328420
