1390935
1390945
1399350
1399351
1399352
1399353
1399354
1399355
1399356
1399357
1399358
1399359
1860945
1869345
1869355
1869356
1869357
1869358
1869359
1869365
1869385
1550935
1550945
1556974
1556975
1559357
1559358
1559359
1500935
1500944
1500945
1502595
1502599
1509545
1509560
1509561
1509562
1509563
1509700
1509701
1509702
1509703
1509704
1830935
1830945
1836898
1839315
1839375
1839394
1839395
1839408
1839439
1839450
1839454
1839455
1839456
1839480
1839490
1351905
1351935
1351945
1351946
1452854
1454585
1459620
1459621
1459622
1459623
1459624
1459625
1459626
1770441
1770935
1770945
1771869
1774585
1774893
1774894
1775215
1775216
1775217
1775218
1775219
1778933
1778934
1778935
1778955
1779350
1779351
1779352
1779353
1779354
1779355
1779356
1779357
1779358
1779359
1890935
1890945
1891935
1891945
1899350
1899351
1899352
1899353
1899354
1899355
1899356
1899357
1899358
1361935
1362935
1363935
1364935
1365934
1365935
1367935
1367936
1368935
1368945
1800935
1800945
1805414
1805415
1808935
1808949
1809312
1809350
1809351
1809352
1809353
1809354
1809355
1809356
1809357
1809358
1809359
1530945
1533945
1533971
1534365
1534685
1534695
1534905
1535213
1535214
1535236
1535237
1535238
1537445
1537801
1537929
1537931
1537932
1537933
1537934
1537935
1537945
1537946
1537947
1537948
1537949
1539050
1539051
1539055
1539350
1539351
1539352
1539353
1539354
1539355
1539356
1539357
1539358
1539409
1560945
1568272
1568273
1569353
1569355
1569356
1569357
1780935
1780945
1783442
1789935
1850935
1850945
1859061
1859065
1859300
1859301
1990945
1996874
1999356
1999357
1999358
1999359
1330945
1332125
1335930
1336935
1338945
1339945
1339948
1580935
1580945
1760935
1760945
1760946
1769305
1769350
1769351
1769352
1769353
1769354
1510135
1510136
1510137
1510138
1510139
1510191
1510192
1510935
1510945
1519350
1519351
1519352
1519353
1519354
1519355
1519356
1519357
1519358
1519359
1820935
1820945
1821965
1821977
1821978
1821985
1821995
1829350
1829351
1829352
1829353
1829354
1829355
1829356
1829357
1829358
1829359
1829410
1829411
1829412
1829413
1829414
1829415
1829416
1829417
1829418
1829419
1829853
1829854
1829855
1829893
1829894
1870935
1870945
1871950
1874098
1874099
1879350
1879351
1879352
1879353
1879354
1879355
1879356
1879357
1879358
1879359
1879360
1879361
1879362
1879445
1879446
1879455
1879456
1879457
1879458
1879459
1380935
1383050
1383051
1383052
1383053
1383054
1383055
1383056
1383057
1383058
1383059
1388408
1388409
1388450
1388451
1388452
1388453
1388454
1388455
1388456
1388457
1388458
1388459
1389350
1389351
1389352
1389353
1389354
1389355
1389356
1389357
1389358
1389359
1660935
1660945
1669304
1669305
1730935
1730945
1732634
1732635
1732636
1732637
1734411
1734412
1735816
1735817
1738945
1738950
1738951
1738952
1738953
1738954
1739350
1739352
1739353
1739354
1739355
1739356
1739414
1739415
1739416
1739748
1310945
1315017
1319595
1319599
1919350
1919351
1919369
1320945
1323935
1980935
1981598
1989417
1989418
1989419
1570174
1570935
1570942
1570945
1571935
1571936
1575195
1575199
1576935
1576945
1576946
1840935
1840945
1841929
1841934
1841945
1841955
1841965
1841975
1841986
1810935
1810945
1813972
1813973
1813974
1814155
1818935
1818940
1818941
1818942
1818945
1818946
1819350
1819351
1819352
1819353
1819354
1819355
1819356
1819357
1819358
1819359
1819420
1520935
1520944
1520945
1520946
1521410
1521411
1521412
1521413
1521414
1521415
1521416
1521417
1526890
1529350
1529351
1529352
1529353
1529354
1529430
1529431
1529432
1529433
1529434
1470935
1470945
1471708
1471712
1471945
1471946
1471947
1471960
1471961
1471962
1471963
1471964
1479374
1479375
1373935
1373936
1880935
1880945
1889350
1889351
1889352
1889353
1889354
1889375
1889389
1889395
1889405
1889417
1889425
1889435
1889447
1889450
1889451
1889459
1750935
1750945
