1700572
1700837
1700838
1701220
1701221
1701222
1702210
1702211
1702212
1702218
1702219
1707040
1707041
1707042
1707990
1707991
1707992
1707993
1707994
1707995
1709924
1709925
1709926
1709927
1709928
1709929
1709944
1709945
1910572
1910582
1320572
1320582
1321642
1321650
1321651
1321652
1321653
1321654
1321655
1321656
1321672
1322120
1322121
1322122
1322123
1322124
1323572
1323582
1325092
1325191
1325192
1325200
1325201
1325202
1325203
1325204
1325205
1325206
1325207
1325208
1325209
1325220
1325221
1325572
1325582
1328572
1328582
1329572
1329582
1570572
1570582
1571587
1571588
1571589
1572690
1572691
1575720
1575721
1575722
1575723
1575724
1575725
1575726
1575727
1575728
1575729
1840572
1840582
1845720
1845721
1845722
1845723
1845724
1845725
1845726
1845727
1845728
1845729
1845825
1845826
1845827
1845828
1845829
1980572
1980582
1981241
1981479
1981690
1981691
1981692
1981693
1981694
1981720
1981721
1981722
1981723
1981724
1981772
1981815
1981829
1981839
1982282
1984410
1984411
1984412
1985720
1985721
1985722
1985723
1985724
1985725
1985726
1985727
1985728
1985729
1985882
1988322
1988340
1988341
1988342
1988343
1988344
1988425
1988426
1988427
1988428
1988429
1650572
1810572
1810582
1815720
1815721
1815722
1815723
1815724
1815725
1815726
1815727
1815728
1815729
1815872
1816452
1816725
1816726
1816727
1520572
1520582
1525720
1525721
1525722
1525723
1525724
1525725
1525726
1525727
1526820
1526821
1526822
1526823
1526824
1526825
1526826
1526827
1526828
1526829
1526870
1526871
1526872
1526873
1526874
1750572
1750582
1750662
1750663
1750664
1750672
1750682
1755720
1755721
1755722
1755723
1755724
1755725
1880572
1880582
1880672
1880682
1885720
1885721
1885722
1885723
1885724
1885725
1885726
1885727
1885728
1885729
1885820
1886820
1886821
1886822
1886823
1886824
1470572
1470582
1472715
1472716
1472717
1472718
1472719
1370572
1370582
1370652
1370653
1370672
1370682
1373236
1373237
1373238
1373239
1373510
1373511
1373512
1373513
1373514
1373515
1373516
1373517
1373518
1373519
1373820
1373821
1373822
1373823
1373824
1375420
1375421
1375422
1375423
1375424
1375706
1375707
1375708
1375720
1375721
1375722
1375723
1375724
1375725
1375726
1375727
1375728
1375729
1345425
1345426
1345427
1345428
1345429
1580572
1580582
1585720
1585721
1585722
1585723
1585724
1585725
1585726
1585727
1585728
1585729
1586820
1586821
1586822
1586823
1586824
1586825
1586826
1586827
1586828
1586829
1760572
1760582
1760672
1768169
1768196
1768243
1510572
1510582
1515720
1515721
1515722
1515723
1515724
1515725
1516720
1516721
1516722
1516723
1516724
1516725
1516726
1516727
1516728
1516729
1820572
1820582
1825720
1825721
1825722
1825723
1825724
1825725
1825726
1825727
1825728
1825729
1826720
1826721
1826722
1826723
1826724
1826725
1826726
1826727
1826728
1826729
1826820
1826821
1826822
1826823
1826824
1826825
1826826
1826827
1826828
1826829
1381920
1381921
1381922
1381923
1381924
1381925
1381926
1381927
1381928
1381929
1385724
1385725
1385726
1385727
1385728
1385729
1386724
1386725
1386726
1386727
1386728
1386729
1386825
1386826
1386827
1386828
1386829
1660572
1660582
1665720
1665721
1665722
1870572
1870582
1875720
1875721
1875722
1875723
1875724
1875725
1875726
1875727
1875728
1875729
1876720
1876721
1876722
1876723
1876724
1876725
1876726
1876727
1876728
1876729
1876820
1876821
1876822
1876823
1876824
1876825
1876826
1876827
1876828
1876829
1876835
1876836
1876837
1876838
1876839
1310572
1310582
1311572
1311682
1313650
1313651
1313652
1313653
1313654
1315720
1315721
1315722
1315723
1315724
1315725
1315726
1315727
1315728
1315729
1317520
1317521
1317522
1317523
1317524
1318442
1318520
1318521
1318522
1318523
1318524
1318525
1318526
1318527
1318528
1318529
1318545
1318546
1318547
1318548
1318549
1318572
1730572
1730582
1730672
1730682
1733624
1733625
1733626
1733627
1733628
1733629
1734688
1734689
1734870
1734871
1734872
1734873
1734874
1735720
1735721
1735722
1735724
1735725
1735726
1735727
1735728
1735729
1736950
1736951
1736952
1736953
1736954
1736955
1736956
1736957
1737034
1737035
1737036
1737037
1737414
1737415
1739469
1739572
1739852
1361572
1361582
1361672
1362572
1362582
1362672
1364572
1364582
1364672
1365572
1365582
1365672
1366571
1366572
1366573
1366574
1366575
1366650
1366651
1366652
1366653
1366654
1890572
1890582
1890672
1890682
1895724
1895725
1895726
1895727
1895728
1895729
1896646
1896647
1896724
1896725
1896726
1896727
1896728
1896729
1896926
1896927
1896928
1896929
1800572
1800582
1800662
1800663
1800672
1800682
1804227
1804235
1805720
1805721
1805722
1805723
1805724
1805725
1805726
1805727
1805728
1805729
1806470
1806782
1806783
1806945
1806946
1806970
1806971
1806972
1807260
1807261
1807262
1807425
1807426
1809472
1530572
1530582
1530672
1530682
1532546
1532547
1532548
1532549
1532572
1532582
1533694
1533695
1533696
1533697
1533698
1533699
1533762
1534572
1535572
1535582
1535642
1535643
1535672
1535682
1537218
1537220
1537221
1537222
1537223
1537224
1537225
1537246
1538128
1538129
1538412
1539572
1990572
1990582
1995720
1995721
1995722
1995723
1995726
1995728
1560572
1560582
1560672
1560682
1565724
1565725
1565726
1565727
1565728
1565729
1569572
1850572
1850582
1855820
1855821
1855822
1859032
1780572
1780582
1781564
1781565
1781572
1781634
1781635
1781636
1781637
1781677
1781678
1781679
1785724
1785735
1785760
1785836
1785837
1785838
1785839
1785874
1785877
1786782
1788822
1789586
1789587
1330572
1330582
1330672
1330682
1332572
1332582
1332592
1332615
1332616
1332617
1332618
1333572
1333582
1333683
1333684
1333685
1334572
1334582
1335572
1335582
1336220
1336221
1336222
1336223
1336224
1336225
1336226
1336227
1336228
1336229
1337572
1337582
1338572
1338582
1338841
1338869
1339572
1339582
1339672
1339682
1716572
1716945
1716946
1716947
1716948
1716949
1716974
1716984
1717410
1717411
1717412
1717572
1717975
1717976
1718572
1719418
1719419
1719572
1719584
1719968
1719969
1719970
1719971
1300261
1300425
1300426
1300427
1301790
1301791
1302261
1302425
1302426
1304572
1305890
1305891
1305892
1305893
1305894
1305990
1305991
1305992
1305993
1305994
1305995
1305996
1305997
1305998
1305999
1308390
1308391
1308392
1309484
1309485
1309486
1309572
1309584
1309585
1309586
1860572
1860582
1860672
1860682
1865720
1865721
1865722
1865723
1865724
1865725
1865726
1865727
1865728
1865729
1866720
1866721
1866722
1866723
1866724
1866725
1866726
1866727
1866728
1866729
1550572
1550582
1555720
1555721
1555722
1555723
1555724
1555725
1555726
1555727
1555728
1555729
1390572
1390582
1390672
1390682
1395724
1395725
1395726
1395727
1395728
1395729
1396724
1396725
1396726
1396727
1396728
1396729
1671572
1672572
1673572
1500572
1500582
1506720
1506721
1506722
1506723
1506724
1506725
1506726
1506727
1506728
1506729
1508830
1508831
1508832
1508833
1508834
1508835
1508836
1508837
1508838
1508839
1830505
1830506
1830507
1830508
1830509
1830572
1830582
1835725
1835726
1835727
1835728
1835729
1836720
1836721
1836722
1836723
1836724
1836725
1836726
1836727
1836728
1836729
1590572
1590582
1590672
1590682
1595720
1595721
1595722
1595723
1595724
1595725
1595726
1595727
1595728
1595729
1596720
1596721
1596722
1596723
1596724
1596820
1596821
1596822
1596823
1596824
1596825
1596826
1596827
1596828
1596829
1770572
1770582
1770672
1770682
1775720
1775721
1775722
1775723
1775724
1775725
1775726
1775727
1775728
1775729
1775830
1775831
1775832
1775833
1775834
1776965
1776966
1776967
1776968
1777270
1777271
1777272
1777273
1777274
1777404
1777415
1777416
1350572
1350582
1350672
1351120
1351121
1351122
1351123
1351124
1351125
1351126
1351127
1351572
1351582
1356722
1356723
1356724
1356725
1356726
1356727
1356728
1356729
1356795
1356796
1356797
1356798
1356799
1358720
1358721
1358722
1358723
1358724
1358725
1358726
1358727
1358728
1358729
1358790
1358791
1358792
1358793
1358794
1452232
1452233
1452234
1452235
1454162
1454712
1454980
1454981
1454982
1454983
1454984
1454985
1454986
1454987
1454988
1454989
1458180
1458181
1458182
1458183
1458184
