1850148
1850515
1855066
1855067
1855068
1855150
1855151
1855152
1855153
1855154
1855155
1855156
1855246
1855600
1855601
1855602
1855603
1855604
1855605
1855606
1855607
1855608
1855609
1855615
1780259
1780266
1780267
1780268
1780269
1780519
1782625
1782626
1782637
1782647
1783476
1783485
1783486
1783487
1784910
1784911
1784912
1784913
1784914
1784915
1784916
1784917
1784918
1784919
1784949
1785143
1785160
1785161
1785162
1785163
1785169
1785199
1788733
1788735
1788819
1789526
1789527
1560141
1560510
1560511
1565148
1565154
1565155
1566848
1566849
1569515
1990510
1990515
1994157
1994159
1994166
1994206
1994207
1995106
1995107
1995149
1995152
1995187
1995249
1995282
1995287
1995288
1995289
1995290
1995291
1995292
1995293
1995294
1996230
1996231
1996232
1996233
1996234
1996235
1996236
1996237
1996238
1996239
1996240
1996241
1996242
1998471
1998472
1998473
1998474
1998475
1713515
1715515
1716515
1716524
1716624
1716626
1716627
1716628
1716629
1716630
1716631
1716632
1716634
1716635
1716636
1716637
1716638
1716639
1716640
1716641
1716642
1716643
1716644
1716650
1716651
1716652
1716653
1717515
1718515
1719341
1719342
1719343
1719344
1719515
1719520
1719521
1719522
1719525
1719526
1719527
1330141
1330510
1330511
1332798
1332799
1333798
1333799
1333892
1333893
1333894
1333895
1334798
1334799
1335798
1335799
1336518
1336519
1337523
1337524
1337525
1337526
1338247
1338260
1338261
1338262
1338263
1338264
1339067
1339068
1339069
1339070
1339071
1339072
1339073
1339074
1890141
1890510
1890511
1891250
1891251
1891252
1891253
1891254
1891255
1891256
1891257
1891258
1891259
1891460
1891461
1891462
1891463
1891464
1891465
1891466
1891467
1891468
1891469
1892180
1892181
1892182
1892183
1892184
1892185
1892186
1892187
1892188
1892189
1893225
1893226
1893227
1893228
1893229
1893628
1893629
1893630
1893631
1893632
1893633
1893634
1895148
1895154
1895155
1896190
1896191
1896192
1896193
1896194
1896195
1896196
1896197
1896198
1896199
1896200
1896201
1896202
1896203
1896204
1896205
1896206
1896207
1896208
1896209
1899480
1899481
1899482
1899483
1899484
1360141
1360142
1360510
1360511
1361152
1361153
1361515
1361516
1362513
1362620
1362621
1362622
1364510
1364511
1365157
1365158
1365159
1365510
1365511
1530141
1530510
1530511
1531286
1531287
1531288
1531289
1534515
1534527
1534528
1534529
1535150
1535151
1535152
1535153
1535154
1535155
1535156
1535157
1535820
1535821
1535822
1535823
1535824
1535825
1535826
1535827
1535828
1535829
1535890
1535891
1536565
1536566
1536567
1536568
1536569
1536570
1536571
1536572
1536573
1536574
1536575
1536576
1536577
1536578
1536579
1536645
1536646
1536647
1536648
1536649
1536650
1536651
1536652
1536653
1536654
1536655
1536656
1536657
1536658
1536659
1537110
1537111
1537112
1537113
1537114
1537115
1537116
1537117
1537118
1537119
1537120
1537121
1537122
1537123
1537124
1538050
1538051
1538052
1538053
1538054
1538055
1538056
1538057
1538058
1538059
1539466
1539467
1539468
1539469
1539670
1539671
1539672
1539673
1539674
1539685
1539686
1539687
1539688
1539689
1800141
1800510
1800511
1801250
1801251
1801252
1801253
1801254
1801255
1801256
1801257
1801258
1801259
1801410
1801411
1801412
1801413
1801465
1801466
1801467
1801468
1801469
1801960
1801961
1801962
1802044
1802045
1802046
1802147
1802180
1802181
1802185
1802186
1802187
1802188
1802189
1803628
1803629
1803630
1803631
1803632
1803633
1803634
1805126
1805139
1805155
1805168
1805169
1805170
1805171
1805172
1805290
1805291
1805292
1805293
1805294
1805295
1805296
1805297
1805298
1805299
1806140
1806141
1806186
1806612
1806613
1806614
1806615
1806616
1806617
1806618
1806619
1806885
1806886
1806887
1806888
1806889
1807163
1807164
1807165
1808215
1808216
1808217
1808218
1808219
1809430
1809431
1809432
1809433
1809434
1621446
1830510
1830511
1834476
1834486
1835127
1835128
1835148
1835154
1835155
1835200
1835201
1835202
1835203
1835204
1835205
1835206
1835207
1835208
1835209
1836049
1836084
1836106
1836107
1836108
1836109
1836110
1836111
1836112
1836113
1836114
1836115
1836116
1836117
1836118
1836119
1836146
1836160
1836161
1836162
1836163
1836164
1836165
1836166
1836167
1836168
1836169
1836185
1836186
1836246
1836286
1500510
1500511
1505065
1505066
1505105
1505106
1505107
1505108
1505109
1505132
1505133
1505134
1506115
1506116
1506117
1506118
1506119
1506143
1506160
1506161
1506162
1506163
1506164
1506165
1506166
1506167
1506168
1450855
1450856
1450857
1450858
1450859
1452631
1452632
1452633
1453620
1453621
1453622
1453623
1453654
1453655
1453656
1454429
1454435
1454956
1454957
1457100
1457101
1457273
1457274
1457275
1457276
1458050
1458051
1458052
1458053
1458054
1458055
1458056
1458057
1458058
1458059
1350510
1350511
1351258
1351259
1351513
1351514
1358475
1358476
1358477
1358478
1358479
1770141
1770510
1770511
1771250
1771251
1771252
1771253
1771254
1771403
1771446
1771460
1771461
1771482
1771483
1771520
1771521
1771590
1771591
1771592
1771593
1771594
1772173
1772174
1775153
1775154
1775155
1775156
1775157
1776820
1776821
1776822
1776823
1776849
1776895
1776896
1776897
1778830
1778831
1778832
1778833
1779877
1779878
1779879
1590510
1590511
1594910
1594911
1594912
1594913
1594914
1595020
1595021
1595022
1595023
1595024
1595025
1595026
1595027
1595028
1595029
1595030
1595031
1595032
1595033
1595034
1595148
1595154
1595155
1596190
1596191
1596192
1596193
1596194
1596195
1596196
1596197
1596198
1596199
1596200
1596201
1596202
1596203
1596204
1596205
1596206
1596207
1596208
1596209
1599515
1599516
1599517
1599518
1599519
1300348
1300447
1300448
1300449
1301650
1301651
1301652
1301653
1301654
1301655
1302348
1302447
1302448
1302449
1303259
1304650
1304651
1304652
1304653
1304654
1304655
1304656
1304657
1304658
1304659
1305613
1305614
1305615
1305616
1305617
1305618
1305619
1306483
1306484
1306485
1306486
1306487
1308259
1309210
1309211
1309212
1309213
1309214
1309215
1309216
1309217
1309218
1309219
1671515
1672515
1673209
1673240
1673241
1673242
1673243
1673244
1673245
1673246
1673247
1673248
1673249
1673260
1673261
1673262
1673263
1673264
1673265
1673266
1673267
1673268
1673269
1673270
1673271
1673272
1673273
1673274
1673275
1673276
1673277
1673278
1673279
1673280
1673281
1673282
1673283
1673284
1673285
1673286
1673287
1673288
1673289
1673290
1673291
1673292
1673293
1673294
1673295
1673296
1673515
1673940
1673941
1673942
1673943
1673944
1673945
1390141
1390510
1390511
1391250
1391251
1391252
1391253
1391254
1391255
1391256
1391257
1391258
1391259
1391460
1391461
1391462
1391463
1391464
1391465
1391466
1391467
1391468
1391469
1392180
1392181
1392182
1392183
1392184
1392185
1392186
1392187
1392188
1392189
1395148
1395154
1395155
1396190
1396191
1396192
1396193
1396194
1396195
1396196
1396197
1396198
1396199
1396200
1396201
1396202
1396203
1396204
1396205
1396206
1396207
1396208
1396209
1550140
1550526
1860150
1860151
1860152
1860515
1865148
1865152
1865153
1865154
1865155
1865159
1865174
1865175
1865176
1865191
1865239
1866200
1866201
1866202
1866203
1866204
1866205
1866206
1866207
1866208
1866209
1520510
1520511
1524034
1524035
1524036
1525100
1525101
1525102
1525103
1525104
1525105
1525106
1525107
1525108
1525109
1525110
1525111
1525112
1525113
1525114
1525115
1525116
1525117
1525118
1525119
1526190
1526191
1526192
1526193
1526194
1526195
1526196
1526197
1526198
1526199
1529530
1529531
1529532
1529533
1529534
1529535
1529536
1529537
1529538
1529539
1529855
1529856
1529857
1529858
1529859
1810141
1810510
1810511
1811205
1811206
1811244
1811285
1811423
1811563
1811829
1811868
1811869
1811893
1811894
1815138
1815139
1370510
1370511
1377000
1377001
1377002
1377003
1377004
1377005
1377006
1377007
1377008
1377009
1377010
1377011
1377012
1377013
1377014
1377015
1377016
1377017
1377018
1377019
1377020
1377021
1377022
1377023
1377024
1377025
1377026
1377027
1377028
1377029
1470019
1470510
1470511
1475134
1475135
1475290
1475291
1475292
1475293
1475294
1475295
1475296
1475297
1475298
1475299
1476080
1476220
1476221
1476222
1476223
1476224
1476225
1476226
1476227
1476228
1476248
1750153
1750154
1750155
1750156
1750515
1755154
1755155
1755156
1755160
1755161
1755162
1755163
1755165
1755167
1755168
1755169
1755175
1755176
1755250
1755251
1755252
1755253
1755255
1755256
1755257
1755258
1755259
1755260
1755261
1755262
1755263
1755794
1755795
1755796
1755797
1755798
1755799
1880510
1880511
1881623
1885148
1885154
1885155
1886082
1886190
1886191
1886192
1886193
1886194
1886195
1886196
1886197
1886198
1886199
1886200
1886201
1886202
1886203
1886204
1886205
1886206
1886207
1886208
1886209
1888810
1321850
1321851
1321852
1321860
1321861
1321862
1321863
1322232
1322233
1322234
1322235
1322236
1322237
1322238
1322239
1322245
1322515
1323610
1323611
1323612
1323613
1323627
1323628
1323629
1323645
1327002
1327003
1327004
1327005
1327006
1327007
1327008
1327009
1327515
1327610
1327611
1327612
1327613
1327614
1327620
1327621
1329125
1329135
1329136
1910254
1910510
1910515
1700141
1700142
1700515
1700809
1700810
1700811
1700812
1701605
1701606
1701607
1701608
1701609
1702608
1702609
1702619
1702620
1704095
1704096
1705148
1705204
1706930
1706931
1706932
1706933
1708646
1708647
1708770
1708771
1708772
1708773
1708774
1708775
1708776
1708777
1708778
1708779
1709520
1709521
1709522
1709529
1709530
1709550
1709551
1709552
1709553
1980260
1980261
1980262
1980263
1981227
1981465
1981615
1981617
1981619
1981645
1982594
1982595
1982596
1982597
1982598
1982599
1982630
1982631
1982632
1982633
1982706
1982707
1984447
1984459
1984830
1984843
1985072
1985073
1985074
1985075
1985076
1985077
1985078
1985079
1985090
1985091
1985092
1985093
1985094
1985095
1985096
1985097
1985098
1985099
1985149
1985150
1985151
1985152
1985153
1985154
1985155
1985156
1985157
1985158
1985159
1985244
1985248
1989543
1989553
1989560
1989561
1989562
1989563
1650380
1650515
1650626
1651119
1651627
1651820
1652037
1652529
1652563
1652970
1653010
1653017
1653152
1653188
1653227
1655828
1655971
1657082
1657575
1845130
1845131
1845132
1845133
1845134
1845135
1845136
1845137
1845138
1845139
1845231
1845250
1845255
1845256
1570510
1570511
1571510
1571511
1572079
1572248
1572254
1572255
1572256
1572257
1572258
1572259
1572484
1575110
1575111
1575112
1575113
1575146
1575160
1575161
1575172
1870510
1870511
1872415
1875142
1875143
1875144
1875145
1875146
1875220
1875221
1875222
1875223
1875224
1875225
1875226
1875227
1875228
1875229
1875290
1875291
1875292
1876120
1876121
1876122
1876123
1876124
1876125
1876126
1876127
1876128
1876129
1876238
1876239
1876250
1876251
1876252
1876253
1879547
1879548
1879645
1879650
1879651
1879652
1879653
1879654
1879655
1879656
1879657
1879658
1879659
1660515
1660520
1665154
1665155
1665156
1380141
1380510
1380511
1381320
1381321
1381322
1381323
1381324
1381340
1381341
1381342
1381343
1381344
1381430
1381431
1381432
1381433
1381434
1381435
1381436
1381437
1381438
1381439
1381550
1381551
1381552
1381553
1381554
1381555
1381556
1381557
1381558
1381559
1385100
1385101
1385102
1385103
1385104
1385105
1385106
1385107
1385108
1385109
1385110
1385111
1385112
1385113
1385114
1385115
1385116
1385117
1385118
1385119
1385130
1385131
1385132
1385133
1385134
1386140
1386141
1730056
1730145
1730510
1730511
1730515
1730624
1730625
1731297
1731298
1731299
1731403
1731455
1731461
1731462
1731573
1731579
1731886
1732155
1732156
1732157
1732162
1732163
1734836
1735153
1735154
1735155
1735156
1735157
1735230
1735231
1735232
1735233
1735234
1735235
1735236
1735237
1735238
1735239
1736177
1736809
1737218
1737219
1737229
1737230
1737231
1737232
1737233
1737234
1737240
1737241
1737242
1738800
1738801
1738846
1738847
1738848
1739474
1739475
1739688
1739798
1739799
1311516
1311526
1314190
1314191
1315135
1315136
1316017
1316018
1316019
1316044
1316045
1317402
1317403
1317932
1317933
1317934
1317935
1318210
1318211
1318212
1318213
1318214
1318215
1318216
1318217
1318218
1318219
1318644
1318645
1319663
1319664
1319665
1319666
1319667
1760515
1760525
1762508
1762509
1762515
1762545
1762588
1762661
1762662
1762663
1762665
1762667
1762668
1762669
1765152
1580510
1580511
1585100
1585101
1585102
1585103
1585104
1585105
1585106
1585107
1585108
1585109
1585110
1585111
1585112
1585113
1585114
1586190
1586191
1586192
1586193
1586194
1586195
1586196
1586197
1586198
1586199
1586200
1586201
1586202
1586203
1586204
1586205
1586206
1586207
1586208
1586209
1589510
1589511
1589512
1589513
1589514
1589515
1589516
1589517
1589518
1589519
1340125
1340170
1340171
1340172
1340173
1340174
1340175
1340176
1340177
1340178
1340179
1340750
1340751
1344028
1348520
1348521
1348522
1348523
1348524
1348525
1348526
1348527
1348528
1820510
1820511
1824876
1824877
1825142
1825143
1825144
1825145
1825220
1825221
1825222
1825223
1825224
1825225
1825226
1825227
1825228
1825229
1825290
1825291
1825292
1826030
1826031
1826032
1826033
1826120
1826121
1826122
1826123
1826124
1826125
1826126
1826127
1826128
1826129
1826190
1826235
1826236
1826237
1826238
1826239
1826242
1826248
1826249
1826286
1826287
1510510
1510511
1515100
1515101
1515102
1515103
1515104
1515105
1515106
1515107
1515108
1515109
1516190
1516191
1516192
1516193
1516194
1516195
1516196
1516197
1516198
1516199
1518920
1518921
1518922
1518923
1518924
1518925
1518926
1518927
1518928
1518929
1518930
1518931
1518932
1518933
1518934
1518935
1518936
1518937
1518938
1518939
1519510
1519511
1519512
1519513
1519514
1519515
1519516
1519517
1519518
1519519
1519542
1519543
1519552
1519553
1519554
