1452653
1452663
1454443
1454453
1457023
1458330
1458331
1458332
1458333
1458334
1350703
1350793
1351703
1351793
1357630
1357631
1357632
1357633
1357634
1357635
1357636
1357637
1357638
1357639
1357648
1770703
1770793
1777030
1777031
1777032
1777033
1777034
1777035
1777036
1777037
1777038
1777039
1777930
1777931
1777932
1777933
1777934
1777935
1777936
1777937
1777938
1777939
1590703
1590793
1593290
1593291
1593292
1593293
1593294
1594680
1594681
1594682
1594683
1594684
1594685
1594686
1594687
1594688
1594689
1597030
1597031
1597032
1597033
1597034
1597035
1597036
1597037
1597038
1597039
1597930
1597931
1597932
1597933
1597934
1597935
1597936
1597937
1597938
1597939
1830703
1830793
1831793
1836545
1836546
1837000
1837001
1837002
1837003
1837004
1837005
1837006
1837007
1837030
1837031
1837032
1837033
1837034
1837035
1837036
1837037
1837038
1837039
1837930
1837931
1837932
1837933
1837934
1837935
1837936
1837937
1837938
1837939
1837963
1837973
1837983
1837990
1837991
1837992
1837993
1837994
1837995
1837996
1839783
1839793
1500703
1500793
1507030
1507031
1507032
1507033
1507034
1507035
1507036
1507037
1507038
1507039
1507930
1507931
1507932
1507933
1507934
1507935
1507936
1507937
1507938
1507939
1671793
1672793
1673793
1390703
1390793
1397030
1397031
1397032
1397033
1397034
1397035
1397036
1397037
1397038
1397930
1397931
1397932
1397933
1397934
1397935
1397936
1397937
1397938
1397939
1550793
1557919
1557924
1557925
1557926
1557927
1557928
1557929
1557930
1557931
1557932
1557933
1557934
1557935
1557936
1557937
1557938
1557939
1557940
1557941
1557942
1557969
1557980
1557981
1860703
1860793
1867930
1867931
1867932
1867933
1867934
1867935
1867936
1867937
1867938
1867939
1300625
1301442
1301443
1301444
1303624
1303625
1304493
1304793
1308611
1308612
1308613
1309703
1309708
1309713
1309736
1309737
1309738
1309739
1713793
1715297
1715298
1715793
1716290
1716793
1716845
1716846
1716847
1716848
1717793
1718780
1718781
1718782
1718793
1719793
1719844
1719845
1330703
1330793
1331703
1331793
1331930
1331931
1331932
1332003
1332013
1333004
1334003
1334008
1334013
1336169
1336173
1336703
1336793
1338703
1338793
1339703
1339793
1850703
1850793
1857930
1857931
1857932
1857933
1780793
1780883
1784631
1784632
1784633
1784634
1784635
1784636
1787020
1787021
1787022
1787023
1787024
1787073
1787083
1787093
1787903
1787930
1787931
1787932
1787933
1787934
1787935
1787936
1787937
1787938
1787939
1788743
1789153
1789793
1560703
1560793
1567930
1567931
1567932
1567933
1567934
1567935
1567936
1567937
1567938
1567939
1569783
1569793
1990703
1990793
1991457
1991458
1991459
1991460
1991461
1991462
1991463
1991605
1991606
1991607
1991608
1991609
1994213
1997013
1997030
1997031
1997032
1997033
1997034
1997035
1997036
1997037
1997038
1997039
1997043
1997930
1997931
1997932
1997933
1997934
1997935
1997936
1997937
1997938
1997939
1997964
1997965
1997966
1530703
1530793
1534793
1535003
1535015
1535016
1535025
1535026
1535047
1537424
1537425
1537433
1537438
1538781
1538782
1538783
1538793
1539075
1539076
1539077
1539783
1539784
1539793
1800793
1804661
1804662
1804663
1804673
1804683
1807030
1807031
1807032
1807033
1807034
1807043
1807053
1807930
1807931
1807932
1807933
1807934
1807935
1807936
1807937
1807938
1807939
1890703
1890793
1897030
1897031
1897032
1897033
1897034
1897035
1897036
1897037
1897038
1897930
1897931
1897932
1897933
1897934
1897935
1897936
1897937
1897938
1897939
1953387
1360703
1360793
1361703
1361793
1362703
1362793
1364703
1364793
1365703
1365793
1366703
1366793
1367703
1367704
1367706
1367793
1368483
1368703
1368793
1369480
1369483
1369485
1369489
1369703
1369793
1369801
1369803
1369808
1369843
1369957
1730703
1730793
1734673
1737043
1737930
1737931
1737932
1737933
1737934
1737935
1737936
1737937
1737938
1737939
1311783
1311784
1311793
1312523
1312530
1312531
1313360
1313361
1313393
1315590
1315591
1315592
1315593
1317093
1317099
1317750
1317751
1317752
1317793
1318463
1318464
1318465
1319793
1870703
1870793
1872030
1872031
1872032
1872033
1872034
1872035
1872036
1872037
1872038
1872039
1872043
1872054
1872055
1872056
1872057
1872058
1872059
1877030
1877031
1877032
1877033
1877034
1877035
1877036
1877037
1877038
1877039
1877043
1877083
1877088
1877093
1877930
1877931
1877932
1877933
1877934
1877935
1877936
1877937
1877938
1877939
1879783
1879793
1660793
1380359
1380793
1387030
1387031
1387032
1387033
1387034
1387035
1387036
1387037
1387038
1387039
1387930
1387931
1387932
1387933
1387934
1387935
1387936
1387937
1387938
1387939
1820793
1827014
1827015
1827016
1827017
1827018
1827019
1827030
1827031
1827032
1827033
1827034
1827035
1827036
1827037
1827038
1827039
1827040
1827041
1827042
1827043
1827044
1827045
1827046
1827047
1827048
1827049
1827093
1827930
1827931
1827932
1827933
1827934
1827935
1827936
1827937
1827938
1827939
1829630
1829631
1829632
1829633
1829634
1829635
1829636
1829637
1829638
1829639
1829642
1829643
1510703
1510793
1517035
1517036
1517037
1517038
1517039
1517900
1517901
1517902
1517903
1517904
1517930
1517931
1517932
1517933
1517934
1517935
1517936
1517937
1517938
1517939
1518030
1518031
1518032
1518033
1518034
1518035
1518036
1518037
1518038
1518039
1760703
1760793
1767903
1767909
1767913
1767919
1767923
1768793
1580703
1580793
1587090
1587091
1587092
1587093
1587094
1587095
1587096
1587097
1587098
1587099
1587930
1587931
1587932
1587933
1587934
1587935
1587936
1587937
1587938
1587939
1340703
1340793
1342650
1342651
1342663
1342664
1342665
1343703
1343793
1347901
1347902
1347903
1347930
1347931
1347932
1347933
1347934
1347935
1347936
1347937
1347938
1347939
1370703
1370793
1375530
1375531
1375532
1375533
1375534
1375535
1375536
1375537
1375538
1375539
1375572
1375573
1375574
1376645
1376646
1376647
1376648
1376649
1376730
1376731
1376732
1376733
1376734
1376735
1376736
1376737
1376738
1376739
1470703
1470793
1477096
1477097
1477098
1477099
1477982
1477983
1477984
1477985
1477986
1477987
1477988
1477989
1479630
1479631
1479632
1479633
1479634
1479635
1479643
1479681
1479682
1479683
1479684
1479685
1479686
1479687
1479688
1479689
1479783
1479793
1750703
1750793
1757903
1880703
1880793
1882770
1882771
1882772
1882773
1882774
1882775
1882793
1887030
1887031
1887032
1887033
1887034
1887035
1887036
1887093
1887930
1887931
1887932
1887933
1887934
1887935
1887936
1887937
1887938
1887939
1889793
1520703
1520793
1521600
1521601
1521602
1521603
1521604
1521605
1521606
1521607
1521608
1521609
1527007
1527008
1527009
1527030
1527031
1527032
1527033
1527034
1527035
1527036
1527037
1527038
1527039
1527050
1527051
1527052
1527053
1527054
1527930
1527931
1527932
1527933
1527934
1527935
1527936
1527937
1527938
1527939
1529793
1810703
1810793
1814663
1814673
1816073
1816213
1817030
1817031
1817032
1817033
1817034
1817035
1817036
1817037
1817038
1817039
1817043
1817403
1817893
1817930
1817931
1817932
1817933
1817934
1817935
1817936
1817937
1817938
1817939
1819732
1980700
1980702
1980703
1980793
1980800
1980801
1980802
1980803
1980804
1980805
1980806
1980807
1980808
1980809
1981510
1984150
1984151
1984152
1984153
1984154
1984155
1987093
1987094
1987095
1987096
1987097
1987098
1987099
1988038
1988039
1988068
1988069
1988070
1650793
1651793
1840780
1840781
1840782
1840783
1840784
1840785
1840786
1840787
1840793
1847012
1847013
1847014
1847015
1847016
1847030
1847031
1847032
1847033
1847034
1847035
1847036
1847037
1847038
1847039
1847902
1847903
1847904
1847905
1847906
1847930
1847931
1847932
1847933
1847934
1847935
1847936
1847937
1847938
1847939
1570703
1570704
1570705
1570706
1570707
1570708
1570709
1570793
1571703
1571793
1572091
1572092
1572093
1572752
1577913
1577914
1577915
1577930
1577931
1577932
1577933
1577934
1577935
1577936
1577937
1577938
1577939
1577990
1577991
1577992
1577993
1577994
1577995
1577996
1577997
1577998
1577999
1320703
1320793
1321793
1323703
1323753
1323763
1323793
1324703
1324773
1324783
1324793
1325703
1325793
1326303
1326304
1326393
1910703
1910704
1910705
1910793
1914209
1914210
1914211
1914212
1914213
1914214
1917053
1917930
1917931
1917932
1917933
1917934
1917935
1917936
1917937
1917938
1917939
1704491
1705163
1706957
1706958
1706959
1706960
1707750
1707751
1707752
1707753
1707754
1707755
1707756
