1760579
1760589
1760679
1768190
1768191
1768192
1768193
1768194
1768242
1580579
1580589
1582575
1582576
1582577
1582578
1582579
1585790
1585791
1585792
1585793
1585794
1585795
1585796
1585797
1585798
1585799
1585890
1585891
1585892
1585893
1585894
1585895
1585896
1585897
1585898
1585899
1586790
1586791
1586792
1586793
1586794
1586795
1586796
1586797
1586798
1586799
1586890
1586891
1586892
1586893
1586894
1586895
1586896
1586897
1586898
1586899
1586925
1586926
1586927
1586928
1586929
1588890
1588891
1588892
1588893
1588894
1588895
1588896
1588897
1588898
1588899
1342900
1342901
1342902
1342903
1342904
1342905
1342906
1342907
1342908
1342909
1345490
1345491
1345492
1345493
1345494
1345495
1345496
1345497
1345498
1345499
1348405
1348406
1348407
1348408
1348409
1348690
1348691
1348692
1348693
1348694
1348695
1348696
1348697
1348698
1348699
1820579
1820589
1824850
1824851
1824852
1824853
1824854
1824855
1824856
1824857
1824858
1824859
1825700
1825701
1825702
1825703
1825704
1825705
1825706
1825707
1825708
1825709
1825745
1825746
1825747
1825748
1825749
1825780
1825781
1825782
1825783
1825784
1825785
1825786
1825787
1825788
1825789
1825790
1825791
1825792
1825793
1825794
1825795
1825796
1825797
1825798
1825799
1825890
1825891
1825892
1825893
1825894
1825895
1825896
1825897
1825898
1825899
1826690
1826691
1826692
1826693
1826694
1826695
1826696
1826697
1826698
1826699
1826700
1826701
1826702
1826703
1826704
1826705
1826706
1826707
1826708
1826709
1826790
1826791
1826792
1826793
1826794
1826795
1826796
1826797
1826798
1826799
1510579
1510589
1515790
1515791
1515792
1515793
1515794
1515795
1515796
1515797
1515890
1515891
1515892
1515893
1515894
1515895
1515896
1515897
1515898
1515899
1516790
1516791
1516792
1516793
1516794
1516795
1516796
1516797
1516798
1516799
1870579
1870589
1875760
1875761
1875762
1875763
1875764
1875765
1875766
1875767
1875768
1875769
1875780
1875781
1875782
1875783
1875784
1875785
1875786
1875787
1875788
1875789
1875790
1875791
1875792
1875793
1875794
1875795
1875796
1875797
1875798
1875799
1875890
1875891
1875892
1875893
1875894
1876790
1876791
1876792
1876793
1876794
1876795
1876796
1876797
1876798
1876799
1660579
1660589
1665706
1665707
1665708
1665709
1380677
1380678
1380679
1381990
1381991
1381992
1381993
1381994
1381995
1381996
1381997
1381998
1381999
1385790
1385791
1385792
1385793
1385794
1385795
1385796
1385797
1385798
1385799
1385890
1385891
1385892
1385893
1385894
1385895
1385896
1385897
1385898
1385899
1386790
1386791
1386792
1386793
1386794
1386795
1386796
1386797
1386798
1386799
1386890
1386891
1386892
1386893
1386894
1386895
1386896
1386897
1386898
1386899
1730579
1730589
1730679
1730684
1730689
1733670
1733671
1733672
1733673
1733674
1733675
1733676
1733842
1733843
1734880
1734881
1734882
1734883
1735790
1735791
1735792
1735793
1735794
1735795
1735796
1735797
1735798
1735799
1736966
1736967
1736968
1736969
1736970
1736971
1736972
1736973
1737418
1737419
1738813
1738814
1738815
1738816
1739462
1739463
1739579
1739854
1739855
1310559
1310579
1310589
1310620
1310621
1310622
1310623
1310624
1310625
1310626
1310640
1310641
1310642
1311579
1311687
1311688
1311689
1315790
1315791
1315792
1315793
1315794
1315795
1315796
1315797
1315798
1315799
1316580
1317380
1317381
1317382
1317383
1317384
1317385
1317386
1317387
1317388
1317389
1317490
1317491
1317492
1317493
1317494
1317495
1317496
1317497
1317498
1317499
1317540
1317541
1317542
1317543
1317544
1317550
1317551
1317552
1317553
1317554
1318449
1318510
1318511
1318512
1318513
1318514
1318515
1318516
1318517
1318518
1318519
1318579
1320579
1320589
1321620
1321621
1321622
1321623
1321624
1321625
1321626
1321679
1322125
1322126
1322127
1322128
1322129
1322149
1323579
1323589
1324846
1324847
1324848
1324849
1324880
1324881
1324882
1324883
1324884
1324885
1324886
1324887
1324888
1324889
1325099
1325109
1325579
1325589
1327679
1327689
1328251
1328289
1328290
1328291
1328292
1328293
1328294
1328295
1328296
1328297
1328298
1328299
1328579
1328589
1329149
1329157
1329158
1329159
1329579
1329589
1910579
1910589
1915721
1915729
1700565
1700566
1700567
1700579
1700589
1700992
1701200
1701201
1701202
1701203
1702266
1702267
1702268
1702269
1705093
1705143
1705942
1705943
1705944
1705945
1705946
1707045
1707046
1707915
1707916
1707917
1707918
1707919
1709491
1709492
1709493
1709494
1709771
1709772
1709773
1709774
1709775
1709776
1709777
1709778
1709779
1709843
1709860
1709861
1709862
1709966
1709967
1650579
1651843
1652079
1652982
1655790
1655791
1655792
1655793
1655795
1655796
1655797
1655798
1655799
1655884
1980579
1980589
1981237
1981475
1981779
1981793
1981794
1981795
1981796
1981797
1981798
1981799
1982285
1984660
1984661
1984662
1984663
1984674
1984675
1984676
1984677
1984678
1984679
1985709
1985790
1985791
1985792
1985793
1985794
1985795
1985796
1985797
1985798
1985799
1985890
1985891
1985892
1985893
1985894
1985895
1985896
1985897
1985898
1985899
1988329
1988390
1988391
1988392
1988393
1988394
1988395
1988396
1988397
1988398
1988399
1988450
1988451
1988452
1988453
1988454
1988480
1988481
1988482
1988483
1988484
1988485
1988486
1988487
1988488
1988489
1988885
1840579
1840589
1845790
1845791
1845792
1845793
1845794
1845795
1845796
1845797
1845798
1845799
1845800
1845801
1845802
1845803
1845804
1845805
1845806
1845807
1845808
1845809
1570579
1570589
1572490
1572491
1572492
1572493
1572790
1572791
1572792
1572793
1572794
1572795
1572796
1572797
1575790
1575791
1575792
1575793
1575794
1575795
1575796
1575797
1575798
1575799
1579201
1579202
1579757
1579758
1579812
1579813
1579815
1520579
1520589
1521470
1521471
1521472
1521473
1521474
1521585
1521586
1521587
1521588
1521589
1525790
1525791
1525792
1525793
1525794
1525795
1525796
1525797
1525798
1525799
1525890
1525891
1525892
1525893
1525894
1525895
1525896
1525897
1525898
1525899
1526730
1526731
1526732
1526733
1526734
1526735
1526736
1526737
1526738
1526739
1526740
1526741
1526790
1526791
1526792
1526793
1526794
1526795
1526796
1526797
1526798
1526799
1526860
1526861
1526862
1526863
1526864
1526865
1526866
1526867
1526868
1526869
1810579
1810588
1810589
1815790
1815791
1815792
1815793
1815794
1815795
1815796
1815797
1815798
1815799
1815835
1815836
1815837
1815838
1815839
1815879
1816458
1816459
1816701
1816702
1816703
1470579
1470589
1472700
1472701
1472702
1475722
1475723
1475724
1475785
1475786
1475787
1475788
1475789
1475790
1475791
1475792
1475793
1475794
1475795
1475796
1475797
1475798
1475799
1370579
1370589
1370679
1370689
1373240
1373241
1373242
1373243
1373244
1373560
1373561
1373562
1373563
1373564
1373565
1373566
1373567
1373568
1373569
1373570
1373571
1373572
1373573
1373574
1373575
1373576
1373577
1373578
1373579
1373890
1373891
1373892
1373893
1373894
1373895
1373896
1373897
1373898
1373899
1375092
1375093
1375094
1375095
1375096
1375097
1375098
1375099
1375790
1375791
1375792
1375793
1375794
1375795
1375796
1375797
1375798
1375799
1375890
1375891
1375892
1375893
1375894
1375895
1375896
1375897
1375898
1375899
1377750
1377751
1377752
1377753
1377754
1377790
1377791
1377792
1880579
1880589
1880679
1880689
1885790
1885791
1885792
1885793
1885794
1885795
1885796
1885797
1885798
1885799
1885890
1885891
1885892
1885893
1885894
1885895
1885896
1885897
1885898
1885899
1886716
1886717
1886718
1886719
1886755
1886756
1886757
1886758
1886759
1886790
1886791
1886792
1886793
1886794
1886795
1886796
1886797
1886798
1886799
1886845
1886846
1886847
1886848
1886849
1886852
1886853
1886854
1886855
1886856
1886857
1886858
1886859
1886990
1886991
1886992
1886993
1886994
1750579
1750589
1750653
1750654
1750655
1750679
1750688
1750689
1300265
1300464
1300465
1300466
1300467
1301794
1301795
1301796
1301797
1301798
1301799
1302098
1302265
1302464
1302465
1302466
1302467
1303366
1303425
1304070
1304071
1304072
1304073
1304076
1304077
1304578
1304579
1304990
1304991
1304992
1304993
1304994
1304995
1304996
1304997
1304998
1304999
1305895
1305896
1305897
1305898
1305899
1306460
1306461
1306462
1306463
1306464
1306465
1306466
1306467
1306468
1306469
1306590
1306591
1306592
1306593
1306594
1306595
1306596
1306597
1306598
1306599
1308464
1308465
1308466
1308565
1308566
1308567
1309464
1309465
1309466
1309579
1309587
1309588
1309589
1727668
1727914
1728052
1728059
1728090
1671579
1672579
1673579
1390057
1390579
1390589
1390679
1390689
1395790
1395791
1395792
1395793
1395794
1395795
1395796
1395797
1395798
1395799
1395840
1395841
1395842
1395843
1395844
1395845
1395846
1395847
1395848
1395849
1396740
1396741
1396742
1396743
1396744
1396745
1396746
1396747
1396748
1396749
1396790
1396791
1396792
1396793
1396794
1396795
1396796
1396797
1396798
1396799
1398940
1398941
1398942
1398943
1398944
1550579
1550589
1555790
1555791
1555792
1555793
1555794
1555795
1555796
1555797
1555798
1555799
1555867
1555868
1555869
1860579
1860589
1860654
1860655
1860656
1860657
1860679
1860688
1860689
1865790
1865791
1865792
1865793
1865794
1865795
1865796
1865797
1865798
1865799
1865890
1865891
1865892
1865893
1865894
1865895
1865896
1865897
1865898
1865899
1866795
1866796
1866797
1866798
1866799
1869489
1830579
1830589
1831480
1831481
1831482
1831483
1831484
1831490
1831491
1831492
1831493
1831494
1831495
1831496
1831497
1831498
1831499
1832900
1832901
1832902
1832903
1832904
1832905
1832906
1832907
1832908
1832909
1835790
1835791
1835792
1835793
1835794
1835795
1835796
1835797
1835798
1835799
1835800
1835801
1835802
1835803
1835804
1835890
1835891
1835892
1835893
1835894
1835895
1835896
1835897
1835898
1835899
1836790
1836791
1836792
1836793
1836794
1836795
1836796
1836797
1836798
1836799
1836863
1836864
1836865
1836866
1836867
1836868
1836869
1839590
1839591
1839592
1839593
1839594
1839595
1839596
1839597
1839598
1839599
1500579
1500589
1502438
1502439
1502450
1502451
1502452
1502453
1502454
1502455
1502456
1502457
1502458
1502459
1505780
1505781
1505782
1505783
1505784
1505790
1505791
1505792
1505793
1505794
1505795
1505796
1505797
1505798
1505799
1505850
1505851
1505852
1505853
1505854
1505855
1505856
1505857
1505858
1505859
1505865
1505866
1505867
1506704
1506705
1506706
1506707
1506708
1506709
1506758
1506759
1506790
1506791
1506792
1506793
1506794
1506795
1506796
1506797
1506798
1506799
1506802
1506803
1506804
1506805
1506806
1506807
1506808
1506809
1508820
1508821
1508822
1508823
1508824
1508825
1508826
1508827
1508828
1508829
1350579
1350589
1350658
1350659
1350679
1350689
1351579
1351589
1351679
1351684
1351689
1351690
1351691
1351692
1351693
1351694
1351695
1351696
1351697
1351698
1351699
1356670
1356671
1356672
1356673
1356674
1356675
1356676
1356677
1356678
1356679
1356690
1356691
1356692
1356693
1356694
1356695
1356696
1356697
1356698
1356699
1357568
1357569
1357590
1357591
1357592
1357593
1357594
1357595
1357596
1357597
1357598
1357599
1358695
1358696
1358697
1358698
1358699
1358860
1358861
1358862
1358863
1358864
1358865
1358866
1358867
1358868
1358869
1452248
1452255
1452256
1452257
1452258
1452259
1453226
1453227
1453228
1454169
1454719
1454739
1454749
1458147
1458148
1458149
1458190
1458191
1458192
1458193
1458194
1458195
1458196
1458197
1458198
1458199
1770579
1770589
1770679
1770684
1770689
1775790
1775791
1775792
1775793
1775794
1775795
1775796
1775797
1775798
1775799
1775805
1775806
1775807
1775808
1776975
1776976
1776991
1776992
1776993
1776994
1777406
1777407
1777425
1590579
1590589
1590679
1590689
1592420
1592421
1592422
1592423
1592424
1592425
1592426
1592427
1592428
1592429
1592590
1592591
1592592
1592593
1592594
1592595
1592596
1592597
1592598
1592599
1595790
1595791
1595792
1595793
1595794
1595795
1595796
1595797
1595798
1595799
1595840
1595841
1595842
1595843
1595844
1595845
1595846
1595847
1595848
1595849
1595890
1595891
1595892
1595893
1595894
1595895
1595896
1595897
1595898
1595899
1596790
1596791
1596792
1596793
1596794
1596795
1596796
1596797
1596798
1596799
1598850
1598851
1598852
1598853
1598854
1598855
1598856
1598857
1598858
1598859
1890579
1890589
1890679
1890689
1895790
1895791
1895792
1895793
1895794
1895795
1895796
1895797
1895798
1895799
1895840
1895841
1895842
1895843
1895844
1895845
1895846
1895847
1895848
1895849
1896600
1896601
1896602
1896603
1896604
1896605
1896740
1896741
1896742
1896743
1896744
1896745
1896746
1896747
1896748
1896749
1896790
1896791
1896792
1896793
1896794
1896795
1896796
1896797
1896798
1896799
1896935
1896936
1896937
1896938
1896939
1898940
1898941
1898942
1898943
1898944
1951131
1951984
1951989
1952579
1953344
1954899
1955050
1955829
1360059
1360069
1360572
1360579
1360582
1360589
1360679
1360689
1361579
1361589
1361679
1361689
1362579
1362589
1362669
1362679
1362689
1364579
1364589
1364659
1364669
1364679
1364689
1365579
1365589
1366582
1366583
1366584
1366585
1366586
1366587
1366588
1366589
1367680
1367681
1367682
1367683
1367684
1530579
1530589
1530679
1530689
1531495
1531496
1531497
1531498
1531499
1532579
1532589
1532590
1532591
1532592
1532593
1532594
1532595
1532596
1532597
1532598
1532599
1533690
1533691
1533692
1533693
1533769
1534579
1534589
1535523
1535530
1535531
1535532
1535533
1535534
1535535
1535536
1535537
1535538
1535539
1535579
1535589
1535679
1535689
1535690
1535691
1535692
1535693
1535694
1535695
1535696
1535697
1535698
1535699
1537290
1537291
1537292
1537293
1537294
1537295
1537296
1537297
1537298
1537299
1538170
1538171
1538172
1538173
1538174
1538175
1538176
1538177
1538178
1538179
1538245
1538246
1538247
1538248
1538249
1539435
1539436
1539437
1539438
1539439
1539579
1539750
1539751
1539752
1539753
1539754
1539755
1539756
1539757
1539758
1539759
1800579
1800589
1800650
1800651
1800652
1800653
1800654
1800655
1800679
1800689
1804220
1804221
1804222
1804255
1804256
1804257
1804258
1804259
1805790
1805791
1805792
1805793
1805794
1805795
1805796
1805797
1805798
1805799
1805848
1805849
1805890
1805891
1805892
1805893
1805894
1805895
1805896
1805897
1805898
1805899
1806620
1806621
1806622
1806623
1806624
1806760
1806761
1806762
1806763
1806764
1806765
1806990
1806991
1806992
1806993
1806994
1806995
1806996
1806997
1806998
1806999
1807230
1807231
1807232
1807233
1807234
1807235
1807236
1807237
1807238
1807239
1807240
1807241
1807242
1807243
1807244
1807245
1807246
1807247
1807248
1807249
1807268
1807269
1809479
1780579
1780589
1781553
1781554
1781555
1781556
1781557
1781558
1781642
1781643
1781644
1781669
1782694
1782695
1782696
1782697
1782698
1785586
1785587
1785588
1785589
1785709
1785717
1785718
1785719
1785749
1785757
1785758
1785759
1785763
1785764
1785790
1785791
1785792
1785793
1785794
1785795
1785796
1785797
1785800
1785801
1785802
1785849
1785896
1785897
1785898
1785899
1786789
1786796
1788829
1789575
1789576
1850579
1850589
1855790
1855842
1859039
1560579
1560589
1560679
1560689
1565790
1565791
1565792
1565793
1565794
1565795
1565796
1565797
1565798
1565799
1565890
1565891
1565892
1565893
1565894
1565895
1565896
1565897
1565898
1565899
1566950
1566951
1566952
1566953
1566954
1566955
1566956
1566957
1566958
1566959
1566960
1566961
1566962
1566963
1566964
1566965
1566966
1566967
1566968
1566969
1569579
1569587
1990579
1990589
1990656
1990657
1994107
1994117
1994121
1994127
1994131
1994141
1995790
1995791
1995792
1995793
1995794
1995795
1995796
1995797
1995798
1995799
1715574
1715664
1715940
1715941
1715942
1715943
1715944
1715945
1715946
1715947
1715986
1715987
1715989
1716579
1716660
1716661
1716662
1716663
1716665
1716667
1716970
1716971
1716972
1716973
1716975
1716976
1716977
1717579
1718579
1718949
1718974
1718984
1719410
1719579
1719937
1719938
1719939
1719950
1719951
1719952
1330579
1330589
1330679
1330689
1332579
1332589
1332599
1333579
1333589
1333590
1333591
1333592
1333593
1333594
1333595
1333596
1333597
1333598
1333599
1334579
1334589
1334590
1334591
1334592
1334593
1334594
1335579
1335589
1335703
1335704
1335705
1335706
1336290
1336291
1336292
1336293
1336294
1336295
1336296
1336297
1336298
1336299
1337249
1337380
1337381
1337382
1337383
1337384
1337579
1337589
1337689
1338579
1338589
1338845
1338846
1338865
1338866
1339579
1339589
1339679
1339689
1903456
