1300566
1300567
1300568
1301850
1302566
1302567
1302568
1303580
1303581
1303582
1303583
1303584
1303585
1304625
1304626
1304627
1304628
1304629
1306850
1306851
1306852
1306853
1307160
1307161
1307162
1307163
1307164
1307165
1307166
1307167
1307168
1307169
1726613
1390251
1390254
1392203
1392204
1392205
1392438
1392670
1392671
1392672
1392673
1392674
1392750
1392751
1392752
1392753
1392754
1392755
1392756
1392757
1392758
1392759
1392970
1392971
1392972
1392973
1392974
1392975
1392976
1392977
1392978
1392979
1860767
1866680
1866681
1866682
1866683
1866684
1867568
1868836
1501437
1501438
1501439
1501660
1501661
1501662
1501663
1501664
1501665
1501666
1501936
1501937
1508954
1508955
1508960
1508961
1508962
1508963
1508964
1509981
1830007
1830665
1830668
1831218
1831233
1831255
1831259
1831260
1831261
1831262
1831263
1831282
1831288
1831660
1831813
1831815
1831816
1831829
1831868
1831877
1831914
1831915
1831916
1831917
1831920
1831921
1831923
1831972
1831973
1831974
1831975
1831976
1831978
1831979
1832034
1832046
1832060
1832061
1832062
1832063
1832064
1832065
1832067
1832068
1834427
1350007
1350991
1350992
1353485
1353486
1353487
1353488
1353489
1353590
1353591
1353592
1353593
1353594
1354230
1354231
1354232
1354233
1354234
1354235
1354236
1354237
1354238
1354239
1354335
1354336
1354337
1354338
1354339
1355365
1355366
1355367
1355368
1355369
1358000
1358001
1358002
1358003
1358004
1358005
1358006
1358007
1358008
1358009
1359295
1359296
1359297
1359298
1359299
1452919
1453941
1457039
1459091
1459092
1459093
1459094
1459095
1591525
1591526
1591527
1591528
1591529
1591710
1591711
1591712
1597650
1597651
1597652
1597653
1597654
1597655
1597656
1597657
1598620
1598621
1598622
1598623
1598624
1770269
1770765
1772229
1772413
1772588
1772897
1772898
1772899
1776565
1776566
1776567
1776881
1890085
1890251
1890254
1892438
1892670
1892671
1892672
1892673
1892674
1892970
1892971
1892972
1892973
1892974
1892975
1892976
1892977
1892978
1892979
1893405
1893406
1893407
1893408
1893425
1893426
1893835
1893836
1893837
1893838
1893839
1893847
1893848
1894810
1894811
1894812
1899854
1899855
1899856
1360039
1362045
1362240
1362290
1364240
1364241
1365304
1365305
1368670
1368671
1368672
1368673
1368674
1368675
1368676
1368677
1368678
1368679
1369250
1369251
1369252
1369253
1369254
1369255
1369256
1369257
1369258
1369259
1369260
1369261
1369262
1369263
1369264
1369265
1369266
1369267
1369268
1369269
1952493
1952494
1800090
1800091
1800092
1800093
1800765
1802280
1802281
1802282
1802283
1802284
1802395
1802396
1802397
1802398
1802399
1802760
1802761
1802775
1802776
1802777
1802778
1802779
1802948
1803895
1803896
1803897
1803898
1803899
1808886
1530290
1533781
1533847
1533848
1533849
1536075
1536076
1536077
1536078
1536079
1536310
1536311
1536312
1536313
1536314
1536315
1536316
1536317
1536318
1536319
1536390
1536391
1536392
1536393
1536394
1560251
1560254
1562203
1562204
1562205
1562670
1562671
1562672
1562673
1562674
1562750
1562751
1562752
1562753
1562754
1562755
1562756
1562757
1562758
1562759
1569764
1850664
1850667
1850668
1850669
1857511
1857512
1857851
1780205
1780207
1780657
1780668
1780678
1781142
1781143
1781704
1781710
1781717
1781727
1781741
1781783
1781799
1781801
1781854
1781895
1781896
1781897
1781899
1781900
1781904
1781907
1781918
1781935
1781936
1781937
1781938
1781939
1781940
1781941
1781942
1781943
1781944
1781945
1782011
1782019
1782028
1782045
1782545
1782546
1782579
1782585
1782586
1782587
1782588
1782747
1782748
1782776
1782777
1782778
1782779
1782780
1782781
1782782
1782788
1782794
1782797
1782799
1784172
1784173
1784174
1784175
1784176
1786816
1786818
1786819
1787528
1787547
1787553
1787559
1787562
1787564
1787568
1787572
1787585
1787588
1787595
1787607
1787621
1787626
1787638
1787647
1787651
1787659
1787668
1787679
1787687
1787696
1788054
1788068
1788070
1788950
1789659
1990243
1990244
1992480
1992481
1992482
1992725
1992726
1992727
1992728
1992729
1992734
1992735
1992736
1992737
1992738
1992739
1992867
1992868
1992869
1713668
1717784
1717960
1717996
1717998
1718046
1718867
1718868
1718869
1719049
1330251
1330254
1331850
1331851
1331852
1331853
1332656
1332657
1333652
1333653
1333655
1333656
1336028
1336029
1336073
1336074
1336075
1337668
1337669
1338080
1338081
1338082
1581300
1581301
1581302
1581303
1581304
1581305
1581306
1581890
1581891
1581892
1581893
1581894
1582017
1582018
1582019
1587585
1587586
1587587
1587588
1587589
1588982
1760668
1768836
1341330
1341331
1341332
1341333
1341334
1341335
1341336
1341337
1341338
1341339
1341580
1341581
1341582
1341583
1341584
1342350
1342351
1342352
1342353
1342354
1342355
1342356
1342357
1342358
1342359
1342815
1342816
1342817
1342818
1342819
1343230
1343231
1343232
1343233
1343234
1343235
1343236
1343237
1343238
1343239
1343290
1343291
1343292
1343293
1343294
1343295
1343296
1343297
1343298
1343299
1343755
1343756
1343757
1343758
1343759
1345010
1345011
1345012
1345013
1345014
1511362
1511363
1511364
1511365
1511366
1511367
1511929
1511960
1511961
1511962
1511963
1511964
1511965
1511966
1511967
1511968
1511969
1511970
1511971
1511972
1511973
1511974
1820063
1820068
1820087
1820664
1820668
1821134
1821137
1821150
1821804
1821807
1821816
1821827
1821829
1821860
1821868
1821869
1821889
1821897
1821912
1821931
1821946
1821948
1821949
1821950
1824495
1824496
1870764
1871824
1871825
1871835
1871837
1871838
1871853
1871854
1871863
1871864
1871882
1871912
1380976
1380978
1382485
1382486
1382487
1382488
1382489
1382860
1382861
1382862
1382863
1382864
1382865
1382866
1382867
1382868
1382869
1660667
1660668
1660669
1667507
1667508
1667509
1669800
1669801
1669802
1669803
1669804
1669805
1669806
1669807
1730303
1730668
1730823
1732243
1732283
1732293
1732477
1732478
1734286
1734287
1737676
1737688
1737689
1310498
1310499
1312600
1312601
1312602
1312603
1312604
1312605
1312606
1312607
1312608
1312609
1313870
1313871
1313872
1313873
1313874
1313875
1313876
1313877
1313878
1313879
1316916
1316917
1316918
1316919
1316976
1316977
1316978
1316979
1318950
1318951
1318952
1318953
1318954
1318955
1318956
1318957
1318958
1318959
1910304
1910305
1910306
1910664
1910665
1910666
1910667
1910668
1912576
1912577
1912578
1322627
1322628
1322629
1323215
1323216
1323217
1323218
1323219
1325039
1325767
1328895
1328896
1328897
1328898
1328899
1700765
1700766
1700767
1700768
1701719
1701720
1701721
1701722
1702280
1702281
1708875
1708876
1708877
1708878
1708879
1708920
1708921
1980645
1980659
1980668
1981196
1981209
1981447
1982014
1982038
1982039
1982044
1982086
1983002
1983025
1983028
1983052
1983091
1983295
1984233
1984910
1984934
1984952
1984966
1984980
1986002
1986080
1986419
1986446
1986493
1986512
1986534
1986536
1986552
1986570
1986596
1986624
1986627
1986741
1986829
1986830
1986831
1986832
1986835
1986836
1986852
1986875
1986876
1986879
1987650
1987651
1987652
1987653
1987664
1987668
1987850
1987851
1988087
1989695
1650609
1570208
1570661
1570662
1570664
1570665
1570666
1570667
1570668
1570669
1571831
1572414
1572832
1572883
1576605
1576606
1576609
1576610
1576635
1576648
1576667
1576669
1576672
1576703
1576711
1576721
1576740
1576750
1576764
1576768
1576769
1576786
1576816
1576817
1576818
1576822
1576829
1576842
1576848
1576849
1576860
1576869
1576872
1577502
1577503
1577505
1840205
1840207
1840664
1840667
1842006
1842017
1842019
1842027
1842053
1842054
1847547
1847549
1847564
1847567
1847585
1847586
1847587
1847588
1847626
1847637
1847640
1847641
1847650
1847651
1847652
1847653
1847656
1847659
1810765
1812255
1812256
1812257
1812258
1812444
1812484
1812485
1812486
1812500
1812501
1812502
1812503
1812730
1812731
1812732
1812733
1812734
1812735
1812736
1812770
1812835
1812836
1812837
1812838
1812839
1814444
1814868
1814883
1816580
1816581
1816582
1816583
1816584
1816585
1521828
1521829
1521830
1521831
1521832
1521833
1521834
1521835
1521836
1521837
1521838
1521839
1521840
1521957
1521972
1521973
1521974
1521975
1521988
1521989
1521990
1521991
1471475
1471514
1471540
1471590
1471600
1471807
1471809
1471810
1471811
1471812
1471813
1471814
1471815
1471838
1471842
1471853
1477813
1477818
1477830
1477852
1477867
1477868
1477869
1477886
1370266
1370286
1370289
1370962
1370964
1372770
1372771
1372772
1372773
1372774
1372775
1372776
1372777
1372778
1372779
1372780
1372781
1372782
1372783
1372784
1379090
1379091
1379092
1379093
1379094
1750628
1751185
1751186
1751187
1751188
1751189
1752058
1752059
1756680
1756681
1756682
1756683
1756684
1756685
1756686
1756687
1756688
1756689
1757668
1880251
1880254
1880667
1880668
1880669
1880764
1881182
1881334
1881335
1881336
1881337
1881343
1881344
1881345
1881346
1881349
1881353
1881354
1881360
1881427
1881428
1881431
1881432
1881671
1881960
1881961
1881962
1881985
1881986
1881987
1882045
1882438
1882673
1882674
1889850
1889851
1889862
1889989
