1671635
1672635
1673635
1673744
1673745
1673746
1673747
1673776
1673777
1673778
1673779
1673780
1673781
1673782
1673783
1673784
1673785
1673786
1673787
1673788
1390635
1396300
1396301
1396302
1396350
1396351
1396352
1396353
1396354
1396355
1396356
1396357
1396358
1396359
1396950
1396951
1396952
1396953
1396954
1396955
1396956
1396957
1396958
1396959
1550635
1550643
1550644
1550645
1550646
1550650
1550651
1550652
1550667
1550668
1550669
1555057
1555058
1555059
1555210
1555211
1555212
1555213
1555214
1555215
1555216
1555217
1555218
1555219
1555325
1555326
1555327
1555328
1555329
1555346
1555347
1555348
1555367
1555368
1556282
1556283
1556284
1556285
1556286
1556287
1556288
1556289
1556350
1556351
1556352
1556353
1556354
1556355
1556356
1556357
1556358
1556359
1558948
1558949
1860542
1860635
1865361
1866300
1866301
1866302
1866350
1866351
1866352
1866353
1866354
1866355
1866356
1866357
1866358
1866359
1867850
1867851
1867852
1300175
1301268
1301278
1302055
1302057
1302058
1302059
1302175
1303453
1303454
1304745
1306107
1306108
1306109
1306150
1306151
1306152
1308146
1308278
1350635
1350892
1350893
1351635
1356120
1356121
1356122
1356123
1356124
1356125
1356126
1356127
1356128
1356129
1356145
1356146
1356147
1356148
1356149
1356200
1356201
1356202
1356203
1356204
1356205
1356206
1356207
1356208
1356209
1356300
1356301
1356302
1356303
1356304
1356350
1356351
1356352
1356353
1356354
1356355
1356356
1356357
1356358
1356359
1358117
1358118
1358946
1358947
1452550
1452551
1453503
1454359
1454369
1454765
1454770
1457019
1457354
1457355
1457767
1458550
1458551
1458552
1458553
1458554
1770635
1775336
1775337
1775338
1776207
1776208
1776350
1776351
1776352
1776353
1776354
1776355
1776356
1776357
1776358
1776359
1590635
1591019
1595415
1595416
1595417
1595418
1595419
1595455
1595456
1595457
1595458
1595492
1595493
1595494
1596316
1596317
1596318
1596319
1596435
1596436
1596437
1596438
1596439
1596477
1596478
1596479
1596523
1596524
1596525
1596551
1596574
1596575
1596576
1596620
1596621
1596622
1596623
1596624
1596625
1596626
1596627
1596628
1596629
1596960
1596961
1596962
1599870
1599871
1622617
1622618
1622635
1622636
1830635
1836350
1836351
1836352
1836353
1836354
1836355
1836356
1836357
1836358
1836359
1836570
1836571
1836572
1836573
1836574
1836575
1836576
1836577
1836578
1836579
1836580
1836581
1836582
1836583
1836584
1836585
1836586
1836587
1836588
1836589
1836590
1836591
1836592
1836593
1836594
1836595
1836596
1836597
1836598
1836599
1836640
1836641
1836642
1836643
1836644
1836645
1836646
1836647
1836648
1836649
1500635
1500637
1500638
1500639
1502060
1502061
1502062
1502063
1502064
1502065
1502066
1502067
1502068
1502069
1505458
1506350
1506351
1506352
1506353
1506354
1506355
1506356
1506357
1506358
1506359
1506552
1506635
1506640
1506641
1506642
1506643
1506644
1506645
1506646
1506647
1506648
1506649
1506950
1506951
1506952
1506953
1506954
1506955
1506956
1506957
1506958
1506959
1509500
1509501
1509502
1509503
1509504
1509505
1509506
1509507
1509508
1509840
1509841
1509842
1509843
1509844
1530635
1531415
1531416
1531417
1531418
1531419
1531570
1531571
1531572
1531573
1531574
1531575
1531576
1531577
1531578
1531579
1533635
1533993
1533994
1534544
1534549
1537635
1537683
1537684
1537685
1800635
1806350
1806351
1806352
1806353
1806354
1806355
1806356
1806357
1806358
1806359
1890635
1895390
1895391
1895392
1895445
1895446
1895447
1895448
1895449
1896350
1896351
1896352
1896353
1896354
1896355
1896356
1896357
1896358
1896359
1360635
1361635
1361638
1362635
1364635
1364638
1365635
1365638
1366635
1366638
1367635
1367638
1368635
1369635
1330635
1331062
1331065
1332625
1332635
1333622
1333625
1333635
1334622
1334625
1334635
1335446
1335447
1335625
1335635
1336146
1336147
1337095
1337096
1337097
1337146
1337147
1337560
1337561
1337635
1338635
1339622
1339625
1339635
1780635
1785226
1785254
1785255
1785266
1785440
1785441
1785442
1785443
1785444
1785445
1785446
1785447
1785448
1785449
1786010
1786011
1786012
1786044
1786085
1786098
1786099
1786180
1786181
1786182
1786183
1786184
1786250
1786251
1786252
1786253
1786254
1786255
1786256
1786257
1786258
1786259
1786350
1786351
1786352
1786353
1786354
1786355
1786356
1786357
1786358
1786359
1786580
1786581
1786582
1786583
1786584
1786585
1786586
1786587
1786588
1786589
1786666
1786710
1788830
1789635
1850542
1850635
1856059
1856350
1856351
1856352
1856353
1856354
1856355
1856356
1856357
1856358
1856359
1856441
1856445
1859635
1560635
1561502
1561505
1561507
1561515
1561521
1561525
1561584
1561591
1561594
1565311
1565312
1565313
1565314
1565315
1565316
1565317
1565318
1565319
1565349
1566604
1566635
1566651
1566665
1566673
1566685
1566695
1568968
1569829
1990635
1991267
1991268
1995385
1995420
1995421
1995422
1996343
1996350
1996351
1996352
1996353
1996354
1996355
1996356
1996357
1996358
1996359
1996382
1820635
1826350
1826351
1826352
1826353
1826354
1826355
1826356
1826357
1826358
1826359
1826450
1826451
1826452
1826453
1826454
1826455
1826456
1826457
1826458
1826459
1826550
1826551
1826552
1826553
1826554
1826555
1826556
1826557
1826558
1826559
1826635
1510635
1510680
1510681
1510682
1510683
1510684
1510685
1510686
1510687
1510688
1510689
1516350
1516351
1516352
1516353
1516354
1516355
1516356
1516357
1516358
1516359
1516580
1516581
1516582
1516583
1516635
1516650
1516651
1516652
1516653
1516654
1516655
1516656
1516657
1516658
1516659
1519213
1519214
1519215
1519216
1519217
1519218
1519219
1519400
1519401
1519402
1760621
1760622
1760623
1760635
1761635
1761645
1761646
1761647
1761648
1761649
1765825
1766070
1766180
1766181
1766182
1766183
1766184
1766185
1766186
1766187
1766188
1766189
1766205
1766206
1766350
1766351
1766352
1766353
1766354
1766355
1766356
1766357
1766358
1768635
1580635
1580680
1580695
1580696
1580697
1580698
1582004
1586350
1586351
1586352
1586353
1586354
1586355
1586356
1586357
1586358
1586359
1586435
1586436
1586437
1586438
1586439
1586490
1586491
1586492
1586493
1586494
1586573
1586574
1586575
1586576
1586577
1586578
1586579
1340634
1340635
1340636
1340637
1340638
1340639
1340682
1344565
1345507
1345508
1345509
1345541
1346574
1346575
1346576
1346837
1346838
1346839
1347570
1347571
1347572
1347573
1347574
1347588
1347589
1730635
1735354
1735382
1735383
1735468
1736228
1736229
1315380
1315381
1315382
1315635
1316540
1317325
1317335
1317615
1317616
1317625
1317635
1317695
1318105
1318106
1318107
1318108
1318109
1318415
1318416
1318417
1318874
1318875
1870635
1876350
1876351
1876352
1876353
1876354
1876355
1876356
1876357
1876358
1876359
1876635
1876950
1876951
1876952
1876953
1876954
1876955
1876956
1876957
1876958
1876959
1660635
1660645
1665225
1665226
1665227
1665228
1665229
1665434
1665435
1665436
1667810
1667811
1667812
1667813
1667814
1667815
1667816
1667817
1667818
1667819
1380063
1380635
1386350
1386351
1386352
1386353
1386354
1386355
1386356
1386357
1386358
1386359
1386950
1386951
1386952
1386953
1386954
1386955
1386956
1386957
1386958
1386959
1388474
1388483
1388484
1650008
1650052
1650058
1650176
1650206
1650309
1650342
1650486
1650635
1650646
1650890
1650958
1651015
1651018
1651019
1651035
1651059
1651097
1651146
1651154
1651157
1651200
1651214
1651220
1651254
1651298
1651345
1651423
1651424
1651550
1651551
1651556
1651581
1651635
1651636
1651733
1651784
1652156
1652572
1652584
1652635
1652727
1653098
1653111
1653298
1653556
1653563
1653586
1653635
1653765
1653827
1653828
1653869
1655635
1655759
1655773
1655776
1655815
1655816
1655821
1655902
1656035
1656098
1656115
1656257
1656299
1656350
1656352
1656353
1656355
1656356
1656525
1656620
1656629
1656635
1656638
1656805
1656825
1656895
1656904
1656956
1656957
1656958
1656959
1657229
1657301
1657403
1657406
1980604
1980608
1980635
1981252
1981490
1981936
1981937
1981938
1981939
1981943
1981944
1986120
1986121
1986122
1986123
1986124
1986125
1986190
1986191
1986192
1986193
1986194
1986195
1986196
1986197
1986198
1986199
1986350
1986351
1986352
1986353
1986354
1986355
1986356
1986357
1986358
1986359
1840635
1845445
1845446
1845447
1845448
1845449
1846225
1846226
1846227
1846228
1846229
1846350
1846351
1846352
1846353
1846354
1846355
1846356
1846357
1846358
1846359
1846386
1846440
1846441
1846442
1846443
1846444
1570635
1572555
1572556
1572557
1572558
1572559
1572635
1572650
1572651
1572652
1572653
1572654
1576350
1576351
1576352
1576353
1576354
1576355
1576356
1576357
1576358
1576359
1320635
1321045
1321046
1321095
1321096
1322095
1322096
1324534
1324537
1325635
1325642
1325660
1325661
1325898
1325899
1327635
1328045
1328046
1328704
1328750
1328751
1328752
1328753
1328754
1328755
1328756
1328757
1328758
1328759
1329025
1329026
1329037
1329544
1329635
1910046
1910635
1916350
1916351
1916352
1916353
1916354
1916356
1916357
1700635
1700666
1701056
1701127
1701128
1701129
1701144
1701145
1470635
1476350
1476351
1476352
1476353
1476354
1476355
1476356
1476357
1476358
1476359
1476850
1476851
1476852
1476853
1476854
1476855
1476856
1476857
1476858
1476859
1370635
1373444
1373445
1373446
1373447
1373448
1373449
1378070
1378071
1378072
1378073
1378074
1379305
1379306
1379307
1379308
1379309
1880635
1881635
1886300
1886301
1886302
1886350
1886351
1886352
1886353
1886354
1886355
1886356
1886357
1886358
1886359
1886485
1886486
1886487
1886488
1886489
1886490
1886491
1886492
1886493
1886494
1886495
1886496
1886497
1886498
1886499
1886510
1886511
1886512
1886513
1886514
1886515
1886516
1886517
1886518
1886519
1886520
1886521
1886522
1886523
1886524
1886525
1886526
1886527
1886528
1886529
1886635
1886650
1886651
1886652
1886653
1886654
1886655
1886656
1886657
1886658
1886659
1750635
1751544
1751545
1752840
1752841
1752842
1755630
1755631
1755632
1755633
1755634
1755635
1755636
1755637
1755638
1756010
1756026
1756036
1756037
1756038
1756039
1756306
1756307
1756350
1756351
1756352
1756353
1756354
1756355
1756356
1756357
1756358
1756359
1756445
1756446
1756447
1756448
1756449
1756450
1756780
1756781
1756782
1756783
1756784
1756985
1756986
1756987
1756988
1756989
1758823
1758824
1758825
1758826
1520635
1520645
1520650
1520651
1520652
1520653
1520654
1520655
1520656
1520657
1520658
1520659
1520664
1520665
1521635
1521645
1522420
1522421
1522422
1522423
1522424
1522425
1522426
1522427
1522428
1522429
1522430
1522431
1522432
1522433
1522434
1522435
1526350
1526351
1526352
1526353
1526354
1526355
1526356
1526357
1526358
1526359
1526550
1526551
1526552
1526553
1526554
1526555
1526556
1526557
1526558
1526559
1526584
1526585
1526635
1526645
1526680
1526681
1526682
1526683
1526684
1526685
1526686
1526687
1526688
1526689
1527566
1527567
1527568
1527569
1527580
1527581
1527582
1527583
1527584
1527585
1527586
1527587
1527588
1527589
1528873
1528874
1528875
1810635
