1570176
1570941
1571967
1573090
1573091
1576938
1579115
1840941
1841900
1841988
1980941
1981597
1989400
1989401
1989402
1989403
1989404
1989405
1989406
1989407
1989408
1989409
1989410
1650941
1656141
1910942
1910943
1320941
1323941
1323947
1750941
1880941
1889355
1889383
1889411
1889456
1470941
1471718
1471918
1471919
1810941
1819410
1819411
1819412
1819413
1819414
1819415
1819416
1819417
1819418
1520940
1520941
1529364
1529365
1529366
1510146
1510147
1510148
1510149
1510940
1510941
1510942
1510944
1820941
1821975
1829378
1829379
1829475
1829476
1829477
1829478
1829479
1829864
1829865
1829866
1760941
1315005
1730941
1738941
1380094
1388405
1388406
1388407
1389390
1389391
1389392
1389393
1389394
1389395
1389396
1389397
1389398
1389399
1660941
1870692
1870941
1871951
1871952
1871953
1871954
1879400
1879401
1879402
1879403
1800941
1803469
1808940
1808941
1809393
1809394
1530941
1533706
1533707
1534677
1534688
1534691
1534901
1534902
1534909
1534947
1535227
1535228
1535241
1537447
1537940
1537941
1537995
1539062
1539063
1539368
1539369
1539400
1539401
1539402
1539403
1362931
1890941
1891929
1891941
1899368
1899369
1332124
1338941
1339941
1990941
1999410
1999411
1999412
1999413
1999414
1999415
1999613
1999614
1999615
1569302
1569303
1569306
1850941
1859307
1859374
1780941
1783440
1860941
1869410
1869411
1869412
1869413
1869414
1869438
1550941
1559306
1559307
1390941
1309930
1309931
1770941
1774581
1778941
1779410
1779411
1779412
1779413
1779414
1779415
1779440
1452841
1459645
1351941
1351942
1500941
1830941
1836894
1836895
1839380
1839411
1839412
1839457
1839462
1839498
