1810407
1810417
1810497
1814170
1814177
1520417
1520418
1520419
1524138
1524139
1524177
1524178
1370407
1370417
1370497
1374073
1374074
1374075
1374076
1374078
1374170
1374171
1374172
1374173
1374174
1374175
1374176
1374177
1374178
1374179
1470417
1474070
1474071
1474072
1474073
1474074
1474075
1474076
1474077
1474078
1474079
1474135
1474136
1474137
1750407
1750417
1750497
1752417
1754070
1754071
1754072
1754073
1754074
1754075
1754076
1754077
1754078
1754079
1754170
1754171
1754172
1754173
1754174
1754175
1754176
1754177
1754178
1754179
1880417
1884070
1884071
1884072
1884073
1884074
1884075
1884076
1884077
1884078
1884079
1884170
1884171
1884172
1884173
1884174
1884175
1884176
1884177
1884178
1884179
1910417
1320417
1321417
1322417
1323417
1323672
1323673
1323699
1323824
1323826
1323827
1324393
1324394
1327417
1328417
1701490
1701491
1702343
1702344
1703846
1703847
1703848
1703849
1703850
1704720
1704721
1704722
1704723
1704724
1704725
1704726
1704727
1704728
1704729
1704760
1704761
1704762
1704763
1704764
1704765
1704766
1704767
1704768
1704769
1704770
1704771
1704772
1704773
1704774
1704775
1704776
1704778
1704779
1980417
1981361
1981860
1981861
1981862
1981863
1981864
1981865
1981866
1981867
1981868
1981869
1982417
1650031
1650096
1650186
1650403
1650417
1650497
1650680
1650720
1651211
1651236
1651324
1651417
1651527
1651617
1651904
1652094
1652252
1652407
1652417
1652420
1652424
1652447
1652954
1652960
1653040
1653407
1653417
1653792
1653817
1653843
1653847
1653922
1653971
1653982
1655005
1655417
1655485
1655701
1656407
1656417
1656476
1656545
1656647
1657245
1657374
1657378
1657407
1657417
1657484
1657726
1570417
1571407
1571417
1572446
1572447
1840417
1842430
1842431
1842433
1842434
1842435
1842436
1842437
1842438
1842439
1870417
1874024
1874025
1874170
1874171
1874172
1874173
1874174
1874175
1874176
1874177
1874178
1874179
1380417
1384070
1384071
1384072
1384073
1384074
1384075
1384076
1384077
1384078
1384079
1384170
1384171
1384172
1384173
1384174
1384175
1384176
1384177
1384178
1384179
1389781
1389821
1389874
1389875
1389876
1389877
1660407
1660417
1661860
1661861
1662417
1664070
1664071
1664072
1664073
1664074
1664075
1664076
1664077
1664078
1664079
1664170
1664171
1664172
1664173
1664174
1664175
1664176
1664177
1664178
1664179
1730417
1730984
1730985
1734117
1310417
1310420
1312417
1312429
1312561
1312562
1312563
1312564
1313055
1313056
1313057
1313058
1313059
1313417
1314793
1314971
1314977
1315417
1319417
1580417
1584070
1584071
1584072
1584073
1584074
1584075
1584076
1584077
1584078
1584079
1584170
1584171
1584172
1584173
1584174
1584175
1584176
1584177
1584178
1584179
1760407
1760417
1761407
1761417
1762417
1764048
1764049
1346439
1346446
1346470
1346471
1346472
1346473
1346474
1346475
1346476
1346477
1346478
1346479
1347020
1347041
1347042
1347043
1510417
1512420
1512421
1512422
1512423
1512424
1513420
1513421
1513422
1513423
1513424
1513425
1514070
1514071
1514072
1514073
1514074
1514075
1514076
1514077
1514078
1514079
1514170
1514171
1514172
1514173
1514174
1514175
1514176
1514177
1514178
1514179
1518415
1518416
1518417
1820417
1824170
1824171
1824172
1824173
1824174
1824175
1824176
1824177
1824178
1824179
1824265
1824266
1824267
1824268
1824269
1560407
1560417
1560497
1564070
1564071
1564072
1564073
1564074
1564075
1564076
1564077
1564078
1564079
1564170
1564171
1564172
1564173
1564174
1564175
1564176
1564177
1564178
1564179
1566353
1566354
1566355
1566356
1566357
1566358
1569417
1569428
1569871
1569872
1850407
1850417
1852407
1852417
1852459
1852460
1852461
1852462
1852463
1852464
1852465
1852466
1780417
1782417
1782437
1782458
1782459
1782460
1782461
1784605
1784606
1788755
1789627
1990407
1990417
1997597
1997598
1998416
1998417
1998418
1711320
1712779
1330407
1330417
1330497
1331406
1331407
1331417
1332230
1332231
1332417
1333230
1333231
1334230
1334231
1335230
1335231
1335417
1335873
1335874
1336417
1337296
1338417
1338671
1339025
1339026
1339047
1339417
1890407
1890417
1890497
1894070
1894071
1894072
1894073
1894074
1894075
1894076
1894077
1894078
1894079
1894170
1894171
1894172
1894173
1894174
1894176
1894177
1360417
1360497
1361407
1361417
1361497
1362417
1364417
1365417
1367417
1369417
1800407
1800417
1800497
1804170
1804171
1804172
1804173
1804174
1804175
1804176
1804177
1804178
1804179
1530417
1530492
1530493
1530494
1532623
1533091
1533092
1622236
1622237
1622252
1622417
1500417
1500983
1500984
1500985
1500986
1500987
1504170
1504171
1504172
1504173
1504174
1504175
1504176
1504177
1504178
1504179
1504270
1504271
1504272
1504273
1504274
1830417
1834060
1834061
1834062
1834063
1834064
1834065
1834066
1834067
1834068
1834069
1834070
1834071
1834072
1834073
1834074
1834075
1834076
1834077
1834078
1834079
1834170
1834171
1834172
1834173
1834174
1834175
1834176
1834177
1834178
1834179
1450417
1450531
1450532
1450533
1450534
1452417
1452438
1453443
1454287
1350047
1350417
1351417
1590241
1590248
1590417
1590497
1594070
1594071
1594072
1594073
1594074
1594075
1594076
1594077
1594078
1594079
1594170
1594171
1594172
1594173
1594174
1594175
1594176
1594177
1594178
1594179
1770417
1774157
1774158
1774170
1774171
1774172
1774173
1774174
1774175
1774176
1774187
1774197
1779083
1300093
1300930
1300931
1300932
1301093
1301984
1301985
1302037
1302930
1302931
1302932
1304269
1305060
1305061
1305062
1305063
1305064
1305065
1305066
1305067
1305068
1305069
1307940
1307941
1307942
1307943
1307944
1307945
1307946
1307947
1307948
1307949
1308170
1308171
1308172
1308173
1308229
1720270
1720271
1720272
1720273
1720274
1720275
1720276
1720277
1720278
1720279
1390407
1390417
1390497
1394070
1394071
1394072
1394073
1394074
1394075
1394076
1394077
1394078
1394079
1394170
1394171
1394172
1394173
1394174
1394175
1394176
1394177
1394178
1394179
1671417
1671425
1672417
1673097
1673098
1673099
1673417
1674417
1860407
1860417
1860497
1862417
1862456
1862457
1862458
1862459
1864071
1864072
1864073
1864074
1864075
1864076
1864077
1864078
1864079
1864170
1864171
1864172
1864173
1864174
1864175
1864176
1864177
1864178
1864179
1550407
1550417
1550497
1554102
1554103
1554170
1554171
1554172
1554173
1554174
1554175
1554176
1554177
1554178
1554179
1554285
1554286
1554287
1556633
1556634
1556635
1556636
1556637
