1530947
1533947
1533987
1534697
1534807
1534900
1535217
1535218
1535246
1535247
1537937
1537980
1537981
1537982
1537983
1539057
1539058
1539325
1539326
1539335
1539336
1539337
1539345
1539346
1539347
1539348
1800937
1800947
1805410
1805411
1805412
1805413
1808936
1808937
1809370
1809371
1809372
1809373
1809374
1809375
1809376
1809377
1809378
1809379
1809384
1330947
1332126
1335937
1339942
1339947
1713937
1713947
1715937
1716937
1717937
1990947
1996873
1999370
1999378
1999379
1850937
1850947
1859067
1859303
1859305
1859370
1859371
1859372
1780937
1780947
1783443
1789937
1560947
1568269
1569375
1569376
1550937
1550947
1559329
1559378
1559379
1860947
1869348
1869349
1869367
1869368
1869375
1869376
1869377
1869378
1869379
1869387
1869396
1869397
1869398
1301410
1301418
1301419
1304296
1307930
1307931
1307932
1307938
1308596
1309937
1309939
1770448
1770937
1770947
1771866
1771867
1771868
1774587
1774588
1774589
1774890
1774891
1774892
1778947
1778957
1779370
1779371
1779372
1779373
1779374
1779375
1779376
1779377
1779378
1779379
1779416
1779417
1779418
1779419
1452847
1453850
1453859
1454586
1454587
1459630
1459631
1459632
1459633
1459634
1459635
1459636
1459637
1459638
1836899
1839388
1839397
1839409
1839468
1839470
1839474
1839475
1839476
1839477
1840937
1840947
1841907
1841917
1841989
1570178
1570937
1570947
1575190
1576947
1980937
1981599
1989077
1989078
1989079
1650937
1320947
1320948
1323940
1323946
1329934
1919372
1919373
1919377
1750937
1750947
1889327
1889328
1889329
1889336
1889337
1889356
1889357
1889358
1889359
1889367
1889377
1889380
1889386
1889397
1889407
1889408
1889409
1889423
1889428
1889442
1471709
1471713
1471948
1471949
1471950
1471951
1810937
1810947
1813976
1813977
1813978
1813979
1814157
1815390
1818937
1818938
1818947
1818948
1818949
1819370
1819371
1819372
1819373
1819374
1819375
1819376
1819377
1819378
1819379
1819807
1820937
1820947
1821967
1821979
1821987
1821997
1829370
1829371
1829372
1829373
1829374
1829375
1829376
1829377
1829859
1829870
1829871
1829872
1829873
1829874
1829875
1829876
1829895
1829896
1829897
1829898
1829899
1760937
1760942
1760947
1760948
1769307
1769327
1311946
1313947
1319590
1319591
1730937
1730947
1732510
1732511
1732512
1732513
1732514
1732630
1732631
1732632
1732633
1733973
1734413
1737068
1737069
1739370
1739371
1739373
1739376
1739417
1739418
1739419
1739609
1739749
1660937
1660947
1870691
1760933
1769303
1769335
1769336
1769337
1769338
1769339
1580933
1580944
1582583
1582584
1582585
1820933
1821530
1821531
1821532
1821533
1821534
1821535
1821536
1821537
1821538
1821539
1821963
1821973
1821983
1821993
1829307
1829330
1829331
1829332
1829333
1829334
1829335
1829336
1829337
1829338
1829339
1829403
1829404
1829405
1510933
1512040
1512041
1512042
1512043
1512044
1512045
1519330
1519331
1519332
1519333
1519334
1519335
1519336
1519337
1519338
1519339
1870933
1871960
1874094
1874095
1879330
1879331
1879332
1879333
1879334
1879335
1879336
1879337
1879338
1879339
1879460
1879461
1879462
1879463
1879464
1660933
1669303
1669306
1669330
1669331
1669332
1669333
1669334
1669335
1669336
1669337
1669338
1669339
1380933
1383030
1383031
1383032
1383033
1383034
1383035
1383036
1383037
1383038
1383039
1730933
1733975
1733976
1733977
1733978
1734417
1738965
1738966
1738967
1738968
1738969
1739330
1739331
1739333
1739335
1739336
1739604
1739743
1739744
1739745
1739746
1311933
1311947
1313933
1315018
1319587
1319589
1320933
1322042
1323933
1326984
1910933
1919330
1919331
1919332
1919334
1650933
1980933
1981592
1989330
1989331
1989332
1989333
1989334
1989335
1989336
1989337
1989338
1989339
1989612
1989613
1840933
1841926
1841941
1841953
1841963
1841973
1841983
1570933
1570940
1571963
1573095
1575198
1576933
1576943
1579117
1520933
1524930
1524931
1524932
1524933
1524934
1524935
1524936
1529330
1529331
1529332
1529333
1529334
1529367
1529368
1529369
1529403
1529404
1529405
1810933
1811933
1813986
1813987
1813988
1814153
1815223
1815224
1815225
1818933
1819330
1819331
1819332
1819333
1819334
1819335
1819336
1819337
1819338
1819339
1819803
1470943
1471707
1471920
1471921
1471922
1471923
1471924
1471925
1479337
1479338
1479339
1373933
1880933
1889331
1889332
1889333
1889334
1889393
1889413
1889424
1889438
1889443
1750933
1759330
1759331
1759332
1759333
1759376
1759377
1759378
1759379
1935774
1939333
1939541
1303417
1303418
1304299
1308599
1309933
1390933
1391950
1391951
1391952
1391953
1391954
1399330
1399331
1399332
1399333
1399334
1399335
1399336
1399337
1399338
1399339
1550933
1556967
1556968
1556969
1556970
1559330
1559331
1559332
1559333
1559334
1559400
1559401
1860933
1869330
1869331
1869332
1869333
1869334
1869337
1869338
1830933
1830944
1836893
1839330
1839331
1839343
1839373
1839393
1839434
1839435
1839436
1839437
1500933
1502593
1509551
1509552
1509553
1509554
1509705
1509706
1509707
1509708
1351903
1351933
1452853
1453856
1453857
1453858
1770933
1774895
1774896
1774897
1774898
1774899
1775204
1775205
1775206
1775228
1775229
1778953
1778954
1779330
1779331
1779332
1779333
1779334
1779335
1779336
1779337
1779338
1779339
1779447
1779448
1779449
1890933
1891933
1899330
1899331
1899332
1899333
1899334
1899335
1899336
1899337
1953075
1362933
1364933
1367933
1368933
1368946
1368947
1530933
1530940
1533603
1533703
1533933
1533941
1533973
1534363
1534673
1534683
1534693
1534803
1534933
1535205
1535206
1535207
1535233
1537443
1537917
1537918
1537919
1537920
1537921
1539053
1539330
1539331
1539332
1539333
1539334
1800933
1803462
1803463
1808248
1808933
1809330
1809331
1809332
1809333
1809335
1809336
1809337
1809338
1809339
1780933
1783400
1783401
1783402
1783403
1783404
1783405
1783406
1783407
1783408
1783409
1783433
1784883
1788083
1789933
1789940
1789941
1789942
1789943
1789944
1789945
1789946
1789947
1789948
1789949
1850933
1850944
1859063
1560933
1568270
1568271
1569330
1569335
1569336
1569337
1569338
1569339
1990933
1994427
1994428
1994429
1996840
1996841
1996842
1996843
1996844
1996845
1996846
1996847
1996848
1996849
1999330
1999331
1999332
1999333
1999334
1999335
1999336
1999337
1999338
1999339
1330933
1332130
1335933
1336933
1339933
1650934
1980934
1981589
1989075
1989076
1989340
1989341
1989342
1989343
1989344
1989345
1989346
1989347
1989348
1989349
1570170
1570934
1571964
1571965
1573099
1575191
1576930
1576944
1840934
1841935
1841936
1841949
1841959
1841967
1841968
1841982
1910934
1911970
1911971
1911972
1911973
1911974
1911975
1911976
1911977
1911978
1911979
1911985
1911986
1911990
1911991
1911992
1911993
1911994
1914005
1914006
1914007
1914008
1914009
1919340
1919341
1919342
1919343
1919344
1919345
1919346
1919347
1919348
1320934
1323934
1323960
1323961
1326034
1326324
1326334
1326954
1373934
1470944
1471710
1471959
1471965
1471966
1471967
1471968
1471969
1479340
1479341
1479342
1479343
1479344
1479345
1479346
1479347
1479348
1479349
1880934
1889340
1889341
1889342
1889343
1889344
1889365
1889366
1889373
1889388
1889394
1889418
1889434
1889448
1889455
1750934
1810934
1813992
1813993
1814154
1814374
1815226
1815227
1815228
1815229
1818934
1819340
1819341
1819342
1819343
1819344
1819345
1819346
1819347
1819348
1819349
1819808
1520934
1521380
1521381
1521382
1521383
1521384
1521385
1521386
1521387
1521388
1521389
1526891
1526892
1526893
1526894
1526895
1526896
1526897
1526898
1526899
1529340
1529341
1529342
1529343
1529344
1529345
1529346
1529370
1529371
1529440
1529441
1529442
1529443
1529444
1529445
1529446
1529447
1529448
1529449
1510184
1510185
1510186
1510187
1510188
1510189
1510190
1510934
1510946
1510947
1519360
1519361
1519362
1519363
1519364
1519365
1519366
1519367
1519368
1519369
1820934
1820944
1821540
1821541
1821542
1821543
1821544
1821545
1821546
1821547
1821548
1821549
1821964
1821974
1821984
1821994
1829308
1829309
1829340
1829341
1829342
1829343
1829344
1829345
1829346
1829347
1829348
1829349
1829406
1829407
1829408
1829409
1829880
1829881
1829882
1829883
1829884
1829885
1829886
1829887
1829888
1829889
1829890
1582586
1760934
1769301
1769304
1730934
1732640
1732641
1732642
1732643
1732900
1732901
1732902
1732903
1732904
1734418
1735813
1735814
1735815
1739340
1739342
1739343
1739344
1739348
1739605
1310934
1311934
1311939
1311949
1313934
1313946
1315012
1315013
1319584
1319588
1870934
1871970
1871971
1871972
1871973
1871974
1871975
1874096
1874097
1879340
1879341
1879342
1879343
1879344
1879345
1879346
1879347
1879348
1879349
1879449
1879493
1879494
1380934
1383040
1383041
1383042
1383043
1383044
1383045
1383046
1383047
1383048
1383049
1388410
1388411
1388412
1388413
1388414
1388415
1388416
1388417
1388418
1388419
1660934
1669340
1669341
1669342
1669343
1669344
1669345
1669346
1800934
1803460
1803461
1808249
1808934
1809340
1809341
1809342
1809343
1809344
1809345
1809346
1809347
1809348
1809349
1530934
1530944
1533602
1533702
1533934
1533946
1533974
1534674
1534684
1534694
1534934
1534941
1535208
1535209
1535210
1535234
1535235
1537444
1537923
1537924
1537925
1537926
1539056
1539340
1539341
1539342
1539343
1539344
1890934
1891925
1891926
1891927
1891928
1891934
1899340
1899341
1899342
1899343
1899344
1899345
1899346
1899347
1899348
1899349
1362934
1364934
1367934
1368934
1959333
1713934
1713946
1715934
1716934
1717934
1330934
1332123
1335934
1336934
1336942
1338934
1338946
1339934
1560934
1560946
1568290
1568291
1568292
1568293
1568294
1568295
1568296
1569340
1569341
1569343
1569345
1569346
1569348
1569349
1780934
1780946
1783434
1784884
1786616
1788084
1789934
1850934
1850946
1859064
1990934
1994422
1996855
1999340
1999341
1999342
1999343
1999344
1999345
1999346
1999347
1999348
1999349
1999620
1999621
1999622
1999623
1999624
1999625
1999626
1999627
1999628
1999629
1390934
1391958
1391959
1391960
1391961
1399340
1399341
1399342
1399343
1399344
1399345
1399346
1399347
1399348
1399349
1671934
1672934
1673934
1860934
1869340
1869341
1869342
1869343
1869344
1869346
1869366
1869386
1550934
1556971
1556972
1556973
1559340
1559341
1559342
1559343
1559344
1559345
1559346
1559347
1303410
1303419
1304293
1308593
1309935
1309936
1939542
1452844
1454584
1459617
1459618
1459619
1351904
1351934
1770934
1771876
1771877
1775207
1775208
1775209
1778969
1779340
1779341
1779342
1779343
1779344
1779345
1779346
1779347
1779348
1779349
1500934
1502594
1509555
1509556
1509557
1509558
1509559
1509709
1509710
1509711
1509712
1830934
1836892
1839319
1839360
1839361
1839362
1839363
1839364
1839365
1839366
1839367
1839368
1839369
1839382
1839399
1839429
1839438
1839460
1839461
1839484
1839485
1839486
1839487
1839493
1500937
1500947
1500948
1500949
1509565
1509566
1509567
1509568
1509721
1509722
1509723
1509724
1452850
1452851
1452852
1351907
1351937
1351947
1351948
1302875
1939370
1939371
1939372
1939373
1939374
1939375
1939376
1939377
1390937
1390947
1399370
1399371
1399372
1399373
1399374
1399375
1399376
1399377
1399378
1399379
1671930
1671932
1671933
1671935
1860937
1860942
1860946
1869370
1869371
1869372
1869373
1869374
1556976
1556977
1556978
1559348
1559349
1559370
1559371
1559372
1559373
1559374
1559375
1559376
1559377
1560937
1560948
1569370
1569371
1569372
1569373
1569374
1569377
1569378
1569379
1783437
1784887
1788087
1990937
1996870
1996871
1996872
1999371
1999372
1999373
1999374
1999375
1999376
1330937
1332129
1332137
1335939
1336937
1336947
1338937
1338943
1338947
1339937
1339940
1890937
1890947
1891937
1891942
1891946
1891947
1899370
1899371
1899372
1899373
1899374
1899375
1899376
1899377
1899378
1899379
1361937
1362937
1363937
1364937
1365936
1365937
1367937
1367939
1530937
1530942
1533700
1533704
1533937
1533942
1533948
1533949
1533977
1533988
1534490
1534906
1534907
1534937
1534945
1535219
1535220
1870937
1870947
1879370
1879371
1879372
1879373
1879374
1879375
1879376
1879377
1879378
1879379
1879404
1879405
1879406
1879447
1879448
1879470
1879471
1879472
1879473
1879474
1380937
1383014
1383015
1383016
1383017
1383018
1383019
1383070
1383071
1383072
1383073
1383074
1383075
1383076
1383077
1383078
1383079
1389370
1389371
1389372
1389373
1389374
1389375
1389376
1389377
1389378
1389379
1669347
1669348
1669349
1669370
1310947
1311937
1311945
1313937
1313948
1313949
1315019
1319594
1319597
1319598
1580937
1510170
1510171
1510172
1510173
1510174
1510175
1510176
1510937
1519349
1519370
1519371
1519372
1519373
1519374
1519375
1519376
1519377
1519378
1519379
1520937
1520947
1529326
1529327
1529328
1529329
1529347
1529348
1529349
1529372
1529373
1529374
1529375
1529376
1529377
1529378
1529379
1373937
1470937
1470939
1759370
1880937
1880947
1889360
1889361
1889362
1889363
1889364
1910937
1919370
1919371
1919375
1919376
1320937
1320940
1320942
1323937
1323949
1329932
1329937
1329938
1981595
1989370
1989371
1989372
1989373
1989374
1989375
1989376
1989377
1989378
1989379
1989604
1989605
1571937
1571939
1669350
1669351
1669352
1669353
1311935
1311948
1313935
1313945
1315015
1315016
1319592
1319593
1733994
1733995
1759334
1759335
1759336
1759337
1759338
1759339
1759350
1759351
1759352
1759353
1320935
1323945
1329935
1329936
1910935
1919352
1919353
1919355
1919356
1919357
1919358
1919359
1981594
1989350
1989351
1989352
1989353
1989354
1989355
1989356
1989357
1989358
1989359
1989414
1989415
1989416
1650935
1771873
1771874
1771875
1774582
1774586
1452845
1939350
1939351
1939352
1939353
1939354
1939355
1939356
1939357
1939358
1939359
1939543
1301413
1301415
1301416
1301417
1307933
1307935
1307937
1307939
1308595
1559350
1559351
1559352
1559353
1559354
1559355
1559356
1860935
1869350
1869351
1869352
1869353
1869354
1990935
1995905
1995906
1996850
1996851
1996852
1996853
1996854
1999350
1999351
1999352
1999353
1999354
1999355
1783435
1784885
1788085
1560935
1569350
1569351
1569352
1569354
1569358
1569359
1330935
1332135
1335935
1336940
1338935
1339935
1530935
1530949
1533935
1533940
1533975
1534675
1534805
1534935
1535211
1535212
1470940
1471700
1471701
1471900
1471901
1471902
1471903
1471904
1471905
1471906
1479370
1479371
1373930
1750930
1759300
1759301
1759302
1759303
1759304
1759305
1759306
1759307
1759308
1759309
1759340
1759341
1759342
1759343
1759344
1759345
1759360
1759361
1759362
1759363
1759364
1759365
1759366
1880930
1889330
1889390
1889410
1889427
1889439
1889440
1889441
1889452
1889453
1520930
1521400
1529300
1529301
1529302
1529303
1529388
1529389
1529390
1810930
1813970
1813971
1814150
1818930
1819300
1819301
1819302
1819303
1819304
1819305
1819306
1819307
1819308
1819309
1980930
1981591
1989070
1989071
1989300
1989301
1989302
1989303
1989304
1989305
1989306
1989307
1989308
1989309
1989610
1989611
1650930
1840930
1840940
1841800
1841801
1841904
1841905
1841927
1841928
1841931
1841932
1841940
1841950
1841960
1841977
1841980
1841990
1570177
1570930
1570946
1571960
1573096
1575192
1576940
1320930
1322047
1322049
1323930
1326454
1326914
1326924
1329930
1910930
1919300
1919301
1919302
1919303
1919305
1919306
1919307
1919308
1919309
1730930
1737060
1737061
1738960
1738961
1738962
1738963
1738964
1739300
1739303
1739304
1739425
1739426
1739427
1739607
1313930
1315004
1315009
1319585
1870930
1874090
1874091
1879300
1879301
1879302
1879303
1879304
1879305
1879306
1879307
1879308
1879309
1879450
1879451
1879452
1879453
1879454
1660930
1669300
1669301
1669309
1669360
1669361
1669362
1669363
1669364
1669365
1669366
1669367
1669368
1669369
1380093
1383010
1383011
1383012
1383013
1388400
1388401
1388402
1388403
1388404
1820930
1820940
1821500
1821501
1821502
1821503
1821504
1821505
1821506
1821507
1821508
1821509
1821960
1821970
1821980
1821990
1829300
1829301
1829302
1829303
1829400
1829401
1829850
1829851
1829852
1510930
1512046
1512047
1512048
1512049
1512050
1512051
1512052
1512053
1512054
1512055
1512056
1760930
1769300
1769330
1769331
1769332
1769333
1769334
1769371
1769372
1769373
1769374
1769376
1769377
1769378
1580930
1330930
1332134
1336930
1338930
1339930
1850930
1850940
1859060
1780930
1783430
1784880
1786611
1786614
1786618
1786619
1788080
1789930
1560930
1560940
1569300
1569301
1569304
1569308
1569309
1990930
1994426
1995845
1995846
1995847
1995848
1995849
1995863
1999300
1999301
1999302
1999303
1999304
1999305
1530930
1533600
1533604
1533930
1533970
1534364
1534670
1534680
1534690
1534804
1534930
1534940
1535225
1535226
1535242
1535243
1537440
1537802
1537803
1537930
1537990
1537991
1537992
1537993
1537994
1539060
1539061
1539300
1539301
1539302
1539303
1539304
1800930
1803467
1808930
1809300
1809301
1809302
1809303
1809304
1809305
1809306
1809307
1809308
1809309
1890930
1891930
1891940
1899300
1899301
1899302
1362930
1365930
1368930
1368931
1351900
1351930
1452840
1453851
1453852
1770449
1770930
1771878
1771879
1778930
1778931
1778932
1778950
1779300
1779301
1779302
1779303
1779304
1779305
1779306
1779307
1779308
1779309
1830930
1830940
1836897
1839300
1839301
1839302
1839303
1839304
1839305
1839306
1839307
1839308
1839340
1839370
1839390
1839404
1839405
1839406
1839407
1839410
1839420
1839491
1500930
1500940
1502580
1502581
1502582
1502590
1509544
1390093
1390930
1399300
1399301
1399302
1399303
1399304
1399305
1399306
1399307
1399308
1399309
1556961
1559300
1559301
1559302
1559303
1559304
1559305
1860930
1869300
1869301
1869302
1869303
1869304
1869437
1939548
1302877
1302878
1303413
1304291
1308591
1309929
1390935
1390945
1399350
1399351
1399352
1399353
1399354
1399355
1399356
1399357
1399358
1399359
1860945
1869345
1869355
1869356
1869357
1869358
1869359
1869365
1869385
1550935
1550945
1556974
1556975
1559357
1559358
1559359
1500935
1500944
1500945
1502595
1502599
1509545
1509560
1509561
1509562
1509563
1509700
1509701
1509702
1509703
1509704
1830935
1830945
1836898
1839315
1839375
1839394
1839395
1839408
1839439
1839450
1839454
1839455
1839456
1839480
1839490
1351905
1351935
1351945
1351946
1452854
1454585
1459620
1459621
1459622
1459623
1459624
1459625
1459626
1770441
1770935
1770945
1771869
1774585
1774893
1774894
1775215
1775216
1775217
1775218
1775219
1778933
1778934
1778935
1778955
1779350
1779351
1779352
1779353
1779354
1779355
1779356
1779357
1779358
1779359
1890935
1890945
1891935
1891945
1899350
1899351
1899352
1899353
1899354
1899355
1899356
1899357
1899358
1361935
1362935
1363935
1364935
1365934
1365935
1367935
1367936
1368935
1368945
1800935
1800945
1805414
1805415
1808935
1808949
1809312
1809350
1809351
1809352
1809353
1809354
1809355
1809356
1809357
1809358
1809359
1530945
1533945
1533971
1534365
1534685
1534695
1534905
1535213
1535214
1535236
1535237
1535238
1537445
1537801
1537929
1537931
1537932
1537933
1537934
1537935
1537945
1537946
1537947
1537948
1537949
1539050
1539051
1539055
1539350
1539351
1539352
1539353
1539354
1539355
1539356
1539357
1539358
1539409
1560945
1568272
1568273
1569353
1569355
1569356
1569357
1780935
1780945
1783442
1789935
1850935
1850945
1859061
1859065
1859300
1859301
1990945
1996874
1999356
1999357
1999358
1999359
1330945
1332125
1335930
1336935
1338945
1339945
1339948
1580935
1580945
1760935
1760945
1760946
1769305
1769350
1769351
1769352
1769353
1769354
1510135
1510136
1510137
1510138
1510139
1510191
1510192
1510935
1510945
1519350
1519351
1519352
1519353
1519354
1519355
1519356
1519357
1519358
1519359
1820935
1820945
1821965
1821977
1821978
1821985
1821995
1829350
1829351
1829352
1829353
1829354
1829355
1829356
1829357
1829358
1829359
1829410
1829411
1829412
1829413
1829414
1829415
1829416
1829417
1829418
1829419
1829853
1829854
1829855
1829893
1829894
1870935
1870945
1871950
1874098
1874099
1879350
1879351
1879352
1879353
1879354
1879355
1879356
1879357
1879358
1879359
1879360
1879361
1879362
1879445
1879446
1879455
1879456
1879457
1879458
1879459
1380935
1383050
1383051
1383052
1383053
1383054
1383055
1383056
1383057
1383058
1383059
1388408
1388409
1388450
1388451
1388452
1388453
1388454
1388455
1388456
1388457
1388458
1388459
1389350
1389351
1389352
1389353
1389354
1389355
1389356
1389357
1389358
1389359
1660935
1660945
1669304
1669305
1730935
1730945
1732634
1732635
1732636
1732637
1734411
1734412
1735816
1735817
1738945
1738950
1738951
1738952
1738953
1738954
1739350
1739352
1739353
1739354
1739355
1739356
1739414
1739415
1739416
1739748
1310945
1315017
1319595
1319599
1919350
1919351
1919369
1320945
1323935
1980935
1981598
1989417
1989418
1989419
1570174
1570935
1570942
1570945
1571935
1571936
1575195
1575199
1576935
1576945
1576946
1840935
1840945
1841929
1841934
1841945
1841955
1841965
1841975
1841986
1810935
1810945
1813972
1813973
1813974
1814155
1818935
1818940
1818941
1818942
1818945
1818946
1819350
1819351
1819352
1819353
1819354
1819355
1819356
1819357
1819358
1819359
1819420
1520935
1520944
1520945
1520946
1521410
1521411
1521412
1521413
1521414
1521415
1521416
1521417
1526890
1529350
1529351
1529352
1529353
1529354
1529430
1529431
1529432
1529433
1529434
1470935
1470945
1471708
1471712
1471945
1471946
1471947
1471960
1471961
1471962
1471963
1471964
1479374
1479375
1373935
1373936
1880935
1880945
1889350
1889351
1889352
1889353
1889354
1889375
1889389
1889395
1889405
1889417
1889425
1889435
1889447
1889450
1889451
1889459
1750935
1750945
1500938
1502597
1502598
1509569
1509570
1509571
1509572
1509725
1509726
1509727
1509728
1509729
1830938
1830948
1836890
1839316
1839317
1839318
1839333
1839334
1839335
1839336
1839337
1839338
1839339
1839344
1839345
1839346
1839350
1839351
1839352
1839374
1839383
1839398
1839421
1839422
1839423
1839444
1839445
1839446
1839447
1839469
1839478
1452848
1454582
1459639
1459640
1459641
1351908
1351938
1770443
1770444
1770445
1770938
1771860
1771861
1771862
1775222
1775223
1775224
1778940
1778948
1778949
1778968
1779380
1779381
1779382
1779383
1779384
1779385
1779386
1779387
1779388
1779389
1303411
1303412
1304295
1304297
1304298
1308594
1308597
1308598
1935772
1935773
1939378
1939379
1939544
1939545
1939546
1939547
1390938
1391962
1391963
1391964
1391965
1391966
1391967
1399380
1399381
1399382
1399383
1399384
1399385
1399386
1399387
1399388
1399389
1671938
1672932
1672933
1672935
1672938
1673938
1860938
1869335
1869380
1869381
1869382
1869383
1869384
1550938
1556979
1556981
1556982
1556983
1559337
1559338
1559339
1559380
1559381
1559382
1559383
1559384
1559385
1559386
1559387
1559388
1559389
1560938
1560944
1569380
1569381
1569383
1569384
1569386
1569388
1569389
1780900
1780901
1780902
1780903
1780904
1780905
1780906
1780907
1780908
1780909
1780938
1780948
1783410
1783411
1783412
1783413
1783414
1783415
1783416
1783417
1783418
1783419
1783438
1784888
1786617
1788088
1789938
1850938
1859068
1859304
1990938
1994420
1994421
1995850
1995851
1995852
1995853
1995854
1995855
1995856
1995857
1995858
1995859
1995864
1995865
1995866
1995867
1995868
1995907
1995908
1995909
1999380
1999381
1999382
1999383
1999384
1999385
1999386
1999387
1999388
1999389
1999600
1999601
1999602
1999603
1999604
1999605
1999606
1999607
1999608
1999609
1713938
1713948
1715938
1716938
1717938
1330938
1332138
1335938
1336938
1336941
1338938
1338948
1339938
1890938
1891920
1891921
1891922
1891923
1891924
1891938
1891948
1899380
1899381
1899382
1899383
1899384
1899385
1899386
1899387
1899388
1361938
1362938
1363938
1364938
1365938
1367938
1368938
1368940
1368941
1368942
1800938
1808944
1808945
1809380
1809381
1809382
1809383
1809385
1809386
1809387
1809388
1809389
1530938
1530948
1533601
1533701
1533938
1533978
1534368
1534678
1534698
1534808
1534938
1534946
1535221
1535222
1535244
1535245
1537448
1537880
1537881
1537882
1537883
1537884
1537885
1537886
1537887
1537888
1537889
1537938
1537984
1537985
1537986
1537987
1537988
1537989
1539054
1539065
1539305
1539306
1539307
1539308
1539309
1539405
1539406
1870693
1870694
1870938
1871983
1871984
1871985
1871986
1871987
1871988
1871989
1879380
1879381
1879382
1879383
1879384
1879385
1879386
1879387
1879388
1879389
1879414
1879415
1879416
1879417
1879418
1879419
1879465
1879466
1879467
1879468
1879469
1380938
1383080
1383081
1383082
1383083
1383084
1383085
1383086
1383087
1383088
1383089
1389380
1389381
1389382
1389383
1389384
1389385
1389386
1389387
1389388
1389389
1660938
1669308
1669371
1669372
1669373
1669374
1669375
1669376
1669377
1669378
1669379
1669380
1669381
1669382
1669383
1669384
1669385
1669386
1669387
1669388
1669389
1730938
1733996
1733997
1733998
1733999
1734415
1736150
1736151
1736152
1736153
1736154
1737066
1737067
1738955
1738956
1738957
1738958
1738959
1739380
1739383
1739384
1739385
1739386
1739389
1739443
1739601
1310946
1311938
1313938
1313944
1314192
1314193
1314524
1315006
1315007
1319581
1580938
1580940
1580941
1580942
1582580
1760938
1760940
1769308
1769328
1769380
1769381
1769387
1510193
1510194
1510195
1510196
1510197
1510198
1510199
1510938
1512057
1512058
1512059
1519380
1519381
1519382
1519383
1519384
1519385
1519386
1519387
1519388
1519389
1820938
1820948
1821968
1821988
1821998
1829367
1829368
1829369
1829380
1829381
1829382
1829383
1829384
1829385
1829386
1829387
1829388
1829389
1829420
1829421
1829422
1829423
1829424
1829425
1829426
1829427
1829428
1829429
1829430
1829431
1829432
1829433
1829434
1829435
1829436
1829437
1829438
1829439
1829860
1829861
1829862
1810938
1814158
1814370
1814371
1815394
1819380
1819381
1819382
1819383
1819384
1819385
1819386
1819387
1819388
1819389
1819435
1819440
1819809
1520938
1520948
1520949
1524937
1524938
1524939
1529355
1529356
1529357
1529358
1529359
1529380
1529381
1529382
1529383
1529384
1529385
1529386
1529387
1529435
1529436
1529437
1529438
1529439
1373938
1470938
1471714
1471715
1471716
1471952
1471953
1471954
1471955
1471956
1471957
1471958
1479352
1479353
1479354
1479355
1479356
1479357
1479358
1479359
1880938
1889305
1889306
1889307
1889308
1889309
1889326
1889374
1889378
1889387
1889398
1889414
1889420
1889421
1889437
1889445
1889458
1750938
1759380
1759381
1759382
1759383
1759384
1759385
1759386
1759387
1759388
1759389
1759396
1759397
1759398
1759399
1910938
1910944
1910945
1910946
1910947
1910948
1910949
1911988
1911989
1914000
1914001
1914002
1914003
1914004
1919354
1919374
1919378
1919379
1919380
1919381
1919382
1919383
1919384
1919385
1919386
1919387
1919388
1919389
1919394
1320938
1322043
1323938
1326994
1701936
1701937
1650938
1980938
1981587
1989072
1989073
1989074
1989380
1989381
1989382
1989383
1989384
1989385
1989386
1989387
1989388
1989389
1989617
1989618
1989619
1570171
1570938
1570948
1571938
1571968
1573093
1573094
1575197
1576931
1576948
1579118
1840938
1840942
1841812
1841813
1841814
1841815
1841816
1841817
1841818
1841819
1841901
1841902
1841903
1841919
1841920
1841939
1841947
1841948
1841974
1841984
1841995
1841996
1820931
1821510
1821511
1821512
1821513
1821514
1821515
1821516
1821517
1821518
1821519
1821961
1821971
1821981
1821991
1829310
1829311
1829312
1829313
1829314
1829315
1829316
1829317
1829318
1829319
1829440
1829441
1829442
1829443
1829444
1829445
1829446
1829447
1829448
1829449
1829830
1829831
1829832
1829833
1829834
1829835
1829836
1829837
1829838
1829839
1829840
1829841
1829842
1829843
1829844
1829845
1829846
1829847
1829848
1829849
1510120
1510121
1510122
1510123
1510124
1510125
1510126
1510127
1510128
1510129
1510130
1510131
1510132
1510133
1510134
1510931
1511700
1511701
1511702
1511703
1511704
1511705
1511706
1511707
1511708
1511709
1511710
1511711
1511712
1511713
1511714
1511715
1511716
1511717
1511718
1511719
1511720
1511721
1511722
1511723
1511724
1511725
1511726
1511727
1511728
1511729
1519310
1519311
1519312
1519313
1519314
1519315
1519316
1519317
1519318
1519319
1760931
1760944
1769310
1769311
1769312
1769313
1769314
1769315
1769316
1769317
1769318
1769319
1769321
1769322
1769323
1769324
1769325
1769329
1769340
1769341
1769342
1769343
1769344
1769345
1769346
1769347
1769348
1769349
1769450
1769453
1769455
1769457
1769458
1580931
1344194
1730931
1730940
1730942
1730944
1730946
1730948
1730949
1731870
1731871
1731872
1731873
1731874
1731875
1731876
1731877
1731878
1731879
1732500
1732501
1732502
1732503
1732504
1732505
1732506
1732507
1732508
1732509
1733980
1733981
1733982
1733983
1733984
1733985
1733986
1733987
1733988
1733989
1733990
1733991
1733992
1733993
1734414
1735200
1735201
1735203
1735205
1735207
1735208
1735209
1735210
1735211
1735212
1735213
1735214
1735215
1735216
1735217
1735218
1735219
1735220
1735221
1735222
1735223
1735224
1735225
1735226
1735227
1735228
1735229
1736155
1736156
1736157
1736158
1736159
1736160
1736161
1736162
1736163
1736164
1736165
1736166
1736167
1736168
1736169
1739310
1739311
1739312
1739313
1739314
1739315
1739316
1739317
1739318
1739319
1739444
1739600
1310930
1310931
1310932
1310933
1310935
1310936
1310937
1310938
1310939
1310940
1310941
1310942
1310943
1310948
1310949
1311930
1311931
1311940
1311941
1311942
1311943
1311944
1313920
1313921
1313922
1313923
1313924
1313925
1313926
1313927
1313928
1313929
1313931
1313940
1315001
1315002
1319583
1870931
1870940
1870942
1870944
1870946
1870948
1870949
1871978
1871979
1871980
1871981
1871982
1879310
1879311
1879312
1879313
1879314
1879315
1879316
1879317
1879318
1879319
1879420
1879421
1879422
1879423
1879424
1879475
1879476
1879477
1879478
1879479
1879480
1879481
1879482
1879483
1879484
1879485
1879486
1879487
1879488
1879489
1660931
1660940
1660944
1660948
1660949
1669310
1669311
1669312
1669313
1669314
1669315
1669316
1669317
1669318
1669319
1669354
1669355
1669356
1669357
1669358
1669359
1669400
1669401
1669402
1669403
1669404
1669405
1669406
1669407
1669408
1669409
1380931
1389310
1389311
1389312
1389313
1389314
1389315
1389316
1389317
1389318
1389319
1389320
1389321
1389322
1389323
1389324
1389325
1389326
1389327
1389328
1389329
1389330
1389331
1389332
1389333
1389334
1389335
1389336
1389337
1389338
1389339
1389340
1389341
1389342
1389343
1389344
1389345
1389346
1389347
1389348
1389349
1389360
1389361
1389362
1389363
1389364
1389365
1389366
1389367
1389368
1389369
1650931
1651931
1652585
1653304
1980931
1980949
1981586
1989310
1989311
1989312
1989313
1989314
1989315
1989316
1989317
1989318
1989319
1989614
1989615
1989616
1840931
1840944
1840948
1840949
1841820
1841821
1841822
1841823
1841824
1841825
1841826
1841827
1841828
1841829
1841830
1841831
1841832
1841833
1841834
1841835
1841836
1841837
1841838
1841839
1841840
1841841
1841842
1841843
1841844
1841845
1841846
1841847
1841848
1841849
1841850
1841851
1841852
1841853
1841854
1841855
1841856
1841857
1841858
1841859
1841860
1841861
1841862
1841863
1841864
1841865
1841866
1841867
1841868
1841869
1841906
1841914
1841915
1841916
1841921
1841922
1841937
1841938
1841944
1841951
1841961
1841970
1841971
1841981
1846191
1849001
1849002
1849003
1849004
1849005
1849006
1849007
1849008
1849009
1849010
1849012
1570175
1570931
1570944
1571931
1571932
1571933
1571934
1571961
1573097
1573098
1575194
1576934
1576939
1576941
1579119
1579191
1320040
1320044
1320045
1320046
1320048
1320931
1320946
1322040
1322045
1322046
1322048
1323931
1323962
1323963
1323964
1323965
1323966
1323967
1323968
1323969
1329931
1910080
1910931
1910940
1911930
1911931
1911932
1911933
1911934
1911935
1911936
1911937
1919310
1919311
1919312
1919313
1919314
1919315
1919316
1919317
1919318
1919319
1919329
1919333
1919349
1919415
1919416
1919417
1919418
1700930
1700931
1700932
1700933
1700934
1701930
1701931
1701932
1701933
1701934
1701935
1702930
1702931
1702932
1702933
1702934
1702935
1702936
1702937
1702938
1702939
1705795
1706200
1706201
1706202
1706203
1706204
1706205
1706206
1706207
1706208
1706209
1706210
1706211
1707930
1707931
1707932
1707933
1707934
1707935
1707936
1707937
1707938
1707939
1470930
1470931
1470932
1470933
1470934
1470947
1470948
1471704
1471705
1471706
1471940
1471941
1471942
1471943
1471944
1476583
1476640
1476641
1373931
1880931
1880940
1880942
1880944
1880946
1880948
1880949
1889310
1889311
1889312
1889313
1889314
1889315
1889316
1889317
1889318
1889319
1889345
1889346
1889347
1889348
1889349
1889370
1889371
1889372
1889379
1889381
1889382
1889384
1889391
1889400
1889401
1889402
1889403
1889404
1889431
1889432
1889433
1889449
1889457
1750931
1750940
1750942
1750944
1750946
1750948
1750949
1759310
1759311
1759312
1759313
1759314
1759315
1759316
1759317
1759318
1759319
1759354
1759355
1759356
1759357
1759358
1759359
1759367
1759368
1759369
1520931
1521401
1521402
1521403
1521404
1521405
1521406
1521407
1521408
1521409
1529310
1529311
1529312
1529313
1529314
1529315
1529316
1529317
1529318
1529319
1529411
1529412
1529413
1529414
1529415
1529416
1529417
1529418
1529419
1529420
1529421
1529422
1529423
1529424
1810093
1810094
1810931
1810940
1810942
1810944
1810946
1810948
1810949
1811930
1811931
1811934
1811935
1811937
1811938
1811940
1811941
1811942
1811944
1811945
1811946
1811947
1811948
1811949
1813999
1814375
1814376
1814377
1814378
1814379
1815200
1815201
1815202
1815203
1815204
1815205
1815206
1815207
1815208
1815209
1815210
1815211
1815212
1815213
1815214
1815215
1815360
1815361
1815362
1815363
1815364
1815365
1815366
1815367
1815368
1815369
1815395
1815396
1815397
1815398
1815399
1818931
1818950
1818951
1818952
1818953
1818954
1818955
1818956
1818957
1818958
1818959
1818965
1818966
1818967
1818968
1818969
1819310
1819311
1819312
1819313
1819314
1819315
1819316
1819317
1819318
1819319
1819419
1819421
1819422
1819423
1819424
1819425
1819426
1819427
1819428
1819429
1819800
1819801
1671931
1672931
1672936
1672937
1672939
1673930
1673931
1673932
1673933
1673935
1673936
1673937
1673939
1390094
1390931
1390940
1390942
1390944
1390946
1390948
1390949
1391900
1391901
1391902
1391903
1391904
1391905
1391906
1391907
1391908
1391909
1391910
1391911
1391912
1391913
1391914
1391915
1391916
1391917
1391918
1391919
1391920
1391921
1391922
1391923
1391924
1391925
1391926
1391927
1391928
1391929
1391930
1391931
1391932
1391933
1391934
1391935
1391936
1391937
1391938
1391939
1391940
1391941
1391942
1391943
1391944
1391945
1391946
1391947
1391948
1391949
1391976
1391977
1391978
1391979
1391980
1391981
1391982
1391983
1391984
1391985
1391986
1391987
1391988
1391989
1391990
1391991
1391992
1391993
1391994
1391995
1391996
1391997
1391998
1391999
1399310
1399311
1399312
1399313
1399314
1399315
1399316
1399317
1399318
1399319
1550931
1550948
1550949
1556960
1556999
1559310
1559311
1559312
1559313
1559314
1559315
1559316
1559317
1559318
1559319
1559394
1860931
1860940
1860944
1860948
1860949
1869305
1869306
1869307
1869308
1869309
1869310
1869311
1869312
1869313
1869314
1869315
1869316
1869317
1869318
1869319
1869325
1869326
1869327
1869328
1869329
1869339
1869369
1869388
1869399
1869415
1869416
1869417
1869418
1869419
1869439
1931299
1935770
1935771
1935885
1935887
1935888
1939300
1939312
1939540
1939674
1939679
1300087
1300870
1300871
1300872
1300873
1300874
1300875
1300876
1300877
1300878
1300879
1301087
1301414
1302870
1302871
1302879
1303870
1303871
1303872
1303873
1303874
1303875
1303876
1303877
1303878
1303879
1308870
1308871
1308872
1308873
1308874
1308875
1308876
1308877
1308878
1308879
1309910
1309911
1309912
1309913
1309914
1309915
1309916
1309917
1309918
1309919
1309920
1309921
1309922
1309923
1309924
1309925
1309926
1720149
1351931
1351940
1351944
1351949
1351960
1351961
1351962
1351963
1351964
1351965
1351966
1351967
1351968
1351969
1452855
1452856
1452857
1452858
1452859
1454580
1454581
1454588
1454589
1459610
1459611
1459612
1459613
1459614
1459615
1459616
1770931
1770940
1770942
1770944
1770946
1770948
1770949
1772690
1772691
1772692
1772693
1772694
1772695
1772696
1772697
1772698
1772699
1773980
1773981
1773982
1773983
1773984
1773985
1773986
1773987
1773988
1773989
1773990
1773991
1773992
1773993
1773994
1773995
1773996
1773997
1773998
1773999
1774885
1774886
1774887
1774888
1774889
1775210
1775211
1775212
1775213
1775214
1778960
1778961
1778962
1778963
1778964
1778965
1778966
1778967
1779310
1779311
1779312
1779313
1779314
1779315
1779316
1779317
1779318
1779319
1779420
1779421
1779422
1779423
1779424
1779425
1779426
1779427
1779428
1779429
1779750
1779751
1779752
1779753
1779754
1779755
1779756
1779757
1779758
1779759
1779760
1779761
1779762
1779763
1779764
1779765
1779766
1779767
1779768
1779769
1830931
1830946
1830947
1836891
1839310
1839341
1839371
1839381
1839391
1839400
1839401
1839402
1839403
1839413
1839414
1839415
1839416
1839417
1839418
1839428
1839433
1839441
1839442
1839443
1839448
1839449
1839451
1839452
1839453
1839459
1839466
1839467
1839473
1839479
1839481
1500250
1500251
1500252
1500253
1500254
1500255
1500256
1500257
1500258
1500259
1500260
1500261
1500262
1500263
1500264
1500265
1500266
1500267
1500268
1500269
1500931
1500942
1500946
1509530
1509531
1509532
1509533
1509534
1509535
1509536
1509537
1509538
1509539
1509540
1509541
1509542
1509543
1530931
1533794
1533799
1533931
1533944
1533980
1533981
1533982
1533983
1533984
1533985
1533986
1534360
1534361
1534362
1534498
1534499
1534671
1534681
1534800
1534801
1534931
1535201
1535202
1535230
1535231
1537900
1537901
1537902
1537903
1537904
1537905
1537906
1537907
1537908
1537909
1539066
1539310
1539311
1539312
1539313
1539314
1539315
1539316
1539317
1800931
1800940
1800944
1800946
1800948
1800949
1805416
1805417
1805418
1805419
1808931
1808938
1809310
1809311
1809315
1809316
1809317
1809318
1809319
1890931
1890940
1890942
1890944
1890946
1890948
1890949
1891900
1891901
1891902
1891903
1891904
1891905
1891906
1891907
1891908
1891909
1891910
1891911
1891912
1891913
1891914
1891915
1891916
1891917
1891918
1891919
1891931
1891980
1891981
1891982
1891983
1891984
1891985
1891986
1891987
1891988
1891989
1891990
1891991
1891992
1891993
1891994
1891995
1891996
1891997
1891998
1891999
1899303
1899304
1899305
1899306
1899307
1899308
1899309
1899310
1899311
1899312
1899313
1899314
1899315
1899316
1899317
1899318
1899319
1899329
1899389
1950931
1952499
1952500
1360930
1360931
1360932
1360933
1360934
1360935
1360936
1360937
1360938
1360939
1361931
1361932
1361933
1361934
1361936
1361939
1363931
1363932
1363933
1363934
1363936
1363939
1364931
1365931
1365932
1365940
1365941
1365942
1365943
1365944
1365945
1365946
1365947
1365948
1365949
1366930
1366931
1366932
1366933
1366934
1366935
1366936
1366937
1366938
1366939
1367940
1367941
1367942
1367943
1367944
1367945
1367946
1367947
1367948
1367949
1713930
1713931
1713932
1713933
1713935
1713936
1713939
1713940
1713941
1713942
1713944
1713945
1715930
1715931
1715932
1715933
1715935
1715936
1715939
1716930
1716931
1716932
1716933
1716935
1716936
1716939
1717930
1717931
1717932
1717933
1718930
1718931
1718932
1718933
1718934
1718935
1718936
1718937
1718938
1718939
1330931
1330940
1330941
1330942
1330944
1330946
1330948
1330949
1332120
1332121
1332122
1332128
1332131
1332133
1335931
1335940
1335941
1335942
1335943
1335944
1335945
1335946
1335947
1335948
1335949
1336931
1336943
1336944
1336945
1336946
1336948
1336949
1338931
1338933
1338936
1338940
1338944
1339931
1339946
1903960
1903963
1780931
1780940
1780944
1783431
1783444
1783445
1783446
1783447
1783448
1783449
1784881
1786612
1786613
1788081
1789250
1789251
1789252
1789253
1789254
1789255
1789256
1789257
1789258
1789259
1789931
1850931
1850948
1859308
1859309
1560931
1560941
1568274
1568275
1568276
1568277
1568278
1568279
1568280
1568281
1568282
1568283
1568284
1568285
1568286
1568287
1568288
1568289
1569305
1569307
1569310
1569311
1569312
1569313
1569314
1569315
1569316
1569317
1569318
1569319
1569325
1569327
1569331
1569332
1569333
1569334
1569342
1569344
1569347
1569382
1569385
1569387
1569391
1990931
1990940
1990942
1990944
1990946
1990948
1990949
1991390
1991391
1991392
1991393
1991394
1991395
1991396
1991397
1991398
1991399
1994410
1994411
1994412
1994413
1994414
1994415
1994416
1994417
1994418
1994419
1999306
1999307
1999308
1999309
1999310
1999311
1999312
1999313
1999314
1999315
1999316
1999317
1999318
1999319
1999377
1999416
1999417
1999418
1999419
1999436
1999437
1999438
1999439
1999560
1999561
1999562
1999563
1999564
1999565
1999566
1999567
1999568
1999569
1570176
1570941
1571967
1573090
1573091
1576938
1579115
1840941
1841900
1841988
1980941
1981597
1989400
1989401
1989402
1989403
1989404
1989405
1989406
1989407
1989408
1989409
1989410
1650941
1656141
1910942
1910943
1320941
1323941
1323947
1750941
1880941
1889355
1889383
1889411
1889456
1470941
1471718
1471918
1471919
1810941
1819410
1819411
1819412
1819413
1819414
1819415
1819416
1819417
1819418
1520940
1520941
1529364
1529365
1529366
1510146
1510147
1510148
1510149
1510940
1510941
1510942
1510944
1820941
1821975
1829378
1829379
1829475
1829476
1829477
1829478
1829479
1829864
1829865
1829866
1760941
1315005
1730941
1738941
1380094
1388405
1388406
1388407
1389390
1389391
1389392
1389393
1389394
1389395
1389396
1389397
1389398
1389399
1660941
1870692
1870941
1871951
1871952
1871953
1871954
1879400
1879401
1879402
1879403
1800941
1803469
1808940
1808941
1809393
1809394
1530941
1533706
1533707
1534677
1534688
1534691
1534901
1534902
1534909
1534947
1535227
1535228
1535241
1537447
1537940
1537941
1537995
1539062
1539063
1539368
1539369
1539400
1539401
1539402
1539403
1362931
1890941
1891929
1891941
1899368
1899369
1332124
1338941
1339941
1990941
1999410
1999411
1999412
1999413
1999414
1999415
1999613
1999614
1999615
1569302
1569303
1569306
1850941
1859307
1859374
1780941
1783440
1860941
1869410
1869411
1869412
1869413
1869414
1869438
1550941
1559306
1559307
1390941
1309930
1309931
1770941
1774581
1778941
1779410
1779411
1779412
1779413
1779414
1779415
1779440
1452841
1459645
1351941
1351942
1500941
1830941
1836894
1836895
1839380
1839411
1839412
1839457
1839462
1839498
1313943
1319586
1730943
1732638
1732639
1732644
1732645
1735818
1735819
1738942
1738943
1738944
1739410
1739411
1739412
1739413
1739430
1739434
1739602
1739747
1660943
1669415
1669416
1669417
1669418
1669419
1380930
1383000
1383001
1383002
1383003
1383004
1383005
1383006
1383007
1383008
1383009
1388420
1388421
1388422
1388423
1388424
1388425
1388426
1388427
1388428
1388429
1389300
1389301
1389302
1389303
1389304
1389305
1389306
1389307
1389308
1389309
1870698
1870699
1870943
1879430
1879431
1879432
1879433
1879434
1879435
1879436
1879437
1879438
1879439
1879440
1879441
1879442
1879443
1879444
1820943
1821976
1829480
1829481
1829482
1829483
1829484
1829485
1829486
1829487
1829488
1829489
1829490
1829491
1829492
1829493
1829494
1829495
1829496
1829497
1829498
1829499
1829867
1829868
1829869
1829877
1829878
1829879
1829891
1829892
1510140
1510141
1510142
1510143
1510144
1510145
1510943
1519300
1519301
1519302
1519303
1519304
1519305
1519306
1519307
1519308
1519309
1760943
1760949
1580943
1750943
1880943
1889300
1889301
1889302
1889303
1889304
1889385
1889415
1889430
1889446
1889454
1470936
1471719
1471926
1471927
1471928
1471929
1479376
1479377
1479378
1479379
1520942
1520943
1521390
1521391
1521418
1521419
1529304
1529305
1529306
1810943
1811943
1813998
1814151
1814373
1815216
1815217
1815218
1815393
1818943
1818944
1819430
1819431
1819432
1819433
1819434
1819436
1819437
1819438
1819439
1819448
1819805
1840943
1841933
1841943
1841957
1841958
1841964
1841979
1570179
1570943
1571930
1575193
1576936
1980943
1981593
1989060
1989061
1989062
1989063
1989064
1989065
1989066
1989067
1989068
1989069
1650943
1655943
1656143
1320943
1320949
1322041
1323943
1327034
1329104
1329106
1329933
1910941
1911980
1911981
1911982
1911983
1911984
1919304
1919362
1919363
1919364
1919365
1919366
1919367
1770446
1770943
1778942
1778943
1778944
1778958
1779430
1779431
1779432
1779433
1779434
1779435
1779436
1779437
1779438
1779439
1779441
1779442
1779443
1351901
1351943
1452843
1454583
1459646
1459647
1459648
1459649
1830936
1830937
1830943
1836896
1839309
1839311
1839376
1839384
1839385
1839386
1839387
1839430
1839431
1839432
1839489
1839499
1500943
1509577
1509578
1509579
1509713
1509714
1509715
1509716
1550943
1556984
1556985
1559308
1559309
1559335
1559336
1559395
1559396
1559397
1559398
1559399
1860943
1869430
1869431
1869432
1869433
1869434
1869435
1671936
1671937
1671939
1672930
1390943
1302872
1302873
1302874
1303415
1303416
1304290
1308590
1309927
1309928
1330943
1332127
1335932
1339943
1339949
1713943
1713949
1717935
1717936
1717939
1990943
1995860
1995861
1995862
1999430
1999431
1999432
1999433
1999434
1999435
1999616
1999617
1999618
1999619
1850943
1859306
1859373
1780943
1783441
1560943
1560949
1569362
1569363
1569365
1569367
1569369
1569392
1569395
1569396
1530943
1533605
1533608
1533708
1533709
1533943
1533989
1534367
1534699
1534903
1534908
1534943
1534944
1535200
1535229
1535240
1537441
1537942
1537943
1537944
1537996
1537997
1537998
1537999
1539064
1539069
1539338
1539339
1539349
1539359
1539404
1800942
1800943
1803466
1808942
1808943
1809313
1809314
1361930
1363930
1364930
1365933
1367930
1368943
1368944
1890943
1891943
1899338
1899339
1899359
1899395
1899396
1899397
1899398
1899399
1580932
1580946
1580947
1582581
1582582
1760932
1769302
1769320
1769355
1769356
1769357
1769358
1769359
1769360
1769393
1510177
1510178
1510179
1510180
1510181
1510182
1510183
1510932
1519320
1519321
1519322
1519323
1519324
1519325
1519326
1519327
1519328
1519329
1519347
1519348
1820932
1820942
1821520
1821521
1821522
1821523
1821524
1821525
1821526
1821527
1821528
1821529
1821962
1821972
1821982
1821992
1829304
1829305
1829306
1829320
1829321
1829322
1829323
1829324
1829325
1829326
1829327
1829328
1829329
1829402
1870932
1871961
1871962
1871963
1871964
1871965
1871966
1871967
1871968
1871969
1874092
1874093
1879320
1879321
1879322
1879323
1879324
1879325
1879326
1879327
1879328
1879329
1879425
1879426
1879427
1879428
1879429
1380932
1383020
1383021
1383022
1383023
1383024
1383025
1383026
1383027
1383028
1383029
1660932
1660942
1669302
1669320
1669321
1669322
1669323
1669324
1669325
1669326
1669327
1669328
1669329
1730932
1732515
1732516
1732517
1732518
1732519
1734416
1735810
1735811
1735812
1738933
1738934
1739320
1739321
1739322
1739323
1739324
1739325
1739326
1739327
1739328
1739329
1739603
1310944
1311932
1313932
1313942
1314175
1314176
1314194
1315010
1315011
1319582
1910932
1911987
1919320
1919321
1919322
1919323
1919324
1919325
1919326
1919327
1919328
1320932
1323932
1323942
1329107
1650932
1656704
1656932
1980932
1981590
1989320
1989321
1989322
1989323
1989324
1989325
1989326
1989327
1989328
1989329
1989600
1989601
1989602
1989603
1570172
1570932
1571962
1576932
1576942
1840932
1840946
1841802
1841803
1841804
1841805
1841806
1841807
1841808
1841809
1841909
1841910
1841911
1841912
1841913
1841924
1841925
1841942
1841952
1841962
1841972
1841987
1841992
1841993
1841994
1841999
1810932
1811932
1813989
1813990
1813991
1814152
1814372
1815220
1815221
1815222
1815392
1818932
1819320
1819321
1819322
1819323
1819324
1819325
1819326
1819327
1819328
1819329
1819449
1819802
1520932
1521392
1521393
1521394
1521395
1521396
1521397
1521398
1521399
1529320
1529321
1529322
1529323
1529324
1529325
1529425
1529426
1529427
1529428
1529429
1373932
1470942
1471702
1471703
1471910
1471911
1471912
1471913
1471914
1471915
1471916
1471917
1479330
1479331
1479332
1479333
1479334
1479335
1479336
1479372
1479373
1880932
1889320
1889321
1889322
1889323
1889324
1889392
1889412
1889422
1889436
1889444
1750932
1759320
1759321
1759322
1759323
1759324
1759325
1759326
1759327
1759328
1759329
1759371
1759372
1759373
1759374
1759375
1302876
1303414
1304294
1307934
1307936
1939320
1939321
1939322
1939323
1939324
1939325
1939326
1939327
1939328
1939329
1390932
1391968
1391969
1391970
1391971
1391972
1399320
1399321
1399322
1399323
1399324
1399325
1399326
1399327
1399328
1399329
1860932
1869320
1869321
1869322
1869323
1869324
1869436
1550932
1556962
1556963
1556964
1556965
1556966
1559320
1559321
1559322
1559323
1559324
1559325
1559326
1559327
1559328
1500932
1502583
1502584
1502585
1502586
1502591
1502592
1509546
1509547
1509548
1509549
1509550
1830932
1830942
1839320
1839321
1839322
1839323
1839324
1839325
1839326
1839327
1839328
1839329
1839332
1839342
1839372
1839392
1839419
1839424
1839425
1839426
1839427
1839440
1839471
1839472
1839483
1839492
1452842
1453853
1453854
1453855
1351902
1351932
1770440
1770932
1771870
1771871
1771872
1774880
1774881
1774882
1774883
1774884
1775200
1775201
1775202
1775203
1775225
1775226
1775227
1778951
1778952
1779320
1779321
1779322
1779323
1779324
1779325
1779326
1779327
1779328
1779329
1890932
1891932
1899320
1899321
1899322
1899323
1899324
1899325
1899326
1899327
1899328
1362932
1364932
1367931
1367932
1800932
1803468
1808932
1809320
1809321
1809322
1809323
1809324
1809325
1809326
1809327
1809328
1809329
1530932
1533606
1533607
1533932
1533972
1534369
1534672
1534682
1534692
1534802
1534932
1534942
1535203
1535204
1535232
1537442
1537910
1537911
1537912
1537913
1537914
1537915
1537916
1537922
1539052
1539320
1539321
1539322
1539323
1539324
1560932
1560942
1568297
1568298
1569320
1569321
1569322
1569323
1569324
1569326
1569328
1569329
1780932
1780942
1783420
1783421
1783422
1783429
1783432
1784882
1786610
1788082
1789932
1850932
1850942
1859062
1990932
1994424
1994425
1995869
1996875
1996876
1996877
1996878
1996879
1999320
1999321
1999322
1999323
1999324
1999325
1999326
1999327
1999328
1999329
1999570
1999571
1999572
1999573
1999574
1999575
1999576
1999577
1999578
1999579
1330932
1332132
1336932
1338932
1338942
1339932
1351909
1351939
1452849
1459642
1459643
1459644
1770447
1770939
1774580
1774583
1774584
1778939
1778945
1778946
1778959
1779390
1779391
1779392
1779393
1779394
1779395
1779396
1779397
1779398
1779399
1779444
1779445
1779446
1500939
1502596
1509573
1509574
1509575
1509576
1509717
1509718
1509719
1509720
1830939
1830949
1839312
1839313
1839314
1839347
1839348
1839349
1839353
1839354
1839355
1839356
1839357
1839358
1839359
1839377
1839378
1839379
1839396
1839463
1839488
1839494
1839495
1839496
1839497
1390939
1391955
1391956
1391957
1399390
1399391
1399392
1399393
1399394
1399395
1399396
1399397
1399398
1399399
1860939
1869336
1869389
1869390
1869391
1869392
1869393
1869394
1869395
1550930
1550939
1556986
1556987
1556988
1556989
1559390
1559391
1559392
1559393
1559402
1559403
1559404
1559405
1309932
1309934
1935775
1935776
1935777
1935778
1935779
1935890
1935891
1935892
1935893
1935894
1935895
1935896
1935897
1935898
1935899
1939590
1939591
1939592
1939593
1939594
1939595
1939596
1939597
1939598
1939599
1330939
1332139
1336939
1338939
1338949
1339939
1560939
1568299
1569390
1569393
1569394
1569397
1569398
1569399
1780939
1780949
1783423
1783424
1783427
1783428
1783439
1784889
1786615
1788089
1789939
1850939
1850949
1859069
1990939
1994423
1995840
1995841
1995842
1995843
1995844
1996856
1996857
1999390
1999391
1999392
1999393
1999394
1999395
1999396
1999397
1999398
1999399
1800939
1803464
1803465
1808939
1809390
1809391
1809392
1809395
1809396
1809397
1809398
1809399
1530939
1533609
1533705
1533939
1533979
1534679
1534689
1534809
1534904
1534939
1534948
1534949
1535223
1535224
1535239
1537449
1537804
1537805
1537806
1537807
1537808
1537809
1537939
1539059
1539318
1539319
1539327
1539328
1539329
1890939
1891939
1891944
1891949
1899390
1899391
1899392
1899393
1899394
1362939
1364939
1365939
1368937
1368939
1730939
1734419
1737062
1738946
1739306
1739391
1739392
1739393
1739395
1739396
1739397
1739398
1739399
1739420
1739421
1739422
1739423
1739424
1739428
1739429
1739440
1739445
1739446
1739447
1739448
1739449
1739606
1739608
1739740
1739741
1739742
1313939
1313941
1315003
1315008
1319580
1870695
1870696
1870697
1870939
1871955
1871956
1871957
1871958
1871959
1879390
1879391
1879392
1879393
1879394
1879395
1879396
1879397
1879398
1879399
1879407
1879408
1879409
1879410
1879411
1879412
1879413
1879495
1879496
1879497
1879498
1879499
1380939
1383090
1383091
1383092
1383093
1383094
1383095
1383096
1383097
1383098
1383099
1660939
1660946
1669307
1669390
1669391
1669392
1669393
1669394
1669395
1669396
1669397
1669398
1669399
1669410
1669411
1669412
1669413
1669414
1510394
1510395
1510396
1510397
1510398
1510399
1510939
1510948
1510949
1519390
1519391
1519392
1519393
1519394
1519395
1519396
1519397
1519398
1519399
1820939
1820949
1821969
1821989
1821999
1829390
1829391
1829392
1829393
1829394
1829395
1829396
1829397
1829398
1829399
1829450
1829451
1829452
1829453
1829454
1829455
1829456
1829457
1829458
1829459
1829460
1829461
1829462
1829463
1829464
1829465
1829466
1829467
1829468
1829469
1829470
1829471
1829472
1829473
1829474
1829863
1580934
1580939
1580948
1580949
1582587
1582588
1582589
1760939
1769309
1769361
1769362
1769363
1769364
1769365
1769366
1769398
1344794
1344894
1470949
1471717
1471930
1471931
1471932
1471933
1471934
1471935
1471936
1471937
1471938
1471939
1479350
1479351
1479360
1479361
1479362
1479363
1479364
1479365
1479366
1479367
1479368
1479369
1373939
1880939
1889335
1889338
1889339
1889399
1889419
1889429
1750939
1759346
1759347
1759348
1759349
1759390
1759391
1759392
1759393
1759394
1759395
1810939
1811939
1813994
1813995
1813996
1813997
1814159
1815219
1815391
1818939
1819390
1819391
1819392
1819393
1819394
1819395
1819396
1819397
1819398
1819399
1819444
1819445
1819446
1819447
1819804
1520939
1529335
1529336
1529337
1529338
1529339
1529391
1529392
1529393
1529394
1529395
1529396
1529397
1529398
1529399
1529406
1529407
1529408
1529409
1529410
1650939
1980939
1981588
1989390
1989391
1989392
1989393
1989394
1989395
1989396
1989397
1989398
1989399
1989411
1989412
1989413
1989606
1989607
1989608
1989609
1570173
1570939
1570949
1571969
1573092
1576937
1576949
1579116
1840939
1841810
1841811
1841908
1841918
1841923
1841930
1841946
1841954
1841969
1841978
1841985
1841991
1841997
1841998
1910939
1911995
1911996
1911997
1911998
1911999
1919390
1919391
1919392
1919393
1919395
1919396
1919397
1919398
1919399
1320939
1320944
1323939
1323944
1329939
1330936
1332136
1335936
1336936
1339936
1339944
1560936
1568260
1568261
1568262
1568263
1568264
1568265
1568266
1568267
1568268
1569360
1569361
1569364
1569366
1569368
1780936
1783425
1783426
1783436
1784886
1788086
1789936
1850936
1859066
1859302
1990936
1995900
1995901
1995902
1995903
1995904
1996858
1996859
1999360
1999361
1999362
1999363
1999364
1999365
1999366
1999367
1999368
1999369
1999610
1999611
1999612
1800936
1808240
1808241
1808242
1808243
1808244
1808245
1808246
1808247
1808946
1808947
1808948
1809334
1809360
1809361
1809362
1809363
1809364
1809365
1809366
1809367
1809368
1809369
1530936
1530946
1533936
1533976
1534366
1534676
1534686
1534687
1534696
1534806
1534936
1535215
1535216
1535248
1535249
1537446
1537800
1537927
1537928
1537936
1537970
1537971
1537972
1537973
1537974
1537975
1537976
1537977
1537978
1537979
1539067
1539068
1539360
1539361
1539362
1539363
1539364
1539365
1539366
1539367
1539407
1539408
1890936
1891936
1899360
1899361
1899362
1899363
1899364
1899365
1899366
1899367
1362936
1364936
1368932
1368936
1368948
1368949
1452846
1459627
1459628
1459629
1351906
1351936
1770442
1770936
1771863
1771864
1771865
1775220
1775221
1778936
1778937
1778938
1778956
1779360
1779361
1779362
1779363
1779364
1779365
1779366
1779367
1779368
1779369
1500936
1502587
1502588
1502589
1509564
1839389
1839458
1839464
1839465
1839482
1390936
1391973
1391974
1391975
1399360
1399361
1399362
1399363
1399364
1399365
1399366
1399367
1399368
1399369
1860936
1869347
1869360
1869361
1869362
1869363
1869364
1550936
1550940
1550942
1550944
1550946
1556980
1556990
1556991
1556992
1556993
1556994
1556995
1556996
1556997
1556998
1559360
1559361
1559362
1559363
1559364
1559365
1559366
1559367
1559368
1559369
1559406
1559407
1559408
1559409
1301411
1301412
1304292
1308592
1309938
1470946
1471711
1471907
1471908
1471909
1880936
1889325
1889368
1889369
1889376
1889396
1889406
1889416
1889426
1750936
1810936
1811936
1813975
1813980
1813981
1813982
1813983
1813984
1813985
1814156
1818936
1818960
1818961
1818962
1818963
1818964
1819360
1819361
1819362
1819363
1819364
1819365
1819366
1819367
1819368
1819369
1819441
1819442
1819443
1819806
1520936
1529307
1529308
1529309
1529360
1529361
1529362
1529363
1529400
1529401
1529402
1650936
1651936
1980936
1980940
1980942
1980944
1980945
1980946
1980947
1980948
1981596
1989360
1989361
1989362
1989363
1989364
1989365
1989366
1989367
1989368
1989369
1570936
1571966
1575196
1840936
1841956
1841966
1841976
1910936
1919360
1919361
1919368
1320936
1322044
1323936
1323948
1326934
1701938
1701939
1730936
1732646
1732647
1732648
1732649
1732905
1732906
1732907
1732908
1732909
1734410
1737063
1737064
1737065
1739360
1739368
1311936
1313936
1315000
1315014
1319596
1870690
1870936
1871976
1871977
1879363
1879364
1879365
1879366
1879367
1879368
1879369
1879490
1879491
1879492
1380936
1383060
1383061
1383062
1383063
1383064
1383065
1383066
1383067
1383068
1383069
1660936
1510390
1510391
1510392
1510393
1510936
1519340
1519341
1519342
1519343
1519344
1519345
1519346
1820936
1820946
1821966
1821986
1821996
1829360
1829361
1829362
1829363
1829364
1829365
1829366
1829856
1829857
1829858
1580936
1760936
1769306
1769326
