1890895
1898905
1898995
1361895
1362895
1363895
1364895
1365895
1365955
1800895
1807695
1808905
1808995
1534895
1560895
1569265
1858915
1858940
1780895
1786765
1788805
1788905
1788915
1788925
1788935
1788965
1789145
1789905
1990895
1998925
1998935
1998938
1998939
1998945
1998954
1998955
1330895
1332255
1339805
1390089
1390895
1398905
1398995
1868905
1868915
1508907
1830805
1830808
1838905
1838907
1351895
1354905
1452395
1454265
1459435
1459535
1770895
1771195
1774075
1778450
1778454
1778457
1778905
1778909
1778995
1910895
1918912
1322895
1980980
1980984
1980985
1980987
1981435
1988914
1988915
1988918
1988925
1988929
1989955
1570805
1570806
1570809
1572675
1572895
1840895
1840899
1848915
1848925
1810895
1814145
1814325
1818490
1818495
1818900
1818905
1818909
1818990
1818995
1520805
1520808
1528905
1528915
1471895
1472895
1478905
1750985
1758905
1889805
1588905
1768905
1768915
1768955
1820805
1820808
1828905
1828908
1828915
1870805
1870808
1879895
1879898
1388905
1668905
1730895
1735455
1735459
1738995
1738998
1739715
1739718
