1957120
1957121
1360710
1360711
1360712
1360713
1360714
1360715
1360716
1360717
1360718
1360719
1361728
1361729
1361860
1361861
1361862
1361863
1361864
1361865
1361866
1362710
1362711
1362712
1362713
1362714
1362720
1362721
1362722
1362723
1362724
1362725
1362726
1362727
1362728
1362729
1362860
1362861
1362862
1362863
1362864
1362865
1362866
1362867
1362868
1362869
1363860
1363861
1363862
1363863
1363864
1363865
1363866
1363867
1363868
1363869
1364720
1364721
1364722
1364723
1364728
1365718
1365720
1365721
1365722
1365723
1365724
1365725
1365726
1365727
1365728
1365729
1365980
1365981
1365982
1365983
1365984
1365985
1365986
1365987
1365988
1365989
1366710
1366711
1366712
1366713
1366714
1366715
1366716
1366717
1366718
1366719
1366720
1366721
1366722
1366723
1366724
1366725
1366726
1366727
1366728
1366729
1367728
1367729
1368723
1368724
1368725
1368726
1369732
1369733
1369734
1369735
1369736
1369737
1890710
1890711
1890712
1890713
1890714
1890715
1890716
1890717
1890718
1890719
1890722
1890862
1890863
1890864
1890865
1894290
1894291
1894292
1894293
1894294
1896394
1896395
1896396
1896397
1896398
1896399
1897100
1897101
1897102
1897103
1897104
1897105
1897106
1897107
1897108
1897109
1897110
1897111
1897112
1897113
1897114
1897115
1897116
1897117
1897118
1897119
1897120
1897121
1897122
1897123
1897124
1897125
1897126
1897127
1897128
1897129
1897130
1897131
1897132
1897133
1897134
1897135
1897136
1897137
1897138
1897139
1897140
1897141
1897142
1897143
1897144
1897145
1897146
1897147
1897148
1897149
1897150
1897151
1897152
1897153
1897154
1897155
1897156
1897157
1897158
1897159
1897160
1897161
1897162
1897163
1897164
1897165
1897166
1897167
1897168
1897169
1897217
1897218
1897219
1897261
1897262
1897292
1897293
1897294
1898600
1898601
1898602
1898603
1898604
1898605
1898606
1898607
1898608
1898609
1898610
1898611
1898612
1898613
1898614
1898615
1898616
1898617
1898618
1898619
1898620
1898621
1898622
1898623
1898624
1898625
1898626
1898627
1898628
1898629
1898692
1898693
1898694
1898695
1899550
1899551
1899552
1899553
1899554
1899555
1899556
1899557
1899558
1899559
1899560
1899561
1899562
1899563
1899564
1899565
1899598
1899599
1530710
1530711
1530712
1530713
1530714
1530715
1530716
1530717
1530718
1530719
1530722
1530862
1530863
1530864
1530865
1532710
1532711
1532712
1532713
1532714
1532715
1532716
1532717
1532718
1532719
1532720
1532721
1532722
1532723
1532724
1532725
1532726
1532727
1532728
1532729
1532730
1532731
1532732
1532733
1532734
1532735
1532736
1532737
1532738
1532739
1532740
1532741
1532742
1532743
1532744
1532745
1532746
1532783
1532784
1532785
1532786
1533420
1533589
1533710
1533711
1533712
1533713
1533714
1533715
1533716
1533717
1533718
1533719
1533720
1533721
1533722
1533723
1533724
1533725
1533726
1533727
1533728
1533729
1533737
1533782
1534220
1534221
1534222
1534223
1534224
1534225
1534226
1534227
1534228
1534229
1534233
1534234
1534235
1534277
1534289
1534290
1534293
1534294
1534664
1534666
1534705
1534706
1534707
1534710
1534711
1537700
1537701
1537702
1537703
1537704
1537705
1537706
1537707
1537708
1537709
1537750
1537751
1537752
1537753
1537754
1537755
1537756
1537757
1537758
1537759
1537760
1537761
1537762
1537763
1537764
1537765
1537766
1537767
1537768
1537769
1538700
1538701
1538702
1538703
1538704
1538705
1538706
1538707
1538708
1538709
1538710
1538711
1538712
1538713
1538714
1538715
1538716
1538717
1538718
1539150
1539151
1539152
1539153
1539154
1539155
1539156
1539282
1539283
1539284
1539285
1539286
1539287
1539288
1539289
1539290
1539291
1539292
1539293
1539294
1539295
1539296
1800710
1800711
1800712
1800713
1800714
1800715
1800716
1800717
1800718
1800719
1800862
1800863
1800864
1800865
1804050
1804051
1804052
1804053
1804054
1804055
1804056
1804057
1804058
1804059
1806200
1806201
1806202
1806203
1806204
1806205
1806206
1806207
1806208
1806209
1806210
1806211
1806212
1806213
1806214
1806215
1806240
1806241
1806242
1806243
1806244
1806245
1806249
1806250
1806251
1806252
1806253
1806254
1806255
1806256
1806257
1806258
1806259
1806260
1806261
1806262
1806263
1806264
1806265
1806266
1806267
1806268
1806269
1806270
1806271
1806272
1806273
1806274
1806275
1806276
1806277
1806278
1806279
1806400
1806401
1806402
1806403
1806404
1806405
1806406
1806407
1806408
1806409
1806410
1806411
1806412
1806429
1807100
1807101
1807102
1807103
1807104
1807105
1807106
1807107
1807108
1807109
1807110
1807111
1807112
1807113
1807114
1807140
1807141
1807142
1807143
1807144
1807145
1807150
1807151
1807152
1807153
1807154
1807155
1807170
1807171
1807172
1807173
1807174
1807175
1807197
1807199
1808600
1808601
1808602
1808603
1808604
1808605
1808606
1808607
1808608
1808609
1808610
1808611
1808629
1808640
1808641
1808642
1808643
1808644
1808645
1808646
1808647
1808648
1808649
1808650
1808651
1808652
1808653
1808660
1808661
1808662
1808663
1808664
1808665
1808666
1808667
1808668
1808669
1990710
1990711
1990712
1990713
1990714
1990715
1990716
1990717
1990718
1990719
1990862
1990863
1990864
1990865
1991310
1991311
1991312
1991315
1991316
1991317
1991318
1991319
1994500
1994501
1994502
1994503
1994504
1994505
1994518
1994750
1994751
1994752
1994753
1994754
1994755
1994756
1994757
1994758
1994759
1994760
1994761
1994762
1994763
1994764
1994765
1994766
1994767
1994768
1994769
1997149
1997157
1997158
1997159
1997160
1997161
1997198
1997199
1997200
1997201
1997202
1997203
1997204
1997205
1997206
1997207
1997208
1997209
1997210
1997211
1997212
1997213
1997214
1997215
1997216
1997217
1997218
1997219
1997230
1997231
1997232
1997233
1997234
1997235
1997236
1997237
1997238
1997239
1997280
1998688
1998689
1998690
1998691
1998692
1998693
1998694
1998695
1998696
1998697
1998698
1998699
1850270
1850271
1850272
1850273
1850274
1850275
1850276
1850277
1850278
1850279
1850710
1850711
1850712
1850713
1850714
1850715
1850716
1850717
1850718
1850719
1850722
1850862
1850863
1850864
1850865
1851270
1851271
1851272
1851273
1851274
1851275
1851276
1851277
1851278
1851279
1852700
1852701
1852702
1852703
1852704
1852705
1852706
1852707
1852708
1852709
1852710
1857145
1857146
1857147
1857148
1857149
1857150
1857151
1857152
1857153
1857154
1857155
1857156
1857157
1857158
1857159
1857160
1857161
1857162
1857163
1857164
1857165
1857166
1857167
1857168
1857169
1857170
1857171
1857172
1857173
1857174
1857175
1857176
1857177
1857178
1857179
1857180
1857181
1857182
1857183
1857184
1857185
1857186
1857187
1857188
1857189
1857190
1857191
1857192
1857215
1857216
1857217
1857218
1857219
1857240
1857241
1857242
1857243
1857244
1857245
1857246
1857247
1857248
1857249
1857279
1857280
1857281
1857282
1857283
1857284
1857285
1857286
1857287
1857288
1857289
1857299
1780270
1780271
1780272
1780714
1780716
1780718
1780722
1780727
1784785
1786621
1786626
1786642
1786643
1786644
1787104
1787105
1787108
1787111
1787112
1787114
1787118
1787119
1787123
1787126
1787127
1787128
1787139
1787158
1787165
1787166
1787167
1787168
1787174
1787179
1787180
1788682
1789711
1560710
1560711
1560712
1560713
1560714
1560715
1560716
1560717
1560718
1560719
1560862
1560863
1560864
1560865
1562300
1562301
1562302
1562303
1562304
1562305
1562306
1562307
1562308
1562309
1562310
1562311
1562312
1562313
1562314
1562315
1562316
1562317
1562318
1562319
1562320
1562321
1562322
1562323
1562324
1562325
1562326
1562327
1562328
1562329
1562330
1562331
1562332
1562333
1562334
1562335
1562336
1562337
1562338
1562339
1562340
1562341
1562342
1562343
1562344
1562345
1562346
1562347
1562348
1562349
1562350
1562351
1562352
1562353
1562354
1562355
1562356
1562357
1562358
1562359
1562360
1562361
1562362
1562363
1562364
1562365
1562366
1562367
1562368
1562369
1562370
1562371
1562372
1562373
1562374
1562375
1562376
1562377
1562378
1562379
1562380
1562381
1562382
1562383
1562384
1562385
1562386
1562387
1562388
1562389
1562390
1562391
1562392
1562393
1562394
1562395
1562396
1562397
1562398
1562399
1562900
1562901
1562902
1562903
1562904
1562905
1562906
1562907
1562908
1562909
1562910
1562911
1562912
1562913
1562914
1562915
1562916
1562917
1562918
1562919
1567114
1567116
1567154
1567155
1567156
1567157
1567158
1567159
1567160
1567161
1567162
1567163
1567164
1567165
1567166
1567167
1567168
1567169
1569714
1569715
1569716
1569717
1569718
1569728
1330710
1330711
1330712
1330713
1330714
1330715
1330716
1330717
1330718
1330719
1330862
1330863
1330864
1330865
1331710
1331711
1331712
1331713
1331714
1331715
1331716
1331717
1331718
1331719
1332970
1332971
1332972
1332973
1333998
1333999
1334340
1334341
1334342
1334343
1334344
1334345
1334346
1334347
1334348
1334349
1334358
1334983
1334984
1334985
1334986
1334987
1334988
1334989
1334990
1334991
1334992
1334993
1334994
1334995
1334996
1334997
1334998
1334999
1336724
1336725
1336726
1336727
1336728
1337785
1337786
1337787
1337788
1337789
1338528
1338750
1338751
1338752
1338753
1338754
1338755
1338756
1338757
1338758
1338759
1338760
1338761
1338762
1338763
1338764
1338765
1338766
1339604
1339605
1339606
1339607
1339608
1339609
1339710
1339711
1339712
1339713
1339714
1339715
1339716
1339717
1339718
1339719
1710152
1710782
1710789
1712590
1712591
1712592
1712593
1712594
1712595
1712596
1712597
1712598
1712599
1712870
1712871
1712872
1712873
1712874
1712875
1712876
1712877
1712878
1712879
1713710
1713711
1713713
1713718
1713719
1713720
1713721
1713722
1713723
1713725
1713726
1713727
1713728
1713729
1715270
1715271
1715272
1715273
1715274
1715275
1715276
1715277
1715278
1715279
1715710
1715711
1715713
1715718
1715719
1715720
1715721
1715722
1715723
1715725
1715726
1715727
1715728
1715729
1716270
1716271
1716272
1716273
1716274
1716275
1716276
1716277
1716278
1716279
1716710
1716711
1716713
1716718
1717272
1717274
1717711
1717722
1718270
1718271
1718272
1718273
1718274
1718275
1718276
1718277
1718278
1718279
1718710
1718711
1718712
1718716
1718717
1718718
1718719
1719270
1719271
1719272
1719273
1719275
1719276
1719277
1719278
1728220
1728221
1728222
1728223
1728225
1728231
1300008
1300071
1300610
1300611
1300612
1300613
1300614
1300615
1300616
1300617
1300618
1300619
1300630
1300631
1300632
1300633
1300634
1300635
1300636
1300637
1300638
1300639
1300710
1300711
1300712
1300713
1300714
1300715
1300716
1300717
1300718
1300719
1301071
1301077
1301640
1301641
1301642
1301643
1301644
1301645
1301646
1301647
1301648
1301649
1301800
1301801
1301802
1301803
1301804
1301805
1301806
1301807
1301808
1301809
1302610
1302611
1302612
1302613
1302614
1302615
1302616
1302617
1302618
1302619
1302630
1302631
1302632
1302633
1302634
1302635
1302636
1302637
1302638
1302639
1302710
1302711
1302712
1302713
1302714
1302715
1302716
1302717
1302718
1302719
1303510
1303511
1303512
1303513
1303514
1303535
1303610
1303611
1303612
1303613
1303614
1303615
1303616
1303710
1303711
1303712
1303713
1303714
1303715
1303716
1303717
1303718
1303719
1304284
1304285
1304288
1304714
1307120
1307121
1307122
1307123
1307124
1307125
1307126
1307127
1307128
1307129
1307270
1307271
1307272
1307273
1307274
1307275
1307276
1307277
1307278
1307279
1308060
1308061
1308062
1308063
1308064
1308065
1308066
1308067
1308068
1308069
1309880
1309881
1309882
1309883
1309884
1309885
1309886
1309887
1309888
1309889
1550722
1552700
1552701
1552702
1552703
1552704
1552705
1552706
1552707
1552708
1552709
1552710
1552711
1552712
1552713
1552714
1552715
1552716
1552717
1552718
1552719
1552720
1552721
1552722
1552723
1552724
1552725
1552726
1552727
1552728
1552729
1552730
1552731
1552732
1552733
1552734
1552735
1552736
1552737
1552738
1552739
1552740
1552741
1552742
1552743
1552744
1552745
1552746
1552747
1552748
1552749
1552750
1552751
1552752
1552753
1552754
1552755
1552756
1552757
1552758
1552759
1552760
1552761
1552762
1552763
1552764
1552765
1552766
1552767
1552768
1552769
1552770
1552771
1552772
1552773
1552774
1552775
1552776
1552777
1552778
1552779
1552780
1552781
1552782
1552783
1552784
1552785
1552786
1552787
1552788
1552789
1552790
1552791
1552792
1552793
1552794
1552795
1552796
1552797
1552798
1552799
1554904
1554905
1554906
1554907
1554908
1554940
1554941
1554942
1554943
1554944
1554945
1554946
1554947
1554948
1554949
1555940
1555941
1555942
1555943
1555944
1555945
1555946
1555947
1555948
1555949
1557284
1557289
1558780
1558781
1558782
1558783
1558784
1558785
1558786
1558787
1558788
1860270
1860271
1860272
1860273
1860274
1860275
1860276
1860710
1860711
1860712
1860713
1860714
1860715
1860716
1860717
1860718
1860719
1862700
1862701
1862702
1862703
1862704
1862705
1862706
1862707
1862708
1862709
1862710
1862711
1862712
1862713
1862714
1862715
1862716
1862717
1862718
1862719
1862770
1862771
1862772
1862773
1862774
1862775
1862776
1862777
1862778
1862779
1862780
1862781
1862782
1862783
1862784
1862785
1862786
1862787
1862788
1862789
1862790
1862791
1862792
1862793
1862794
1862795
1862796
1862797
1862798
1862799
1867219
1867230
1867231
1867232
1867233
1867234
1867235
1867236
1867237
1867238
1867239
1867267
1867268
1867269
1867275
1867276
1867277
1867278
1867279
1867286
1867291
1867292
1867293
1867294
1867295
1867296
1867297
1867298
1867299
1867400
1867401
1867402
1867403
1867404
1867405
1867406
1867407
1867408
1867409
1867414
1869404
1869405
1869406
1869407
1869610
1869611
1869612
1869613
1869614
1869615
1869616
1869617
1869618
1869619
1869630
1869631
1869632
1869633
1869647
1869648
1869649
1671710
1671711
1671712
1671713
1671718
1671719
1671720
1671721
1671722
1671723
1671724
1671725
1671726
1671727
1671728
1671729
1672710
1672711
1672712
1672713
1672718
1672719
1672720
1672721
1672722
1672723
1672724
1672725
1672726
1672727
1672728
1672729
1673710
1673711
1673712
1673713
1673718
1673719
1673720
1673721
1673722
1673723
1390071
1390710
1390711
1390712
1390713
1390714
1390715
1390716
1390717
1390718
1390719
1390722
1390862
1390863
1390864
1390865
1397100
1397101
1397102
1397103
1397104
1397105
1397106
1397107
1397108
1397109
1397110
1397111
1397112
1397113
1397114
1397115
1397116
1397117
1397118
1397119
1397120
1397121
1397122
1397123
1397124
1397125
1397126
1397127
1397128
1397129
1397130
1397131
1397132
1397133
1397134
1397135
1397136
1397137
1397138
1397139
1397140
1397141
1397142
1397143
1397144
1397145
1397146
1397147
1397148
1397149
1397150
1397151
1397152
1397153
1397154
1397155
1397156
1397157
1397158
1397159
1397160
1397161
1397162
1397163
1397164
1397165
1397166
1397167
1397168
1397169
1397217
1397218
1397219
1397261
1397292
1397293
1397294
1398600
1398601
1398602
1398603
1398604
1398605
1398606
1398607
1398608
1398609
1398610
1398611
1398612
1398613
1398614
1398615
1398616
1398617
1398618
1398619
1398620
1398621
1398622
1398623
1398624
1398625
1398626
1398627
1398628
1398629
1398692
1398693
1398694
1398695
1399550
1399551
1399552
1399553
1399554
1399555
1399556
1399557
1399558
1399559
1399560
1399561
1399562
1399563
1399564
1399565
1399566
1399567
1399568
1399569
1399795
1399796
1399797
1399798
1399799
1830270
1830271
1830272
1830273
1830274
1830275
1830276
1830277
1830278
1830279
1830728
1832700
1832701
1832702
1832703
1832704
1832705
1832706
1832707
1832708
1832709
1832710
1832711
1832712
1832713
1832714
1832715
1832716
1832717
1832718
1832719
1832720
1832721
1832722
1832723
1832724
1832725
1832726
1832727
1832728
1832729
1832730
1832731
1832732
1832733
1832734
1832735
1832736
1832737
1832738
1832739
1837117
1837118
1837119
1837128
1837129
1837145
1837146
1837147
1837148
1837149
1837156
1837157
1837158
1837198
1837199
1837200
1837201
1837202
1837203
1837204
1837205
1837206
1837207
1837208
1837209
1837210
1837211
1837212
1837213
1837214
1837215
1837216
1837217
1837218
1837219
1837280
1837281
1837282
1837283
1837284
1837285
1837286
1500270
1500271
1500272
1500273
1500274
1500275
1500276
1500277
1500278
1500279
1500710
1500711
1500712
1500713
1500714
1500715
1500716
1500717
1500718
1500719
1500722
1502725
1502726
1502727
1502728
1502729
1502730
1502731
1502733
1502734
1502735
1507100
1507101
1507102
1507103
1507104
1507105
1507106
1507107
1507108
1507109
1507110
1507111
1507112
1507113
1507114
1507115
1507116
1507117
1507118
1507119
1507120
1507121
1507122
1507123
1507124
1507125
1507126
1507127
1507128
1507129
1507130
1507131
1507132
1507133
1507134
1507135
1507136
1507137
1507138
1507139
1507140
1507141
1507142
1507143
1507144
1507145
1507146
1507147
1507148
1507149
1507230
1507231
1507232
1507233
1507234
1507235
1507236
1507237
1507238
1507239
1507240
1507241
1507242
1507243
1507244
1507245
1507246
1507247
1507248
1507249
1622702
1770270
1770271
1770272
1770273
1770274
1770275
1770276
1770277
1770278
1770279
1770710
1770723
1770727
1770728
1770729
1772020
1772021
1772022
1772044
1772048
1772049
1772050
1772051
1772052
1772053
1772054
1772055
1772056
1772057
1772058
1772059
1774050
1774051
1774052
1774053
1774054
1774065
1774066
1774067
1774068
1774069
1775440
1775441
1775442
1775443
1775444
1776232
1776233
1776234
1776235
1776236
1776237
1776238
1776239
1776240
1776241
1776242
1776243
1776244
1776245
1776246
1776247
1776248
1776249
1776250
1776251
1776252
1776253
1776254
1776255
1776256
1776257
1776258
1776259
1776300
1776301
1776400
1776401
1776402
1776403
1776404
1776405
1776406
1776407
1776408
1776409
1776418
1776419
1776420
1776421
1776422
1777141
1777142
1777143
1777144
1777145
1777146
1777147
1777148
1777149
1777158
1777159
1777160
1777169
1777173
1777174
1777177
1777178
1777179
1777180
1777181
1777182
1777183
1777184
1777185
1777186
1777187
1777188
1777189
1777195
1778600
1778601
1778602
1778603
1778604
1778605
1778606
1778607
1778608
1778609
1778610
1778611
1778612
1778613
1778614
1778635
1778636
1778637
1778638
1778639
1778640
1778641
1778642
1778643
1778644
1778645
1778646
1778647
1778648
1778649
1778650
1778651
1778652
1778653
1778654
1778655
1778656
1778657
1778658
1778659
1779820
1779821
1779822
1779823
1779824
1779825
1779826
1779827
1779828
1779829
1590270
1590271
1590272
1590273
1590274
1590275
1590276
1590277
1590278
1590279
1590710
1590711
1590712
1590713
1590714
1590715
1590716
1590717
1590718
1590719
1590722
1590860
1590861
1590862
1592603
1592604
1592605
1592606
1592607
1592608
1592609
1592620
1592621
1592622
1592623
1592624
1592625
1592626
1592627
1592628
1592629
1592630
1592631
1592632
1592633
1592634
1592635
1592636
1592637
1592638
1592639
1592640
1592641
1592642
1592643
1592644
1592645
1592646
1592647
1592648
1592649
1592700
1592701
1592702
1592703
1592704
1592705
1592706
1592707
1592708
1592709
1592710
1592711
1592712
1592713
1592714
1592715
1592716
1592717
1592718
1592719
1592720
1592721
1592722
1592723
1592724
1592725
1592726
1592727
1592728
1592729
1592730
1592731
1592732
1592733
1592734
1592735
1592736
1592737
1592738
1592739
1592740
1592741
1592742
1592743
1592744
1592745
1592746
1592747
1592748
1592749
1592750
1592751
1592752
1592753
1592754
1592755
1592756
1592757
1592758
1592759
1592760
1592761
1592762
1592763
1592764
1592765
1592766
1592767
1592768
1592769
1597141
1597142
1597143
1597144
1597145
1597146
1597147
1597148
1597149
1597150
1597197
1597198
1597200
1597201
1597202
1597203
1597204
1597205
1597206
1597207
1597208
1597209
1597210
1597211
1597212
1597213
1597214
1597215
1597216
1597217
1597218
1597219
1597220
1597221
1597222
1597227
1597228
1597229
1597290
1597291
1597292
1597293
1597294
1597295
1597296
1597297
1597298
1597299
1599420
1599421
1599422
1599423
1599424
1599425
1599426
1599427
1599428
1599429
1599740
1599741
1599742
1599743
1599744
1599745
1599746
1599747
1599748
1599749
1452700
1452701
1452702
1452703
1452704
1452705
1452706
1452707
1452708
1453703
1453704
1453705
1453706
1453707
1453708
1453709
1453710
1453711
1453712
1453713
1453714
1453715
1453716
1453717
1453718
1453719
1453720
1453721
1453722
1453723
1453724
1453725
1453726
1453727
1453728
1453729
1454481
1454482
1454483
1454484
1454488
1454494
1454495
1454496
1454497
1454498
1454499
1454850
1454851
1454852
1454853
1454854
1454855
1454856
1454857
1454858
1454859
1457110
1457111
1457112
1457113
1457119
1458640
1458641
1458642
1458643
1458644
1458645
1458646
1458647
1458648
1458649
1459720
1459721
1459722
1459723
1459724
1459725
1459726
1459727
1459728
1459729
1350710
1350711
1350712
1350713
1350714
1350715
1350716
1350717
1350718
1350719
1350722
1351710
1351711
1351712
1351719
1351720
1351721
1351722
1351723
1351724
1351725
1351726
1351727
1351728
1351729
1354500
1354501
1354502
1354503
1354504
1354505
1354506
1354507
1354508
1354509
1354510
1354511
1354512
1354513
1354514
1354515
1354516
1354517
1354518
1354519
1354520
1354521
1354522
1354523
1354524
1354525
1354526
1354527
1354528
1354529
1354534
1354535
1354536
1354537
1354538
1354539
1354586
1354587
1354588
1354589
1354590
1354591
1354593
1354594
1354595
1354596
1354597
1354598
1354599
1355400
1355401
1355402
1355403
1355404
1355405
1355406
1355407
1355408
1355409
1355410
1355411
1355412
1355413
1355414
1355415
1355416
1355417
1355418
1355419
1355420
1355421
1355422
1355423
1355424
1355425
1355426
1355427
1355428
1355429
1355430
1355431
1355432
1355433
1355434
1355435
1355436
1355437
1355438
1355439
1355440
1355441
1355442
1355443
1355444
1355445
1355446
1355447
1355448
1355449
1355450
1355451
1355452
1355453
1355454
1355462
1355463
1355464
1355465
1355466
1355467
1355468
1355469
1358130
1358131
1359390
1359391
1359392
1359393
1359394
1359395
1359396
1359397
1359398
1359399
1359741
1359742
1359743
1359744
1359745
1700132
1700270
1700271
1700272
1700273
1700274
1700275
1700276
1700277
1700278
1700279
1700341
1700710
1700711
1700712
1700713
1700714
1700715
1700746
1700747
1700748
1700749
1701527
1701528
1701529
1701530
1701531
1701532
1701533
1701534
1701535
1701536
1701537
1701538
1701539
1701540
1701541
1702700
1702701
1702702
1702703
1702704
1702705
1702706
1702707
1702708
1702709
1702710
1702711
1702712
1702713
1702714
1702715
1703696
1703697
1703698
1703699
1703700
1703701
1703702
1703703
1703704
1703705
1703706
1703707
1703708
1703709
1703710
1703711
1703712
1704794
1704795
1704796
1704797
1704798
1704799
1705013
1705089
1705127
1705159
1705206
1705249
1705261
1705316
1705317
1705343
1705381
1705527
1705621
1705657
1705658
1705762
1706743
1706744
1706745
1706746
1706747
1706748
1706749
1706750
1706751
1706752
1706753
1706754
1706755
1706756
1706757
1706758
1706759
1706760
1706761
1706762
1706763
1706764
1706765
1706766
1706767
1706768
1706769
1707270
1707271
1707272
1707273
1707274
1707275
1707276
1707277
1707278
1707279
1708267
1708268
1708269
1708270
1708271
1708272
1708273
1708274
1708275
1708276
1708277
1708278
1708279
1708710
1708711
1708712
1708713
1708714
1708715
1708716
1708717
1708718
1708719
1709260
1709261
1709262
1709263
1709264
1709265
1709266
1709267
1709268
1709269
1709270
1709271
1709272
1709273
1709274
1709275
1709276
1709277
1709278
1709279
1320710
1320711
1320712
1320713
1320714
1320715
1320716
1320717
1320718
1320719
1321270
1321271
1321272
1321273
1321274
1321275
1321276
1321277
1321278
1321279
1323553
1323555
1323710
1323711
1323712
1323713
1323714
1323715
1323716
1323717
1323718
1323719
1324710
1324711
1324712
1324713
1324714
1324715
1324716
1324717
1324718
1324719
1326050
1326051
1326052
1326053
1326054
1326055
1326056
1326057
1326058
1326059
1326060
1326061
1326062
1326063
1326064
1326065
1326066
1326067
1326068
1326069
1326470
1326471
1326472
1326473
1326474
1327703
1327704
1327705
1327706
1327707
1327708
1327709
1327747
1327749
1327767
1327790
1327791
1327792
1327793
1327794
1327795
1327796
1327797
1327798
1327799
1329410
1329411
1329412
1329413
1329414
1329415
1329416
1329417
1329418
1329419
1329650
1329651
1329652
1329653
1329654
1329655
1329656
1329657
1329658
1329659
1329660
1329661
1329662
1329663
1329664
1329665
1329666
1329667
1329668
1329669
1329700
1329701
1329702
1329703
1329704
1329705
1329706
1329707
1329708
1329709
1329720
1329790
1329791
1329792
1329793
1329794
1329795
1329796
1329797
1329798
1329799
1910710
1910711
1910712
1910713
1910714
1910715
1910716
1910717
1910718
1910719
1914502
1914503
1914506
1914507
1914508
1914509
1917110
1917111
1917112
1917113
1917114
1917115
1917116
1917117
1840270
1840271
1840272
1840273
1840274
1840275
1840276
1840277
1840278
1840279
1840726
1840727
1840728
1840729
1842700
1842701
1842702
1842703
1842704
1842705
1842706
1842707
1842708
1842709
1842720
1842721
1842722
1842723
1842724
1842725
1842726
1842727
1842728
1842729
1842741
1842742
1842743
1842744
1842745
1842746
1842747
1842748
1842749
1842751
1842752
1842753
1842754
1842755
1842756
1842757
1842758
1842761
1842762
1842763
1842764
1842765
1842766
1842767
1842768
1842790
1842791
1842792
1842793
1842794
1842795
1842796
1842797
1842798
1842799
1847147
1847148
1847149
1847155
1847156
1847157
1847167
1847168
1847169
1847173
1847174
1847175
1847176
1847177
1847178
1847190
1847191
1847192
1847193
1847194
1847195
1847196
1847197
1847198
1847199
1847200
1847201
1847202
1847203
1847204
1847205
1847206
1847207
1847208
1847209
1849390
1849391
1849392
1849393
1849394
1849395
1849396
1849397
1849398
1849399
1849550
1849551
1849552
1849553
1849554
1849555
1849556
1849557
1849558
1849559
1849560
1849561
1849562
1849563
1849564
1849565
1849566
1849567
1849568
1849569
1849570
1849571
1849572
1849573
1849574
1849575
1849576
1849577
1849578
1849579
1849580
1849581
1849582
1849583
1849584
1849585
1849586
1849587
1849588
1849589
1571710
1571711
1571712
1571713
1571714
1571715
1571716
1571717
1571718
1571719
1571722
1572700
1572701
1572702
1572703
1572704
1572705
1572706
1572707
1572728
1577101
1577102
1577103
1577104
1579668
1579700
1579701
1579702
1579703
1579704
1579705
1579706
1579707
1579708
1579729
1579733
1579739
1579744
1579745
1579746
1980720
1980721
1980723
1980725
1980726
1980727
1980728
1981372
1984164
1987100
1987101
1987102
1987104
1987108
1987144
1987150
1987151
1987152
1987153
1987154
1987155
1987156
1987157
1987158
1987227
1987228
1987229
1987230
1988834
1988840
1988841
1988842
1988844
1650005
1650006
1650007
1650560
1650708
1650709
1651027
1651140
1651153
1651165
1651352
1651725
1651727
1652070
1652127
1652277
1653270
1653510
1653902
1655027
1655265
1655267
1655268
1655269
1655604
1655607
1656273
1656274
1657699
1520270
1520271
1520272
1520273
1520274
1520275
1520276
1520277
1520278
1520279
1520710
1520711
1520712
1520713
1520714
1520715
1520716
1520717
1520718
1520719
1520722
1527113
1527114
1527115
1527116
1527117
1527118
1527120
1527121
1527122
1527123
1527180
1527181
1527182
1527183
1527184
1527185
1527186
1527187
1527188
1527189
1527190
1527191
1527192
1527193
1527194
1810070
1810071
1810072
1810721
1810723
1810725
1810726
1810727
1810728
1810729
1810860
1810861
1810862
1810863
1810864
1810865
1810866
1810867
1812020
1812021
1812022
1812023
1812024
1812025
1812039
1812040
1812041
1812042
1812043
1812044
1812054
1812055
1812056
1812057
1812058
1812059
1814050
1814051
1814052
1814053
1814054
1814055
1814056
1814057
1814058
1814059
1814065
1814066
1814067
1814068
1814069
1815430
1815431
1815432
1815433
1815437
1815440
1815441
1815442
1815443
1816230
1816231
1816232
1816233
1816234
1816235
1816241
1816242
1816243
1816250
1816251
1816252
1816253
1816254
1816255
1816256
1816257
1816258
1816259
1816260
1816261
1816262
1816263
1816264
1816265
1816266
1816267
1816268
1816269
1816270
1816271
1816272
1816273
1816274
1816275
1816276
1816277
1816278
1816279
1816308
1816330
1816331
1816332
1816333
1816334
1816335
1816336
1816337
1816338
1816339
1816350
1816351
1816352
1816353
1816354
1816355
1816400
1816401
1816402
1816403
1816404
1816405
1816406
1816407
1816408
1816409
1816410
1816411
1816420
1816421
1816422
1816423
1816424
1816425
1816426
1816427
1816428
1816429
1817100
1817101
1817102
1817103
1817104
1817105
1817106
1817107
1817108
1817109
1817110
1817111
1817112
1817113
1817114
1817115
1817116
1817117
1817118
1817119
1817120
1817121
1817122
1817123
1817124
1817125
1817126
1817127
1817128
1817129
1817130
1817131
1817132
1817133
1817134
1817135
1817136
1817137
1817138
1817139
1817140
1817141
1817142
1817143
1817144
1817145
1817146
1817147
1817148
1817149
1817150
1817151
1817195
1817196
1818605
1818606
1818607
1818608
1818609
1818610
1818611
1818612
1818613
1818614
1818615
1818616
1818617
1818618
1818619
1818620
1818621
1818622
1818623
1818624
1818640
1818641
1818642
1818643
1818644
1818645
1818646
1818647
1818648
1818649
1818650
1818651
1818660
1818661
1818662
1818663
1818664
1818665
1818666
1818667
1818668
1818669
1818670
1818671
1818672
1818673
1818690
1818691
1818692
1818693
1750270
1750271
1750272
1750273
1750274
1750275
1750276
1750710
1750711
1750712
1750713
1750714
1750715
1750716
1750717
1750718
1750719
1750722
1750862
1750863
1750864
1750865
1880270
1880271
1880272
1880273
1880274
1880275
1880276
1880277
1880278
1880279
1880710
1880711
1880712
1880713
1880714
1880715
1880716
1880717
1880718
1880719
1880722
1880862
1880863
1880864
1880865
1882700
1882701
1882702
1882703
1882704
1882705
1882706
1882707
1882708
1882709
1882733
1882734
1882735
1882736
1882737
1882738
1882739
1882740
1882741
1882742
1882743
1882744
1882760
1882761
1882762
1882763
1882764
1882765
1882766
1882767
1887115
1887116
1887117
1887118
1887119
1887137
1887138
1887139
1887142
1887143
1887144
1887145
1887146
1887147
1887148
1887149
1887154
1887157
1887158
1887185
1887186
1887187
1887188
1887220
1887221
1887222
1887223
1887224
1887225
1887226
1887227
1887228
1887232
1887233
1887234
1887235
1887247
1887248
1887260
1887261
1887263
1370710
1370711
1370712
1370713
1370714
1370715
1370716
1370717
1370718
1370719
1370722
1372010
1372011
1372012
1372013
1372014
1372015
1372016
1372017
1372018
1372019
1372020
1372021
1372022
1372023
1372024
1372025
1372026
1372027
1372028
1372029
1372030
1372031
1372032
1372033
1372034
1372035
1372036
1372037
1372038
1372039
1373340
1374071
1374072
1378991
1379700
1379701
1379702
1379703
1379704
1379705
1379706
1379707
1379708
1379709
1470270
1470271
1470272
1470273
1470274
1470275
1470276
1470277
1470278
1470279
1470710
1470711
1470712
1470713
1470714
1470715
1470716
1470722
1476558
1476559
1476560
1476561
1476563
1476564
1476688
1476689
1476695
1476696
1476697
1476698
1476699
1477160
1477161
1477162
1477163
1477164
1477165
1477166
1477167
1477168
1477169
1477185
1340710
1340711
1340712
1340713
1340714
1340715
1340716
1340717
1340718
1340719
1340720
1340721
1340722
1340723
1340724
1340725
1340726
1340727
1340728
1340729
1341950
1341951
1341952
1341953
1341954
1341955
1341956
1341957
1341958
1341959
1341960
1341961
1341962
1341963
1341964
1341965
1341966
1341967
1341968
1341969
1342980
1342981
1342982
1342983
1342984
1342985
1342986
1342987
1342988
1342989
1342998
1343710
1343711
1343712
1343713
1343714
1343715
1343716
1343717
1343718
1343719
1343725
1343726
1343727
1343728
1343729
1344071
1345112
1345113
1345114
1345115
1346970
1346995
1346996
1346997
1346998
1346999
1347600
1347601
1347602
1347603
1347604
1347605
1347606
1347607
1347608
1347609
1347610
1347611
1347612
1347613
1347614
1347615
1347616
1347617
1347618
1347619
1347620
1347621
1347622
1347623
1347624
1347625
1347626
1347627
1347628
1347629
1347679
1347680
1347681
1347682
1347683
1347684
1347685
1347686
1347700
1347701
1347702
1347703
1347704
1347705
1347706
1347707
1347708
1347709
1347740
1347741
1347742
1347743
1347744
1347745
1347746
1347747
1347748
1347749
1347750
1347751
1347752
1347753
1348707
1348708
1348709
1760270
1760271
1760272
1760273
1760274
1760275
1760276
1760277
1760278
1760279
1760710
1760711
1760712
1760713
1760714
1760715
1760716
1760717
1760718
1760719
1761260
1761261
1761262
1761263
1761264
1761265
1761266
1761267
1761268
1761269
1761270
1761271
1761272
1761273
1761274
1761275
1761276
1761277
1761278
1761279
1767101
1767102
1767142
1767143
1767144
1767145
1767146
1767147
1767148
1767149
1767150
1767152
1767154
1767159
1767160
1767161
1767162
1767163
1767164
1767165
1767166
1767167
1767168
1767169
1767170
1767171
1767172
1767173
1767174
1767175
1767176
1767177
1767178
1767179
1580270
1580271
1580272
1580273
1580274
1580275
1580276
1580277
1580278
1580279
1580710
1580711
1580712
1580713
1580714
1580715
1580716
1580717
1580718
1580719
1580722
1582688
1582689
1582691
1582692
1582693
1582700
1582701
1582702
1582703
1582704
1582705
1582706
1582707
1582708
1582709
1582710
1582711
1582712
1582713
1582714
1582715
1582716
1582717
1582718
1582719
1582720
1582721
1582722
1582723
1582724
1582725
1582726
1582727
1582728
1582729
1582730
1582731
1582732
1582733
1582734
1582735
1582736
1582737
1582738
1582739
1582740
1582741
1582742
1582743
1582744
1582745
1582746
1582747
1582748
1582749
1582750
1582751
1582752
1582753
1582754
1582755
1582756
1582757
1582758
1582759
1582760
1582761
1582762
1582763
1582764
1582765
1582766
1582767
1582768
1582769
1582794
1582795
1582796
1582797
1582798
1582799
1587135
1587136
1587137
1587138
1587139
1587140
1587141
1587142
1587143
1587144
1587145
1587146
1587147
1587148
1587149
1587168
1587169
1587170
1587171
1587172
1587173
1587174
1587175
1587176
1587177
1587178
1587179
1587180
1587181
1587182
1587183
1587185
1587186
1587187
1587188
1587189
1587190
1587191
1587192
1587193
1587235
1587236
1587237
1587238
1587239
1587240
1587241
1587242
1587243
1820270
1820271
1820272
1820273
1820274
1820275
1820276
1820277
1820278
1820279
1820710
1820711
1820712
1820713
1820714
1820715
1820716
1820717
1820718
1820719
1820722
1827139
1827140
1827141
1827142
1827143
1827144
1827145
1827146
1827147
1827148
1827149
1827150
1827170
1827180
1827181
1827182
1827183
1827184
1827185
1827186
1827187
1827188
1827189
1827190
1827191
1827192
1827193
1827194
1827195
1827196
1827197
1827198
1827199
1827200
1827201
1827202
1827248
1827249
1510270
1510271
1510272
1510273
1510274
1510275
1510276
1510277
1510278
1510279
1510710
1510711
1510712
1510713
1510714
1510715
1510716
1510717
1510718
1510719
1510722
1517141
1517142
1517143
1517144
1517145
1517146
1517147
1517148
1517149
1517150
1517151
1517152
1517153
1517154
1517155
1517156
1517157
1517231
1517232
1517233
1517234
1517235
1517236
1517237
1517238
1517239
1517240
1517241
1517242
1517243
1517244
1517245
1517246
1517247
1517248
1517249
1517250
1517251
1517252
1517253
1517254
1660270
1660271
1660272
1660273
1660274
1660275
1660276
1660277
1660278
1660279
1660710
1660711
1660712
1660713
1660714
1660715
1660716
1660717
1660718
1660719
1660866
1667106
1667225
1667226
1667227
1667228
1667229
1667230
1667231
1667232
1667233
1667234
1667235
1667236
1667237
1667238
1667239
1667240
1667241
1667242
1667243
1667244
1667245
1667246
1667247
1667248
1667249
1380026
1380027
1380074
1380710
1380711
1380712
1380713
1380714
1380715
1380716
1380717
1380718
1380719
1380722
1380860
1380861
1380862
1380863
1380864
1380865
1380866
1380867
1380868
1380869
1387100
1387101
1387102
1387103
1387104
1387105
1387106
1387107
1387108
1387109
1387110
1387111
1387112
1387113
1387114
1387115
1387116
1387117
1387118
1387119
1387120
1387121
1387122
1387123
1387124
1387125
1387126
1387127
1387128
1387129
1387130
1387131
1387132
1387133
1387134
1387135
1387136
1387137
1387138
1387139
1387140
1387141
1387142
1387143
1387144
1387145
1387146
1387147
1387148
1387149
1387150
1387151
1387152
1387153
1387154
1387155
1387156
1387157
1387158
1387159
1387295
1387296
1387297
1387298
1387299
1388600
1388601
1388602
1388603
1388604
1388605
1388606
1388607
1388608
1388609
1388610
1388611
1388612
1388613
1388614
1388615
1388616
1388617
1388618
1388619
1388695
1388696
1388697
1388698
1388699
1870270
1870271
1870272
1870273
1870274
1870275
1870276
1870277
1870278
1870279
1870710
1870711
1870712
1870713
1870714
1870715
1870716
1870717
1870718
1870719
1870722
1871710
1871711
1871712
1871713
1871714
1871715
1871716
1871717
1871718
1871719
1872730
1872731
1872732
1872733
1872734
1872735
1872736
1872737
1877100
1877101
1877102
1877103
1877104
1877105
1877106
1877107
1877108
1877109
1877110
1877111
1877112
1877113
1877114
1877115
1877116
1877117
1877118
1877192
1877193
1877194
1877195
1877196
1877197
1877198
1877199
1310060
1310061
1310062
1310063
1310064
1310065
1310066
1310067
1310068
1310069
1310070
1310071
1310072
1310073
1311432
1311434
1311435
1311436
1311437
1311438
1311439
1311725
1312500
1312501
1312502
1312503
1312504
1312505
1312506
1312507
1312508
1312509
1312510
1312511
1312512
1312513
1312514
1312515
1312516
1312517
1312518
1312519
1312990
1312991
1312992
1312993
1312994
1312995
1312996
1312997
1312998
1312999
1313565
1313566
1313567
1313568
1313569
1314710
1314711
1314712
1314713
1314714
1314715
1314716
1314717
1314718
1314719
1316320
1316321
1316322
1316323
1316324
1316325
1316326
1316327
1316328
1316329
1316330
1316331
1316332
1316333
1316334
1316335
1316336
1316337
1316338
1316339
1316410
1316411
1316412
1316413
1316414
1316415
1316416
1316417
1316418
1316419
1316460
1316461
1316462
1316463
1316464
1316465
1316466
1316467
1316468
1316469
1730270
1730271
1730272
1730273
1730274
1730275
1730276
1730277
1730278
1730279
1730710
1730711
1730712
1730713
1730714
1730715
1730716
1730717
1730718
1730719
1730723
1730727
1730728
1730729
1732050
1732051
1732052
1732053
1732054
1732055
1732056
1734050
1734051
1734052
1734053
1734054
1734055
1734056
1734057
1734320
1734321
1734322
1734323
1734324
1734325
1734326
1734327
1734328
1734329
1734330
1734331
1734332
1734333
1734334
1734335
1734336
1734337
1734338
1734339
1735430
1735431
1735432
1735433
1735434
1735435
1735436
1735437
1735438
1735439
1735440
1735441
1735442
1735443
1736230
1736231
1736245
1736290
1736291
1736292
1736293
1736294
1736295
1736296
1736297
1736298
1736299
1736330
1736331
1736332
1736333
1736334
1736400
1736401
1736402
1736403
1736404
1736405
1736406
1736407
1736408
1736409
1737106
1737107
1737108
1737109
1737113
1737114
1737124
1737125
1737126
1737127
1737128
1737129
1737142
1737143
1737144
1737145
1737148
1737149
1737173
1737196
1737197
1737198
1737199
1738600
1738601
1738602
1738603
1738604
1738605
1738606
1738607
1738608
1738609
1738610
1738611
1738612
1738613
1738614
1738615
1738616
1738617
1738618
1739610
1739611
1739612
1739613
1739614
1739615
1739616
1739617
1739998
