1821400
1821401
1821402
1821403
1821404
1821405
1821406
1821407
1821408
1821409
1828790
1828791
1828792
1828793
1828794
1828795
1828796
1828797
1828798
1828799
1512550
1512551
1512552
1512553
1512554
1512555
1512556
1512557
1512558
1512559
1512560
1512561
1512562
1512563
1512564
1512565
1512566
1512567
1512568
1512569
1515480
1515481
1515482
1515483
1515484
1515485
1515486
1515487
1515488
1515489
1519830
1519831
1760879
1768709
1589189
1589194
1589195
1589196
1589197
1589198
1589199
1589446
1589447
1589448
1589449
1346617
1346618
1346619
1730879
1738792
1738795
1738796
1738797
1738798
1310859
1310879
1311415
1311879
1315079
1317074
1318790
1318791
1318792
1318793
1870879
1870884
1870885
1872487
1872488
1872489
1660879
1388794
1388795
1388796
1388797
1388798
1388799
1980879
1980884
1840879
1846941
1846942
1846943
1846999
1848774
1848775
1848776
1848777
1848778
1848779
1570879
1575026
1575027
1575028
1575029
1575030
1575031
1575820
1575821
1575822
1575823
1575824
1575825
1575826
1575827
1575828
1575829
1575834
1575835
1575836
1575837
1575838
1575839
1320879
1321198
1321199
1323879
1910879
1914306
1914309
1914319
1918790
1918791
1918792
1918793
1918794
1918795
1918796
1918797
1918798
1918799
1918845
1708426
1708427
1708428
1470879
1473672
1473673
1476935
1476936
1476937
1476938
1476939
1478725
1478726
1478727
1478728
1478729
1478790
1478791
1478792
1478793
1478794
1478795
1478796
1478797
1478798
1478799
1375900
1375901
1375902
1375903
1375904
1376907
1376908
1376909
1376990
1376991
1376992
1376993
1376994
1376995
1376996
1376997
1376998
1376999
1880879
1881230
1881231
1881232
1881233
1888790
1888791
1888792
1888793
1888794
1888795
1888796
1888797
1889640
1889641
1889642
1889643
1889644
1889645
1889646
1889647
1889648
1889649
1750879
1520879
1528766
1528767
1528768
1528769
1810879
1816463
1816464
1818379
1818390
1818391
1818392
1818394
1818790
1818791
1818792
1818794
1818795
1818796
1818797
1818798
1818799
1673908
1673909
1390879
1398709
1398790
1398791
1398792
1398793
1398794
1398795
1398796
1398797
1398798
1398799
1550879
1860879
1868792
1868793
1868794
1303331
1308531
1308532
1309537
1309965
1309966
1350879
1357790
1357791
1357792
1357793
1357794
1357795
1357796
1357797
1357798
1357799
1357817
1357818
1357819
1452894
1454642
1459419
1459420
1459421
1459422
1770879
1778737
1778739
1778746
1778749
1778792
1778793
1778799
1590699
1590879
1591126
1591127
1591128
1591129
1591295
1591296
1591297
1591298
1591299
1592524
1592525
1592526
1592527
1592528
1592529
1592539
1598796
1598797
1598798
1598799
1830879
1831325
1831326
1831327
1831328
1831329
1831337
1831338
1831339
1831420
1831421
1831422
1831423
1838770
1838771
1838772
1838773
1838774
1838775
1838790
1838791
1838792
1838793
1838794
1838795
1838796
1838797
1838798
1838799
1500870
1500871
1500872
1500873
1500874
1500875
1500876
1500880
1500881
1508790
1508791
1508792
1508793
1508794
1508795
1508796
1508797
1508798
1508799
1530879
1533165
1533166
1533446
1534879
1536857
1536858
1536859
1536879
1538878
1538879
1539138
1539139
1539494
1539495
1539496
1539866
1539879
1800879
1808277
1808279
1808299
1808388
1808772
1808773
1808790
1808791
1808797
1808798
1808799
1808894
1890879
1898790
1898791
1898792
1898793
1898794
1898839
1360879
1361879
1361949
1362879
1364879
1364969
1365879
1713879
1715879
1716879
1717478
1717879
1718694
1719801
1719802
1719879
1330879
1331277
1332047
1332499
1333047
1333477
1336879
1337879
1338879
1339879
1780879
1786904
1786905
1786906
1786907
1786995
1850879
1858717
1560879
1568796
1568797
1568798
1568799
1569468
1990879
1991279
1991281
1991284
1991289
1991298
1994879
1994889
1994894
1998790
1998791
1998792
1998793
1998794
1998797
1998798
1998799
1998994
1999589
1999599
