1890311
1890321
1890331
1890339
1893110
1893111
1893112
1893113
1893114
1893115
1893116
1893117
1893118
1893119
1893136
1893137
1893184
1893185
1893186
1893187
1893188
1893189
1893197
1893198
1893199
1893253
1893272
1893274
1893290
1893291
1893292
1893293
1893294
1894261
1894262
1894263
1894264
1894265
1950311
1950321
1950331
1951111
1954201
1954211
1954231
1954390
1954391
1954392
1954393
1954394
1954396
1954397
1954398
1956361
1956362
1956363
1956364
1956365
1956366
1956367
1956368
1956369
1956791
1956792
1956793
1956794
1956795
1956796
1956797
1956798
1956841
1360311
1360321
1360331
1360339
1361311
1361321
1361328
1361330
1361331
1362311
1362321
1362330
1362331
1363081
1363082
1363083
1363311
1363321
1363331
1364311
1364321
1364330
1364331
1364338
1365311
1365321
1365331
1365338
1366311
1366321
1367311
1367313
1367316
1367318
1367321
1367323
1530311
1530321
1530323
1530329
1530331
1533101
1533311
1533321
1533323
1533329
1533331
1534311
1535053
1535054
1535055
1535056
1535057
1535058
1535059
1535401
1535411
1535421
1535431
1535438
1535441
1535444
1535448
1535449
1536911
1536912
1536913
1536914
1536915
1536916
1536917
1536918
1536919
1536920
1536935
1536936
1536937
1536938
1536939
1536940
1536941
1537300
1537301
1537302
1537303
1537304
1537305
1537306
1537307
1537308
1537309
1537311
1537341
1537342
1537343
1537344
1537345
1537363
1537364
1537365
1537366
1537367
1537368
1537369
1537380
1537381
1537382
1537383
1537384
1537385
1537386
1537387
1537388
1537389
1537390
1537391
1537392
1537393
1537394
1537395
1537396
1537397
1537398
1537399
1538300
1538301
1538304
1538311
1538321
1538323
1538324
1538329
1538331
1538333
1538334
1538339
1538371
1538373
1538374
1538379
1538381
1538383
1538389
1538390
1538391
1538393
1538399
1800031
1800041
1800060
1800061
1800065
1800311
1800321
1800331
1803110
1803111
1803112
1803113
1803114
1803115
1803116
1803117
1803118
1803119
1803126
1803134
1803136
1803144
1803146
1803182
1803183
1803184
1803185
1803186
1803191
1803192
1803193
1803194
1803200
1803201
1803202
1803203
1803204
1803205
1803206
1803207
1803208
1803209
1803210
1803211
1803212
1803213
1803214
1803215
1803216
1803217
1803218
1803219
1803220
1803221
1803222
1803223
1803224
1803225
1803226
1803227
1803228
1803229
1803240
1803241
1803242
1803243
1803244
1803245
1803246
1803247
1803248
1803249
1803265
1803266
1803267
1803268
1803269
1803275
1803276
1803277
1803278
1803279
1803280
1803281
1803282
1803283
1803284
1803285
1803286
1803287
1803288
1803289
1803290
1803291
1803292
1803293
1803294
1803370
1803371
1803372
1803373
1803374
1803375
1803376
1803377
1803378
1803379
1803380
1803381
1803382
1803383
1803384
1803385
1803386
1803387
1803388
1803389
1803401
1803404
1803411
1803414
1803421
1803424
1803450
1803451
1803452
1803453
1803454
1803455
1803456
1803457
1803458
1803459
1850311
1850320
1850321
1850322
1850323
1850324
1850325
1850326
1850327
1850328
1850329
1853110
1853111
1853112
1853113
1853114
1853115
1853116
1853117
1853118
1853119
1853210
1853211
1853212
1853213
1853214
1853215
1853216
1853217
1853218
1853219
1853307
1853308
1853309
1853310
1853311
1853312
1853313
1853314
1853315
1853316
1853317
1853318
1853319
1853320
1853321
1853322
1853323
1853324
1853325
1853326
1853327
1853328
1853329
1853330
1853331
1853332
1853333
1853334
1853335
1853336
1853337
1853338
1853339
1780031
1780301
1780311
1780321
1780331
1783110
1783111
1783112
1783113
1783114
1783121
1783131
1783141
1783151
1783154
1783201
1783211
1783221
1783231
1783241
1783251
1783261
1783271
1783281
1788651
1788871
1789740
1789741
1789742
1789743
1560311
1561210
1561211
1561212
1561213
1561214
1561215
1561216
1561217
1561218
1561219
1561310
1561311
1561312
1561313
1561314
1561315
1561316
1561317
1561318
1561319
1561330
1561331
1561332
1561333
1561334
1561335
1561336
1561337
1561338
1561339
1561410
1561411
1561412
1561413
1561414
1561415
1561416
1561417
1561418
1561419
1561430
1561431
1561432
1561433
1561434
1561435
1561436
1561437
1561438
1561439
1563010
1563011
1563012
1563013
1563014
1563015
1563016
1563017
1563018
1563019
1563040
1563041
1563042
1563043
1563044
1563045
1563046
1563047
1563048
1563049
1563110
1563111
1563112
1563113
1563114
1563115
1563116
1563117
1563118
1563119
1563210
1563211
1563212
1563213
1563214
1563215
1563216
1563217
1563218
1563219
1563230
1563231
1563232
1563233
1563234
1563235
1563236
1563237
1563238
1563239
1563300
1563301
1563302
1563303
1563304
1563305
1563306
1563307
1563308
1563309
1563311
1563351
1563353
1563355
1563356
1563357
1563358
1563359
1563366
1563367
1563368
1563369
1563380
1563381
1563382
1563383
1563384
1563385
1563386
1563387
1563388
1563389
1569011
1569030
1569031
1569032
1569033
1569034
1569035
1569036
1569041
1569486
1569487
1569488
1569489
1990311
1990321
1990331
1990339
1993040
1993041
1993050
1993051
1993052
1993053
1993054
1993055
1993056
1993057
1993058
1993059
1993060
1993061
1993062
1993063
1993064
1993065
1993066
1993067
1993068
1993069
1993070
1993071
1993072
1993073
1993074
1993075
1993076
1993077
1993078
1993079
1993110
1993111
1993112
1993113
1993114
1993115
1993116
1993117
1993118
1993119
1993210
1993211
1993212
1993213
1993214
1993215
1993216
1993217
1993218
1993219
1993241
1993275
1993276
1993277
1993278
1993279
1993285
1993286
1993287
1993288
1993289
1993300
1993301
1993302
1993303
1993304
1993305
1993306
1993307
1993308
1993309
1993310
1993311
1993312
1993313
1993314
1993315
1993316
1993317
1994340
1994341
1994342
1994343
1994344
1994345
1994346
1994347
1994348
1994349
1994800
1994801
1994802
1994803
1994804
1994805
1994806
1994807
1994810
1994811
1994812
1994813
1994814
1994815
1994816
1994817
1994818
1994819
1994841
1710266
1712111
1712173
1712174
1712175
1712176
1712177
1712178
1712179
1712180
1712181
1712182
1712183
1712184
1712185
1712186
1712187
1712188
1712189
1712190
1712191
1712192
1712193
1712194
1712195
1712196
1713131
1713300
1713311
1713322
1715300
1715301
1715302
1715303
1715305
1715306
1715307
1715308
1715309
1715311
1715316
1715318
1715320
1715321
1715322
1715323
1715325
1716311
1716324
1716420
1716421
1716422
1716423
1716424
1716425
1716426
1716427
1716428
1716429
1717124
1717304
1717308
1717309
1717311
1717314
1717316
1717318
1717320
1717321
1717322
1717323
1717324
1717325
1717326
1717327
1717328
1717329
1718311
1718313
1718316
1718318
1718319
1718320
1718321
1718322
1718323
1718325
1718326
1718327
1718328
1718329
1718422
1718423
1718424
1718425
1718426
1718427
1718428
1718429
1719300
1719301
1719302
1719303
1719305
1719311
1719318
1719323
1330301
1330303
1330304
1330311
1330321
1330323
1330329
1330331
1331301
1331303
1331304
1331311
1331321
1331331
1331510
1331511
1331512
1331513
1331514
1331515
1331516
1331517
1331518
1331519
1331545
1331546
1331547
1331548
1331549
1331595
1331596
1331597
1331598
1331599
1332301
1332304
1332311
1332321
1333134
1333135
1333136
1333137
1333138
1333139
1333301
1333304
1333311
1333321
1333337
1333338
1334301
1334303
1334304
1334311
1334321
1334323
1334324
1334331
1336311
1336380
1336381
1336382
1336383
1336384
1336385
1336386
1336387
1336388
1336389
1337301
1337304
1337311
1337321
1337331
1337334
1337341
1337351
1338301
1338303
1338304
1338311
1338321
1338323
1338329
1338331
1338361
1339301
1339303
1339304
1339311
1339321
1339323
1339331
1339861
1900311
1900324
1900334
1903081
1903111
1903131
1903141
1903164
1903195
1903304
1903321
1903324
1903331
1904193
1906099
1906141
1906148
1908019
1930311
1930321
1930333
1930338
1931254
1931491
1932219
1932221
1933111
1933115
1933119
1933133
1933134
1933135
1933136
1933137
1933313
1933340
1933371
1933372
1933373
1935816
1935817
1300149
1300180
1300188
1300189
1301018
1301155
1301156
1301157
1301158
1301159
1301214
1301215
1301216
1301323
1301433
1301434
1301435
1301436
1301437
1301438
1301439
1302084
1302085
1302086
1302149
1302180
1302188
1302189
1302860
1302861
1302862
1302863
1302864
1302865
1302866
1302867
1302868
1302869
1303144
1303260
1303261
1303262
1303263
1303264
1303265
1303266
1303267
1303268
1303269
1303588
1304311
1304878
1304879
1306875
1306876
1306877
1306879
1307310
1307311
1307312
1307313
1307314
1307315
1307316
1307317
1307318
1307319
1308041
1308046
1308100
1308101
1308102
1308103
1308104
1308105
1308106
1308107
1308108
1308109
1308110
1308111
1308112
1309100
1309101
1309102
1309103
1309109
1726878
1671311
1671330
1671331
1671332
1671333
1671334
1671336
1671337
1671338
1671339
1671495
1671496
1671497
1671498
1671499
1671585
1671586
1671587
1671588
1671589
1671600
1671601
1672311
1672330
1672331
1672332
1672333
1672334
1672336
1672337
1672338
1672339
1673311
1673330
1673331
1673332
1673333
1673334
1673336
1673337
1673338
1673339
1674045
1674046
1674047
1674048
1674311
1674330
1674331
1674332
1674333
1674334
1674336
1674337
1674338
1674339
1390311
1390321
1390331
1390339
1393010
1393011
1393012
1393013
1393014
1393015
1393016
1393017
1393018
1393019
1393040
1393041
1393042
1393043
1393044
1393045
1393046
1393047
1393048
1393049
1393110
1393111
1393112
1393113
1393114
1393115
1393116
1393117
1393118
1393119
1393184
1393185
1393186
1393187
1393188
1393189
1393197
1393198
1393199
1393210
1393211
1393212
1393213
1393214
1393215
1393216
1393217
1393218
1393219
1393300
1393301
1393302
1393303
1393304
1393305
1393306
1393307
1393308
1393309
1393310
1393311
1393312
1393313
1393314
1393315
1393316
1393317
1393318
1393319
1393380
1393381
1393382
1393383
1393384
1393385
1393386
1393387
1393388
1550311
1551110
1551111
1551112
1551113
1551114
1551115
1551116
1551117
1551118
1551119
1551130
1551131
1551132
1551133
1551134
1551135
1551136
1551137
1551138
1551139
1551140
1551141
1551142
1551143
1551144
1551145
1551146
1551147
1551148
1551149
1551160
1551161
1551162
1551163
1551164
1551165
1551166
1551167
1551168
1551169
1551180
1551181
1551182
1551183
1551184
1551185
1551186
1551187
1551188
1551189
1551210
1551211
1551212
1551213
1551214
1551215
1551216
1551217
1551218
1551219
1551240
1551241
1551242
1551243
1551244
1551245
1551246
1551247
1553010
1553011
1553012
1553013
1553014
1553015
1553016
1553017
1553018
1553019
1553110
1553111
1553112
1553113
1553114
1553115
1553116
1553117
1553118
1553119
1553210
1553211
1553212
1553213
1553214
1553215
1553216
1553217
1553218
1553219
1553240
1553241
1553242
1553243
1553244
1553245
1553246
1553247
1553248
1553249
1553311
1553336
1553337
1553338
1553339
1553360
1553361
1553362
1553363
1553364
1553365
1553366
1553367
1553368
1553369
1553390
1553391
1553392
1553393
1553394
1553395
1553396
1553397
1553398
1553399
1554450
1554451
1554452
1554453
1554454
1554455
1554456
1554457
1554458
1554459
1555450
1555451
1555454
1555455
1555457
1555459
1860311
1860321
1860326
1860327
1860328
1860329
1860331
1861796
1861797
1861798
1861799
1863010
1863011
1863012
1863013
1863014
1863015
1863016
1863017
1863018
1863019
1863110
1863111
1863112
1863113
1863114
1863115
1863116
1863117
1863118
1863119
1863210
1863211
1863212
1863213
1863214
1863215
1863216
1863217
1863218
1863219
1863300
1863301
1863302
1863303
1863304
1863305
1863306
1863307
1863308
1863309
1863345
1863346
1863347
1863348
1863349
1863380
1863381
1863382
1863383
1863384
1863385
1863386
1863387
1863388
1863389
1863390
1863391
1863392
1863393
1863394
1869422
1869423
1869424
1830311
1833010
1833011
1833012
1833013
1833014
1833015
1833016
1833017
1833018
1833019
1833200
1833201
1833202
1833203
1833204
1833205
1833206
1833207
1833208
1833209
1833210
1833211
1833212
1833213
1833214
1833215
1833216
1833217
1833218
1833219
1833220
1833221
1833222
1833223
1833224
1833225
1833226
1833227
1833228
1833229
1833230
1833231
1833232
1833233
1833234
1833235
1833236
1833237
1833238
1833239
1833240
1833241
1833242
1833243
1833244
1833245
1833246
1833247
1833248
1833249
1833310
1833311
1833312
1833313
1833314
1833315
1833316
1833317
1833318
1833319
1834880
1834881
1834882
1834883
1834884
1834885
1834886
1834887
1834888
1834889
1839560
1839561
1839562
1839563
1839564
1500311
1500321
1500331
1502740
1502741
1502742
1502743
1502744
1502770
1502771
1502772
1502773
1502774
1502775
1502776
1502777
1502778
1502779
1502810
1502811
1502812
1502813
1502814
1502815
1502816
1502817
1502818
1502819
1503010
1503011
1503012
1503013
1503014
1503015
1503016
1503017
1503018
1503019
1503110
1503111
1503112
1503113
1503114
1503115
1503116
1503117
1503118
1503119
1503147
1503148
1503149
1503204
1503205
1503206
1503207
1503208
1503209
1503210
1503211
1503212
1503213
1503214
1503215
1503216
1503217
1503218
1503219
1503234
1503260
1503261
1503262
1503263
1503264
1503265
1503266
1503267
1503268
1503269
1503270
1503271
1503272
1503273
1503274
1503275
1503276
1503277
1503278
1503279
1503280
1503281
1503282
1503283
1503284
1503285
1503286
1503311
1503341
1503342
1503343
1503344
1507510
1507511
1507512
1507513
1507514
1507515
1507516
1507517
1507518
1507519
1507541
1507610
1507611
1507612
1507613
1507614
1507615
1507616
1507617
1507618
1507619
1507630
1507631
1507632
1507633
1507640
1507641
1508110
1508111
1508112
1508113
1508114
1508115
1508116
1508117
1508118
1508119
1508141
1508144
1508180
1508181
1508182
1508183
1508184
1508185
1508186
1508187
1508188
1508189
1509730
1509731
1509732
1509733
1509734
1509735
1509736
1509737
1509738
1509739
1509746
1509747
1509748
1450210
1450211
1450212
1450213
1450214
1450215
1450216
1450217
1450218
1450219
1450220
1450221
1450222
1450223
1450224
1450225
1450247
1450248
1450249
1450250
1450251
1450311
1452110
1452111
1452112
1452113
1452114
1452115
1452116
1452117
1452118
1452119
1452143
1452144
1454121
1454131
1457734
1457735
1457736
1457737
1457738
1457739
1350311
1350320
1350321
1350329
1350331
1350333
1351311
1351321
1351331
1351337
1351338
1358200
1358201
1358202
1358203
1358204
1358210
1358211
1358212
1358213
1358214
1358215
1358216
1358217
1358218
1358219
1358231
1358232
1358233
1358234
1358235
1358236
1358261
1358281
1770009
1770311
1770321
1770331
1771711
1771718
1771778
1773055
1773056
1773110
1773111
1773112
1773113
1773114
1773115
1773116
1773117
1773118
1773119
1773140
1773141
1773142
1773143
1773144
1773210
1773211
1773212
1773213
1773214
1773215
1773216
1773217
1773218
1773219
1773230
1773231
1773280
1773281
1773282
1773283
1773284
1773285
1773286
1773287
1773329
1773380
1773381
1773382
1773383
1773384
1773385
1773386
1773387
1773388
1773389
1773404
1773429
1773440
1773441
1773442
1773453
1773454
1773455
1773456
1773457
1773458
1773459
1773600
1773602
1773603
1773604
1773605
1773606
1773607
1773608
1773609
1773648
1773649
1773690
1773691
1773692
1773693
1773694
1774369
1774376
1774377
1774378
1774379
1774380
1774381
1774382
1774383
1774384
1774385
1774386
1774387
1774388
1774389
1774390
1774391
1774392
1774574
1774575
1774576
1774577
1774578
1774579
1774981
1774982
1775299
1776900
1776901
1776902
1776903
1776904
1777820
1777821
1777822
1777823
1777824
1777825
1777826
1777827
1777828
1777829
1777880
1777881
1777889
1778821
1779690
1779691
1779800
1779801
1779802
1779803
1779804
1779805
1779806
1779807
1779808
1779809
1779810
1779811
1779812
1779813
1779814
1779815
1779816
1779817
1779818
1779819
1590311
1590321
1590331
1593010
1593011
1593012
1593013
1593014
1593015
1593016
1593017
1593018
1593019
1593041
1593042
1593081
1593088
1593105
1593106
1593107
1593108
1593109
1593110
1593111
1593112
1593113
1593114
1593115
1593116
1593117
1593118
1593119
1593139
1593141
1593142
1593144
1593167
1593168
1593169
1593201
1593211
1593214
1593221
1593247
1593248
1593249
1593265
1593266
1593267
1593268
1593269
1593301
1593311
1593321
1593331
1593360
1593361
1593362
1593399
1322340
1322341
1322342
1322343
1322344
1322345
1322346
1322347
1322348
1322349
1322635
1322911
1323010
1323011
1323012
1323013
1323014
1323015
1323016
1323017
1323018
1323019
1323040
1323041
1323042
1323043
1323044
1323045
1323046
1323047
1323048
1323049
1323110
1323111
1323112
1323113
1323114
1323115
1323116
1323117
1323118
1323119
1324657
1324933
1324934
1324935
1325042
1325755
1326690
1326691
1326783
1326784
1327310
1327311
1327312
1327313
1327314
1327315
1327316
1327317
1327318
1327319
1327340
1327341
1327342
1327343
1327344
1328440
1328441
1328442
1328443
1328444
1328445
1328446
1328447
1328448
1328449
1328871
1328874
1329041
1329044
1329051
1329056
1329061
1329280
1329281
1329282
1329283
1329284
1329285
1329286
1329287
1329288
1329289
1910311
1910338
1913110
1913111
1913112
1913114
1913115
1913116
1913117
1913118
1913119
1913137
1913139
1913147
1913149
1913185
1913310
1913311
1913312
1913313
1913315
1913317
1913318
1913319
1914330
1914331
1700311
1700325
1700326
1700327
1700328
1700329
1700330
1700331
1700332
1700333
1700334
1700335
1701310
1701311
1701312
1701313
1701314
1701315
1701316
1701317
1701340
1701341
1702276
1702277
1702279
1702310
1702311
1702312
1702313
1702314
1702315
1702316
1702317
1702318
1702319
1702332
1702333
1702334
1702335
1702336
1702337
1702338
1702339
1702368
1702369
1703568
1703569
1703570
1703571
1703572
1703573
1703574
1703575
1703576
1703577
1703578
1703579
1703580
1703581
1703582
1703583
1703584
1703585
1703586
1703587
1704111
1704163
1704164
1704165
1704166
1704167
1704168
1704169
1704170
1704171
1704172
1704173
1704174
1704175
1704176
1704177
1704178
1704179
1704180
1704181
1704182
1704183
1704184
1704185
1704186
1705022
1705085
1705157
1705256
1705399
1705537
1705580
1705627
1705699
1705773
1705809
1705886
1705887
1705889
1706520
1706521
1706522
1706523
1706524
1706525
1706526
1706527
1706528
1706529
1706530
1706531
1706532
1706533
1706534
1706535
1706536
1706537
1706538
1706539
1706540
1706541
1706542
1706543
1707090
1707091
1707092
1707093
1707094
1707095
1707096
1707097
1707098
1707099
1707311
1707318
1707319
1707328
1707329
1707340
1707341
1707342
1707343
1707344
1707345
1708306
1708307
1708308
1708309
1708311
1708336
1708337
1708338
1708339
1709310
1709311
1709312
1709313
1709314
1709315
1709316
1709317
1709318
1709319
1709328
1980301
1980311
1980321
1980322
1980331
1981302
1983110
1983111
1983112
1983113
1983114
1983115
1983116
1983117
1983118
1983119
1983146
1983147
1983210
1983211
1983212
1983213
1983214
1983215
1983216
1983217
1983218
1983219
1983221
1983227
1983231
1983241
1983251
1983261
1983310
1983311
1983312
1983313
1983314
1983315
1984481
1984491
1986881
1989891
1989894
1650143
1650311
1651303
1651511
1651921
1651987
1652004
1652051
1652133
1652137
1652217
1652311
1652820
1653311
1653906
1655945
1656018
1656104
1840301
1840311
1840321
1840331
1843110
1843111
1843112
1843113
1843114
1843115
1843116
1843117
1843118
1843119
1843141
1843148
1843200
1843201
1843202
1843203
1843204
1843205
1843206
1843207
1843208
1843209
1843210
1843211
1843212
1843213
1843214
1843215
1843216
1843217
1843218
1843219
1843231
1843244
1843246
1843248
1843261
1843271
1843281
1843291
1843300
1843301
1843302
1843303
1843304
1843305
1843306
1843307
1843308
1843309
1843310
1843311
1843312
1843313
1843314
1843315
1843316
1843317
1843318
1843319
1843320
1843321
1843322
1843323
1843324
1843325
1843326
1843327
1843328
1843329
1843330
1843331
1843332
1843333
1843334
1843335
1843336
1843337
1843338
1843339
1843340
1843341
1843342
1843343
1843344
1843345
1843346
1843347
1843348
1843349
1843350
1843351
1843352
1843353
1843354
1843355
1843356
1843357
1843358
1843359
1843360
1843361
1843362
1843363
1843364
1843365
1843366
1843367
1843368
1843369
1843370
1843371
1843372
1843373
1843374
1843375
1843376
1843377
1843378
1843379
1843380
1843381
1843382
1843383
1843384
1843385
1843386
1843387
1843388
1843389
1849400
1849401
1849402
1849403
1849404
1849405
1849406
1849407
1849408
1849409
1849410
1849411
1849412
1849413
1849414
1849415
1849416
1849417
1849418
1849419
1849420
1849421
1849422
1849423
1849424
1849425
1849426
1849427
1849428
1849429
1849900
1849901
1849902
1849903
1849904
1849905
1849906
1849907
1849908
1849909
1849910
1849911
1849912
1849913
1849914
1849915
1849916
1849917
1849918
1849919
1849920
1849921
1849922
1849923
1849924
1849925
1849926
1849927
1849928
1849929
1849930
1849931
1849932
1849933
1849934
1849935
1849936
1849937
1849938
1849939
1570311
1570321
1570327
1570328
1571030
1571031
1571032
1571033
1571034
1571035
1571036
1571037
1571038
1571039
1571301
1571311
1571321
1571331
1571691
1571760
1573110
1573111
1573112
1573113
1573114
1573115
1573116
1573117
1573118
1573119
1573210
1573211
1573212
1573213
1573214
1573215
1573216
1573217
1573218
1573219
1573310
1573311
1573312
1573313
1573314
1573315
1573316
1573317
1573318
1573319
1573363
1573364
1573365
1579990
1520000
1520001
1520002
1520003
1520004
1520311
1520321
1520331
1522650
1522651
1522652
1522653
1522654
1522655
1522656
1522657
1522658
1522659
1522710
1522711
1522712
1522713
1522714
1522715
1522716
1522717
1522718
1522719
1522780
1522781
1522782
1522783
1522784
1522785
1522786
1522787
1522788
1523010
1523011
1523012
1523013
1523014
1523015
1523016
1523017
1523018
1523019
1523080
1523081
1523082
1523083
1523084
1523085
1523086
1523110
1523111
1523112
1523113
1523114
1523115
1523116
1523117
1523118
1523119
1523210
1523211
1523212
1523213
1523214
1523215
1523216
1523217
1523218
1523219
1523311
1523321
1523360
1523361
1523362
1523363
1523364
1523365
1528421
1528431
1528432
1810030
1810031
1810311
1810321
1810331
1813110
1813111
1813112
1813113
1813114
1813115
1813116
1813117
1813118
1813119
1813200
1813201
1813202
1813203
1813204
1813205
1813206
1813207
1813208
1813209
1813211
1813216
1813218
1813221
1813228
1813240
1813241
1813242
1813243
1813244
1813245
1813260
1813261
1813262
1813263
1813264
1813265
1813266
1813267
1813268
1813269
1813380
1813381
1813382
1813383
1813384
1813401
1813411
1813417
1813428
1370031
1370311
1370321
1370329
1370331
1370339
1372244
1372245
1372278
1372279
1372284
1372285
1372286
1372287
1372288
1372289
1372298
1372299
1373010
1373011
1373012
1373042
1373107
1373108
1373109
1373110
1373111
1373112
1373113
1373114
1373115
1373116
1373117
1373118
1373119
1373145
1373146
1373321
1373328
1373331
1373970
1373971
1373972
1373973
1373974
1373975
1373976
1373977
1373978
1373979
1374133
1375441
1375451
1378020
1378021
1378030
1378031
1378040
1378041
1378051
1378402
1378403
1378429
1378430
1378431
1378432
1378433
1378434
1378435
1378436
1378437
1378438
1378439
1378440
1378441
1378510
1378511
1378512
1378513
1378514
1378515
1378516
1378517
1378518
1378519
1378520
1378541
1378542
1470311
1470321
1470331
1470338
1473014
1473030
1473031
1473032
1473033
1473034
1473035
1473036
1473037
1473038
1473039
1473040
1473041
1473042
1473043
1473044
1473045
1473046
1473047
1473048
1473049
1473065
1473066
1473067
1473068
1473069
1473110
1473111
1473112
1473113
1475610
1475611
1475612
1475613
1475614
1475641
1476518
1476519
1476520
1476521
1476522
1476523
1476610
1476611
1476612
1476613
1476614
1476615
1476616
1476617
1476618
1476619
1750311
1750320
1750321
1750322
1753110
1753111
1753112
1753113
1753114
1753115
1753116
1753117
1753118
1753119
1753190
1753191
1753192
1753193
1753194
1753210
1753211
1753212
1753213
1753214
1753215
1753216
1753217
1753218
1753219
1753311
1753344
1753345
1753346
1753410
1753411
1753412
1753413
1754910
1754911
1754912
1754913
1754914
1754915
1754916
1754917
1754918
1754919
1755940
1755941
1755942
1755943
1755944
1755945
1755946
1755947
1755948
1755949
1758936
1758937
1759210
1759211
1759212
1759213
1759214
1759215
1759216
1759217
1759218
1759219
1759420
1759421
1759422
1759423
1759424
1759425
1759426
1759427
1759428
1759429
1880301
1880311
1880321
1880331
1881201
1881211
1883010
1883011
1883012
1883013
1883014
1883015
1883016
1883017
1883018
1883019
1883065
1883066
1883067
1883068
1883069
1883110
1883111
1883112
1883113
1883114
1883115
1883116
1883117
1883118
1883119
1883210
1883211
1883212
1883213
1883214
1883215
1883216
1883217
1883218
1883219
1883310
1883311
1883312
1883313
1883314
1883315
1883316
1883317
1883318
1883319
1883391
1883392
1884910
1884911
1884912
1884913
1884914
1884915
1884916
1884917
1884918
1884919
1884941
1760311
1760320
1760321
1760322
1760323
1760324
1760325
1760326
1760327
1760328
1760329
1763110
1763111
1763112
1763113
1763114
1763115
1763116
1763117
1763118
1763119
1763311
1763320
1763321
1763322
1763323
1763324
1763325
1763326
1765981
1765982
1765983
1765984
1765987
1765989
1767960
1767961
1767966
1767969
1769210
1769211
1769212
1769213
1769214
1769215
1769216
1769217
1769218
1769219
1769239
1769240
1769241
1580311
1580321
1580331
1583010
1583011
1583012
1583013
1583014
1583015
1583016
1583017
1583018
1583019
1583041
1583063
1583064
1583065
1583066
1583067
1583068
1583069
1583096
1583097
1583098
1583099
1583110
1583111
1583112
1583113
1583114
1583115
1583116
1583117
1583118
1583119
1583144
1583192
1583193
1583194
1583195
1583196
1583197
1583198
1583199
1583210
1583211
1583212
1583213
1583214
1583215
1583216
1583217
1583218
1583219
1583247
1583248
1583249
1583311
1583321
1583331
1583390
1583391
1583392
1583393
1583394
1583395
1583396
1583397
1583398
1583399
1340011
1340021
1340031
1340041
1340248
1340249
1340311
1340321
1340331
1344162
1345147
1345148
1345149
1346311
1346341
1346380
1346381
1346385
1346386
1346387
1346388
1346389
1346395
1346396
1346397
1346398
1346399
1347204
1347205
1347210
1347211
1347212
1347213
1347214
1347215
1347216
1347217
1347218
1347219
1347311
1347335
1347337
1347338
1347339
1347340
1347341
1347343
1347345
1347348
1347374
1347375
1347376
1347377
1347378
1347379
1347385
1347386
1347387
1347388
1347394
1347395
1347396
1347397
1347398
1347399
1348310
1348311
1348312
1348313
1348314
1348315
1348316
1348317
1348318
1348319
1348342
1348343
1348366
1348367
1348368
1348369
1820311
1820320
1820321
1820322
1820323
1820331
1823001
1823011
1823041
1823110
1823111
1823112
1823113
1823114
1823115
1823116
1823117
1823118
1823119
1823210
1823211
1823212
1823213
1823214
1823215
1823216
1823217
1823218
1823219
1823310
1823311
1823312
1823313
1823314
1823315
1823316
1823317
1823318
1823319
1824451
1824461
1510010
1510011
1510012
1510013
1510014
1510015
1510016
1510017
1510018
1510019
1510031
1510311
1510321
1510331
1512707
1512708
1512709
1512710
1512711
1512712
1512713
1512714
1512715
1512716
1512717
1512718
1512719
1512810
1512811
1512812
1512813
1512814
1512815
1512816
1512817
1512818
1512819
1513005
1513006
1513007
1513008
1513009
1513010
1513011
1513012
1513013
1513014
1513015
1513016
1513017
1513018
1513019
1513020
1513060
1513061
1513062
1513063
1513064
1513065
1513066
1513067
1513068
1513069
1513070
1513110
1513111
1513112
1513113
1513114
1513115
1513116
1513117
1513118
1513119
1513140
1513141
1513142
1513143
1513144
1513145
1513146
1513147
1513149
1513161
1513162
1513163
1513164
1513165
1513166
1513167
1513210
1513211
1513212
1513213
1513214
1513215
1513216
1513217
1513218
1513219
1513247
1513248
1513249
1513310
1513311
1513312
1513313
1513314
1513315
1513316
1513317
1513318
1513319
1513347
1513348
1513349
1517510
1517511
1517512
1517513
1517514
1517515
1517516
1517517
1517518
1517519
1517577
1517578
1517579
1517610
1517611
1517612
1517613
1517614
1517615
1517616
1517617
1517618
1517619
1517640
1517641
1517642
1517643
1517644
1517645
1517646
1517647
1517648
1517649
1517681
1517682
1517683
1517684
1517685
1517686
1517687
1517688
1517689
1517690
1517691
1517692
1517693
1517694
1517695
1517696
1517697
1517698
1517699
1519482
1519483
1519484
1519485
1519486
1870311
1870321
1870331
1871290
1871291
1871292
1871293
1871294
1871295
1871296
1871297
1871298
1871299
1871310
1871311
1871312
1871313
1871314
1871315
1871316
1871317
1871318
1871319
1873010
1873011
1873012
1873013
1873014
1873015
1873016
1873017
1873018
1873019
1873110
1873111
1873112
1873113
1873114
1873115
1873116
1873117
1873118
1873119
1873210
1873211
1873212
1873213
1873214
1873215
1873216
1873217
1873218
1873219
1873310
1873311
1873312
1873313
1873314
1873315
1873316
1873317
1873318
1873319
1660311
1663010
1663011
1663012
1663013
1663014
1663015
1663016
1663017
1663018
1663019
1663110
1663111
1663112
1663113
1663114
1663115
1663116
1663117
1663118
1663119
1663210
1663211
1663212
1663213
1663214
1663215
1663216
1663217
1663218
1663219
1663310
1663311
1663312
1663313
1663314
1663315
1663316
1663317
1663318
1663319
1664910
1664911
1664912
1664913
1664914
1664915
1664916
1664917
1664918
1664919
1664920
1664921
1664922
1664923
1664924
1668210
1668211
1668212
1668213
1668214
1668215
1668216
1668217
1668218
1668219
1380311
1380321
1380333
1380334
1380336
1380337
1380339
1383110
1383111
1383112
1383113
1383114
1383115
1383116
1383117
1383118
1383119
1383210
1383211
1383212
1383213
1383214
1383215
1383216
1383217
1383218
1383219
1383230
1383231
1383232
1383233
1383234
1383235
1383236
1383237
1383238
1383239
1383310
1383311
1383312
1383313
1383314
1383315
1383316
1383317
1383318
1383319
1383338
1383339
1383345
1383346
1383347
1730311
1730321
1730331
1730332
1730333
1731700
1731701
1731708
1731709
1733000
1733001
1733002
1733003
1733004
1733005
1733006
1733007
1733008
1733009
1733011
1733013
1733110
1733111
1733112
1733113
1733114
1733115
1733116
1733117
1733118
1733119
1733237
1733238
1733239
1733273
1733290
1733291
1733292
1733293
1733294
1733295
1733296
1733297
1733298
1733299
1733340
1733341
1733342
1733343
1733344
1733345
1733346
1733347
1733348
1733349
1733390
1733391
1733392
1733393
1733394
1733395
1733396
1733397
1733398
1733399
1733430
1733431
1733432
1733433
1733434
1733435
1733436
1733437
1733438
1733439
1733440
1733441
1733442
1733443
1733444
1733445
1733630
1733631
1733641
1733820
1733821
1734981
1736070
1736071
1736301
1736302
1736311
1736767
1736768
1736769
1736770
1736771
1736772
1736773
1736774
1736775
1736776
1736777
1736778
1736779
1736780
1736781
1736782
1736783
1736784
1736785
1736786
1736787
1736788
1736789
1736790
1736791
1736792
1736793
1736794
1736795
1736796
1736797
1736798
1736799
1737020
1737021
1737022
1737023
1739524
1739525
1739526
1739527
1739528
1739529
1310280
1310281
1310282
1310283
1310284
1310285
1310286
1310287
1310288
1310289
1310301
1310311
1310321
1310331
1310650
1310651
1310652
1310653
1310655
1310656
1311150
1311151
1311152
1311153
1311154
1311155
1311156
1311157
1311158
1311159
1311303
1311388
1311389
1312610
1312611
1312612
1312613
1312614
1312615
1312616
1312618
1312619
1313110
1313111
1313112
1313113
1313114
1313115
1313116
1313117
1313118
1313119
1313808
1313819
1314301
1314302
1314304
1314348
1314349
1314363
1314364
1314740
1314741
1314742
1314743
1314744
1314745
1314746
1314747
1314748
1314749
1314863
1314940
1314941
1314942
1314943
1314944
1314945
1314946
1314947
1314948
1314949
1316554
1316558
1317155
1317156
1317157
1317158
1317159
1317180
1317188
1317189
1318004
1318005
1318006
1318007
1318008
1318009
1318044
1318045
1318046
1318047
1318048
1318049
1318058
1318474
1318477
1318979
1319184
1319185
1319186
1319187
1319188
