1800010
1800011
1800520
1800521
1800522
1801200
1801201
1801202
1801203
1801204
1801240
1801846
1801847
1801848
1802053
1802054
1802055
1802056
1802057
1802058
1802059
1802135
1802136
1802137
1802175
1802176
1802182
1802183
1802184
1803635
1803636
1803637
1805134
1805135
1805136
1805137
1805146
1805191
1805192
1805210
1805211
1805212
1805213
1805214
1805215
1805216
1805217
1805218
1805219
1805220
1805221
1805222
1805223
1805224
1805225
1805226
1805227
1805228
1805229
1806110
1806111
1806112
1806113
1806114
1806189
1806845
1806846
1806847
1806848
1806849
1806870
1806871
1806872
1806873
1806874
1808673
1808674
1808675
1808677
1808678
1808679
1530520
1530521
1530522
1531242
1531243
1531263
1531264
1531265
1531266
1531267
1531268
1531269
1533510
1533511
1533512
1533513
1533764
1534516
1535160
1535161
1535162
1535163
1535164
1535165
1535166
1535167
1535168
1535169
1536540
1536541
1536542
1536543
1536544
1536580
1536581
1536582
1536583
1536584
1536585
1536586
1536587
1536588
1536589
1536675
1536676
1536677
1536678
1536679
1537160
1537161
1537162
1537163
1537164
1538010
1538011
1538012
1538013
1538014
1538015
1538016
1538017
1538018
1538019
1539460
1539680
1539681
1539682
1539683
1539684
1360520
1360521
1360522
1361510
1361511
1361512
1361513
1362512
1362615
1362616
1362617
1364153
1364154
1364520
1364521
1364522
1365520
1365521
1365522
1368510
1368511
1368512
1368513
1368514
1368515
1368516
1368517
1368518
1368519
1950522
1951602
1951603
1951605
1951622
1951626
1955160
1955210
1955217
1955223
1955226
1958144
1890520
1890521
1890522
1891200
1891201
1891202
1891203
1891204
1891345
1891346
1891347
1891348
1891349
1891480
1891481
1891482
1891483
1891484
1891485
1891486
1891487
1891488
1891489
1892175
1892176
1892177
1892178
1892179
1893635
1893636
1893637
1895134
1895135
1895146
1895210
1895211
1895212
1895213
1895214
1895215
1895216
1895217
1895218
1895219
1895220
1895221
1895222
1895223
1895224
1895225
1895226
1895227
1895228
1895229
1899490
1899491
1899492
1899493
1899494
1900521
1902508
1902509
1330520
1330521
1330522
1332793
1332794
1332795
1333793
1333794
1333795
1333896
1333897
1334793
1334794
1334795
1335793
1335794
1335795
1336528
1336529
1337220
1337221
1337222
1337223
1337510
1337511
1337512
1337513
1337514
1338245
1338265
1338266
1338267
1338268
1338269
1339522
1339523
1339524
1339525
1339526
1339527
1339528
1339529
1712336
1712337
1712338
1712339
1713516
1715516
1716331
1716332
1716335
1716337
1716338
1716339
1716342
1716343
1716344
1716345
1716346
1716347
1716348
1716349
1716516
1716520
1716521
1716522
1716525
1716526
1716528
1716529
1716620
1716621
1716623
1716625
1717516
1718516
1718649
1718654
1719331
1719332
1719334
1719335
1719336
1719337
1719338
1719340
1719516
1990141
1990516
1990520
1990521
1990522
1990614
1994161
1994165
1994176
1994178
1994205
1995150
1995160
1995183
1995210
1995211
1995212
1995213
1995214
1995215
1995216
1995217
1995218
1995219
1995248
1996190
1996191
1996192
1996193
1996194
1996195
1996196
1996197
1996198
1996199
1996270
1996271
1996272
1996273
1996274
1996275
1996276
1996277
1996278
1997518
1997519
1998460
1998461
1998462
1998463
1998464
1998465
1998466
1998467
1998468
1998469
1998470
1999664
1999666
1560520
1560521
1560522
1565134
1565135
1565146
1566843
1566844
1566845
1566850
1566890
1566891
1566892
1566893
1566894
1566895
1566896
1566897
1566898
1566899
1569516
1569525
1850141
1850516
1850528
1850529
1855247
1855248
1855249
1855279
1855280
1855281
1855282
1855283
1855284
1855285
1855286
1855287
1855288
1855289
1855290
1855291
1855292
1855293
1855294
1855295
1855616
1780262
1780263
1780264
1780265
1780504
1782627
1782629
1782644
1782648
1783464
1783465
1783466
1783467
1783468
1783474
1783478
1784950
1784951
1784952
1784953
1784954
1784955
1784956
1784957
1784958
1784959
1784980
1784985
1785112
1785113
1785114
1785115
1785116
1785117
1785118
1785119
1785194
1785198
1788729
1788730
1788818
1789522
1789523
1789524
1789528
1860141
1860516
1860616
1860617
1860618
1862600
1862601
1862602
1862603
1862604
1865134
1865135
1865146
1865177
1865178
1865179
1865214
1865215
1865216
1865217
1865218
1865219
1865220
1865221
1865222
1865223
1865224
1865225
1865226
1865227
1865228
1865229
1550143
1550144
1550515
1550516
1550517
1550518
1550519
1390520
1390521
1390522
1391200
1391201
1391202
1391203
1391204
1391345
1391346
1391347
1391348
1391349
1391480
1391481
1391482
1391483
1391484
1391485
1391486
1391487
1391488
1391489
1392175
1392176
1392177
1392178
1392179
1395134
1395135
1395146
1395210
1395211
1395212
1395213
1395214
1395215
1395216
1395217
1395218
1395219
1395220
1395221
1395222
1395223
1395224
1395225
1395226
1395227
1395228
1395229
1671516
1672516
1673297
1673298
1673301
1673302
1673303
1673304
1673305
1673306
1673307
1673308
1673309
1673320
1673321
1673323
1673324
1673325
1673326
1673327
1673328
1673329
1673516
1673520
1673521
1673522
1673524
1673525
1673526
1673528
1673529
1673920
1673921
1673922
1673924
1673948
1673949
1673960
1673961
1673962
1673963
1673964
1673965
1673967
1673974
1673984
1673994
1674180
1674181
1674182
1674183
1720195
1720196
1720500
1720615
1300350
1300351
1300352
1301035
1301393
1301394
1301395
1301396
1301397
1301398
1301399
1302350
1302351
1302352
1303353
1303354
1304190
1304191
1304192
1304193
1304194
1304195
1304196
1304197
1304198
1305620
1305621
1305622
1305623
1305624
1305625
1305626
1305627
1305628
1305629
1306350
1306351
1306352
1306353
1306354
1308353
1308354
1309230
1309231
1309232
1309233
1309234
1309235
1309236
1930522
1930613
1930616
1930623
1930624
1930625
1935156
1935157
1935158
1935162
1935165
1935200
1935201
1935202
1935205
1935206
1935220
1935221
1935223
1935224
1935225
1935227
1935228
1935240
1935241
1935242
1935243
1935246
1935247
1935283
1935284
1935285
1935286
1935288
1935289
1938488
1590520
1590521
1590522
1594900
1594901
1594902
1594903
1594904
1595065
1595066
1595067
1595068
1595069
1595134
1595135
1595146
1595210
1595211
1595212
1595213
1595214
1595215
1595216
1595217
1595218
1595219
1595220
1595221
1595222
1595223
1595224
1595225
1595226
1595227
1595228
1595229
1599685
1599686
1599687
1599688
1599689
1599690
1599691
1599692
1599693
1599694
1599695
1599696
1599697
1599698
1599699
1770257
1770258
1770259
1770520
1770521
1770522
1771200
1771201
1771202
1771203
1771207
1771208
1771209
1771211
1771212
1771213
1771214
1771215
1771216
1771217
1771218
1771219
1771243
1771244
1771293
1771294
1771295
1771296
1771297
1771298
1771299
1771404
1771416
1771417
1771451
1771474
1771475
1772175
1772176
1772177
1772178
1772179
1775105
1775134
1775173
1775174
1775192
1775193
1775194
1775195
1775196
1775197
1775198
1775199
1776628
1776824
1776825
1776826
1776827
1776828
1776842
1776898
1777225
1777226
1777227
1777228
1777229
1778837
1779880
1779881
1779882
1779883
1350520
1350521
1350522
1351256
1351257
1358536
1358537
1358538
1358539
1358546
1358547
1358548
1358549
1450860
1450861
1450862
1450863
1450864
1450865
1450866
1450867
1450868
1450869
1452634
1452635
1452636
1452637
1453657
1454427
1454954
1454955
1457085
1457108
1457109
1457272
1457948
1457949
1458039
1500520
1500521
1500522
1505000
1505001
1505002
1505003
1505004
1505005
1505006
1505007
1505008
1505009
1505082
1505083
1505084
1505200
1505201
1505202
1505203
1505204
1505205
1505206
1505207
1505208
1505209
1506144
1506170
1506171
1506200
1506201
1506202
1506203
1506204
1506205
1506206
1506207
1506208
1506209
1506210
1506211
1506212
1506213
1506214
1506215
1506216
1506217
1506218
1506219
1507780
1507781
1509434
1509435
1830520
1830521
1830522
1834464
1834475
1834488
1835134
1835135
1835136
1835146
1835220
1835221
1835222
1835223
1835224
1835225
1835226
1835227
1835228
1835229
1836120
1836121
1836122
1836123
1836124
1836125
1836126
1836127
1836128
1836129
1836132
1836133
1836134
1836135
1836136
1836137
1836138
1836139
1836145
1836150
1836151
1836152
1836153
1836154
1836155
1836156
1836157
1836158
1836159
1836170
1836171
1836172
1836173
1836174
1836175
1836176
1836177
1836178
1836179
1836241
1836245
1836248
1570520
1570521
1570522
1571520
1571521
1571522
1572078
1572240
1572285
1572286
1572287
1572288
1572289
1572483
1575102
1575103
1575107
1575108
1575143
1575144
1575173
1845150
1845151
1845152
1845153
1845154
1845155
1845156
1845157
1845158
1845159
1845232
1845258
1845259
1845264
1980500
1980501
1980520
1980521
1980522
1981224
1981462
1981616
1981624
1981625
1981626
1981627
1981628
1981644
1982583
1982590
1982591
1982592
1982593
1982600
1982601
1982602
1982603
1982604
1982605
1982606
1982607
1982608
1982609
1984430
1984431
1984432
1984433
1984439
1984829
1984842
1985147
1985160
1985161
1985162
1985163
1985164
1985165
1985166
1985167
1985168
1985169
1985200
1985201
1985202
1985203
1985204
1985205
1985206
1985207
1985208
1985209
1985210
1985211
1985212
1985213
1985214
1985215
1985216
1985217
1985218
1985249
1989524
1989525
1989526
1989528
1989545
1989583
1989599
1989997
1650303
1650325
1650516
1650703
1651516
1651823
1652110
1652132
1652943
1653504
1655160
1655161
1655162
1655163
1655164
1655169
1656516
1657083
1657175
1657626
1657867
1700143
1700516
1700807
1700935
1700936
1700937
1700938
1700939
1700943
1700944
1701670
1701671
1701672
1701673
1701674
1701675
1702670
1702671
1702672
1702673
1702674
1702675
1702676
1702677
1704097
1704098
1704099
1704880
1704881
1705146
1705217
1705785
1706919
1706920
1706921
1706922
1706923
1706924
1708780
1708781
1708782
1708783
1708784
1708785
1708786
1708787
1708788
1708789
1709540
1709560
1709561
1709562
1709563
1709564
1709565
1709566
1709567
1709568
1709569
1910257
1910516
1910629
1915179
1915200
1321840
1321853
1321854
1321855
1321856
1321857
1321858
1321859
1321880
1322246
1322516
1322522
1322523
1322524
1322525
1322526
1322527
1322528
1322529
1323600
1323601
1323602
1323603
1323604
1323605
1323606
1323642
1327020
1327021
1327022
1327023
1327024
1327025
1327026
1327027
1327028
1327029
1327033
1327035
1327036
1327048
1327516
1327659
1327669
1329100
1329101
1329102
1329103
1329105
1750256
1750516
1750524
1750525
1750526
1751261
1751262
1751263
1751264
1751265
1751266
1751267
1751268
1751269
1755111
1755164
1755166
1755177
1755790
1755791
1755792
1755793
1755840
1755841
1755842
1755843
1755844
1755845
1755846
1755847
1755848
1755849
1755880
1755881
1755882
1755883
1880520
1880521
1880522
1881190
1881191
1881192
1881193
1881194
1881195
1881196
1881197
1881198
1881624
1885134
1885135
1885146
1885210
1885211
1885212
1885213
1885214
1885215
1885216
1885217
1885218
1885219
1885220
1885221
1885222
1885223
1885224
1885225
1885226
1885227
1885228
1885229
1886083
1888809
1470016
1470017
1470018
1470520
1470521
1470522
1475136
1475137
1475138
1475139
1475210
1475211
1475212
1475213
1475214
1475215
1475216
1475217
1475218
1475219
1475220
1475221
1475222
1475223
1475224
1475225
1475226
1475227
1475228
1475229
1476081
1476210
1476211
1476212
1476213
1476214
1476215
1476216
1476217
1476218
1476219
1476247
1476271
1476280
1370520
1370521
1370522
1377580
1377581
1377582
1377583
1377584
1377585
1377586
1377587
1377588
1377589
1377590
1377591
1377592
1377593
1377594
1377595
1377596
1377597
1377598
1377599
1377658
1377675
1377676
1377677
1377678
1377679
1810520
1810521
1810522
1811200
1811201
1811202
1811203
1811204
1811220
1811221
1811242
1811243
1811413
1811414
1811415
1811416
1811424
1811465
1811466
1811478
1811479
1811482
1811483
1811484
1811497
1811498
1811499
1811525
1811526
1811545
1811571
1811572
1811573
1811574
1811830
1811831
1811832
1811850
1811851
1811852
1811853
1811854
1811855
1811856
1811857
1811858
1811859
1812002
1812003
1812175
1812176
1812177
1812178
1812179
1813600
1813601
1813602
1813603
1813604
1813635
1813636
1813637
1815104
1815129
1815130
1815131
1815135
1815146
1815180
1815181
1815182
1815183
1815184
1815185
1815186
1815187
1815188
1815189
1816821
1816822
1816823
1816824
1816825
1816845
1816846
1816847
1816848
1816849
1816861
1816869
1816875
1816876
1816877
1816878
1816879
1520520
1520521
1520522
1524047
1524048
1524049
1525090
1525091
1525092
1525093
1525094
1525145
1525146
1525147
1525148
1525149
1525200
1525201
1525202
1525203
1525204
1525205
1525206
1525207
1525208
1525209
1525210
1525211
1525212
1525213
1525214
1525215
1525216
1525217
1525218
1525219
1525220
1525221
1525222
1525223
1525224
1525225
1525226
1525227
1525228
1525229
1526200
1526201
1526202
1526203
1526204
1526205
1526206
1526207
1526208
1526209
1526210
1526211
1526212
1526213
1526214
1526215
1526216
1526217
1526218
1526219
1529545
1529546
1529547
1529548
1529549
1529870
1529871
1529872
1529873
1529874
1529875
1529876
1529877
1529878
1529879
1510520
1510521
1510522
1515000
1515001
1515002
1515003
1515004
1515005
1515006
1515007
1515008
1515009
1515200
1515201
1515202
1515203
1515204
1515205
1515206
1515207
1515208
1515209
1515210
1515211
1515212
1515213
1515214
1515215
1515216
1515217
1515218
1515219
1515245
1515246
1515250
1515251
1515252
1515280
1515281
1516200
1516201
1516202
1516203
1516204
1516205
1516206
1516207
1516208
1516209
1516210
1516211
1516212
1516213
1516214
1516215
1516216
1516217
1516218
1516219
1516220
1516221
1516222
1516223
1516224
1516225
1516226
1516227
1516228
1516229
1518945
1518946
1518947
1518948
1518949
1519065
1519066
1519067
1519068
1519069
1519070
1519071
1519072
1519073
1519074
1519075
1519076
1519077
1519078
1519079
1519545
1519546
1519547
1519548
1519549
1820500
1820520
1820521
1820522
1824874
1824875
1825158
1825159
1825160
1825161
1825162
1825163
1825164
1825165
1825166
1825167
1825168
1825169
1825170
1825171
1825172
1825173
1825174
1825175
1825176
1825177
1825178
1825179
1825210
1825211
1825212
1825213
1825214
1825215
1825216
1825217
1825218
1825219
1825241
1825242
1825243
1826035
1826036
1826037
1826070
1826071
1826072
1826073
1826074
1826075
1826076
1826077
1826078
1826079
1826148
1826149
1826246
1826247
1340127
1340752
1340753
1340754
1580520
1580521
1580522
1585200
1585201
1585202
1585203
1585204
1585205
1585206
1585207
1585208
1585209
1585210
1585211
1585212
1585213
1585214
1585215
1585216
1585217
1585218
1585219
1585220
1585221
1585222
1585223
1585224
1585225
1585226
1585227
1585228
1585229
1585230
1585231
1585232
1585233
1585234
1585235
1585236
1585237
1585238
1585239
1585240
1585241
1585242
1585243
1585244
1585245
1585246
1585247
1585248
1585249
1586210
1586211
1586212
1586213
1586214
1586215
1586216
1586217
1586218
1586219
1586220
1586221
1586222
1586223
1586224
1586225
1586226
1586227
1586228
1586229
1589520
1589521
1589522
1589523
1589524
1589525
1589526
1589527
1589528
1589529
1589642
1760256
1760257
1760516
1760520
1760615
1760616
1760617
1760618
1760619
1762516
1762546
1762584
1762587
1762640
1762641
1762642
1762643
1762644
1762645
1762646
1762647
1762648
1762649
1762650
1762651
1762652
1762653
1762654
1762655
1762656
1762657
1762658
1762659
1762660
1762664
1764930
1764931
1764932
1764933
1764934
1765154
1765155
1765156
1765157
1765158
1765159
1765160
1765161
1765162
1765163
1765164
1765165
1765166
1769650
1769651
1769652
1769653
1769654
1769655
1769656
1769657
1769658
1769659
1310182
1310183
1311520
1311521
1311522
1314520
1314521
1314522
1315120
1315121
1315122
1315123
1315124
1315178
1315179
1315198
1315199
1316023
1316024
1316025
1316026
1316027
1316028
1316029
1316048
1317414
1317415
1317970
1317971
1317972
1317973
1317974
1318230
1318231
1318232
1318233
1318234
1318235
1318236
1318237
1318238
1318239
1319680
1319681
1319682
1730146
1730516
1730520
1730521
1730524
1731200
1731220
1731283
1731284
1731285
1731286
1731287
1731288
1731404
1731416
1731417
1731463
1731464
1731465
1731570
1731578
1731883
1732170
1732171
1732172
1732705
1732735
1732736
1732737
1732738
1732739
1732765
1732766
1732767
1732768
1732769
1734278
1734279
1734833
1734834
1734835
1735105
1735134
1735173
1735174
1735192
1735193
1735194
1735195
1735196
1735197
1735198
1735199
1735494
1735495
1736604
1736614
1736624
1736830
1736844
1736849
1736851
1736893
1736895
1736896
1736897
1736898
1737222
1737290
1737291
1737292
1737472
1737478
1738804
1739685
1380520
1380521
1380522
1381325
1381326
1381327
1381328
1381329
1381345
1381346
1381347
1381348
1381349
1381440
1381441
1381442
1381443
1381444
1381530
1381531
1381532
1381533
1381534
1381535
1381536
1381537
1381538
1381539
1385200
1385201
1385202
1385203
1385204
1385205
1385206
1385207
1385208
1385209
1385210
1385211
1385212
1385213
1385214
1385215
1385222
1385223
1385243
1385244
1385245
1385246
1385247
1385248
1660516
1660524
1660525
1660526
1661516
1665134
1665135
1665136
1665137
1665138
1665146
1665175
1665176
1665275
1665276
1870520
1870521
1870522
1872411
1872412
1872413
1872414
1875149
1875150
1875151
1875152
1875153
1875159
1875160
1875161
1875162
1875163
1875164
1875165
1875166
1875167
1875168
1875169
1875170
1875171
1875172
1875173
1875174
1875175
1875176
1875177
1875178
1875179
1875210
1875211
1875212
1875213
1875214
1875215
1875216
1875217
1875218
1875219
1875257
1875258
1875259
1876140
1876141
1876142
1876143
1876144
1876145
1876146
1876147
1876148
1876149
1876220
1876221
1876222
1876223
1876224
1876225
1876226
1876227
1876228
1876229
1876256
1879542
1879543
1879620
1879621
1879622
1879623
1879624
1879625
1879626
1879627
1879628
1879629
1879630
1879631
1879632
1879633
1879634
1879635
1879636
1879637
1879638
1879639
1879642
1879643
