1530947
1533947
1533987
1534697
1534807
1534900
1535217
1535218
1535246
1535247
1537937
1537980
1537981
1537982
1537983
1539057
1539058
1539325
1539326
1539335
1539336
1539337
1539345
1539346
1539347
1539348
1800937
1800947
1805410
1805411
1805412
1805413
1808936
1808937
1809370
1809371
1809372
1809373
1809374
1809375
1809376
1809377
1809378
1809379
1809384
1330947
1332126
1335937
1339942
1339947
1713937
1713947
1715937
1716937
1717937
1990947
1996873
1999370
1999378
1999379
1850937
1850947
1859067
1859303
1859305
1859370
1859371
1859372
1780937
1780947
1783443
1789937
1560947
1568269
1569375
1569376
1550937
1550947
1559329
1559378
1559379
1860947
1869348
1869349
1869367
1869368
1869375
1869376
1869377
1869378
1869379
1869387
1869396
1869397
1869398
1301410
1301418
1301419
1304296
1307930
1307931
1307932
1307938
1308596
1309937
1309939
1770448
1770937
1770947
1771866
1771867
1771868
1774587
1774588
1774589
1774890
1774891
1774892
1778947
1778957
1779370
1779371
1779372
1779373
1779374
1779375
1779376
1779377
1779378
1779379
1779416
1779417
1779418
1779419
1452847
1453850
1453859
1454586
1454587
1459630
1459631
1459632
1459633
1459634
1459635
1459636
1459637
1459638
1836899
1839388
1839397
1839409
1839468
1839470
1839474
1839475
1839476
1839477
1840937
1840947
1841907
1841917
1841989
1570178
1570937
1570947
1575190
1576947
1980937
1981599
1989077
1989078
1989079
1650937
1320947
1320948
1323940
1323946
1329934
1919372
1919373
1919377
1750937
1750947
1889327
1889328
1889329
1889336
1889337
1889356
1889357
1889358
1889359
1889367
1889377
1889380
1889386
1889397
1889407
1889408
1889409
1889423
1889428
1889442
1471709
1471713
1471948
1471949
1471950
1471951
1810937
1810947
1813976
1813977
1813978
1813979
1814157
1815390
1818937
1818938
1818947
1818948
1818949
1819370
1819371
1819372
1819373
1819374
1819375
1819376
1819377
1819378
1819379
1819807
1820937
1820947
1821967
1821979
1821987
1821997
1829370
1829371
1829372
1829373
1829374
1829375
1829376
1829377
1829859
1829870
1829871
1829872
1829873
1829874
1829875
1829876
1829895
1829896
1829897
1829898
1829899
1760937
1760942
1760947
1760948
1769307
1769327
1311946
1313947
1319590
1319591
1730937
1730947
1732510
1732511
1732512
1732513
1732514
1732630
1732631
1732632
1732633
1733973
1734413
1737068
1737069
1739370
1739371
1739373
1739376
1739417
1739418
1739419
1739609
1739749
1660937
1660947
1870691
