1330736
1330742
1331736
1331962
1332736
1333256
1333736
1334136
1334256
1334726
1334736
1334866
1334962
1335736
1336736
1337806
1338736
1338742
1339736
1339756
1339766
1713736
1713749
1715736
1716736
1717135
1717736
1990736
1990742
1990841
1991836
1993670
1993671
1993672
1993673
1993674
1993675
1993676
1993677
1993678
1993679
1993680
1993681
1993682
1993683
1993684
1993685
1993686
1993687
1993688
1993689
1993690
1993691
1993692
1993693
1993694
1993695
1993696
1993697
1993698
1993699
1997360
1997361
1997362
1997363
1997364
1997365
1997366
1997367
1997368
1997369
1997400
1997401
1997402
1997403
1997404
1997405
1997406
1997686
1780736
1787220
1787221
1787222
1787223
1787275
1787276
1787277
1787278
1787279
1787362
1787363
1787364
1787365
1787366
1787367
1787368
1787369
1788692
1850736
1850742
1852839
1856910
1856911
1856912
1856913
1856914
1856915
1856916
1856917
1856918
1857042
1857360
1857361
1857362
1857363
1857364
1857365
1857366
1857367
1857368
1857369
1857484
1857485
1857486
1857489
1857490
1857491
1560736
1560742
1561642
1561643
1561647
1561648
1561649
1561660
1561661
1561662
1561663
1567360
1567361
1567362
1567363
1567364
1567365
1567366
1567420
1567421
1567422
1567423
1567424
1567425
1567426
1567427
1567428
1567429
1567560
1567561
1567562
1567563
1567564
1567565
1568820
1569736
1569742
1530736
1530742
1534306
1534336
1534448
1534736
1534836
1536416
1536417
1536418
1536736
1536774
1536775
1536776
1536777
1536778
1536779
1537736
1537742
1538610
1538611
1538612
1538613
1538614
1538615
1538616
1538617
1538618
1538619
1538636
1538736
1538742
1539977
1539978
1539979
1800736
1800740
1800742
1807360
1807361
1807362
1807363
1807364
1807365
1807366
1807367
1807368
1807369
1807560
1807561
1807562
1807563
1807564
1807565
1953060
1956880
1360736
1361736
1361742
1361841
1362736
1363736
1363846
1364736
1364742
1365736
1365742
1366748
1367746
1367747
1890736
1890742
1890841
1893214
1893215
1893216
1894206
1894207
1894208
1894259
1897360
1897361
1897362
1897363
1897364
1897365
1897366
1897367
1897368
1897369
1897420
1897421
1897422
1897423
1897424
1897425
1897426
1897427
1897428
1897429
1897560
1897561
1897562
1897563
1897564
1897565
1897566
1770070
1770071
1770072
1770736
1771166
1771167
1772610
1772611
1774256
1774960
1774969
1775272
1775273
1776360
1776361
1776362
1776363
1776364
1776936
1777096
1777097
1777360
1777361
1777362
1777363
1777364
1777365
1777366
1777367
1777368
1777369
1590736
1597305
1597306
1597360
1597361
1597362
1597363
1597364
1597365
1597366
1597367
1597368
1597369
1597447
1597448
1597449
1350736
1350841
1350846
1351114
1351115
1351116
1351117
1351118
1351119
1351736
1354884
1354885
1354886
1354887
1354888
1354960
1354961
1354962
1354963
1354978
1354979
1357516
1357517
1357518
1357519
1357520
1357521
1357522
1452736
1452756
1453739
1453742
1454504
1458680
1458681
1458682
1458683
1459736
1830736
1837360
1837361
1837362
1837363
1837364
1837365
1837366
1837367
1837368
1837369
1839060
1839061
1839062
1839063
1839064
1839065
1839066
1839067
1839068
1839069
1839730
1839731
1839732
1839733
1839734
1839735
1839736
1839737
1839738
1839739
1839744
1839745
1839746
1839747
1839748
1500736
1507360
1507361
1507362
1507363
1507364
1507365
1507366
1507367
1507368
1507369
1507420
1507421
1507422
1507423
1507424
1507425
1507426
1507427
1507428
1507429
1508060
1508061
1508062
1508063
1508064
1508065
1508066
1508067
1508068
1508069
1550736
1557360
1557361
1557362
1557363
1557364
1557365
1557366
1557367
1557368
1557369
1557420
1557421
1557422
1557423
1557424
1557425
1557426
1557427
1557428
1557429
1557610
1557611
1557612
1557613
1557614
1557615
1557616
1557617
1557618
1557619
1558102
1558103
1558104
1558105
1558106
1558107
1558108
1558109
1558110
1558111
1860736
1860742
1861394
1862736
1862742
1862763
1862764
1867042
1867060
1867061
1867062
1867063
1867064
1867065
1867066
1867067
1867068
1867069
1867346
1867360
1867361
1867362
1867363
1867364
1867365
1867366
1867367
1867368
1867369
1868460
1868461
1869235
1869236
1869237
1869238
1869239
1671736
1672736
1673736
1674288
1674289
1390736
1390742
1390841
1397360
1397361
1397362
1397363
1397364
1397365
1397366
1397420
1397421
1397422
1397423
1397424
1397425
1397426
1397427
1397428
1397429
1397560
1397561
1397562
1397563
1397564
1397565
1397566
1397567
1397568
1397569
1726736
1300736
1300740
1301724
1301725
1301726
1301727
1301736
1302736
1302740
1303736
1304726
1305402
1305403
1305404
1305502
1305503
1305504
1307720
1307721
1307722
1307723
1307724
1307725
1307726
1307727
1307728
1307729
1308736
1880736
1881707
1881708
1881709
1882195
1882196
1887360
1887361
1887362
1887363
1887364
1887365
1887366
1887367
1887368
1887369
1889070
1889071
1889072
1889073
1889074
1889075
1889076
1889077
1889078
1889079
1889740
1750736
1750742
1757060
1757061
1757062
1757063
1757064
1757065
1757066
1757067
1757068
1757069
1757360
1757361
1757362
1757363
1757364
1757365
1757366
1757367
1757368
1757369
1758036
1758042
1758142
1758236
1758242
1470736
1477306
1477360
1477361
1477362
1477363
1477364
1477365
1477366
1477367
1477368
1477369
1477395
1477396
1477397
1477398
1477399
1478680
1478681
1478690
1478691
1478692
1478693
1478694
1478695
1478696
1478697
1478698
1478699
1370736
1370742
1376260
1376261
1376262
1376263
1376264
1376265
1376266
1376267
1376268
1376269
1378660
1378661
1378662
1378663
1378664
1378665
1378666
1378667
1378668
1378669
1378736
1378786
1378787
1378788
1378789
1520060
1520061
1520062
1520063
1520064
1520065
1520066
1520067
1520068
1520069
1520736
1521120
1521121
1521122
1521123
1521124
1521125
1521126
1521127
1521128
1521129
1521130
1521131
1521132
1521133
1521134
1527360
1527361
1527362
1527363
1527364
1527365
1527366
1527367
1527368
1527369
1527420
1527421
1527422
1527423
1527424
1527425
1527426
1527427
1527428
1527429
1810736
1810742
1814267
1814268
1815265
1815266
1815267
1815268
1815269
1816625
1816626
1816924
1816925
1816926
1816936
1816941
1817360
1817361
1817362
1817363
1817364
1817365
1817366
1817367
1817368
1817369
1817426
1817427
1817428
1817429
1817560
1817561
1817562
1817563
1817564
1817565
1817566
1817567
1817568
1817569
1817578
1817579
1818213
1818214
1818215
1818216
1818217
1818218
1818219
1818891
1818898
1840736
1847360
1847361
1847362
1847363
1847364
1847365
1847366
1847367
1847368
1847369
1847400
1847401
1847402
1847403
1847404
1847810
1847811
1847812
1847813
1847814
1570736
1571736
1571756
1572746
1577360
1577361
1577362
1577363
1577364
1577365
1577366
1577367
1577368
1577369
1650587
1650736
1651736
1651747
1980736
1980742
1981329
1987360
1987361
1987362
1987363
1987364
1987365
1989170
1989171
1989172
1989173
1989174
1989175
1989243
1989244
1989245
1989260
1989261
1989262
1989263
1989264
1989265
1989266
1989267
1989636
1989637
1701284
1701285
1702720
1702721
1320360
1320361
1320362
1320363
1320364
1320736
1321736
1323736
1324500
1324501
1324502
1324503
1324504
1325736
1325742
1327883
1329736
1329860
1329861
1910736
1910742
1916536
1917360
1917361
1917362
1917363
1917364
1917365
1917366
1917367
1917368
1917369
1917660
1917661
1917662
1917663
1917664
1918660
1918661
1918662
1918663
1918664
1918665
1918666
1918667
1918668
1918669
1310028
1310029
1310736
1310740
1311736
1311756
1313506
1313536
1730070
1730071
1730072
1730736
1733650
1733651
1733652
1733653
1733654
1733655
1733656
1733657
1733658
1733659
1734376
1734736
1734740
1734741
1734742
1735886
1736360
1736361
1736362
1736363
1736364
1736365
1736366
1736367
1736368
1736369
1737360
1737361
1737362
1737363
1737364
1737365
1737366
1737369
1737795
1737796
1739736
1739875
1739876
1739877
1739878
1660736
1660742
1667036
1667042
1667060
1667061
1667062
1667063
1667064
1667065
1667066
1667067
1667068
1667069
1667360
1667361
1667362
1667363
1667364
1667365
1667366
1667367
1667368
1667369
1667440
1667441
1668625
1668626
1668627
1668628
1668629
1668642
1668643
1668644
1380736
1380742
1387360
1387361
1387362
1387363
1387364
1387365
1387366
1387367
1387368
1387369
1387500
1387501
1387502
1387503
1387504
1387505
1387506
1387507
1387508
1387509
1387510
1387511
1387512
1387513
1387514
1387515
1387516
1387517
1387518
1387519
1870736
1871160
1871161
1871162
1871163
1871164
1871165
1871166
1871167
1871168
1871169
1877360
1877361
1877362
1877363
1877364
1877365
1877366
1877367
1877368
1877369
1877434
1877435
1877436
1877437
1877438
1879777
1879778
1879779
1820736
1821610
1821611
1821612
1821613
1821614
1821615
1821616
1821617
1821618
1821619
1821620
1821621
1821622
1821623
1821624
1821625
1821626
1821627
1821628
1821629
1822960
1822961
1822962
1822963
1822964
1822965
1822966
1822967
1822968
1822969
1824488
1824489
1827360
1827361
1827362
1827363
1827364
1827365
1827366
1827367
1827368
1827369
1510736
1511560
1511561
1511562
1511563
1511564
1511565
1511566
1511567
1511568
1511569
1511570
1511571
1511572
1511573
1511574
1511575
1511576
1511577
1511578
1511579
1517360
1517361
1517362
1517363
1517364
1517365
1517366
1517367
1517368
1517369
1519760
1519761
1519762
1519763
1519764
1519765
1519766
1519767
1519768
1519769
1340736
1346736
1346914
1346915
1346916
1346917
1346918
1348736
1348764
1348765
1348766
1348790
1348791
1348792
1348793
1760736
1760742
1765242
1767335
1767336
1768054
1768056
1768057
1768058
1768059
1580736
1587360
1587361
1587362
1587363
1587364
1587365
1587366
1587367
1587368
1587369
1588660
1588661
1588662
1588663
1588664
1588665
1588666
1588667
1588668
1588669
1589736
