1534470
1870890
1870891
1870892
1870893
1870894
1870895
1870896
1870897
1870898
1870899
1878900
1878901
1878902
1878903
1878904
1878905
1878906
1878907
1878908
1878909
1878910
1878911
1878912
1878913
1878914
1878915
1878916
1878917
1878918
1878919
1878920
1878921
1878922
1878923
1878924
1878925
1878926
1878927
1878928
1878929
1878930
1878931
1878932
1878933
1878934
1878935
1878936
1878937
1878938
1878939
1878950
1878951
1878952
1878953
1878954
1878955
1878956
1878957
1878958
1878959
1878960
1878961
1878962
1878963
1878964
1878965
1878966
1878967
1878968
1878969
1878970
1878971
1878972
1878973
1878974
1878975
1878976
1878977
1878978
1878979
1878980
1878981
1878982
1878983
1878984
1878985
1878986
1878987
1878988
1878989
1878990
1878991
1878992
1878993
1878994
1878995
1878996
1878997
1878998
1878999
1660890
1660891
1660892
1660893
1660894
1660895
1660896
1660897
1660898
1660899
1668950
1668951
1668952
1668953
1668954
1668955
1668956
1668957
1668958
1668959
1668960
1668961
1668962
1668963
1668964
1668965
1668966
1668967
1668968
1668969
1668970
1668971
1668972
1668973
1668974
1668975
1668976
1668977
1668978
1668979
1380089
1380750
1380751
1380752
1380753
1380754
1380755
1380756
1380757
1380758
1380759
1380760
1380761
1380762
1380763
1380764
1380765
1380766
1380767
1380768
1380769
1387600
1387601
1387602
1387603
1387604
1387605
1387606
1387607
1387608
1387609
1387610
1387611
1387612
1387613
1387614
1387615
1387616
1387617
1387618
1387619
1387620
1387621
1387622
1387623
1387624
1387625
1387626
1387627
1387628
1387629
1387630
1387631
1387632
1387633
1387634
1387635
1387636
1387637
1387638
1387639
1387640
1387641
1387642
1387643
1387644
1387645
1387646
1387647
1387648
1387649
1387650
1387651
1387652
1387653
1387654
1387655
1387656
1387657
1387658
1387659
1387660
1387661
1387662
1387663
1387664
1387665
1387666
1387667
1387668
1387669
1387670
1387671
1387672
1387673
1387674
1387675
1387676
1387677
1387678
1387679
1387680
1387681
1387682
1387683
1387684
1387685
1387686
1387687
1387688
1387689
1387690
1387691
1387692
1387693
1387694
1387695
1387696
1387697
1387698
1387699
1733080
1733081
1733082
1733083
1733084
1733085
1733086
1733087
1733088
1733089
1733090
1733091
1733092
1733093
1733094
1733095
1733096
1733097
1733098
1733099
1733690
1733691
1733692
1733693
1733694
1733695
1733696
1733697
1733698
1733699
1734060
1734061
1734062
1734063
1734064
1734065
1734066
1734067
1734068
1734069
1737200
1737201
1737202
1737203
1737204
1737205
1737206
1737207
1737208
1737209
1738460
1738461
1738462
1738463
1738464
1738465
1738466
1738467
1738468
1738469
1738490
1738491
1738492
1738493
1738494
1738495
1738496
1738497
1738498
1738499
1738970
1738971
1738973
1738974
1738975
1738976
1738977
1738978
1738979
1738980
1738981
1738982
1738983
1738984
1738985
1738986
1738987
1738988
1738989
1739640
1739641
1739642
1739643
1739644
1739645
1739646
1739647
1739648
1739649
1311190
1311191
1311192
1311193
1311194
1311195
1311196
1311197
1311198
1311199
1311890
1311891
1311892
1311893
1311894
1311895
1311896
1311897
1311898
1311899
1313600
1313601
1313602
1313603
1313604
1313605
1313606
1313607
1313608
1313609
1313890
1313891
1313892
1313893
1313894
1313895
1313896
1313897
1313898
1313899
1315890
1315891
1315892
1315893
1315894
1315895
1315896
1315897
1315898
1315899
1317890
1317891
1317892
1317893
1317894
1317895
1317896
1317897
1317898
1317899
1319890
1319891
1319892
1319893
1319894
1319895
1319896
1319897
1319898
1319899
1760890
1760891
1760892
1760893
1760894
1760895
1760896
1760897
1760898
1760899
1768970
1768971
1768972
1768973
1768974
1768975
1768976
1768977
1768978
1768979
1768980
1768981
1768982
1768983
1768984
1768985
1768986
1768987
1768988
1768989
1580890
1580891
1580892
1580893
1580894
1580895
1580896
1580897
1580898
1580899
1820890
1820891
1820892
1820893
1820894
1820895
1820896
1820897
1820898
1820899
1821780
1821781
1821782
1821783
1821784
1821785
1821786
1821787
1821788
1821789
1821790
1821791
1821792
1821793
1821794
1821795
1821796
1821797
1821798
1821799
1828920
1828921
1828922
1828923
1828924
1828925
1828926
1828927
1828928
1828929
1828930
1828931
1828932
1828933
1828934
1828935
1828936
1828937
1828938
1828939
1828940
1828941
1828942
1828943
1828944
1828945
1828946
1828947
1828948
1828949
1828950
1828951
1828952
1828953
1828954
1828955
1828956
1828957
1828958
1828959
1828960
1828961
1828962
1828963
1828964
1828965
1828966
1828967
1828968
1828969
1828970
1828971
1828972
1828973
1828974
1828975
1828976
1828977
1828978
1828979
1828980
1828981
1828982
1828983
1828984
1828985
1828986
1828987
1828988
1828989
1828990
1828991
1828992
1828993
1828994
1828995
1828996
1828997
1828998
1828999
1510300
1510301
1510302
1510303
1510304
1510305
1510306
1510307
1510308
1510309
1510360
1510361
1510362
1510363
1510364
1510365
1510366
1510367
1510368
1510369
1510890
1510891
1510892
1510893
1510894
1510895
1510896
1510897
1510898
1510899
1510980
1510981
1510982
1510983
1510984
1510985
1510986
1510987
1510988
1510989
1512060
1512061
1512062
1512063
1512064
1512065
1512066
1512067
1512068
1512069
1512070
1512071
1512072
1512073
1512074
1512075
1512076
1512077
1512078
1512079
1512080
1512081
1512082
1512083
1512084
1512085
1512086
1512087
1512088
1512089
1512090
1512091
1512092
1512093
1512094
1512095
1512096
1512097
1512098
1512099
1520300
1520301
1520302
1520303
1520304
1520305
1520306
1520307
1520308
1520309
1520360
1520361
1520362
1520363
1520364
1520365
1520366
1520367
1520368
1520369
1520890
1520891
1520892
1520893
1520894
1520895
1520896
1520897
1520898
1520899
1524890
1524891
1524892
1524893
1524894
1524895
1524896
1524897
1524898
1524899
1528970
1528971
1528972
1528973
1528974
1528975
1528976
1528977
1528978
1528979
1528980
1528981
1528982
1528983
1528984
1528985
1528986
1528987
1528988
1528989
1528990
1528991
1528992
1528993
1528994
1528995
1528996
1528997
1528998
1528999
1529890
1529891
1529892
1529893
1529894
1529895
1529896
1529897
1529898
1529899
1810096
1811760
1811761
1811762
1811763
1811764
1811765
1811766
1811767
1811768
1811769
1811770
1811771
1811772
1811773
1811774
1811775
1811776
1811777
1811778
1811779
1818460
1818461
1818462
1818463
1818464
1818465
1818466
1818467
1818468
1818469
1818970
1818971
1818972
1818973
1818974
1818975
1818976
1818977
1818978
1818979
1818980
1818981
1818982
1818983
1818984
1818985
1818986
1818987
1818988
1818989
1370040
1370041
1370042
1370043
1370044
1370045
1370046
1370047
1370048
1370049
1370750
1370751
1370752
1370753
1370754
1370755
1370756
1370757
1370758
1370759
1470890
1470891
1470892
1470893
1470894
1470895
1470896
1470897
1470898
1470899
1471870
1471871
1471872
1471873
1471874
1471875
1471876
1471877
1471878
1471879
1471880
1471881
1471882
1471883
1471884
1471885
1471886
1471887
1471888
1471889
1476565
1476666
1476667
1476668
1476669
1479880
1479881
1479882
1479883
1479884
1479885
1479886
1479887
1479888
1479889
1479890
1479891
1479892
1479893
1479894
1479895
1479896
1479897
1479898
1479899
1880890
1880891
1880892
1880893
1880894
1880895
1880896
1880897
1880898
1880899
1887600
1887601
1887602
1887603
1887604
1887605
1887606
1887607
1887608
1887609
1887610
1887611
1887612
1887613
1887614
1887615
1887616
1887617
1887618
1887619
1887660
1887661
1887662
1887663
1887664
1887665
1887666
1887667
1887668
1887669
1887670
1887671
1887672
1887673
1887674
1887675
1887676
1887677
1887678
1887679
1887680
1887681
1887682
1887683
1887684
1887685
1887686
1887687
1887688
1887689
1887690
1887691
1887692
1887693
1887694
1887695
1887696
1887697
1887698
1887699
1888910
1888911
1888912
1888913
1888914
1888915
1888916
1888917
1888918
1888919
1888920
1888921
1888922
1888923
1888924
1888925
1888926
1888927
1888928
1888929
1888930
1888931
1888932
1888933
1888934
1888935
1888936
1888937
1888938
1888939
1888940
1888941
1888942
1888943
1888944
1888945
1888946
1888947
1888948
1888949
1888950
1888951
1888952
1888953
1888954
1888955
1888956
1888957
1888958
1888959
1888960
1888961
1888962
1888963
1888964
1888965
1888966
1888967
1888968
1888969
1888970
1888971
1888972
1888973
1888974
1888975
1888976
1888977
1888978
1888979
1888980
1888981
1888982
1888983
1888984
1888985
1888986
1888987
1888988
1888989
1888990
1888991
1888992
1888993
1888994
1888995
1888996
1888997
1888998
1888999
1889820
1889821
1889822
1889823
1889824
1889825
1889826
1889827
1889828
1889829
1889890
1889891
1889892
1889893
1889894
1889895
1889896
1889897
1889898
1889899
1750890
1750891
1750892
1750893
1750894
1750895
1750896
1750897
1750898
1750899
1758910
1758911
1758912
1758913
1758914
1758915
1758916
1758917
1758918
1758919
1758920
1758921
1758922
1758923
1758924
1758925
1758926
1758927
1758928
1758929
1758970
1758971
1758972
1758973
1758974
1758975
1758976
1758977
1758978
1758979
1758980
1758981
1758982
1758983
1758984
1758985
1758986
1758987
1758988
1758989
1758990
1758991
1758992
1758993
1758994
1758995
1758996
1758997
1758998
1758999
1320890
1320891
1320892
1320893
1320894
1320895
1320896
1320897
1320898
1320899
1321570
1321571
1321572
1321573
1321574
1321575
1321576
1321577
1321578
1321579
1321580
1321581
1321582
1321583
1321584
1321585
1321586
1321587
1321588
1321589
1327890
1327891
1327892
1327893
1327894
1327895
1327896
1327897
1327898
1327899
1918980
1918981
1918982
1918983
1918984
1918985
1918986
1918987
1918988
1918989
1700136
1700342
1700898
1700899
1701894
1701895
1701896
1701897
1701898
1701899
1702880
1702881
1702882
1702883
1702884
1702885
1702886
1702887
1702888
1702889
1702890
1702891
1702892
1702893
1702894
1702895
1702896
1702897
1702898
1702899
1705021
1705181
1705309
1705372
1705503
1705754
1706504
1706505
1706506
1706507
1706508
1706509
1706510
1706511
1706512
1706513
1706514
1706515
1706516
1706517
1706518
1706519
1707820
1707821
1707823
1707824
1707826
1707827
1707828
1707829
1708820
1708821
1708822
1708823
1708824
1708826
1708828
1708829
1709820
1709821
1709822
1709823
1709824
1709825
1709826
1709827
1709828
1709829
1650610
1650854
1650898
1650899
1651175
1651905
1652228
1652597
1652660
1653425
1980890
1980891
1980892
1980893
1980894
1980895
1980896
1980897
1980898
1980899
1980920
1980921
1980922
1980923
1980924
1980925
1980926
1980927
1980928
1980929
1981415
1981416
1981417
1984070
1984071
1984072
1984073
1984074
1984075
1984076
1984077
1984078
1984079
1988900
1988901
1988902
1988903
1988904
1988905
1988906
1988907
1988908
1988909
1989980
1989981
1989982
1989983
1989984
1989985
1989986
1989987
1989988
1989989
1841700
1841701
1841702
1841703
1841704
1841705
1841706
1841707
1841708
1841709
1841710
1841711
1841712
1841713
1841714
1841715
1841716
1841717
1841718
1841719
1841720
1841721
1841722
1841723
1841724
1841725
1841726
1841727
1841728
1841729
1841730
1841731
1841732
1841733
1841734
1841735
1841736
1841737
1841738
1841739
1841740
1841741
1841742
1841743
1841744
1841745
1841746
1841747
1841748
1841749
1841750
1841751
1841752
1841753
1841754
1841755
1841757
1841758
1841759
1841760
1841761
1841762
1841764
1841765
1841766
1841767
1841768
1841769
1841770
1841771
1841772
1841773
1841774
1841775
1841776
1841777
1841778
1841779
1848900
1848901
1848902
1848903
1848904
1848905
1848906
1848907
1848908
1848909
1848980
1848981
1848982
1848983
1848984
1848985
1848986
1848987
1848988
1848989
1848990
1848991
1848992
1848993
1848994
1848995
1848996
1848997
1848998
1848999
1849790
1849791
1849792
1849793
1849794
1849795
1849796
1849797
1849798
1849799
1570650
1570651
1570652
1570653
1570654
1570655
1570656
1570657
1570658
1570659
1570710
1570711
1570712
1570713
1570714
1570715
1570716
1570717
1570718
1570719
1570780
1570781
1570782
1570783
1570784
1570785
1570786
1570787
1570788
1570789
1570890
1570891
1570892
1570893
1570894
1570895
1570896
1570897
1570898
1570899
1571890
1571891
1571892
1571893
1571894
1571895
1571896
1571897
1571898
1571899
1571980
1571981
1571982
1571983
1571984
1571985
1571986
1571987
1571988
1571989
1576080
1576081
1576082
1576083
1576084
1576085
1576086
1576087
1576088
1576089
1577890
1577891
1577892
1577893
1577894
1577895
1577896
1577897
1577898
1577899
1578983
1579890
1579891
1579892
1579893
1579894
1579895
1579896
1579897
1579898
1579899
1579900
1579901
1579902
1579903
1579904
1579905
1579906
1579907
1579908
1579909
1621891
1621892
1622896
1622897
1623401
1830890
1830891
1830892
1830893
1830894
1830895
1830896
1830897
1830898
1830899
1838920
1838921
1838922
1838923
1838924
1838925
1838926
1838927
1838928
1838929
1838930
1838931
1838932
1838933
1838934
1838935
1838936
1838937
1838938
1838939
1838940
1838941
1838942
1838943
1838944
1838945
1838946
1838947
1838948
1838949
1838950
1838951
1838952
1838953
1838954
1838955
1838956
1838957
1838958
1838959
1838960
1838961
1838962
1838963
1838964
1838965
1838966
1838967
1838968
1838969
1838970
1838971
1838972
1838973
1838974
1838975
1838976
1838977
1838978
1838979
1838980
1838981
1838982
1838983
1838984
1838985
1838986
1838987
1838988
1838989
1838990
1838991
1838992
1838993
1838994
1838995
1838996
1838997
1838998
1838999
1500800
1500801
1500802
1500803
1500804
1500805
1500806
1500807
1500808
1500809
1500890
1500891
1500892
1500893
1500894
1500895
1500896
1500897
1500898
1500899
1509190
1509191
1509192
1509193
1509194
1509195
1509196
1509197
1509198
1509199
1452380
1452381
1452382
1452383
1452384
1452385
1452386
1452387
1452388
1452389
1454240
1454241
1454242
1454243
1454244
1454245
1454246
1454247
1454248
1454249
1454250
1454251
1454252
1454253
1454254
1454255
1454256
1454257
1454258
1454259
1459180
1459181
1459182
1459183
1459184
1459185
1459186
1459187
1459188
1459189
1351800
1351801
1351802
1351803
1351804
1351805
1351806
1351807
1351808
1351809
1351880
1351881
1351882
1351883
1351884
1351885
1351886
1351887
1351888
1351889
1351980
1351981
1351982
1351983
1351984
1351985
1351986
1351987
1351988
1351989
1770090
1770091
1770092
1770093
1770094
1770095
1770096
1770097
1770098
1770099
1773310
1773311
1773312
1773313
1773314
1773315
1773316
1773317
1773318
1773319
1774480
1774481
1774482
1774483
1774484
1774485
1774486
1774487
1774488
1774489
1776380
1776381
1776382
1776383
1776384
1776385
1776386
1776387
1776388
1776389
1776390
1776391
1776392
1776393
1776394
1776395
1776396
1776397
1776398
1776399
1776690
1776691
1776692
1776693
1776694
1776695
1776696
1776697
1776698
1776699
1777680
1777681
1777682
1777683
1777684
1777685
1777686
1777687
1777688
1777689
1777690
1777691
1777692
1777693
1777694
1777695
1777696
1777697
1777698
1777699
1778460
1778461
1778462
1778463
1778464
1778465
1778466
1778467
1778468
1778469
1778690
1778691
1778692
1778693
1778694
1778695
1778696
1778697
1778698
1778699
1778840
1778841
1778842
1778843
1778844
1778845
1778846
1778847
1778848
1778849
1778970
1778971
1778972
1778973
1778974
1778975
1778976
1778977
1778978
1778979
1778980
1778981
1778982
1778983
1778984
1778985
1778986
1778987
1778988
1778989
1779840
1779841
1779842
1779843
1779844
1779845
1779846
1779847
1779848
1779849
1300500
1300501
1300502
1300503
1300504
1300505
1300506
1300507
1300508
1300509
1300600
1300601
1300602
1300603
1300604
1300605
1300606
1300607
1300608
1300609
1301050
1301620
1301621
1301622
1301623
1301624
1301625
1301626
1301627
1301628
1301629
1303490
1303491
1303492
1303493
1303494
1303495
1303496
1303497
1303498
1303499
1303600
1303601
1303602
1303603
1303604
1303605
1303606
1303607
1303608
1303609
1307890
1307891
1307892
1307893
1307894
1307895
1307896
1307897
1307898
1307899
1308600
1308601
1308602
1308603
1308604
1308605
1308606
1308607
1308608
1308609
1309890
1309891
1309892
1309893
1309894
1309895
1309896
1309897
1309898
1309899
1671890
1671891
1671892
1671893
1671894
1671895
1671896
1671897
1671898
1671899
1390075
1390076
1390750
1390751
1390752
1390753
1390754
1390755
1390756
1390757
1390758
1390759
1390760
1390761
1390762
1390763
1390764
1390765
1390766
1390767
1390768
1390769
1397600
1397601
1397602
1397603
1397604
1397605
1397606
1397607
1397608
1397609
1397610
1397611
1397612
1397613
1397614
1397615
1397616
1397617
1397618
1397619
1397620
1397621
1397622
1397623
1397624
1397625
1397626
1397627
1397628
1397629
1397630
1397631
1397632
1397633
1397634
1397635
1397636
1397637
1397638
1397639
1397640
1397641
1397642
1397643
1397644
1397645
1397646
1397647
1397648
1397649
1397650
1397651
1397652
1397653
1397654
1397655
1397656
1397657
1397658
1397659
1397660
1397661
1397662
1397663
1397664
1397665
1397666
1397667
1397668
1397669
1397670
1397671
1397672
1397673
1397674
1397675
1397676
1397677
1397678
1397679
1397680
1397681
1397682
1397683
1397684
1397685
1397686
1397687
1397688
1397689
1397690
1397691
1397692
1397693
1397694
1397695
1397696
1397697
1397698
1397699
1550090
1550091
1550092
1550093
1550094
1550095
1550096
1550097
1550098
1550099
1550170
1550171
1550172
1550173
1550174
1550175
1550176
1550177
1550178
1550179
1550180
1550181
1550182
1550183
1550184
1550185
1550186
1550187
1550188
1550189
1550190
1550191
1550192
1550193
1550194
1550195
1550196
1550197
1550198
1550199
1550890
1550891
1550892
1550893
1550894
1550895
1550896
1550897
1550898
1550899
1559560
1559561
1559562
1559563
1559564
1559565
1559566
1559567
1559568
1559569
1559570
1559571
1559572
1559573
1559574
1559575
1559576
1559577
1559578
1559579
1559580
1559581
1559582
1559583
1559584
1559585
1559586
1559587
1559588
1559589
1559590
1559591
1559592
1559593
1559594
1559595
1559596
1559597
1559598
1559599
1860890
1860891
1860892
1860893
1860894
1860895
1860896
1860897
1860898
1860899
1868950
1868951
1868952
1868953
1868954
1868955
1868956
1868957
1868958
1868959
1868960
1868961
1868962
1868963
1868964
1868965
1868966
1868967
1868968
1868969
1868970
1868971
1868972
1868973
1868974
1868975
1868976
1868977
1868978
1868979
1868980
1868981
1868982
1868983
1868984
1868985
1868986
1868987
1868988
1868989
1868990
1868991
1868992
1868993
1868994
1868995
1868996
1868997
1868998
1868999
1780360
1780361
1780362
1780363
1780364
1780365
1780366
1780367
1780368
1780369
1784810
1784811
1784812
1784813
1784814
1784815
1784816
1784817
1784818
1784819
1788670
1788671
1788672
1788673
1788674
1788675
1788676
1788677
1788678
1788679
1788970
1788971
1788972
1788973
1788974
1788975
1788976
1788977
1788978
1788979
1788980
1788981
1788982
1788983
1788984
1788985
1788986
1788987
1788988
1788989
1788990
1788991
1788992
1788993
1788994
1788995
1788996
1788997
1788998
1788999
1789890
1789891
1789892
1789893
1789894
1789895
1789896
1789897
1789898
1789899
1789980
1789981
1789982
1789983
1789984
1789985
1789986
1789987
1789988
1789989
1850890
1850891
1850892
1850893
1850894
1850895
1850896
1850897
1850898
1850899
1858950
1858951
1858952
1858953
1858954
1858955
1858956
1858957
1858958
1858959
1858960
1858961
1858962
1858963
1858964
1858965
1858966
1858967
1858968
1858969
1560750
1560751
1560752
1560753
1560754
1560755
1560756
1560757
1560758
1560759
1560760
1560761
1560762
1560763
1560764
1560765
1560766
1560767
1560768
1560769
1565400
1569250
1569251
1569252
1569253
1569254
1569255
1569256
1569257
1569258
1569259
1990750
1990751
1990752
1990753
1990754
1990755
1990756
1990757
1990758
1990759
1990760
1990761
1990762
1990763
1990764
1990765
1990766
1990767
1990768
1990769
1990888
1994320
1994321
1994322
1994323
1994324
1994325
1994326
1994327
1994328
1994329
1994330
1994331
1994332
1994333
1994334
1994335
1994336
1994337
1994338
1994339
1994660
1994661
1994662
1994663
1994664
1994665
1994666
1994667
1994668
1994669
1998900
1998901
1998902
1998903
1998904
1998905
1998906
1998907
1998908
1998909
1998910
1998911
1998912
1998913
1998914
1998915
1998916
1998917
1998918
1998919
1998960
1998961
1998962
1998963
1998964
1998965
1998966
1998967
1998968
1998969
1998970
1998971
1998972
1998973
1998974
1998975
1998976
1998977
1998978
1998979
1998980
1998981
1998982
1998983
1998984
1998985
1998986
1998987
1998988
1998989
1715890
1715891
1715892
1715893
1715894
1715895
1715896
1715897
1715898
1715899
1716890
1716891
1716892
1716893
1716894
1716895
1716896
1716897
1716898
1716899
1717890
1717891
1717892
1717893
1717894
1717895
1717896
1717897
1717898
1717899
1718890
1718891
1718892
1718893
1718894
1718895
1718896
1718897
1718898
1718899
1719890
1719891
1719892
1719893
1719894
1719895
1719896
1719897
1719898
1719899
1330750
1330751
1330752
1330753
1330754
1330755
1330756
1330757
1330758
1330759
1330760
1330761
1330762
1330763
1330764
1330765
1330766
1330767
1330768
1330769
1332200
1332201
1332202
1332203
1332204
1332205
1332206
1332207
1332208
1332209
1333750
1333751
1333752
1333753
1333754
1333755
1333756
1333757
1333758
1333759
1333760
1333761
1333762
1333763
1333764
1333765
1333766
1333767
1333768
1333769
1336890
1336891
1336892
1336893
1336894
1336895
1336896
1336897
1336898
1336899
1337980
1337981
1337982
1337983
1337984
1337985
1337986
1337987
1337988
1337989
1337990
1337991
1337992
1337993
1337994
1337995
1337996
1337997
1337998
1337999
1338980
1338981
1338982
1338983
1338984
1338985
1338986
1338987
1338988
1338989
1339890
1339891
1339892
1339893
1339894
1339895
1339896
1339897
1339898
1339899
1890750
1890751
1890752
1890753
1890754
1890755
1890756
1890757
1890758
1890759
1890760
1890761
1890762
1890763
1890764
1890765
1890766
1890767
1890768
1890769
1897600
1897601
1897602
1897603
1897604
1897605
1897606
1897607
1897608
1897609
1897610
1897611
1897612
1897613
1897614
1897615
1897616
1897617
1897618
1897619
1897620
1897621
1897622
1897623
1897624
1897625
1897626
1897627
1897628
1897629
1897630
1897631
1897632
1897633
1897634
1897635
1897636
1897637
1897638
1897639
1897640
1897641
1897642
1897643
1897644
1897645
1897646
1897647
1897648
1897649
1897650
1897651
1897652
1897653
1897654
1897655
1897656
1897657
1897658
1897659
1897660
1897661
1897662
1897663
1897664
1897665
1897666
1897667
1897668
1897669
1897670
1897671
1897672
1897673
1897674
1897675
1897676
1897677
1897678
1897679
1897680
1897681
1897682
1897683
1897684
1897685
1897686
1897687
1897688
1897689
1897690
1897691
1897692
1897693
1897694
1897695
1897696
1897697
1897698
1897699
1952491
1952492
1953231
1958500
1958505
1958508
1958908
1958970
1958974
1958975
1958978
1958979
1958980
1361750
1361751
1361752
1361753
1361754
1361755
1361756
1361757
1361758
1361759
1362750
1362751
1362752
1362753
1362754
1362755
1362756
1362757
1362758
1362759
1363750
1363751
1363752
1363753
1363754
1363755
1363756
1363757
1363758
1363759
1363760
1363761
1363762
1363763
1363764
1363765
1363766
1363767
1363768
1363769
1364750
1364751
1364752
1364753
1364754
1364755
1364756
1364757
1364758
1364759
1364860
1364861
1364862
1364863
1364864
1364865
1364866
1364867
1364868
1364869
1368750
1368751
1368752
1368753
1368754
1368755
1368756
1368757
1368758
1368759
1369750
1369751
1369752
1369753
1369754
1369755
1369756
1369757
1369758
1369759
1369890
1369891
1369892
1369893
1369894
1369895
1369896
1369897
1369898
1369899
1530890
1530891
1530892
1530893
1530894
1530895
1530896
1530897
1530898
1530899
1533786
1533890
1533891
1533892
1533893
1533894
1533895
1533896
1533897
1533898
1533899
1534880
1534881
1534882
1534883
1534884
1534885
1534886
1534887
1534888
1534889
1807890
1807891
1807892
1807893
1807894
1807895
1807896
1807897
1807898
1807899
1808460
1808461
1808462
1808463
1808464
1808465
1808466
1808467
1808468
1808469
1808970
1808971
1808972
1808973
1808974
1808975
1808976
1808977
1808978
1808979
1808980
1808981
1808982
1808983
1808984
1808985
1808986
1808987
1808988
1808989
