1890852
1893440
1893441
1898420
1898421
1898422
1898423
1898424
1898425
1898426
1898427
1898428
1898429
1898490
1898491
1898492
1898493
1898494
1898495
1898496
1898497
1898498
1898499
1898520
1898521
1898522
1898523
1898524
1898525
1898526
1898560
1898561
1898562
1898563
1898564
1898565
1898566
1898567
1898568
1898569
1361852
1362852
1362853
1363852
1363920
1363921
1363922
1363923
1363924
1363925
1363926
1363927
1363928
1363929
1364852
1365852
1366852
1367852
1368852
1530852
1532902
1532911
1532912
1532921
1532922
1532932
1532942
1532951
1532952
1532962
1532971
1532972
1532982
1532988
1532992
1532999
1533852
1533862
1533952
1534850
1534852
1534860
1534861
1534862
1534863
1534864
1534865
1534866
1534867
1534868
1534869
1800852
1807620
1807621
1807622
1807623
1807624
1807625
1807626
1807627
1807628
1807629
1808363
1808364
1808365
1808420
1808421
1808520
1808521
1808522
1808523
1808524
1808525
1808526
1808527
1808528
1808529
1808960
1808961
1808962
1808963
1808964
1808965
1808966
1808967
1808968
1808969
1850852
1858442
1858443
1858444
1858445
1858446
1858447
1858448
1858449
1858520
1858521
1858522
1858523
1858524
1858525
1858526
1858527
1858528
1858529
1858530
1858531
1858532
1858533
1858534
1858535
1858536
1858537
1858538
1858570
1858571
1858572
1858573
1858574
1858575
1858576
1858577
1858630
1858631
1858632
1858633
1858634
1858635
1858636
1858637
1858638
1858639
1858640
1858641
1858642
1858670
1858671
1858672
1858673
1858674
1858675
1858676
1858677
1858678
1858679
1780852
1784850
1784851
1784852
1784853
1784854
1784855
1784856
1784857
1788510
1788511
1788512
1788513
1788514
1788515
1788516
1788517
1788518
1788534
1788535
1788536
1788600
1788601
1788605
1788606
1789852
1560852
1567092
1568520
1568521
1568522
1568523
1568524
1568525
1568526
1568527
1568528
1568529
1568532
1568533
1568534
1568542
1568552
1568561
1568562
1569272
1991702
1998442
1998444
1998452
1998453
1998454
1998455
1998502
1998512
1998520
1998522
1998523
1998524
1998525
1998529
1998532
1998542
1998543
1998552
1998562
1998567
1998568
1998569
1998572
1998574
1998576
1998577
1998578
1998579
1998582
1998584
1998587
1998588
1998589
1998592
1998593
1998594
1998597
1998598
1713852
1715852
1716852
1717852
1717925
1717926
1717927
1717928
1717929
1330852
1331041
1331042
1331048
1331049
1331072
1331230
1331231
1331232
1331233
1331234
1331235
1331440
1331441
1331442
1331443
1332962
1333962
1336852
1336862
1336866
1337852
1337960
1338512
1338519
1338552
1339852
1930852
1931660
1931661
1933852
1938002
1938012
1938552
1939112
1939503
1939508
1939522
1939526
1300787
1301740
1301741
1301749
1302787
1303550
1303551
1303552
1303553
1304850
1304851
1304857
1304858
1304859
1308787
1308788
1308789
1309052
1309670
1309671
1309672
1309673
1309674
1309675
1309676
1309677
1309678
1309679
1309852
1390852
1398420
1398421
1398422
1398423
1398424
1398425
1398426
1398427
1398428
1398429
1398442
1398450
1398451
1398452
1398453
1398454
1398490
1398491
1398492
1398493
1398494
1398495
1398496
1398497
1398498
1398499
1398520
1398521
1398522
1398523
1398524
1398525
1398526
1398560
1398561
1398562
1398563
1398564
1398565
1398566
1398567
1398568
1398569
1550852
1551920
1551921
1551922
1551923
1551924
1551925
1551926
1551927
1551928
1551929
1551944
1551960
1551961
1551962
1551963
1551964
1551965
1551966
1558500
1558501
1558502
1558503
1558504
1558505
1558506
1558507
1558508
1558509
1558520
1558521
1558522
1558523
1558544
1558562
1559773
1559774
1559775
1559776
1559920
1559921
1559922
1559923
1559924
1559925
1559926
1559927
1559928
1559929
1860852
1868414
1868520
1868521
1868522
1868523
1868524
1868525
1868526
1868527
1868528
1868529
1868542
1868553
1868561
1868562
1868563
1868564
1868591
1868592
1868593
1868594
1830090
1830091
1830092
1830093
1830094
1830095
1830096
1830097
1830098
1830099
1830852
1830862
1831150
1831151
1831152
1831153
1831154
1831155
1831156
1831157
1831158
1831159
1831160
1831161
1831162
1831163
1831164
1831165
1831166
1831167
1831168
1831169
1838500
1838501
1838502
1838503
1838504
1838505
1838506
1838507
1838508
1838509
1838510
1838511
1838512
1838513
1838514
1838515
1838516
1838517
1838518
1838519
1838520
1838521
1838522
1838523
1838524
1838525
1838526
1838527
1838528
1838529
1838530
1838531
1838532
1838533
1838534
1838535
1838536
1838537
1500852
1508500
1508501
1508502
1508503
1508504
1508505
1508506
1508507
1508508
1508509
1508510
1508511
1508512
1508513
1508540
1508541
1508542
1508543
1508544
1508545
1508546
1508547
1508548
1508549
1508550
1508551
1508552
1508553
1508554
1508555
1508556
1508557
1508558
1508559
1508560
1508561
1508562
1508563
1508564
1508605
1508606
1508607
1508608
1508609
1350851
1350852
1351180
1351181
1351182
1351183
1351184
1351185
1351186
1351187
1351188
1351189
1351852
1359520
1359521
1359522
1359523
1359524
1359525
1359526
1359527
1359528
1359529
1452562
1453563
1453569
1454382
1454392
1459350
1459351
1459352
1459353
1459354
1770852
1771664
1771666
1771802
1778482
1778492
1778493
1778494
1778502
1778520
1778521
1778522
1778523
1778524
1778525
1778526
1778532
1778542
1778562
1778572
1778577
1778582
1590252
1590262
1590852
1593460
1593461
1593462
1593463
1593464
1593465
1593466
1593467
1593468
1593469
1598502
1598503
1598504
1598505
1598506
1598507
1598508
1598509
1598520
1598521
1598522
1598523
1598524
1598525
1598526
1598527
1598528
1598529
1320852
1910852
1911760
1911761
1911762
1911770
1911771
1911772
1911776
1911777
1911778
1911779
1911780
1911781
1911784
1915120
1915122
1915123
1915124
1915125
1915126
1915127
1915128
1915129
1916512
1918432
1918438
1918439
1918440
1918441
1918442
1918445
1918452
1918453
1918458
1918502
1918510
1918511
1918512
1918513
1918514
1918515
1918516
1918517
1918518
1918519
1918520
1918521
1918522
1918523
1918524
1918525
1918526
1918527
1918528
1918529
1918532
1918534
1918542
1918549
1918570
1918571
1918572
1918573
1918574
1918575
1918578
1918579
1700852
1701876
1701877
1701878
1701879
1980852
1981530
1988505
1988506
1988507
1988508
1988509
1988570
1988571
1988572
1988573
1988574
1988672
1650156
1650652
1650807
1650852
1651852
1651853
1652017
1652802
1652807
1653742
1840852
1848420
1848421
1848422
1848423
1848424
1848425
1848426
1848427
1848428
1848429
1848515
1848516
1848517
1848518
1848519
1848520
1848521
1848522
1848523
1848524
1848525
1848526
1848527
1848528
1848529
1848600
1848601
1848602
1848603
1848604
1848605
1848606
1848607
1848608
1848609
1570852
1570862
1571852
1571862
1572215
1572216
1572217
1572218
1576107
1576108
1576109
1576110
1576111
1576112
1576113
1576114
1576115
1576195
1576196
1576197
1576198
1576199
1577200
1577201
1577202
1577203
1577204
1577205
1577206
1577207
1577208
1577209
1577210
1577211
1577212
1577213
1577214
1577215
1577216
1577217
1577218
1577219
1577220
1577221
1577222
1577223
1577224
1577225
1577226
1577227
1577228
1577229
1578565
1520852
1520860
1520861
1520862
1520863
1520864
1520865
1520866
1520867
1520868
1520869
1528520
1528521
1528522
1528523
1528524
1528610
1528611
1528612
1528613
1528614
1528615
1528616
1528617
1528618
1528619
1810852
1814352
1814356
1815312
1815314
1816690
1816691
1816692
1816693
1816694
1816695
1816696
1816697
1816698
1816699
1818340
1818341
1818342
1818343
1818344
1818345
1818346
1818347
1818348
1818349
1818412
1818420
1818421
1818422
1818423
1818424
1818436
1818437
1818445
1818446
1818447
1818448
1818449
1818505
1818506
1818520
1818521
1818522
1818523
1818524
1818525
1818526
1818527
1818528
1818529
1818535
1818536
1818565
1818566
1818802
1818812
1818852
1819830
1819831
1819832
1819833
1819834
1819835
1819836
1470852
1470860
1470861
1470862
1470863
1470864
1470865
1470866
1472850
1472851
1472852
1472853
1472854
1472855
1472856
1472857
1472858
1472859
1478512
1478566
1478567
1478568
1478569
1478570
1478571
1478572
1478573
1478574
1478575
1478576
1478577
1478578
1478579
1478599
1478619
1370850
1370851
1370852
1376520
1376521
1376522
1376523
1376524
1376525
1376526
1376527
1376528
1376529
1376590
1376591
1376592
1376593
1376594
1376595
1376596
1376597
1376598
1376599
1750852
1758422
1758432
1758442
1758475
1758476
1758478
1758479
1758502
1758505
1758506
1758507
1758512
1758522
1758592
1758594
1758597
1758602
1758612
1758622
1758632
1758692
1758758
1758759
1758760
1758761
1758762
1758763
1758764
1758765
1758766
1758767
1758768
1758769
1758852
1758863
1758864
1758865
1758866
1880852
1888520
1888521
1888522
1888523
1888524
1888525
1888526
1888527
1888528
1888529
1888620
1888621
1888622
1888623
1888624
1888625
1888626
1888627
1888628
1888629
1889240
1889241
1889242
1889243
1889244
1889245
1889246
1889247
1889248
1889249
1760852
1768512
1768520
1768521
1768524
1768532
1580852
1587010
1587011
1587012
1587013
1587014
1588560
1588561
1588562
1588563
1588564
1588565
1588566
1588567
1588568
1588569
1820840
1820841
1820842
1820843
1820844
1820845
1820846
1820847
1820848
1820849
1820852
1820980
1820981
1820982
1820983
1820984
1820985
1820986
1820987
1820988
1820989
1821203
1821204
1821205
1821206
1821207
1821208
1821209
1821210
1821211
1821212
1821213
1821214
1821215
1821216
1821217
1821218
1821219
1821220
1821221
1827540
1827541
1827542
1827543
1827544
1827545
1827546
1827547
1827548
1827549
1827550
1827551
1827552
1827553
1827554
1827555
1827556
1827557
1827558
1827559
1827560
1827561
1827562
1827563
1827564
1827565
1827566
1827567
1827568
1827569
1828520
1828521
1828522
1828523
1828524
1828525
1828526
1828527
1828528
1828529
1828620
1828621
1828622
1828623
1828624
1828625
1828626
1828627
1828628
1828629
1510852
1512010
1512011
1512012
1512013
1512014
1512015
1512016
1512017
1512018
1512019
1512020
1512021
1512022
1512023
1512024
1512025
1512026
1512027
1512028
1512029
1512030
1512031
1512032
1512033
1512034
1512035
1512036
1512037
1512038
1512039
1512120
1512121
1512122
1512123
1512124
1512125
1512126
1512127
1512128
1512129
1518075
1518076
1518520
1518521
1518522
1518523
1518524
1518525
1518526
1518527
1518528
1518529
1518530
1518531
1518532
1518533
1518534
1518660
1518661
1518662
1518663
1518664
1518665
1518666
1518667
1518668
1518669
1518670
1518671
1518672
1518673
1518674
1518675
1518676
1870852
1878520
1878521
1878522
1878523
1878524
1878525
1878526
1878527
1878528
1878529
1878615
1878616
1878617
1878618
1878619
1878620
1878621
1878622
1878623
1878624
1878625
1878626
1878627
1878628
1878629
1878630
1878631
1878632
1878633
1878634
1878680
1878681
1878682
1878683
1878684
1878685
1878686
1878687
1878688
1878689
1878690
1878691
1878692
1878693
1878694
1878695
1878696
1878697
1878698
1878699
1878860
1878861
1878862
1878863
1878864
1879810
1879811
1879812
1879813
1879814
1879815
1879816
1879817
1879818
1879819
1879865
1879866
1879867
1879868
1879869
1668382
1668392
1668472
1668482
1668492
1668502
1668512
1668522
1668542
1668560
1668561
1668562
1668563
1668564
1668784
1668785
1388520
1388521
1388522
1388523
1388524
1388525
1388526
1388527
1388528
1388529
1730852
1738512
1738552
1738562
1738573
1311633
1311634
1311635
1311852
1312362
1312462
1312464
1315811
1315812
1315820
1315821
1315822
1315832
1319512
1319522
