1330775
1330785
1331765
1331775
1331785
1332165
1332175
1332485
1334755
1334765
1336755
1336775
1336785
1337725
1337735
1337743
1337745
1338775
1339365
1339775
1560775
1560785
1567704
1567705
1567750
1567751
1567752
1567753
1567754
1567755
1567756
1567757
1567758
1567759
1567840
1567841
1567842
1567843
1567844
1567845
1567846
1567847
1567848
1567849
1567850
1567851
1567852
1567853
1567854
1567855
1567856
1567857
1567858
1567859
1567860
1567861
1567862
1567863
1567864
1567865
1567866
1567867
1567868
1567869
1569775
1784006
1784007
1784062
1784063
1784064
1784065
1784066
1784067
1784068
1787706
1788043
1789112
1789775
1850775
1857752
1857753
1857755
1857756
1857758
1857759
1857995
1991493
1991494
1991495
1991496
1991497
1991498
1991499
1994312
1994313
1994790
1994791
1994792
1997619
1997841
1997843
1997844
1997858
1997859
1997886
1997887
1997888
1997889
1997890
1997891
1997892
1997893
1997894
1997895
1997896
1997897
1997898
1997899
1998600
1998601
1998602
1998603
1998604
1998605
1998606
1998607
1998608
1998609
1998610
1998611
1998612
1998613
1998614
1998615
1998616
1998617
1998618
1998619
1999442
1530775
1534780
1534781
1534782
1534783
1534784
1534785
1534786
1534787
1534788
1534789
1890775
1897750
1897751
1897752
1897753
1897754
1897755
1897756
1897757
1897758
1897759
1897870
1897871
1897872
1897873
1897874
1360775
1360785
1361775
1361785
1362775
1362785
1363500
1363501
1363502
1363503
1363504
1363505
1364775
1364785
1364945
1364949
1365775
1365785
1365965
1365969
1366775
1366785
1366789
1366945
1366949
1366963
1366965
1366969
1367775
1367785
1367789
1368775
1368785
1368789
1452765
1452775
1350775
1350780
1350785
1351755
1351769
1351775
1351785
1355705
1355715
1355725
1355735
1355737
1355755
1355765
1355767
1355775
1355785
1355795
1355796
1355805
1355815
1355817
1355825
1355835
1355845
1359704
1359705
1359715
1359719
1359735
1359736
1359737
1359738
1590775
1590785
1597703
1597704
1597705
1597706
1597750
1597751
1597752
1597753
1597754
1597755
1597756
1597757
1597758
1597759
1597793
1597794
1597795
1597796
1597797
1597798
1597799
1599450
1599451
1599452
1599453
1599454
1599455
1599456
1599457
1599458
1599459
1775450
1775471
1777643
1500775
1500785
1507750
1507751
1507752
1507753
1507754
1507755
1507756
1507757
1507758
1507759
1507770
1507771
1507772
1507773
1507774
1507775
1507776
1507777
1507778
1507779
1507800
1507801
1507802
1507803
1507804
1507805
1507806
1507840
1507841
1507842
1507843
1507844
1837877
1837878
1390775
1390785
1397750
1397751
1397752
1397753
1397754
1397755
1397756
1397757
1397758
1397759
1397850
1397851
1397852
1397853
1397854
1397855
1397856
1397857
1397858
1397859
1860775
1860785
1860786
1867750
1867751
1867752
1867753
1867754
1867755
1867756
1867757
1867758
1867759
1550688
1550689
1550775
1550785
1557707
1557708
1557709
1557750
1557751
1557752
1557753
1557754
1557755
1557756
1557757
1557759
1557850
1557851
1557852
1557853
1557854
1557855
1557856
1557857
1557858
1557859
1300596
1300695
1301492
1301495
1301496
1302596
1302695
1303695
1304785
1308496
1308675
1308775
1308795
1309775
1309785
1309795
1720075
1720076
1720077
1720078
1370775
1370785
1373750
1373751
1373752
1373753
1373754
1373755
1373756
1373757
1373758
1373759
1376805
1376815
1376835
1376845
1376855
1376875
1376876
1376877
1376878
1376896
1376897
1376898
1376899
1378805
1378815
1378825
1378835
1378845
1378855
1378864
1378865
1378866
1378875
1470775
1470785
1477715
1880775
1880785
1881588
1887750
1887751
1887752
1887753
1887754
1887755
1887756
1887757
1887758
1887759
1888845
1888848
1752675
1757775
1757830
1757831
1757832
1757833
1757834
1520775
1520785
1524060
1524062
1524063
1524064
1527750
1527751
1527752
1527753
1527754
1527755
1527756
1527757
1527758
1527759
1527760
1527761
1527762
1527763
1527775
1527790
1527791
1527792
1527793
1527794
1527795
1527796
1527797
1527798
1527799
1527820
1527821
1527822
1527823
1527824
1527825
1527826
1527827
1527828
1527829
1527830
1527831
1527832
1527833
1527834
1527835
1527836
1527837
1527838
1527839
1527850
1527851
1527852
1527853
1527854
1527855
1527856
1527857
1527858
1527859
1528957
1528958
1528959
1529619
1529682
1529683
1529684
1529685
1650775
1981387
1987705
1987715
1987725
1987755
1987756
1987757
1987758
1987759
1989754
1989755
1989756
1989792
1989793
1989794
1989795
1989910
1989911
1989912
1989913
1989914
1571775
1572375
1572385
1572395
1577755
1910775
1911102
1914800
1914801
1914802
1914803
1914804
1914805
1914806
1914807
1914808
1914809
1914810
1914811
1914812
1914813
1914814
1914815
1914816
1914817
1914818
1914819
1917265
1917266
1917267
1917268
1917269
1917270
1917271
1917272
1917273
1917274
1917275
1917276
1917277
1917278
1917279
1917500
1917501
1917502
1917503
1917504
1917505
1917506
1917507
1917508
1917509
1917510
1917511
1917512
1917513
1917514
1917515
1917516
1917517
1917518
1917519
1917520
1917521
1917522
1917523
1917524
1917525
1917526
1917527
1917528
1917529
1917530
1917531
1917532
1917533
1917534
1917535
1917536
1917537
1917538
1917539
1917540
1917541
1917542
1917543
1917544
1917545
1917546
1917547
1917548
1917549
1917750
1917751
1917752
1917753
1917754
1917755
1917756
1917757
1917758
1917759
1320775
1320785
1321145
1321155
1321156
1321775
1321785
1323786
1325785
1325786
1325787
1325788
1325789
1326375
1329775
1329785
1329786
1329924
1329925
1329944
1329945
1329946
1329965
1329966
1329967
1329968
1329969
1310045
1310055
1311475
1311765
1311775
1312345
1312355
1313265
1313275
1313285
1313295
1319765
1319775
1870775
1870785
1877507
1877508
1877509
1877550
1877551
1877552
1877553
1877554
1877555
1877556
1877557
1877558
1877559
1877630
1877631
1877632
1877633
1877634
1877635
1877636
1877637
1877638
1877639
1877640
1877641
1877642
1877643
1877644
1877645
1877646
1877647
1877648
1877649
1877650
1877651
1877652
1877653
1877654
1877655
1877656
1877657
1877658
1877659
1877660
1877661
1877662
1877663
1877664
1877665
1877666
1877667
1877668
1877669
1877750
1877751
1877752
1877753
1877754
1877755
1877756
1877757
1877758
1877759
1877850
1877851
1877852
1877853
1877854
1877855
1877856
1877857
1877858
1877859
1877890
1877891
1877892
1877893
1877894
1877895
1877896
1380775
1380785
1387750
1387751
1387752
1387753
1387754
1387755
1387756
1387757
1387758
1387759
1387800
1387801
1387802
1387803
1387804
1387805
1387806
1387807
1387808
1387809
1387850
1387851
1387852
1387853
1387854
1387855
1387856
1387857
1387858
1387859
1667485
1667488
1667493
1667496
1667497
1667765
1667766
1667767
1667768
1667769
1667791
1667792
1667793
1667794
1667795
1667973
1667974
1667975
1510775
1510785
1510800
1510801
1510802
1510803
1510804
1510805
1510806
1510807
1510808
1510809
1517737
1517748
1517749
1517750
1517751
1517752
1517753
1517754
1517755
1517756
1517757
1517758
1517759
1517795
1826969
1580775
1580785
1580789
1587705
1587706
1587707
1587708
1587709
1587800
1587801
1587802
1587803
1587804
1587850
1587851
1587852
1587853
1587854
1587855
1587856
1587857
1587858
1587859
1587887
1587888
1344583
1344584
1345750
1345751
1345752
1345753
1345754
1345755
1345756
1345757
1345758
1345759
1345760
1345761
1345762
1345763
1345764
1347150
1347151
1347152
1347153
1347154
1347155
1347156
1347157
1347158
1347159
1347190
1347191
1347192
1347193
1347194
1348150
1348152
1348153
1348154
1348155
1348156
1348157
1348158
1348159
