1890881
1898810
1898811
1898812
1898813
1898814
1898817
1898818
1898819
1360878
1361881
1361941
1362871
1362880
1362881
1800881
1808793
1808802
1808803
1808804
1808805
1808806
1808807
1808809
1808810
1808811
1808896
1530881
1533177
1533178
1533430
1536861
1536862
1536863
1536864
1536881
1536890
1536891
1536892
1536893
1538880
1538881
1539380
1539381
1539382
1539383
1539391
1539393
1560881
1567042
1568790
1568791
1568792
1569701
1858701
1858702
1786772
1786773
1786985
1786986
1786987
1786988
1786989
1786997
1787440
1787441
1787442
1990881
1996910
1996911
1715691
1716691
1717691
1717694
1718470
1718690
1718691
1719691
1330881
1331270
1332048
1332498
1333048
1336881
1337881
1338881
1339881
1303597
1303598
1303599
1308530
1309524
1309962
1309963
1390088
1390881
1398810
1398811
1398812
1398813
1398814
1398815
1398816
1398817
1398818
1398819
1860881
1866915
1866918
1866919
1550881
1501212
1501213
1501214
1501215
1501216
1508760
1508761
1508762
1508763
1508764
1508765
1508766
1508767
1508768
1508769
1830690
1830691
1830889
1831321
1831322
1831323
1831324
1452891
1454643
1459410
1459411
1459412
1459413
1459414
1357810
1357811
1357812
1357813
1357814
1357815
1357816
1357841
1590881
1591179
1591279
1592464
1592465
1592466
1592467
1592468
1592469
1592540
1592541
1592542
1596915
1596916
1596917
1596918
1596919
1597493
1597494
1597495
1770881
1778703
1778724
1778732
1778754
1778755
1778756
1778757
1320881
1321183
1323861
1707833
1707869
1707879
1980691
1570690
1570691
1571870
1575205
1575206
1575207
1575230
1575231
1575232
1575233
1575234
1575235
1575236
1575237
1575238
1575239
1840689
1840691
1846962
1846963
1846964
1846965
1846966
1846967
1846968
1846969
1848789
1848790
1848791
1848792
1848793
1848794
1848795
1848796
1818377
1818718
1818749
1528725
1528726
1370861
1370881
1375925
1375926
1375927
1375928
1375929
1470881
1473674
1473675
1473676
1473677
1473678
1478716
1478800
1478801
1478802
1478803
1478804
1478805
1478806
1478807
1478808
1478809
1750881
1758727
1758739
1880691
1884960
1884961
1884962
1884963
1884993
1886910
1886911
1886912
1886913
1886914
1886915
1886916
1886917
1886918
1886919
1888708
1888709
1581215
1581216
1588760
1588761
1588762
1588763
1588779
1589430
1589431
1589432
1589433
1589434
1589435
1589445
1760691
1760693
1519840
1519841
1519842
1519843
1519844
1519845
1519846
1519847
1519848
1519849
1519867
1519868
1519869
1820690
1820691
1820692
1820693
1820694
1828800
1828801
1828802
1828803
1828804
1828805
1828806
1828807
1828808
1828809
1878790
1878791
1878792
1878793
1878794
1878795
1878796
1878797
1878798
1878799
1388790
1388791
1388792
1388793
1660690
1660691
1660695
1730881
1738704
1738729
1738749
1738750
1738751
1738773
1310881
1311418
1311691
1315076
1317053
1317054
1318797
