1350859
1351859
1359590
1359591
1359592
1359593
1359594
1359595
1359596
1359597
1359598
1359599
1452569
1454389
1454399
1459385
1459386
1459387
1459388
1459389
1770859
1771660
1771809
1778489
1778509
1778519
1778583
1778590
1778591
1778597
1778598
1590859
1598532
1598533
1598534
1598535
1598536
1598537
1598538
1598539
1598549
1830859
1830869
1838637
1838638
1838639
1838640
1838641
1838642
1838643
1838644
1838645
1838646
1838647
1838648
1838649
1838680
1838681
1838682
1838683
1838684
1838685
1838686
1838687
1838688
1838689
1838690
1838691
1838692
1838693
1838694
1838695
1838696
1838697
1838698
1838699
1500859
1508589
1508651
1508652
1508653
1508654
1508655
1508656
1508657
1508658
1508659
1390859
1398449
1398465
1398466
1398467
1398468
1398469
1398509
1398539
1398595
1398596
1398597
1398598
1398599
1550859
1551939
1551990
1551991
1551992
1551993
1551994
1551995
1551996
1551997
1551998
1551999
1558590
1558591
1558592
1558593
1558594
1558595
1558596
1558597
1558598
1558599
1559797
1559798
1559799
1559939
1860859
1868413
1868549
1868590
1868595
1868596
1868597
1868598
1868599
1869071
1869079
1930859
1933859
1938009
1938019
1938559
1939119
1939501
1301705
1303559
1304959
1308698
1309680
1309689
1309859
1330859
1331079
1331229
1331249
1331449
1332969
1333969
1336859
1337859
1337966
1337967
1337968
1337969
1338559
1339859
1907887
1907888
1907889
1780865
1780868
1789859
1850859
1858549
1858564
1858590
1858591
1858592
1858593
1560859
1568549
1568593
1568594
1568595
1568596
1568597
1568598
1568599
1569279
1990859
1991709
1998449
1998459
1998509
1998519
1998539
1998549
1998559
1530859
1532909
1532919
1532929
1532939
1532949
1532959
1532969
1532979
1532989
1532991
1533859
1533869
1533954
1534859
1800859
1808325
1808326
1808327
1808328
1808329
1808340
1808341
1808342
1808343
1808344
1808345
1808346
1808347
1808348
1808349
1808429
1808439
1808590
1808591
1808592
1808593
1808594
1808595
1808596
1808597
1808598
1808599
1890859
1893207
1893208
1893209
1898468
1898469
1898509
1898539
1898542
1898547
1898595
1898596
1898597
1898598
1898599
1953457
1362859
1363859
1364859
1365859
1366859
1367859
1368859
1730859
1738419
1738429
1738509
1738529
1738539
1738590
1738596
1738598
1738859
1311639
1311859
1312369
1315819
1315829
1315830
1315839
1319519
1319529
1870859
1874495
1874496
1874497
1874498
1874499
1874880
1874881
1874882
1874883
1874884
1874885
1874886
1874887
1874888
1874889
1874890
1874891
1874892
1874893
1874894
1874895
1874896
1874897
1874898
1874899
1878590
1878591
1878592
1878593
1878594
1878595
1878596
1878597
1878598
1878599
1878873
1878874
1878875
1878876
1878877
1878878
1878879
1660859
1668389
1668399
1668479
1668489
1668499
1668509
1668519
1668529
1668549
1668595
1668596
1668597
1668598
1668599
1668798
1668799
1388590
1388591
1388592
1388593
1388594
1388595
1388596
1388597
1388598
1388599
1820859
1820860
1820861
1820862
1820863
1820864
1820865
1820866
1820867
1820868
1820869
1821288
1821289
1822490
1822491
1822492
1822493
1822494
1822495
1822496
1822497
1822498
1822499
1828590
1828591
1828592
1828593
1828594
1828595
1828596
1828597
1828598
1828599
1828690
1828691
1828692
1828693
1828694
1828695
1828696
1828697
1828698
1828699
1829600
1829601
1829602
1829603
1829604
1829605
1829606
1829607
1829608
1829609
1510859
1511730
1511731
1511732
1511733
1511734
1511735
1511736
1511737
1511738
1511739
1512155
1512156
1512157
1512158
1512159
1518635
1518636
1518637
1518638
1518639
1518640
1518641
1518642
1518643
1518644
1518645
1518646
1518647
1518648
1518649
1518650
1518651
1518652
1518653
1518654
1518655
1518656
1518657
1518658
1518659
1760859
1767890
1767899
1768409
1768415
1768519
1768529
1580859
1587033
1587034
1587035
1587036
1587037
1587038
1587039
1588549
1588595
1588596
1588597
1588598
1588599
1470859
1472745
1472746
1472747
1472748
1472749
1472875
1472876
1472877
1472878
1472879
1478519
1478537
1478538
1478539
1478605
1478606
1478607
1478608
1478609
1370859
1880859
1888590
1888591
1888592
1888593
1888594
1888595
1888596
1888597
1888598
1888599
1888690
1888691
1888692
1888693
1888694
1888695
1888696
1888697
1888698
1888699
1750859
1758429
1758439
1758449
1758509
1758549
1758554
1758555
1758559
1758609
1758619
1758629
1758639
1758687
1758688
1758689
1758699
1758746
1758747
1758748
1758749
1758789
1758859
1758894
1758895
1758896
1758897
1758898
1758899
1520859
1528545
1528546
1528547
1528548
1528549
1810859
1815319
1818419
1818425
1818537
1818567
1818579
1818590
1818591
1818592
1818593
1818594
1818596
1818597
1818598
1818599
1818809
1818819
1818820
1818821
1818822
1818823
1818824
1818859
1980859
1840859
1848480
1848481
1848482
1848483
1848484
1848485
1848486
1848487
1848488
1848489
1848590
1848591
1848592
1848593
1848594
1848595
1848596
1848597
1848598
1848599
1848670
1848671
1848672
1848673
1848674
1848675
1848676
1848677
1848678
1848679
1570859
1570869
1571859
1571869
1572179
1576154
1576155
1576156
1576157
1576158
1576159
1577290
1577291
1577292
1577293
1577294
1577295
1577296
1577297
1577298
1577299
1323859
1910859
1911764
1911773
1911774
1911775
1918433
1918437
1918449
1918459
1918509
1918559
1918577
1918590
1918591
1918592
1918593
1918594
1918595
1918596
1918597
1918598
1918599
1919259
1700859
1701880
1701881
1701882
1930853
1931662
1931663
1933853
1938003
1938013
1938014
1938553
1939113
1300789
1301708
1301709
1301744
1302789
1303558
1304950
1304951
1308690
1309853
1550853
1551930
1558533
1558536
1559780
1559919
1559930
1559931
1860853
1868419
1868530
1868535
1868536
1868537
1868538
1868539
1868543
1869077
1671850
1390853
1398443
1398530
1398531
1398532
1398570
1398571
1398572
1398573
1398574
1830853
1830863
1833400
1833401
1833402
1833403
1833404
1833405
1833406
1833407
1833408
1833409
1833410
1833411
1833412
1833413
1833414
1838538
1838539
1838540
1838541
1838542
1838543
1838544
1838545
1500853
1770853
1771803
1778483
1778503
1778533
1778543
1590253
1590254
1590263
1590264
1590853
1598530
1598531
1452563
1454383
1454393
1459355
1459356
1459357
1459358
1459359
1350853
1351853
1359530
1359531
1359532
1359533
1359534
1359535
1359536
1359537
1359538
1359539
1361853
1363853
1364853
1365853
1366853
1367853
1368853
1369850
1369851
1369852
1890853
1893442
1893443
1898452
1898453
1898454
1898530
1898531
1898532
1898543
1898570
1898571
1898572
1898573
1898574
1530853
1532903
1532913
1532923
1532933
1532943
1532953
1532963
1532973
1532983
1533853
1533863
1533953
1534853
1800853
1808314
1808315
1808316
1808330
1808331
1808332
1808333
1808334
1808335
1808336
1808337
1808338
1808339
1808430
1808431
1808530
1808531
1808532
1808533
1808534
1808535
1808536
1808537
1808538
1808539
1990853
1998443
1998503
1998513
1998533
1998563
1850853
1858539
1858579
1858589
1858643
1858668
1858669
1859383
1780853
1784400
1784401
1784858
1784859
1788519
1788520
1788521
1788522
1788608
1788609
1788610
1788611
1789853
1560853
1568535
1568536
1568537
1568538
1568539
1568543
1569273
1330853
1331043
1331073
1331240
1331241
1332963
1333963
1336853
1336863
1337853
1338513
1338553
1339853
1713853
1715853
1716853
1717850
1717853
1717855
1717858
1760853
1768403
1768413
1768513
1768523
1768537
1580853
1587015
1587016
1587017
1588570
1588571
1588572
1588573
1588574
1588575
1588576
1820853
1822460
1822461
1822462
1822463
1822464
1822465
1822466
1822467
1822468
1822469
1822470
1822471
1822472
1822473
1822474
1822475
1822476
1822477
1822478
1822479
1828530
1828531
1828532
1828533
1828534
1828535
1828536
1828537
1828538
1828539
1828630
1828631
1828632
1828633
1828634
1828635
1828636
1828637
1828638
1828639
1510853
1511775
1511776
1511777
1511778
1511779
1512130
1512131
1512132
1512133
1512134
1518535
1518536
1518537
1518538
1518539
1518540
1518541
1518542
1518543
1518544
1660853
1668383
1668393
1668473
1668483
1668493
1668503
1668513
1668523
1668543
1668565
1668566
1668567
1668568
1668569
1668786
1668787
1388530
1388531
1388532
1388533
1388534
1388535
1388536
1388537
1388538
1388539
1870853
1872270
1872271
1872272
1872273
1872274
1872275
1872276
1872277
1872278
1872279
1874470
1874471
1874472
1874473
1874474
1878530
1878531
1878532
1878533
1878534
1878535
1878536
1878537
1878538
1878539
1878865
1878866
1878867
1311640
1311641
1311853
1312363
1312463
1315813
1315823
1315831
1315833
1319513
1319523
1730853
1700853
1701857
1701858
1701859
1320850
1320853
1323850
1323851
1910853
1918503
1918543
1840853
1848415
1848416
1848417
1848418
1848419
1848530
1848531
1848532
1848533
1848534
1848610
1848611
1848612
1848613
1848614
1848615
1848616
1848617
1848618
1848619
1570853
1570863
1571853
1571863
1572219
1576116
1576117
1576118
1577230
1577231
1577232
1577233
1577234
1577235
1577236
1577237
1577238
1577239
1980853
1981537
1988510
1988511
1988512
1988513
1988514
1988575
1988576
1988577
1988578
1988579
1988673
1650805
1652793
1520853
1810853
1815313
1818413
1818530
1818531
1818532
1818533
1818534
1818538
1818539
1818803
1818813
1818853
1750853
1758423
1758433
1758443
1758480
1758482
1758483
1758501
1758503
1758513
1758523
1758543
1758552
1758603
1758613
1758623
1758633
1758673
1758693
1758770
1758853
1758867
1758868
1758869
1880853
1888530
1888531
1888532
1888533
1888534
1888535
1888536
1888537
1888538
1888539
1888615
1888616
1888617
1888618
1888619
1889250
1889251
1889252
1889253
1889254
1370853
1372153
1372154
1372155
1376530
1376531
1376532
1376533
1376534
1376535
1376536
1376537
1376538
1376539
1470853
1470867
1470868
1470869
1478513
1478580
1478581
1478582
1478583
1478584
1330857
1331047
1331070
1331077
1331247
1331248
1331447
1332967
1333967
1336857
1336867
1337857
1337965
1338517
1338557
1339857
1713857
1715857
1716857
1717857
1717859
1717920
1717921
1990857
1998447
1998507
1998517
1998537
1998547
1998557
1780846
1780847
1780848
1780849
1780857
1780860
1780861
1780862
1780863
1784420
1784421
1784422
1784423
1784424
1784425
1784426
1784427
1788537
1788538
1788539
1788630
1788631
1788632
1788633
1788634
1788635
1788636
1788637
1789857
1850857
1858547
1858563
1858565
1858667
1560857
1567097
1568547
1568570
1568571
1568572
1568573
1568574
1568575
1568576
1568577
1568578
1568579
1568591
1568592
1568807
1569277
1530857
1532907
1532917
1532927
1532937
1532947
1532957
1532967
1532977
1532987
1532997
1533857
1533867
1533868
1533957
1534857
1800857
1807600
1807601
1807602
1807603
1807604
1807605
1807606
1807607
1807608
1807609
1807610
1807611
1807612
1807613
1807614
1807615
1807616
1807617
1807618
1807619
1808366
1808367
1808427
1808437
1808570
1808571
1808572
1808573
1808574
1808575
1808576
1808577
1808578
1808579
1362857
1363815
1363816
1363817
1363818
1363819
1363857
1364857
1365857
1366857
1367857
1368857
1369853
1369854
1369855
1369856
1369857
1890857
1893448
1893449
1898445
1898446
1898447
1898448
1898470
1898471
1898472
1898473
1898474
1898475
1898476
1898477
1898478
1898479
1898535
1898536
1898587
1898588
1898589
1770857
1771667
1771807
1778487
1778497
1778507
1778517
1778570
1778571
1778574
1778575
1778576
1778578
1778579
1590257
1590258
1590259
1590265
1590266
1590267
1590857
1593470
1593471
1593472
1593473
1593474
1593475
1593476
1593477
1593478
1593479
1598543
1598544
1598545
1598546
1598547
1598548
1452567
1454387
1454397
1459374
1459375
1459376
1459377
1459378
1459379
1350857
1351857
1359570
1359571
1359572
1359573
1359574
1359575
1359576
1359577
1359578
1359579
1830857
1830867
1833415
1833416
1833417
1833418
1833419
1833420
1833421
1833422
1833423
1833424
1833425
1833426
1833427
1833428
1833429
1838603
1838604
1838605
1838606
1838607
1838608
1838609
1838610
1838611
1838612
1838613
1838614
1838615
1838616
1838617
1838618
1838619
1838620
1838621
1838622
1838623
1838624
1838625
1838626
1838627
1838628
1838629
1838630
1838631
1838632
1838633
1838634
1838635
1838636
1839690
1839691
1839692
1839693
1839694
1839695
1839696
1839697
1839698
1839699
1500857
1508530
1508531
1508532
1508533
1508534
1508535
1508536
1508537
1508538
1508539
1508570
1508571
1508572
1508573
1508574
1508575
1508576
1508577
1508578
1508579
1508580
1508581
1508625
1508630
1508631
1508632
1508633
1508634
1508635
1508636
1508637
1508638
1508639
1508650
1550857
1551931
1551932
1551933
1551934
1551935
1551936
1551937
1551970
1551971
1551972
1551973
1551974
1551975
1551976
1551977
1551978
1551979
1558547
1558554
1558557
1558567
1558570
1558571
1558572
1558573
1558574
1558575
1558576
1558577
1558578
1558579
1559793
1559794
1559795
1559796
1559932
1559933
1559934
1559935
1559936
1559937
1559938
1860857
1868533
1868534
1868547
1868551
1868570
1868571
1868572
1868573
1868574
1868575
1868576
1868577
1868578
1868579
1390857
1398447
1398455
1398456
1398457
1398458
1398459
1398470
1398471
1398472
1398473
1398474
1398475
1398476
1398477
1398478
1398479
1398535
1398536
1398587
1398588
1398589
1930857
1933856
1938007
1938017
1938557
1939117
1939506
1939520
1939521
1939525
1939529
1939531
1939532
1939533
1939534
1939535
1939536
1939537
1939538
1939539
1301706
1303554
1304854
1304855
1304957
1308786
1309682
1309687
1309857
1880857
1884860
1884861
1884862
1884863
1884864
1888570
1888571
1888572
1888573
1888574
1888575
1888576
1888577
1888578
1888579
1888670
1888671
1888672
1888673
1888674
1888675
1888676
1888677
1888678
1888679
1750857
1758427
1758437
1758447
1758496
1758497
1758498
1758499
1758525
1758526
1758527
1758528
1758529
1758530
1758532
1758533
1758541
1758548
1758562
1758563
1758564
1758565
1758566
1758567
1758568
1758607
1758617
1758627
1758637
1758650
1758651
1758652
1758653
1758654
1758655
1758656
1758657
1758658
1758659
1758660
1758661
1758662
1758663
1758664
1758665
1758666
1758667
1758668
1758669
1758670
1758671
1758672
1758697
1758740
1758774
1758775
1758776
1758777
1758778
1758779
1758780
1758781
1758782
1758783
1758857
1758881
1758882
1758883
1758884
1758885
1758886
1758887
1758888
1758889
1370857
1372150
1372151
1372152
1372158
1372159
1376585
1376586
1376587
1376588
1376589
1470857
1472760
1472761
1472762
1472763
1472764
1472765
1472766
1472767
1472768
1472769
1472860
1472861
1472862
1472863
1472864
1472865
1472866
1472867
1472868
1472869
1478517
1478530
1478531
1478532
1478533
1478610
1478611
1478612
1478613
1478614
1478615
1478616
1478617
1478618
1520857
1528460
1528461
1528462
1528463
1528464
1528465
1528466
1528467
1528468
1528469
1528565
1528566
1528567
1528568
1528569
1528570
1528571
1528572
1528573
1528574
1528575
1528576
1528577
1528578
1528579
1528650
1528651
1528652
1528653
1528654
1528655
1528656
1528657
1528658
1528659
1810857
1814357
1814620
1814621
1814622
1814623
1814624
1814625
1814626
1814627
1814628
1814629
1815317
1818417
1818426
1818427
1818430
1818431
1818432
1818433
1818440
1818441
1818442
1818443
1818444
1818570
1818571
1818572
1818573
1818574
1818575
1818576
1818577
1818578
1818807
1818817
1818857
1819817
1819818
1819819
1840857
1848460
1848461
1848462
1848463
1848464
1848465
1848466
1848467
1848468
1848469
1848570
1848571
1848572
1848573
1848574
1848575
1848576
1848577
1848578
1848579
1848580
1848581
1848582
1848583
1848584
1848640
1848641
1848642
1848643
1848644
1848645
1848646
1848647
1848648
1848649
1848650
1848651
1848652
1848653
1848654
1848655
1848656
1848657
1848658
1848659
1570857
1570867
1571857
1571867
1572174
1572175
1572176
1576139
1576140
1576141
1576142
1576143
1576144
1576145
1576146
1576147
1577270
1577271
1577272
1577273
1577274
1577275
1577276
1577277
1577278
1577279
1650157
1650658
1650809
1650810
1650857
1651857
1652054
1652613
1652790
1652795
1652796
1652797
1652798
1980857
1980860
1980861
1980862
1980863
1980864
1980865
1980866
1980867
1980868
1980869
1981531
1981660
1981661
1981662
1981663
1981664
1981665
1981666
1981667
1981668
1981669
1981670
1981671
1981672
1981673
1981674
1981675
1981676
1981677
1981678
1981679
1984040
1984041
1984042
1984043
1984044
1984045
1984046
1984047
1984048
1984049
1988550
1988551
1988552
1988553
1988554
1988555
1988556
1988557
1988558
1988559
1988677
1988690
1988691
1988692
1988693
1988694
1988695
1988696
1988697
1988698
1988699
1700857
1701860
1701861
1701862
1320857
1320858
1320859
1323852
1323857
1323858
1910857
1918507
1918547
1311646
1311647
1311857
1312367
1315827
1319517
1319527
1730857
1738427
1738507
1738527
1738532
1738537
1738578
1738857
1660857
1668387
1668397
1668477
1668487
1668497
1668507
1668517
1668527
1668547
1668585
1668586
1668587
1668588
1668589
1668794
1668795
1388570
1388571
1388572
1388573
1388574
1388575
1388576
1388577
1388578
1388579
1870857
1874490
1874491
1874492
1874493
1874494
1874850
1874851
1874852
1874853
1874854
1874855
1874856
1874857
1874858
1874859
1878570
1878571
1878572
1878573
1878574
1878575
1878576
1878577
1878578
1878579
1878645
1878646
1878647
1878648
1878649
1878650
1878651
1878652
1878653
1878654
1878655
1878656
1878657
1878658
1878659
1879830
1879831
1879832
1879833
1879834
1879835
1879836
1879837
1879838
1879839
1820857
1821255
1821256
1821257
1821258
1821259
1821260
1821261
1821262
1821263
1821264
1821265
1821266
1821267
1821268
1821269
1821270
1821271
1821272
1821273
1821274
1821275
1821276
1821277
1821278
1821279
1821280
1821281
1821282
1821283
1823075
1823076
1823077
1823078
1823079
1823080
1823081
1823082
1823083
1823084
1823085
1823086
1823087
1823088
1823089
1823090
1823091
1823092
1823093
1823094
1823095
1823096
1823097
1823098
1823099
1828570
1828571
1828572
1828573
1828574
1828575
1828576
1828577
1828578
1828579
1828670
1828671
1828672
1828673
1828674
1828675
1828676
1828677
1828678
1828679
1510857
1511750
1511751
1511752
1511753
1511754
1511755
1511756
1511757
1511758
1511759
1511760
1511761
1511762
1511763
1511764
1511765
1511766
1511767
1511768
1511769
1512148
1512149
1512150
1512151
1512152
1512153
1512154
1518605
1518606
1518607
1518608
1518609
1518610
1518611
1518612
1518613
1518614
1518615
1518616
1518617
1518618
1518619
1760857
1767897
1768405
1768407
1768410
1768416
1768417
1768517
1768527
1580857
1588519
1588520
1588521
1588522
1588523
1588524
1588525
1588526
1588527
1588528
1588529
1588530
1588531
1588585
1588586
1588587
1588588
1588589
1820856
1821246
1821247
1821248
1821249
1821250
1821251
1821252
1821253
1821254
1828560
1828561
1828562
1828563
1828564
1828565
1828566
1828567
1828568
1828569
1828660
1828661
1828662
1828663
1828664
1828665
1828666
1828667
1828668
1828669
1510856
1511770
1511771
1511772
1511773
1511774
1512160
1512161
1512162
1512163
1512164
1512165
1512166
1512167
1512168
1512169
1518580
1518581
1518582
1518583
1518584
1518585
1518586
1518587
1518588
1518589
1518590
1518591
1518592
1518593
1518594
1518595
1518596
1518597
1518598
1518599
1518600
1518601
1518602
1518603
1518604
1760856
1767896
1768406
1768516
1768536
1768539
1580856
1587018
1587019
1588514
1588515
1588516
1588517
1588518
1588577
1588578
1588579
1311648
1311856
1312366
1315826
1315836
1319516
1319526
1730856
1731191
1731196
1738426
1738506
1738526
1738560
1738568
1738856
1660856
1668386
1668396
1668476
1668486
1668496
1668506
1668516
1668526
1668546
1668580
1668581
1668582
1668583
1668584
1668792
1668793
1388560
1388561
1388562
1388563
1388564
1388565
1388566
1388567
1388568
1388569
1870856
1870860
1870861
1870862
1870863
1870864
1872290
1872291
1872292
1872293
1872294
1872295
1872296
1872297
1872298
1872299
1874485
1874486
1874487
1874488
1874489
1878560
1878561
1878562
1878563
1878564
1878565
1878566
1878567
1878568
1878569
1840856
1848450
1848451
1848452
1848453
1848454
1848455
1848456
1848457
1848458
1848459
1848560
1848561
1848562
1848563
1848564
1848565
1848566
1848567
1848568
1848569
1570856
1570866
1571856
1571866
1572173
1576132
1576133
1576134
1576135
1576136
1576137
1576138
1577260
1577261
1577262
1577263
1577264
1577265
1577266
1577267
1577268
1577269
1980856
1981534
1988515
1988516
1988517
1988518
1988519
1988676
1988680
1988681
1988682
1988683
1988684
1650803
1651856
1652609
1652801
1700856
1701866
1701867
1701868
1701869
1323856
1910856
1911763
1911765
1911766
1911767
1911769
1918436
1918446
1918447
1918456
1918457
1918506
1918531
1918546
1918560
1918561
1918562
1918563
1918564
1918565
1918566
1918567
1918568
1918569
1919251
1919252
1919253
1919254
1919256
1919257
1750856
1758426
1758436
1758446
1758492
1758493
1758494
1758495
1758514
1758516
1758560
1758561
1758582
1758583
1758584
1758585
1758586
1758587
1758588
1758589
1758606
1758616
1758626
1758636
1758696
1758771
1758772
1758773
1758856
1758872
1758873
1758874
1758875
1758876
1758877
1758878
1758879
1758880
1880856
1884850
1884851
1884852
1884853
1884854
1888560
1888561
1888562
1888563
1888564
1888565
1888566
1888567
1888568
1888569
1888630
1888631
1888632
1888633
1888634
1888635
1888636
1888637
1888638
1888639
1370856
1372156
1372157
1376560
1376561
1376562
1376563
1376564
1376565
1376566
1376567
1376568
1376569
1470856
1472870
1472871
1472872
1472873
1472874
1478516
1478527
1478528
1478529
1478600
1478601
1478602
1478603
1478604
1520856
1528540
1528541
1528542
1528543
1528544
1528640
1528641
1528642
1528643
1528644
1528670
1528671
1528672
1528673
1528674
1528675
1528676
1528677
1528678
1528679
1810856
1815316
1818416
1818560
1818561
1818562
1818563
1818564
1818568
1818569
1818806
1818816
1818856
1550856
1551938
1558560
1558561
1558565
1558566
1558568
1558569
1559790
1559791
1559792
1559946
1559947
1559948
1559949
1860856
1868546
1868560
1868565
1868566
1868567
1868568
1868569
1869076
1390856
1398446
1398533
1398534
1398585
1398586
1930856
1933858
1938006
1938016
1938556
1939116
1939502
1939507
1301700
1303557
1304956
1308699
1309686
1309856
1770856
1771663
1771806
1778486
1778506
1778529
1778563
1778565
1778567
1778568
1590256
1590856
1598560
1598561
1598562
1598563
1598564
1598565
1598566
1598567
1452566
1454386
1454396
1459370
1459371
1459372
1459373
1350856
1351856
1359560
1359561
1359562
1359563
1359564
1359565
1359566
1359567
1359568
1359569
1830856
1830866
1831170
1831171
1831172
1831173
1831174
1831175
1831176
1831177
1831178
1831179
1831180
1831181
1831182
1831183
1831184
1831185
1831186
1831187
1831188
1831189
1838585
1838586
1838587
1838588
1838589
1838590
1838591
1838592
1838593
1838594
1838595
1838596
1838597
1838598
1838599
1838600
1838601
1838602
1500856
1508583
1508626
1508627
1508628
1508629
1530856
1532906
1532916
1532926
1532936
1532946
1532956
1532961
1532976
1532986
1532995
1533856
1533864
1533956
1534856
1800856
1808320
1808321
1808322
1808323
1808324
1808350
1808351
1808352
1808353
1808354
1808355
1808356
1808357
1808358
1808359
1808506
1808560
1808561
1808562
1808563
1808564
1808565
1808566
1808567
1808568
1808569
1361856
1363810
1363811
1363812
1363813
1363814
1363856
1364856
1365856
1366856
1367856
1368856
1890856
1893205
1893206
1893446
1893447
1898465
1898466
1898467
1898533
1898534
1898546
1898585
1898586
1330856
1331046
1331071
1331076
1331245
1331446
1332966
1333966
1336856
1337856
1337964
1338556
1339856
1713856
1715856
1716856
1717856
1717922
1717923
1990856
1991706
1998446
1998456
1998506
1998516
1998536
1998546
1998556
1998586
1850856
1858560
1858561
1858594
1858595
1858596
1858597
1858598
1858599
1858644
1858645
1858662
1858663
1858664
1858665
1858666
1780840
1780841
1780842
1780843
1780844
1780845
1780856
1784414
1784415
1784416
1784417
1784418
1784419
1788624
1788625
1788626
1788627
1788628
1788629
1789856
1560856
1568546
1568564
1568565
1568566
1568567
1568568
1568569
1568801
1568802
1568803
1568804
1568806
1568809
1569276
1890852
1893440
1893441
1898420
1898421
1898422
1898423
1898424
1898425
1898426
1898427
1898428
1898429
1898490
1898491
1898492
1898493
1898494
1898495
1898496
1898497
1898498
1898499
1898520
1898521
1898522
1898523
1898524
1898525
1898526
1898560
1898561
1898562
1898563
1898564
1898565
1898566
1898567
1898568
1898569
1361852
1362852
1362853
1363852
1363920
1363921
1363922
1363923
1363924
1363925
1363926
1363927
1363928
1363929
1364852
1365852
1366852
1367852
1368852
1530852
1532902
1532911
1532912
1532921
1532922
1532932
1532942
1532951
1532952
1532962
1532971
1532972
1532982
1532988
1532992
1532999
1533852
1533862
1533952
1534850
1534852
1534860
1534861
1534862
1534863
1534864
1534865
1534866
1534867
1534868
1534869
1800852
1807620
1807621
1807622
1807623
1807624
1807625
1807626
1807627
1807628
1807629
1808363
1808364
1808365
1808420
1808421
1808520
1808521
1808522
1808523
1808524
1808525
1808526
1808527
1808528
1808529
1808960
1808961
1808962
1808963
1808964
1808965
1808966
1808967
1808968
1808969
1850852
1858442
1858443
1858444
1858445
1858446
1858447
1858448
1858449
1858520
1858521
1858522
1858523
1858524
1858525
1858526
1858527
1858528
1858529
1858530
1858531
1858532
1858533
1858534
1858535
1858536
1858537
1858538
1858570
1858571
1858572
1858573
1858574
1858575
1858576
1858577
1858630
1858631
1858632
1858633
1858634
1858635
1858636
1858637
1858638
1858639
1858640
1858641
1858642
1858670
1858671
1858672
1858673
1858674
1858675
1858676
1858677
1858678
1858679
1780852
1784850
1784851
1784852
1784853
1784854
1784855
1784856
1784857
1788510
1788511
1788512
1788513
1788514
1788515
1788516
1788517
1788518
1788534
1788535
1788536
1788600
1788601
1788605
1788606
1789852
1560852
1567092
1568520
1568521
1568522
1568523
1568524
1568525
1568526
1568527
1568528
1568529
1568532
1568533
1568534
1568542
1568552
1568561
1568562
1569272
1991702
1998442
1998444
1998452
1998453
1998454
1998455
1998502
1998512
1998520
1998522
1998523
1998524
1998525
1998529
1998532
1998542
1998543
1998552
1998562
1998567
1998568
1998569
1998572
1998574
1998576
1998577
1998578
1998579
1998582
1998584
1998587
1998588
1998589
1998592
1998593
1998594
1998597
1998598
1713852
1715852
1716852
1717852
1717925
1717926
1717927
1717928
1717929
1330852
1331041
1331042
1331048
1331049
1331072
1331230
1331231
1331232
1331233
1331234
1331235
1331440
1331441
1331442
1331443
1332962
1333962
1336852
1336862
1336866
1337852
1337960
1338512
1338519
1338552
1339852
1930852
1931660
1931661
1933852
1938002
1938012
1938552
1939112
1939503
1939508
1939522
1939526
1300787
1301740
1301741
1301749
1302787
1303550
1303551
1303552
1303553
1304850
1304851
1304857
1304858
1304859
1308787
1308788
1308789
1309052
1309670
1309671
1309672
1309673
1309674
1309675
1309676
1309677
1309678
1309679
1309852
1390852
1398420
1398421
1398422
1398423
1398424
1398425
1398426
1398427
1398428
1398429
1398442
1398450
1398451
1398452
1398453
1398454
1398490
1398491
1398492
1398493
1398494
1398495
1398496
1398497
1398498
1398499
1398520
1398521
1398522
1398523
1398524
1398525
1398526
1398560
1398561
1398562
1398563
1398564
1398565
1398566
1398567
1398568
1398569
1550852
1551920
1551921
1551922
1551923
1551924
1551925
1551926
1551927
1551928
1551929
1551944
1551960
1551961
1551962
1551963
1551964
1551965
1551966
1558500
1558501
1558502
1558503
1558504
1558505
1558506
1558507
1558508
1558509
1558520
1558521
1558522
1558523
1558544
1558562
1559773
1559774
1559775
1559776
1559920
1559921
1559922
1559923
1559924
1559925
1559926
1559927
1559928
1559929
1860852
1868414
1868520
1868521
1868522
1868523
1868524
1868525
1868526
1868527
1868528
1868529
1868542
1868553
1868561
1868562
1868563
1868564
1868591
1868592
1868593
1868594
1830090
1830091
1830092
1830093
1830094
1830095
1830096
1830097
1830098
1830099
1830852
1830862
1831150
1831151
1831152
1831153
1831154
1831155
1831156
1831157
1831158
1831159
1831160
1831161
1831162
1831163
1831164
1831165
1831166
1831167
1831168
1831169
1838500
1838501
1838502
1838503
1838504
1838505
1838506
1838507
1838508
1838509
1838510
1838511
1838512
1838513
1838514
1838515
1838516
1838517
1838518
1838519
1838520
1838521
1838522
1838523
1838524
1838525
1838526
1838527
1838528
1838529
1838530
1838531
1838532
1838533
1838534
1838535
1838536
1838537
1500852
1508500
1508501
1508502
1508503
1508504
1508505
1508506
1508507
1508508
1508509
1508510
1508511
1508512
1508513
1508540
1508541
1508542
1508543
1508544
1508545
1508546
1508547
1508548
1508549
1508550
1508551
1508552
1508553
1508554
1508555
1508556
1508557
1508558
1508559
1508560
1508561
1508562
1508563
1508564
1508605
1508606
1508607
1508608
1508609
1350851
1350852
1351180
1351181
1351182
1351183
1351184
1351185
1351186
1351187
1351188
1351189
1351852
1359520
1359521
1359522
1359523
1359524
1359525
1359526
1359527
1359528
1359529
1452562
1453563
1453569
1454382
1454392
1459350
1459351
1459352
1459353
1459354
1770852
1771664
1771666
1771802
1778482
1778492
1778493
1778494
1778502
1778520
1778521
1778522
1778523
1778524
1778525
1778526
1778532
1778542
1778562
1778572
1778577
1778582
1590252
1590262
1590852
1593460
1593461
1593462
1593463
1593464
1593465
1593466
1593467
1593468
1593469
1598502
1598503
1598504
1598505
1598506
1598507
1598508
1598509
1598520
1598521
1598522
1598523
1598524
1598525
1598526
1598527
1598528
1598529
1320852
1910852
1911760
1911761
1911762
1911770
1911771
1911772
1911776
1911777
1911778
1911779
1911780
1911781
1911784
1915120
1915122
1915123
1915124
1915125
1915126
1915127
1915128
1915129
1916512
1918432
1918438
1918439
1918440
1918441
1918442
1918445
1918452
1918453
1918458
1918502
1918510
1918511
1918512
1918513
1918514
1918515
1918516
1918517
1918518
1918519
1918520
1918521
1918522
1918523
1918524
1918525
1918526
1918527
1918528
1918529
1918532
1918534
1918542
1918549
1918570
1918571
1918572
1918573
1918574
1918575
1918578
1918579
1700852
1701876
1701877
1701878
1701879
1980852
1981530
1988505
1988506
1988507
1988508
1988509
1988570
1988571
1988572
1988573
1988574
1988672
1650156
1650652
1650807
1650852
1651852
1651853
1652017
1652802
1652807
1653742
1840852
1848420
1848421
1848422
1848423
1848424
1848425
1848426
1848427
1848428
1848429
1848515
1848516
1848517
1848518
1848519
1848520
1848521
1848522
1848523
1848524
1848525
1848526
1848527
1848528
1848529
1848600
1848601
1848602
1848603
1848604
1848605
1848606
1848607
1848608
1848609
1570852
1570862
1571852
1571862
1572215
1572216
1572217
1572218
1576107
1576108
1576109
1576110
1576111
1576112
1576113
1576114
1576115
1576195
1576196
1576197
1576198
1576199
1577200
1577201
1577202
1577203
1577204
1577205
1577206
1577207
1577208
1577209
1577210
1577211
1577212
1577213
1577214
1577215
1577216
1577217
1577218
1577219
1577220
1577221
1577222
1577223
1577224
1577225
1577226
1577227
1577228
1577229
1578565
1520852
1520860
1520861
1520862
1520863
1520864
1520865
1520866
1520867
1520868
1520869
1528520
1528521
1528522
1528523
1528524
1528610
1528611
1528612
1528613
1528614
1528615
1528616
1528617
1528618
1528619
1810852
1814352
1814356
1815312
1815314
1816690
1816691
1816692
1816693
1816694
1816695
1816696
1816697
1816698
1816699
1818340
1818341
1818342
1818343
1818344
1818345
1818346
1818347
1818348
1818349
1818412
1818420
1818421
1818422
1818423
1818424
1818436
1818437
1818445
1818446
1818447
1818448
1818449
1818505
1818506
1818520
1818521
1818522
1818523
1818524
1818525
1818526
1818527
1818528
1818529
1818535
1818536
1818565
1818566
1818802
1818812
1818852
1819830
1819831
1819832
1819833
1819834
1819835
1819836
1470852
1470860
1470861
1470862
1470863
1470864
1470865
1470866
1472850
1472851
1472852
1472853
1472854
1472855
1472856
1472857
1472858
1472859
1478512
1478566
1478567
1478568
1478569
1478570
1478571
1478572
1478573
1478574
1478575
1478576
1478577
1478578
1478579
1478599
1478619
1370850
1370851
1370852
1376520
1376521
1376522
1376523
1376524
1376525
1376526
1376527
1376528
1376529
1376590
1376591
1376592
1376593
1376594
1376595
1376596
1376597
1376598
1376599
1750852
1758422
1758432
1758442
1758475
1758476
1758478
1758479
1758502
1758505
1758506
1758507
1758512
1758522
1758592
1758594
1758597
1758602
1758612
1758622
1758632
1758692
1758758
1758759
1758760
1758761
1758762
1758763
1758764
1758765
1758766
1758767
1758768
1758769
1758852
1758863
1758864
1758865
1758866
1880852
1888520
1888521
1888522
1888523
1888524
1888525
1888526
1888527
1888528
1888529
1888620
1888621
1888622
1888623
1888624
1888625
1888626
1888627
1888628
1888629
1889240
1889241
1889242
1889243
1889244
1889245
1889246
1889247
1889248
1889249
1760852
1768512
1768520
1768521
1768524
1768532
1580852
1587010
1587011
1587012
1587013
1587014
1588560
1588561
1588562
1588563
1588564
1588565
1588566
1588567
1588568
1588569
1820840
1820841
1820842
1820843
1820844
1820845
1820846
1820847
1820848
1820849
1820852
1820980
1820981
1820982
1820983
1820984
1820985
1820986
1820987
1820988
1820989
1821203
1821204
1821205
1821206
1821207
1821208
1821209
1821210
1821211
1821212
1821213
1821214
1821215
1821216
1821217
1821218
1821219
1821220
1821221
1827540
1827541
1827542
1827543
1827544
1827545
1827546
1827547
1827548
1827549
1827550
1827551
1827552
1827553
1827554
1827555
1827556
1827557
1827558
1827559
1827560
1827561
1827562
1827563
1827564
1827565
1827566
1827567
1827568
1827569
1828520
1828521
1828522
1828523
1828524
1828525
1828526
1828527
1828528
1828529
1828620
1828621
1828622
1828623
1828624
1828625
1828626
1828627
1828628
1828629
1510852
1512010
1512011
1512012
1512013
1512014
1512015
1512016
1512017
1512018
1512019
1512020
1512021
1512022
1512023
1512024
1512025
1512026
1512027
1512028
1512029
1512030
1512031
1512032
1512033
1512034
1512035
1512036
1512037
1512038
1512039
1512120
1512121
1512122
1512123
1512124
1512125
1512126
1512127
1512128
1512129
1518075
1518076
1518520
1518521
1518522
1518523
1518524
1518525
1518526
1518527
1518528
1518529
1518530
1518531
1518532
1518533
1518534
1518660
1518661
1518662
1518663
1518664
1518665
1518666
1518667
1518668
1518669
1518670
1518671
1518672
1518673
1518674
1518675
1518676
1870852
1878520
1878521
1878522
1878523
1878524
1878525
1878526
1878527
1878528
1878529
1878615
1878616
1878617
1878618
1878619
1878620
1878621
1878622
1878623
1878624
1878625
1878626
1878627
1878628
1878629
1878630
1878631
1878632
1878633
1878634
1878680
1878681
1878682
1878683
1878684
1878685
1878686
1878687
1878688
1878689
1878690
1878691
1878692
1878693
1878694
1878695
1878696
1878697
1878698
1878699
1878860
1878861
1878862
1878863
1878864
1879810
1879811
1879812
1879813
1879814
1879815
1879816
1879817
1879818
1879819
1879865
1879866
1879867
1879868
1879869
1668382
1668392
1668472
1668482
1668492
1668502
1668512
1668522
1668542
1668560
1668561
1668562
1668563
1668564
1668784
1668785
1388520
1388521
1388522
1388523
1388524
1388525
1388526
1388527
1388528
1388529
1730852
1738512
1738552
1738562
1738573
1311633
1311634
1311635
1311852
1312362
1312462
1312464
1315811
1315812
1315820
1315821
1315822
1315832
1319512
1319522
1370858
1376570
1376571
1376572
1376573
1376574
1470858
1478518
1478534
1478535
1478536
1478620
1478621
1478622
1478623
1478624
1478625
1478626
1478627
1478628
1478629
1750858
1758428
1758438
1758448
1758518
1758519
1758520
1758545
1758569
1758608
1758618
1758628
1758638
1758640
1758641
1758642
1758643
1758644
1758645
1758646
1758647
1758648
1758649
1758698
1758741
1758742
1758743
1758744
1758745
1758784
1758785
1758786
1758787
1758788
1758858
1758890
1758891
1758892
1758893
1880858
1884865
1884866
1884867
1884868
1884869
1888580
1888581
1888582
1888583
1888584
1888585
1888586
1888587
1888588
1888589
1888680
1888681
1888682
1888683
1888684
1888685
1888686
1888687
1888688
1888689
1810858
1814358
1815318
1818418
1818428
1818429
1818434
1818435
1818438
1818439
1818580
1818581
1818582
1818583
1818584
1818585
1818586
1818587
1818588
1818589
1818808
1818818
1818825
1818826
1818827
1818828
1818829
1818858
1819837
1819838
1819839
1520858
1528580
1528581
1528582
1528583
1528584
1528585
1528586
1528587
1528588
1528589
1528645
1528646
1528647
1528648
1528649
1528665
1528666
1528667
1528668
1528669
1981536
1988540
1988541
1988542
1988543
1988544
1988678
1650158
1650651
1650806
1652732
1570858
1570868
1571858
1571868
1572177
1572178
1576148
1576149
1576150
1576151
1576152
1576153
1577280
1577281
1577282
1577283
1577284
1577285
1577286
1577287
1577288
1577289
1840858
1848470
1848471
1848472
1848473
1848474
1848475
1848476
1848477
1848478
1848479
1848585
1848586
1848587
1848588
1848589
1848660
1848661
1848662
1848663
1848664
1848665
1848666
1848667
1848668
1848669
1910858
1911782
1911783
1911785
1911786
1911787
1911788
1916515
1918430
1918431
1918448
1918450
1918451
1918455
1918508
1918533
1918548
1918576
1918580
1918581
1918582
1918583
1918584
1918585
1918586
1918587
1918588
1918589
1919250
1919258
1320854
1323853
1323854
1700858
1701863
1701864
1701865
1730858
1731192
1738428
1738508
1738528
1738538
1738580
1738586
1738589
1738858
1311636
1311637
1311638
1311858
1312368
1312468
1315817
1315818
1315828
1315838
1319518
1319528
1870240
1870241
1870242
1870243
1870244
1870245
1870246
1870247
1870248
1870249
1870858
1870865
1870866
1870867
1870868
1870869
1874860
1874861
1874862
1874863
1874864
1874865
1874866
1874867
1874868
1874869
1874870
1874871
1874872
1874873
1874874
1874875
1874876
1874877
1874878
1874879
1876860
1876861
1876862
1876863
1876864
1876865
1876866
1876867
1876868
1876869
1876870
1876871
1876872
1876873
1876874
1876875
1876876
1876877
1876878
1876879
1878580
1878581
1878582
1878583
1878584
1878585
1878586
1878587
1878588
1878589
1878868
1878869
1879845
1879846
1879847
1879848
1879849
1388580
1388581
1388582
1388583
1388584
1388585
1388586
1388587
1388588
1388589
1660858
1668388
1668398
1668478
1668488
1668498
1668508
1668518
1668528
1668534
1668535
1668536
1668537
1668538
1668539
1668548
1668590
1668591
1668592
1668593
1668594
1668796
1668797
1510858
1511740
1511741
1511742
1511743
1511744
1511745
1511746
1511747
1511748
1511749
1512170
1512171
1512172
1512173
1512174
1512175
1512176
1512177
1512178
1512179
1518620
1518621
1518622
1518623
1518624
1518625
1518626
1518627
1518628
1518629
1518630
1518631
1518632
1518633
1518634
1820858
1821284
1821285
1821286
1821287
1821290
1821291
1821292
1821293
1821294
1821295
1821296
1821297
1821298
1821299
1821650
1821651
1821652
1821653
1821654
1821655
1821656
1821657
1821658
1821659
1821660
1821661
1821662
1821663
1821664
1821665
1821666
1821667
1821668
1821669
1821670
1821671
1821672
1821673
1821674
1821675
1821676
1821677
1821678
1821679
1821680
1821681
1821682
1821683
1821684
1821685
1821686
1821687
1821688
1821689
1821690
1821691
1821692
1821693
1821694
1821695
1821696
1821697
1821698
1821699
1828580
1828581
1828582
1828583
1828584
1828585
1828586
1828587
1828588
1828589
1828680
1828681
1828682
1828683
1828684
1828685
1828686
1828687
1828688
1828689
1580858
1587030
1587031
1587032
1588532
1588533
1588534
1588535
1588536
1588537
1588538
1588539
1588548
1588590
1588591
1588592
1588593
1588594
1760858
1767898
1768408
1768419
1768518
1768522
1768528
1330858
1331078
1331239
1331246
1332968
1333968
1336858
1336868
1337858
1338516
1338558
1339858
1560858
1568548
1568563
1568580
1568581
1568582
1568583
1568584
1568585
1568586
1568587
1568588
1568589
1568808
1569278
1850858
1858548
1858578
1858646
1858647
1858648
1858660
1858661
1780858
1782285
1782286
1782287
1782288
1782289
1784428
1784429
1784430
1784431
1784432
1784433
1788638
1788639
1788640
1788641
1788642
1788643
1789858
1990858
1991708
1998448
1998457
1998458
1998508
1998518
1998528
1998538
1998548
1998558
1800858
1808368
1808369
1808410
1808411
1808412
1808413
1808414
1808415
1808416
1808417
1808418
1808419
1808428
1808438
1808580
1808581
1808582
1808583
1808584
1808585
1808586
1808587
1808588
1808589
1530858
1532908
1532918
1532928
1532938
1532948
1532958
1532968
1532978
1532981
1532994
1533858
1533958
1534854
1890858
1898440
1898441
1898442
1898443
1898444
1898537
1898538
1898548
1898549
1898590
1898591
1898592
1898593
1898594
1362858
1363858
1363915
1363916
1363917
1363918
1363919
1364858
1365858
1366858
1367858
1368858
1369858
1369859
1452568
1454388
1454398
1459380
1459381
1459382
1459383
1459384
1350858
1351858
1359580
1359581
1359582
1359583
1359584
1359585
1359586
1359587
1359588
1359589
1590858
1598558
1598559
1598568
1598569
1770858
1771661
1771808
1778488
1778508
1778518
1778554
1778585
1778586
1778587
1500858
1508518
1508519
1508584
1508585
1508586
1508587
1508588
1508640
1508641
1508642
1508643
1508644
1508645
1508646
1508647
1508648
1508649
1830858
1830868
1831190
1831191
1831192
1831193
1831194
1831195
1831196
1831197
1831198
1831199
1838650
1838651
1838652
1838653
1838654
1838655
1838656
1838657
1838658
1838659
1390858
1398448
1398460
1398461
1398462
1398463
1398464
1398537
1398538
1398590
1398591
1398592
1398593
1398594
1860858
1868548
1868552
1868554
1868580
1868581
1868582
1868583
1868584
1868585
1868586
1868587
1868588
1868589
1550858
1551947
1551950
1551951
1551952
1551953
1551967
1551968
1551969
1551980
1551981
1551982
1551983
1551984
1551985
1551986
1551987
1551988
1551989
1558564
1558580
1558581
1558582
1558583
1558584
1558585
1558586
1558587
1558588
1558589
1559782
1559783
1559784
1559785
1559786
1559787
1559788
1559789
1559950
1559951
1559952
1559953
1559954
1559955
1559956
1559957
1559958
1559959
1301704
1301707
1304856
1304958
1308696
1308697
1309681
1309688
1309858
1930858
1933857
1938008
1938018
1938558
1939118
1939504
1939509
1939523
1939527
1370854
1376540
1376541
1376542
1376543
1376544
1376545
1376546
1376547
1376548
1376549
1376575
1376576
1376577
1376578
1376579
1470854
1472740
1472741
1472742
1472743
1472744
1478514
1478520
1478521
1478522
1478561
1478562
1478563
1478564
1478565
1478585
1478586
1478587
1478588
1478589
1880854
1888540
1888541
1888542
1888543
1888544
1888545
1888546
1888547
1888548
1888549
1888640
1888641
1888642
1888643
1888644
1888645
1888646
1888647
1888648
1888649
1889255
1889256
1889257
1889258
1889259
1750854
1758424
1758434
1758444
1758484
1758485
1758486
1758487
1758508
1758534
1758535
1758536
1758604
1758614
1758624
1758634
1758681
1758682
1758683
1758684
1758685
1758686
1758694
1758854
1810854
1814354
1814359
1818414
1818540
1818541
1818542
1818543
1818544
1818545
1818546
1818547
1818548
1818549
1818595
1818804
1818814
1818854
1819865
1819866
1819867
1819868
1819869
1520854
1528530
1528531
1528532
1528533
1528534
1528535
1528536
1528537
1528538
1528539
1528620
1528621
1528622
1528623
1528624
1528625
1528626
1528627
1528628
1528629
1980840
1980841
1980842
1980843
1980844
1980854
1570854
1570864
1571854
1571864
1572170
1576119
1576120
1576121
1576122
1576123
1576124
1577240
1577241
1577242
1577243
1577244
1577245
1577246
1577247
1577248
1577249
1840854
1848430
1848431
1848432
1848433
1848434
1848435
1848436
1848437
1848438
1848439
1848535
1848536
1848537
1848538
1848539
1848540
1848541
1848542
1848543
1848544
1848620
1848621
1848622
1848623
1848624
1848625
1848626
1848627
1848628
1848629
1910854
1911768
1911789
1916513
1916516
1918434
1918435
1918443
1918444
1918454
1918504
1918530
1918535
1918536
1918537
1918538
1918539
1918544
1918550
1918551
1918552
1918553
1918554
1918555
1918556
1918557
1918558
1320856
1700854
1701873
1701874
1701875
1730854
1731193
1731194
1736509
1738504
1738514
1738535
1738540
1738545
1738588
1311642
1311643
1311854
1312364
1312466
1315814
1315816
1315824
1315834
1319514
1319524
1870854
1872280
1872281
1872282
1872283
1872284
1872285
1872286
1872287
1872288
1872289
1874475
1874476
1874477
1874478
1874479
1878540
1878541
1878542
1878543
1878544
1878545
1878546
1878547
1878548
1878549
1878635
1878636
1878637
1878638
1878639
1879820
1879821
1879822
1879823
1879824
1879825
1879826
1879827
1879828
1879829
1879840
1879841
1879842
1879843
1879844
1388540
1388541
1388542
1388543
1388544
1388545
1388546
1388547
1388548
1388549
1660854
1668384
1668394
1668474
1668484
1668494
1668504
1668514
1668524
1668544
1668570
1668571
1668572
1668573
1668574
1668788
1668789
1510854
1511780
1511781
1511782
1511783
1511784
1511785
1511786
1511787
1511788
1511789
1512135
1512136
1512137
1512138
1512139
1518077
1518078
1518079
1518545
1518546
1518547
1518548
1518549
1518550
1518551
1518552
1518553
1518554
1820854
1822480
1822481
1822482
1822483
1822484
1822485
1822486
1822487
1822488
1822489
1828540
1828541
1828542
1828543
1828544
1828545
1828546
1828547
1828548
1828549
1828640
1828641
1828642
1828643
1828644
1828645
1828646
1828647
1828648
1828649
1580854
1588540
1588541
1588542
1588543
1588544
1588545
1588546
1588547
1588555
1588556
1588557
1588558
1588559
1760854
1767894
1768414
1768418
1768514
1768526
1768533
1768538
1330854
1331044
1331074
1331236
1331237
1331238
1331444
1331448
1332964
1333964
1336854
1336864
1337854
1337961
1337962
1338518
1338554
1339854
1560854
1568500
1568501
1568502
1568503
1568504
1568505
1568506
1568507
1568508
1568509
1568540
1568800
1569270
1780854
1788523
1788524
1788525
1788526
1788527
1788615
1789854
1850854
1858510
1858511
1858512
1858513
1858514
1858515
1858516
1858517
1858544
1858566
1858567
1858568
1858569
1859389
1990854
1991703
1991705
1991707
1998504
1998527
1998534
1998544
1998553
1998573
1998583
1800854
1808310
1808311
1808312
1808313
1808422
1808423
1808424
1808440
1808441
1808442
1808443
1808444
1808445
1808446
1808447
1808448
1808449
1808504
1808540
1808541
1808542
1808543
1808544
1808545
1808546
1808547
1808548
1808549
1530854
1532904
1532914
1532924
1532934
1532944
1532954
1532964
1532966
1532974
1532984
1532996
1533855
1533866
1533959
1534858
1890854
1893202
1893203
1893204
1893444
1893445
1898463
1898464
1898506
1898507
1898508
1898544
1898575
1898576
1898577
1898578
1898579
1361854
1362854
1363800
1363801
1363802
1363803
1363804
1363854
1364854
1365854
1366854
1367854
1368854
1953458
1452560
1454384
1454394
1459360
1459361
1459362
1459363
1459364
1350850
1350854
1351854
1359540
1359541
1359542
1359543
1359544
1359545
1359546
1359547
1359548
1359549
1590854
1598540
1598541
1598542
1770854
1771662
1771804
1778484
1778504
1778528
1778547
1778548
1778549
1778552
1500854
1508514
1508515
1508516
1508517
1508582
1508610
1508611
1508612
1508613
1508614
1508615
1508616
1508617
1508618
1508619
1830854
1830864
1837500
1837501
1837502
1837503
1837504
1837505
1837506
1837507
1837508
1837509
1837510
1837511
1837512
1837513
1837514
1837515
1837516
1837517
1837518
1837519
1837520
1837521
1837522
1837523
1837524
1838546
1838547
1838548
1838549
1838550
1838551
1838552
1838553
1838554
1838555
1838556
1838557
1838558
1838559
1838560
1838561
1838562
1838563
1838564
1838565
1838566
1390854
1398444
1398506
1398507
1398508
1398575
1398576
1398577
1398578
1398579
1860854
1868412
1868506
1868507
1868508
1868509
1868531
1868532
1868540
1869070
1550854
1551940
1551941
1551942
1551943
1551945
1551946
1551948
1551949
1558518
1558519
1559777
1559778
1559779
1559940
1559941
1559942
1559943
1559944
1301702
1301703
1303555
1304852
1304853
1304952
1304953
1308691
1308692
1308693
1309684
1309854
1930854
1931676
1931677
1931678
1931679
1933854
1938004
1938554
1939114
1939505
1939524
1939528
1939530
1910850
1910851
1915121
1916510
1916511
1916514
1918500
1918501
1918540
1918541
1919255
1919980
1919981
1919982
1919983
1919984
1919985
1919986
1919987
1919988
1919989
1320851
1700820
1700821
1700822
1700840
1700841
1700850
1700851
1701848
1701849
1701850
1701851
1701852
1701853
1701854
1701855
1701856
1702850
1702851
1702852
1702853
1702854
1702855
1702856
1702857
1702858
1702859
1703563
1703564
1703565
1703566
1703567
1705034
1705207
1705397
1705545
1705581
1705633
1705790
1706488
1706489
1706490
1706491
1706492
1706493
1706494
1706495
1706496
1706497
1706498
1706499
1706500
1706501
1706502
1706503
1707850
1707851
1707852
1707853
1707854
1707855
1707856
1707857
1707858
1707859
1708850
1708851
1708852
1708853
1708854
1708855
1708856
1708857
1708858
1708859
1709900
1709901
1709902
1709903
1709904
1709905
1709906
1709907
1709908
1709909
1650159
1650385
1650643
1650667
1650669
1650802
1650804
1650851
1650855
1651082
1651712
1651851
1651854
1652596
1652780
1652781
1652782
1652783
1652785
1652786
1652787
1652805
1652806
1652808
1653409
1653912
1980850
1980851
1980858
1981529
1988500
1988501
1988502
1988503
1988504
1988560
1988561
1988562
1988563
1988564
1988565
1988566
1988567
1988568
1988569
1988670
1988671
1570850
1570851
1570860
1570861
1571850
1571851
1571860
1571861
1572210
1572211
1572212
1572213
1572214
1576100
1576101
1576102
1576103
1576104
1576105
1576106
1576160
1576161
1576162
1576163
1576164
1576165
1576166
1576167
1576168
1576169
1576170
1576171
1576172
1576173
1576174
1576175
1576176
1576177
1576178
1576179
1576180
1576181
1576182
1576183
1576184
1576185
1576186
1576187
1576188
1576189
1576190
1576191
1576192
1576193
1576194
1840850
1840851
1846750
1846751
1846752
1846753
1846754
1846755
1846756
1846757
1846758
1846759
1846760
1846761
1846762
1846763
1846764
1846765
1846766
1846767
1846768
1846769
1846770
1846771
1846772
1846773
1846774
1846775
1846776
1846777
1846778
1846779
1846780
1846781
1846782
1846783
1846784
1846785
1846786
1846787
1846788
1846789
1846790
1846791
1846792
1846793
1846794
1846795
1846796
1846797
1846798
1846799
1848400
1848401
1848402
1848403
1848404
1848405
1848406
1848407
1848408
1848409
1848410
1848411
1848412
1848413
1848414
1848490
1848491
1848492
1848493
1848494
1848495
1848496
1848497
1848498
1848499
1848500
1848501
1848502
1848503
1848504
1848505
1848506
1848507
1848508
1848509
1848510
1848511
1848512
1848513
1848514
1848680
1848681
1848682
1848683
1848684
1848685
1848686
1848687
1848688
1848689
1848690
1848691
1848692
1848693
1848694
1848695
1848696
1848697
1848698
1848699
1849120
1849121
1849122
1849123
1849124
1849125
1849126
1849980
1849981
1849982
1849983
1849984
1849985
1849986
1849987
1849988
1849989
1810084
1810085
1810850
1810851
1811180
1811181
1811182
1811183
1811184
1811185
1811186
1811187
1811188
1811189
1811190
1811191
1811192
1811193
1811194
1811195
1811196
1811197
1811198
1811199
1814350
1814351
1814355
1815310
1815311
1816480
1816481
1816482
1816483
1816484
1816485
1816486
1816487
1816488
1816489
1816670
1816671
1816672
1816673
1816674
1816675
1816676
1816677
1816678
1816679
1818410
1818411
1818500
1818501
1818502
1818503
1818504
1818507
1818508
1818509
1818510
1818511
1818512
1818513
1818514
1818515
1818516
1818517
1818518
1818519
1818555
1818556
1818800
1818801
1818810
1818811
1818850
1818851
1819810
1819811
1819812
1819813
1819814
1819815
1819816
1819820
1819821
1819822
1819823
1819824
1819825
1819826
1819827
1819828
1819829
1819850
1819851
1819852
1819853
1819854
1819855
1819856
1819857
1819858
1819859
1819860
1819861
1819862
1819863
1819864
1520850
1520851
1528500
1528501
1528502
1528503
1528504
1528505
1528506
1528507
1528508
1528509
1528510
1528511
1528512
1528513
1528514
1528515
1528516
1528517
1528518
1528519
1528550
1528551
1528552
1528553
1528554
1528555
1528556
1528557
1528558
1528559
1528560
1528561
1528562
1528563
1528564
1528590
1528591
1528592
1528593
1528594
1528595
1528596
1528597
1528598
1528599
1528600
1528601
1528602
1528603
1528604
1528605
1528606
1528607
1528608
1528609
1470850
1470851
1472750
1472751
1472752
1472753
1472754
1472755
1472756
1472757
1472758
1472759
1476575
1478500
1478501
1478502
1478503
1478504
1478505
1478506
1478507
1478508
1478509
1478510
1478511
1478540
1478541
1478542
1478543
1478544
1478545
1478546
1478547
1478548
1478549
1478550
1478551
1478552
1478553
1478554
1478555
1478556
1478557
1478558
1478559
1478560
1376500
1376501
1376502
1376503
1376504
1376505
1376506
1376507
1376508
1376509
1376510
1376511
1376512
1376513
1376514
1376515
1376516
1376517
1376518
1376519
1376580
1376581
1376582
1376583
1376584
1880850
1880851
1888490
1888491
1888492
1888493
1888494
1888495
1888496
1888497
1888498
1888499
1888500
1888501
1888502
1888503
1888504
1888505
1888506
1888507
1888508
1888509
1888510
1888511
1888512
1888513
1888514
1888515
1888516
1888517
1888518
1888519
1888600
1888601
1888602
1888603
1888604
1888605
1888606
1888607
1888608
1888609
1888610
1888611
1888612
1888613
1888614
1889230
1889231
1889232
1889233
1889234
1889235
1889236
1889237
1889238
1889239
1750850
1750851
1758420
1758421
1758430
1758431
1758440
1758441
1758470
1758471
1758472
1758473
1758474
1758477
1758481
1758500
1758504
1758510
1758511
1758515
1758517
1758521
1758524
1758531
1758537
1758538
1758540
1758542
1758544
1758546
1758547
1758550
1758551
1758553
1758556
1758557
1758558
1758570
1758571
1758572
1758573
1758574
1758575
1758576
1758577
1758578
1758579
1758580
1758581
1758590
1758591
1758593
1758595
1758596
1758598
1758599
1758600
1758601
1758610
1758611
1758620
1758621
1758630
1758631
1758674
1758675
1758676
1758690
1758691
1758750
1758751
1758752
1758753
1758754
1758755
1758756
1758757
1758850
1758851
1758860
1758861
1758862
1580850
1580851
1588500
1588501
1588502
1588503
1588504
1588505
1588506
1588507
1588508
1588509
1588510
1588550
1588551
1588552
1588553
1588554
1760850
1760851
1767891
1767892
1767893
1768400
1768401
1768402
1768404
1768411
1768412
1768420
1768421
1768422
1768423
1768424
1768425
1768426
1768427
1768428
1768429
1768500
1768501
1768502
1768503
1768504
1768505
1768506
1768507
1768508
1768509
1768510
1768511
1768530
1768531
1768534
1510850
1510851
1518070
1518071
1518072
1518073
1518074
1518080
1518081
1518082
1518083
1518084
1518085
1518086
1518087
1518088
1518089
1518500
1518501
1518502
1518503
1518504
1518505
1518506
1518507
1518508
1518509
1518510
1518511
1518512
1518513
1518514
1518515
1518516
1518517
1518518
1518519
1518695
1518696
1518697
1518698
1518699
1820850
1820851
1821200
1821201
1821202
1827500
1827501
1827502
1827503
1827504
1827505
1827506
1827507
1827508
1827509
1827510
1827511
1827512
1827513
1827514
1827515
1827516
1827517
1827518
1827519
1827520
1827521
1827522
1827523
1827524
1827525
1827526
1827527
1827528
1827529
1827530
1827531
1827532
1827533
1827534
1827535
1827536
1827537
1827538
1827539
1828500
1828501
1828502
1828503
1828504
1828505
1828506
1828507
1828508
1828509
1828510
1828511
1828512
1828513
1828514
1828515
1828516
1828517
1828518
1828519
1828600
1828601
1828602
1828603
1828604
1828605
1828606
1828607
1828608
1828609
1828610
1828611
1828612
1828613
1828614
1828615
1828616
1828617
1828618
1828619
1870850
1870851
1878500
1878501
1878502
1878503
1878504
1878505
1878506
1878507
1878508
1878509
1878510
1878511
1878512
1878513
1878514
1878515
1878516
1878517
1878518
1878519
1878600
1878601
1878602
1878603
1878604
1878605
1878606
1878607
1878608
1878609
1878610
1878611
1878612
1878613
1878614
1878660
1878661
1878662
1878663
1878664
1878665
1878666
1878667
1878668
1878669
1878670
1878671
1878672
1878673
1878674
1878675
1878676
1878677
1878678
1878679
1879800
1879801
1879802
1879803
1879804
1879805
1879806
1879807
1879808
1879809
1879860
1879861
1879862
1879863
1879864
1879870
1879871
1879872
1879873
1879874
1879875
1879876
1879877
1879878
1879879
1879880
1879881
1879882
1879883
1879884
1879885
1879886
1879887
1879888
1879889
1380085
1380940
1380941
1380942
1380943
1380944
1380945
1380946
1380947
1380948
1380949
1388500
1388501
1388502
1388503
1388504
1388505
1388506
1388507
1388508
1388509
1388510
1388511
1388512
1388513
1388514
1388515
1388516
1388517
1388518
1388519
1660850
1660851
1660852
1668380
1668381
1668390
1668391
1668470
1668471
1668480
1668481
1668490
1668491
1668500
1668501
1668510
1668511
1668520
1668521
1668530
1668531
1668532
1668533
1668540
1668541
1668550
1668551
1668552
1668553
1668554
1668555
1668556
1668557
1668558
1668559
1668780
1668781
1668782
1668783
1730850
1730851
1731190
1731197
1731198
1731199
1736500
1736501
1736502
1736503
1736504
1736505
1736506
1736507
1736508
1738410
1738411
1738413
1738420
1738421
1738422
1738423
1738424
1738500
1738501
1738502
1738503
1738510
1738511
1738515
1738516
1738517
1738518
1738519
1738520
1738521
1738522
1738523
1738524
1738530
1738531
1738533
1738534
1738536
1738546
1738547
1738548
1738549
1738551
1738554
1738556
1738557
1738559
1738561
1738563
1738567
1738569
1738577
1738579
1738581
1738583
1738585
1738587
1738591
1738593
1738594
1738595
1738597
1738599
1738850
1738851
1738852
1738853
1738854
1311630
1311631
1311632
1311649
1311850
1311851
1312360
1312361
1312460
1312461
1312467
1315800
1315801
1315802
1315803
1315804
1315805
1315806
1315807
1315808
1315809
1319510
1319511
1319520
1319521
1890850
1890851
1893200
1893201
1898400
1898401
1898402
1898403
1898404
1898405
1898406
1898407
1898408
1898409
1898410
1898411
1898412
1898413
1898414
1898415
1898416
1898417
1898418
1898419
1898430
1898431
1898432
1898433
1898434
1898435
1898436
1898437
1898438
1898439
1898455
1898456
1898457
1898458
1898459
1898480
1898481
1898482
1898483
1898484
1898485
1898486
1898487
1898488
1898489
1898500
1898501
1898502
1898503
1898504
1898505
1898510
1898511
1898512
1898513
1898514
1898515
1898516
1898517
1898518
1898519
1898540
1898541
1898550
1898551
1898552
1898553
1898554
1898555
1898556
1898557
1898558
1898559
1360850
1360851
1360852
1360853
1360854
1360855
1360856
1360857
1360858
1360859
1361850
1361851
1361857
1361858
1361859
1362850
1362851
1362856
1363850
1363851
1363900
1363901
1363902
1363903
1363904
1363905
1363906
1363907
1363908
1363909
1363910
1363911
1363912
1363913
1363914
1364850
1364851
1365850
1365851
1366850
1366851
1367850
1367851
1368850
1368851
1952753
1952758
1953614
1800850
1800851
1808360
1808361
1808362
1808425
1808426
1808435
1808436
1808500
1808501
1808502
1808503
1808507
1808508
1808509
1808510
1808511
1808512
1808513
1808514
1808515
1808516
1808517
1808518
1808519
1809600
1809601
1809602
1809603
1809604
1809605
1809606
1809607
1809608
1809609
1809610
1809611
1809612
1809613
1809614
1809615
1809616
1809617
1809618
1809619
1530850
1530851
1532900
1532901
1532910
1532920
1532930
1532931
1532940
1532941
1532950
1532960
1532970
1532980
1532990
1533132
1533850
1533851
1533860
1533950
1533951
1534851
1560850
1560851
1567091
1568510
1568511
1568512
1568513
1568514
1568515
1568516
1568517
1568518
1568519
1568530
1568531
1568541
1568550
1568551
1568560
1568590
1569271
1569274
1780850
1780851
1788090
1788091
1788092
1788093
1788094
1788095
1788096
1788097
1788098
1788099
1788500
1788501
1788502
1788503
1788504
1788505
1788506
1788507
1788508
1788509
1788530
1788531
1788532
1788533
1788540
1788541
1788542
1788543
1788544
1788545
1788546
1788547
1788548
1788549
1788550
1788551
1788552
1788553
1788554
1788555
1788556
1788557
1788558
1788559
1788560
1788561
1788562
1788563
1788564
1788565
1788566
1788567
1788568
1788569
1788570
1788571
1788572
1788573
1788574
1788575
1788576
1788577
1788578
1788579
1788580
1788581
1788582
1788583
1788584
1788585
1788586
1788587
1788588
1788589
1788590
1788591
1788592
1788593
1788594
1788595
1788596
1788597
1788598
1788599
1788602
1788603
1788604
1788607
1789850
1789851
1850850
1850851
1858440
1858441
1858500
1858501
1858502
1858503
1858504
1858505
1858506
1858507
1858508
1858509
1858519
1858540
1858541
1858542
1858543
1858562
1858580
1858581
1858582
1858583
1858584
1858585
1858586
1858587
1858588
1858680
1858681
1858682
1858683
1858684
1858685
1858686
1858687
1858688
1858689
1858690
1858691
1858692
1858693
1858694
1858695
1858696
1858697
1858698
1858699
1859380
1859381
1859382
1859384
1859385
1859386
1859387
1859388
1990850
1990851
1990852
1991700
1991701
1991704
1998440
1998441
1998450
1998451
1998500
1998501
1998510
1998511
1998514
1998521
1998526
1998530
1998531
1998540
1998541
1998550
1998551
1998554
1998555
1998560
1998561
1998564
1998566
1998570
1998571
1998575
1998580
1998581
1998585
1998590
1998591
1998595
1998596
1998599
1712080
1712081
1712082
1712083
1712084
1712085
1712086
1712087
1712088
1712089
1713840
1713841
1713842
1713843
1713844
1713845
1713846
1713847
1713848
1713849
1713850
1713851
1713854
1713855
1713858
1713859
1713920
1713921
1713922
1713923
1713924
1713925
1713926
1713927
1713928
1713929
1715850
1715851
1715854
1715855
1715858
1715859
1715920
1715921
1715922
1715923
1715924
1715925
1715926
1715927
1715928
1715929
1716850
1716851
1716854
1716855
1716858
1716859
1716920
1716921
1716922
1716923
1716924
1716925
1716926
1716927
1716928
1716929
1717851
1717854
1717924
1718850
1718851
1718852
1718853
1718854
1718855
1718856
1718857
1718858
1718859
1719850
1719851
1719852
1719853
1719854
1719855
1719856
1719857
1719858
1719859
1907880
1907881
1907882
1907883
1907884
1907885
1907886
1330850
1330851
1331040
1331220
1331221
1331222
1331223
1331224
1331225
1331226
1331227
1331228
1332960
1332961
1333960
1333961
1336850
1336851
1336860
1336861
1336869
1337850
1337851
1338510
1338511
1338514
1338550
1338551
1339850
1339851
1300780
1300781
1300782
1300783
1300784
1300785
1300786
1300788
1301078
1301743
1301745
1301746
1301747
1301748
1302780
1302781
1302782
1302783
1302784
1302785
1302786
1302788
1303780
1303781
1303782
1303783
1303784
1303785
1303786
1303787
1303788
1303789
1307850
1307851
1307852
1307853
1307854
1307855
1307856
1307857
1307858
1307859
1308780
1308781
1308782
1308783
1308784
1308785
1309850
1309851
1930850
1930851
1931664
1931665
1931666
1931667
1931668
1931669
1931670
1931671
1931672
1931673
1931674
1931675
1933850
1933851
1938000
1938001
1938010
1938011
1938550
1938551
1939110
1939111
1727866
1390008
1390850
1390851
1398400
1398401
1398402
1398403
1398404
1398405
1398406
1398407
1398408
1398409
1398410
1398411
1398412
1398413
1398414
1398415
1398416
1398417
1398418
1398419
1398430
1398431
1398432
1398433
1398434
1398435
1398436
1398437
1398438
1398439
1398440
1398441
1398480
1398481
1398482
1398483
1398484
1398485
1398486
1398487
1398488
1398489
1398500
1398501
1398502
1398503
1398504
1398505
1398510
1398511
1398512
1398513
1398514
1398515
1398516
1398517
1398518
1398519
1398540
1398541
1398542
1398543
1398544
1398545
1398546
1398547
1398548
1398549
1398550
1398551
1398552
1398553
1398554
1398555
1398556
1398557
1398558
1398559
1671851
1671852
1671853
1671854
1671855
1671856
1671857
1671858
1671859
1860850
1860851
1868410
1868411
1868415
1868416
1868417
1868418
1868500
1868501
1868502
1868503
1868504
1868505
1868510
1868511
1868512
1868513
1868514
1868515
1868516
1868517
1868518
1868519
1868541
1868544
1869072
1869073
1869074
1869075
1550850
1550851
1551900
1551901
1551902
1551903
1551904
1551905
1551906
1551907
1551908
1551909
1551910
1551911
1551912
1551913
1551914
1551915
1551916
1551917
1551918
1551919
1551954
1551955
1551956
1551957
1551958
1551959
1558510
1558511
1558512
1558513
1558514
1558515
1558516
1558517
1558524
1558527
1558528
1558529
1558553
1559770
1559771
1559772
1559910
1559911
1559912
1559913
1559914
1559915
1559916
1559917
1559918
1500851
1508590
1508591
1508592
1508593
1508594
1508595
1508596
1508597
1508598
1508599
1508600
1508601
1508602
1508603
1508604
1830080
1830081
1830082
1830083
1830084
1830085
1830086
1830087
1830088
1830089
1830250
1830251
1830252
1830253
1830254
1830255
1830256
1830257
1830258
1830259
1830260
1830261
1830262
1830263
1830264
1830265
1830266
1830267
1830268
1830269
1830850
1830851
1830860
1830861
1351190
1351191
1351192
1351193
1351194
1351195
1351196
1351197
1351198
1351199
1351850
1351851
1359500
1359501
1359502
1359503
1359504
1359505
1359506
1359507
1359508
1359509
1359510
1359511
1359512
1359513
1359514
1359515
1359516
1359517
1359518
1359519
1452561
1452564
1453560
1453561
1453562
1453564
1453565
1453566
1453567
1453568
1454380
1454381
1454390
1454391
1459390
1459391
1459392
1459393
1459394
1459395
1459396
1459397
1459398
1459399
1590250
1590251
1590260
1590261
1590268
1590269
1590850
1590851
1598500
1598501
1598510
1598511
1598512
1598513
1598514
1598515
1598516
1598517
1598518
1598519
1770850
1770851
1771668
1771669
1771800
1771801
1778410
1778411
1778412
1778413
1778414
1778415
1778416
1778417
1778418
1778419
1778480
1778481
1778490
1778491
1778495
1778496
1778498
1778499
1778500
1778501
1778510
1778511
1778512
1778513
1778514
1778515
1778516
1778530
1778531
1778534
1778535
1778536
1778537
1778538
1778539
1778540
1778541
1778544
1778545
1778546
1778555
1778559
1778560
1778561
1778564
1778566
1778569
1778573
1778580
1778581
1778584
1778588
1778589
1778592
1778593
1778594
1778595
1778596
1778599
1330855
1331045
1331075
1331242
1331243
1331244
1331445
1332965
1333965
1336855
1336865
1337855
1337963
1338515
1338555
1339855
1782280
1782281
1782282
1782283
1782284
1788528
1788529
1789855
1850855
1858518
1858545
1858546
1858550
1858551
1858552
1858553
1858554
1858555
1858556
1858557
1858558
1858559
1858649
1858650
1858651
1858652
1858653
1858654
1858655
1858656
1858657
1858658
1858659
1560855
1568544
1568545
1568553
1568554
1568555
1568556
1568557
1568558
1568559
1568805
1569275
1990855
1998445
1998505
1998515
1998535
1998545
1998565
1530855
1532905
1532915
1532925
1532935
1532945
1532955
1532965
1532975
1532985
1532993
1532998
1533854
1533861
1533865
1533955
1534855
1800855
1808317
1808318
1808319
1808432
1808433
1808434
1808450
1808451
1808452
1808453
1808454
1808455
1808456
1808457
1808458
1808459
1808505
1808550
1808551
1808552
1808553
1808554
1808555
1808556
1808557
1808558
1808559
1890855
1898449
1898450
1898451
1898460
1898461
1898462
1898527
1898528
1898529
1898545
1898580
1898581
1898582
1898583
1898584
1953459
1361855
1362855
1363805
1363806
1363807
1363808
1363809
1363855
1364855
1365855
1366855
1367855
1368855
1350855
1351855
1359550
1359551
1359552
1359553
1359554
1359555
1359556
1359557
1359558
1359559
1452565
1454385
1454395
1459365
1459366
1459367
1459368
1459369
1770855
1771665
1771805
1778485
1778505
1778527
1778550
1778551
1778553
1778556
1778557
1778558
1590255
1590855
1598550
1598551
1598552
1598553
1598554
1598555
1598556
1598557
1830855
1830865
1837525
1837526
1837527
1837528
1837529
1838567
1838568
1838569
1838570
1838571
1838572
1838573
1838574
1838575
1838576
1838577
1838578
1838579
1838580
1838581
1838582
1838583
1838584
1838660
1838661
1838662
1838663
1838664
1838665
1838666
1838667
1838668
1838669
1838670
1838671
1838672
1838673
1838674
1838675
1838676
1838677
1838678
1838679
1500850
1500855
1508520
1508521
1508522
1508523
1508524
1508525
1508526
1508527
1508528
1508529
1508565
1508566
1508567
1508568
1508569
1508620
1508621
1508622
1508623
1508624
1390855
1398445
1398527
1398528
1398529
1398580
1398581
1398582
1398583
1398584
1550855
1558525
1558526
1558530
1558531
1558532
1558534
1558535
1558537
1558538
1558539
1559781
1559945
1860855
1868545
1868550
1868555
1868556
1868557
1868558
1868559
1930855
1933855
1938005
1938015
1938555
1939115
1939500
1301701
1301742
1303556
1304954
1304955
1308694
1308695
1309683
1309685
1309855
1470855
1478515
1478523
1478524
1478525
1478526
1478590
1478591
1478592
1478593
1478594
1478595
1478596
1478597
1478598
1370855
1376550
1376551
1376552
1376553
1376554
1376555
1376556
1376557
1376558
1376559
1880855
1884855
1884856
1884857
1884858
1884859
1888550
1888551
1888552
1888553
1888554
1888555
1888556
1888557
1888558
1888559
1888650
1888651
1888652
1888653
1888654
1888655
1888656
1888657
1888658
1888659
1750855
1758425
1758435
1758445
1758488
1758489
1758490
1758491
1758539
1758605
1758615
1758625
1758635
1758677
1758678
1758679
1758680
1758695
1758855
1758870
1758871
1520855
1528525
1528526
1528527
1528528
1528529
1528630
1528631
1528632
1528633
1528634
1528635
1528636
1528637
1528638
1528639
1528660
1528661
1528662
1528663
1528664
1810855
1814353
1815315
1818415
1818450
1818451
1818452
1818453
1818454
1818455
1818456
1818457
1818458
1818459
1818550
1818551
1818552
1818553
1818554
1818557
1818558
1818559
1818805
1818815
1818845
1818855
1651855
1980845
1980846
1980847
1980848
1980849
1980855
1840855
1848440
1848441
1848442
1848443
1848444
1848445
1848446
1848447
1848448
1848449
1848545
1848546
1848547
1848548
1848549
1848550
1848551
1848552
1848553
1848554
1848555
1848556
1848557
1848558
1848559
1848630
1848631
1848632
1848633
1848634
1848635
1848636
1848637
1848638
1848639
1570855
1570865
1571855
1571865
1572171
1572172
1576125
1576126
1576127
1576128
1576129
1576130
1576131
1577250
1577251
1577252
1577253
1577254
1577255
1577256
1577257
1577258
1577259
1320855
1323855
1910855
1918505
1918545
1700855
1701870
1701871
1701872
1730855
1731195
1738425
1738505
1738525
1738558
1738855
1311644
1311645
1311855
1312365
1312465
1312469
1315810
1315815
1315825
1315835
1315837
1319515
1319525
1870855
1874480
1874481
1874482
1874483
1874484
1878550
1878551
1878552
1878553
1878554
1878555
1878556
1878557
1878558
1878559
1878640
1878641
1878642
1878643
1878644
1878870
1878871
1878872
1879850
1879851
1879852
1879853
1879854
1879855
1879856
1879857
1879858
1879859
1660855
1668385
1668395
1668475
1668485
1668495
1668505
1668515
1668525
1668545
1668575
1668576
1668577
1668578
1668579
1668790
1668791
1388550
1388551
1388552
1388553
1388554
1388555
1388556
1388557
1388558
1388559
1820855
1821222
1821223
1821224
1821225
1821226
1821227
1821228
1821229
1821230
1821231
1821232
1821233
1821234
1821235
1821236
1821237
1821238
1821239
1821240
1821241
1821242
1821243
1821244
1821245
1823070
1823071
1823072
1823073
1823074
1828550
1828551
1828552
1828553
1828554
1828555
1828556
1828557
1828558
1828559
1828650
1828651
1828652
1828653
1828654
1828655
1828656
1828657
1828658
1828659
1510855
1512140
1512141
1512142
1512143
1512144
1512145
1512146
1512147
1518555
1518556
1518557
1518558
1518559
1518560
1518561
1518562
1518563
1518564
1518565
1518566
1518567
1518568
1518569
1518570
1518571
1518572
1518573
1518574
1518575
1518576
1518577
1518578
1518579
1518677
1518678
1518679
1518680
1518681
1518682
1518683
1518684
1518685
1518686
1518687
1518688
1518689
1518690
1518691
1518692
1518693
1518694
1760855
1767895
1768515
1768525
1768535
1580855
1587020
1587021
1587022
1587023
1587024
1587025
1587026
1587027
1587028
1587029
1588511
1588512
1588513
1588580
1588581
1588582
1588583
1588584
