1760933
1769303
1769335
1769336
1769337
1769338
1769339
1580933
1580944
1582583
1582584
1582585
1820933
1821530
1821531
1821532
1821533
1821534
1821535
1821536
1821537
1821538
1821539
1821963
1821973
1821983
1821993
1829307
1829330
1829331
1829332
1829333
1829334
1829335
1829336
1829337
1829338
1829339
1829403
1829404
1829405
1510933
1512040
1512041
1512042
1512043
1512044
1512045
1519330
1519331
1519332
1519333
1519334
1519335
1519336
1519337
1519338
1519339
1870933
1871960
1874094
1874095
1879330
1879331
1879332
1879333
1879334
1879335
1879336
1879337
1879338
1879339
1879460
1879461
1879462
1879463
1879464
1660933
1669303
1669306
1669330
1669331
1669332
1669333
1669334
1669335
1669336
1669337
1669338
1669339
1380933
1383030
1383031
1383032
1383033
1383034
1383035
1383036
1383037
1383038
1383039
1730933
1733975
1733976
1733977
1733978
1734417
1738965
1738966
1738967
1738968
1738969
1739330
1739331
1739333
1739335
1739336
1739604
1739743
1739744
1739745
1739746
1311933
1311947
1313933
1315018
1319587
1319589
1320933
1322042
1323933
1326984
1910933
1919330
1919331
1919332
1919334
1650933
1980933
1981592
1989330
1989331
1989332
1989333
1989334
1989335
1989336
1989337
1989338
1989339
1989612
1989613
1840933
1841926
1841941
1841953
1841963
1841973
1841983
1570933
1570940
1571963
1573095
1575198
1576933
1576943
1579117
1520933
1524930
1524931
1524932
1524933
1524934
1524935
1524936
1529330
1529331
1529332
1529333
1529334
1529367
1529368
1529369
1529403
1529404
1529405
1810933
1811933
1813986
1813987
1813988
1814153
1815223
1815224
1815225
1818933
1819330
1819331
1819332
1819333
1819334
1819335
1819336
1819337
1819338
1819339
1819803
1470943
1471707
1471920
1471921
1471922
1471923
1471924
1471925
1479337
1479338
1479339
1373933
1880933
1889331
1889332
1889333
1889334
1889393
1889413
1889424
1889438
1889443
1750933
1759330
1759331
1759332
1759333
1759376
1759377
1759378
1759379
1935774
1939333
1939541
1303417
1303418
1304299
1308599
1309933
1390933
1391950
1391951
1391952
1391953
1391954
1399330
1399331
1399332
1399333
1399334
1399335
1399336
1399337
1399338
1399339
1550933
1556967
1556968
1556969
1556970
1559330
1559331
1559332
1559333
1559334
1559400
1559401
1860933
1869330
1869331
1869332
1869333
1869334
1869337
1869338
1830933
1830944
1836893
1839330
1839331
1839343
1839373
1839393
1839434
1839435
1839436
1839437
1500933
1502593
1509551
1509552
1509553
1509554
1509705
1509706
1509707
1509708
1351903
1351933
1452853
1453856
1453857
1453858
1770933
1774895
1774896
1774897
1774898
1774899
1775204
1775205
1775206
1775228
1775229
1778953
1778954
1779330
1779331
1779332
1779333
1779334
1779335
1779336
1779337
1779338
1779339
1779447
1779448
1779449
1890933
1891933
1899330
1899331
1899332
1899333
1899334
1899335
1899336
1899337
1953075
1362933
1364933
1367933
1368933
1368946
1368947
1530933
1530940
1533603
1533703
1533933
1533941
1533973
1534363
1534673
1534683
1534693
1534803
1534933
1535205
1535206
1535207
1535233
1537443
1537917
1537918
1537919
1537920
1537921
1539053
1539330
1539331
1539332
1539333
1539334
1800933
1803462
1803463
1808248
1808933
1809330
1809331
1809332
1809333
1809335
1809336
1809337
1809338
1809339
1780933
1783400
1783401
1783402
1783403
1783404
1783405
1783406
1783407
1783408
1783409
1783433
1784883
1788083
1789933
1789940
1789941
1789942
1789943
1789944
1789945
1789946
1789947
1789948
1789949
1850933
1850944
1859063
1560933
1568270
1568271
1569330
1569335
1569336
1569337
1569338
1569339
1990933
1994427
1994428
1994429
1996840
1996841
1996842
1996843
1996844
1996845
1996846
1996847
1996848
1996849
1999330
1999331
1999332
1999333
1999334
1999335
1999336
1999337
1999338
1999339
1330933
1332130
1335933
1336933
1339933
