1980416
1981362
1982407
1982408
1982416
1982478
1982479
1982480
1982481
1982482
1650188
1650328
1650416
1650485
1650496
1650568
1650569
1650689
1650742
1651243
1651267
1651416
1651466
1651521
1651526
1651528
1651807
1652030
1652104
1652416
1652590
1652600
1652968
1653416
1653791
1653816
1653846
1655416
1655506
1655507
1655657
1655667
1655771
1655774
1655896
1655941
1656089
1656217
1656311
1656416
1656426
1657016
1657187
1657212
1657219
1657260
1657292
1657416
1657688
1840260
1840261
1840262
1840263
1840264
1840265
1840266
1840267
1840268
1840269
1840416
1570416
1570420
1570422
1570423
1570424
1570425
1570426
1570428
1571416
1571426
1572444
1572445
1572466
1575410
1575411
1575412
1575413
1575414
1575415
1575416
1575417
1575418
1575419
1320416
1321416
1322416
1323416
1323685
1323686
1323687
1323688
1323689
1323816
1323894
1324391
1324392
1327416
1327426
1328416
1910416
1701424
1701425
1702340
1702341
1702342
1702416
1702417
1703831
1703832
1703833
1703834
1703835
1704690
1704691
1704692
1704693
1704694
1704695
1704696
1704697
1704698
1704699
1705393
1705419
1705420
1705421
1705422
1705742
1705748
1705876
1370006
1370016
1370406
1370416
1370496
1374061
1374062
1374063
1374064
1374065
1374066
1374067
1374068
1374069
1374160
1374161
1374162
1374163
1374164
1374165
1374166
1374167
1374168
1374169
1470416
1474128
1474129
1750406
1750416
1750496
1752416
1754060
1754061
1754062
1754063
1754064
1754065
1754066
1754067
1754068
1754069
1754160
1754161
1754162
1754163
1754164
1754165
1754166
1754167
1754168
1754169
1880416
1884010
1884011
1884012
1884013
1884014
1884015
1884016
1884017
1884018
1884019
1884160
1884161
1884162
1884163
1884164
1884165
1884166
1884167
1884168
1884169
1520410
1520411
1520412
1520413
1520414
1520415
1520416
1524135
1524136
1524137
1524150
1524151
1524152
1524153
1524154
1524160
1524161
1524162
1524163
1524164
1524165
1524166
1524167
1524168
1524169
1810406
1810416
1810496
1814106
1814107
1814160
1814161
1814162
1814163
1814164
1814165
1814166
1820416
1824160
1824161
1824162
1824163
1824164
1824165
1824166
1824167
1824168
1824169
1510416
1512400
1512401
1512402
1512403
1512404
1513415
1513416
1513417
1513418
1513419
1514160
1514161
1514162
1514163
1514164
1514165
1514166
1514167
1514168
1514169
1514260
1514261
1514262
1514263
1514264
1514265
1514266
1514267
1514268
1514269
1516415
1516416
1516417
1516418
1516419
1517405
1517406
1517407
1517408
1517409
1517420
1517421
1517422
1517423
1517424
1517425
1517426
1517427
1517428
1760406
1760416
1761406
1761416
1762416
1764060
1764061
1580416
1584160
1584161
1584162
1584163
1584164
1584165
1584166
1584167
1584168
1584169
1344039
1344139
1346430
1346431
1346432
1346445
1346460
1346461
1346462
1346463
1346464
1346465
1346466
1346467
1346468
1346469
1730416
1730981
1730982
1730983
1734116
1310416
1310426
1312416
1312560
1313060
1313061
1313062
1313063
1313064
1313065
1313066
1313416
1314789
1314790
1314791
1314792
1314970
1314973
1314974
1314976
1314978
1315416
1315424
1318810
1318811
1318812
1318813
1318814
1319040
1319041
1319042
1319043
1319044
1319416
1870416
1870420
1870422
1874160
1874161
1874162
1874163
1874164
1874165
1874166
1874167
1874168
1874169
1874223
1660406
1660416
1662416
1664060
1664061
1664062
1664063
1664064
1664065
1664066
1664067
1664068
1664069
1664160
1664161
1664162
1664163
1664164
1664165
1664166
1664167
1664168
1664169
1380416
1384060
1384061
1384062
1384063
1384064
1384065
1384066
1384067
1384068
1384069
1384160
1384161
1384162
1384163
1384164
1384165
1384166
1384167
1384168
1384169
1389782
1389783
1389784
1389785
1389786
1389787
1389788
1389789
1389835
1389836
1389837
1389838
1389839
1530416
1530426
1532622
1533090
1533116
1535090
1535091
1535094
1800406
1800416
1800496
1804160
1804161
1804162
1804163
1804164
1804165
1804166
1804167
1804168
1804169
1890406
1890416
1890496
1894060
1894061
1894062
1894063
1894064
1894065
1894066
1894067
1894068
1894069
1894160
1894161
1894162
1894166
1894167
1894168
1894169
1360416
1360496
1361406
1361416
1361496
1362416
1363494
1363496
1363497
1363498
1364416
1365416
1365496
1367416
1712630
1712631
1712632
1712633
1712634
1712635
1712636
1712637
1712638
1712639
1330406
1330416
1330496
1331416
1332218
1332219
1332416
1332426
1333218
1333219
1334218
1334219
1335218
1335219
1335416
1335875
1335876
1336416
1336426
1337297
1338416
1338426
1339020
1339021
1339022
1339037
1339046
1339416
1850248
1850406
1850416
1850426
1852406
1852416
1852426
1852450
1852451
1852452
1852453
1852454
1852455
1852456
1852457
1852458
1854166
1780416
1780420
1780422
1780423
1782416
1782436
1782454
1782455
1782456
1782457
1784603
1784604
1784795
1789626
1560406
1560416
1560496
1564060
1564061
1564062
1564063
1564064
1564065
1564066
1564067
1564068
1564069
1564160
1564161
1564162
1564163
1564164
1564165
1564166
1564167
1564168
1564169
1564287
1564288
1564289
1566346
1566347
1566348
1566349
1566350
1566351
1566352
1569416
1569426
1569870
1569899
1990406
1990416
1996986
1997596
1671416
1671423
1671424
1672416
1673091
1673092
1673093
1673095
1673096
1673416
1674416
1390406
1390416
1390496
1394060
1394061
1394062
1394063
1394064
1394065
1394066
1394067
1394068
1394069
1394160
1394161
1394162
1394163
1394164
1394165
1394166
1394167
1394168
1394169
1550265
1550266
1550267
1550406
1550416
1550496
1550498
1550499
1554160
1554161
1554162
1554163
1554164
1554200
1554201
1554202
1554203
1554204
1554281
1554282
1554283
1554284
1555162
1555164
1556648
1556649
1556650
1556651
1556652
1556653
1556654
1556655
1556656
1556657
1556658
1556659
1860406
1860416
1860496
1862416
1864060
1864061
1864062
1864063
1864064
1864065
1864066
1864067
1864068
1864069
1864160
1864161
1864162
1864163
1864164
1864165
1864166
1864167
1864168
1864169
1300826
1300933
1300934
1300935
1301981
1301982
1301983
1302036
1302826
1302933
1302934
1302935
1304267
1304268
1305040
1305041
1305042
1305043
1305044
1305045
1305046
1305047
1305048
1305049
1308127
1308128
1308129
1309044
1720260
1720261
1720262
1720263
1720264
1720265
1720266
1720267
1720268
1720269
1450416
1450426
1450495
1450496
1450497
1450498
1450499
1450530
1452416
1452426
1453358
1453359
1453436
1454296
1350046
1350406
1350416
1351416
1351606
1359125
1359126
1359127
1359128
1359129
1770416
1770426
1774156
1774160
1774161
1774162
1774163
1774165
1774186
1774196
1774217
1779088
1590416
1594060
1594061
1594062
1594063
1594064
1594065
1594066
1594067
1594068
1594069
1594160
1594161
1594162
1594163
1594164
1594165
1594166
1594167
1594168
1594169
1621338
1621339
1830416
1834160
1834161
1834162
1834163
1834164
1834165
1834166
1834167
1834168
1834169
1834260
1834261
1834262
1834263
1834264
1834265
1834266
1834267
1834268
1834269
1500416
1500420
1500422
1500423
1500428
1500980
1500981
1500982
1500989
1504160
1504161
1504162
1504163
1504164
1504165
1504166
1504167
1504168
1504169
1504260
1504261
1504262
1504263
1504264
1504265
1504266
1504267
1504268
1504269
1508410
1508411
1508412
1508413
1508414
1508415
1508416
1508417
1508418
1508419
