1570618
1571615
1571616
1571617
1571618
1571619
1572068
1572069
1572083
1572084
1572245
1572297
1572298
1572299
1575178
1579422
1579423
1840516
1840517
1840518
1845241
1845261
1845273
1845274
1980510
1980511
1980512
1981223
1981461
1981641
1981650
1981651
1981659
1982634
1982635
1982636
1982637
1982638
1984441
1984450
1984451
1984822
1984836
1984849
1985010
1985011
1985012
1985013
1985014
1985015
1985016
1985017
1985018
1985019
1985100
1985101
1985102
1985103
1985104
1985105
1985106
1985107
1985108
1985109
1989547
1989550
1989551
1989552
1989573
1989574
1989575
1989576
1989577
1989578
1989579
1650510
1651824
1651993
1652101
1700148
1700151
1700152
1700153
1700154
1700510
1700529
1700620
1700621
1700622
1700623
1700624
1700625
1700626
1700627
1700651
1700652
1701620
1701621
1701622
1701623
1701624
1701625
1701626
1701627
1701642
1702641
1702642
1702650
1702651
1702652
1702653
1702654
1702655
1702656
1702657
1702658
1702659
1704885
1704886
1705068
1705132
1705218
1705241
1705363
1705515
1706900
1706901
1706902
1706903
1706904
1706905
1706906
1706907
1706908
1706909
1706910
1706911
1706912
1708150
1708151
1708152
1708153
1708154
1708155
1708156
1708157
1708158
1708159
1708160
1708161
1708162
1708163
1708164
1708165
1708166
1708167
1708168
1708169
1708640
1708641
1708642
1708643
1708644
1708645
1709510
1709511
1709512
1709513
1709523
1709524
1709525
1709526
1709527
1709528
1709548
1709549
1910255
1910521
1915176
1915177
1915178
1320521
1320522
1320523
1320524
1320525
1320526
1320527
1320528
1320529
1321873
1321874
1321875
1321876
1321877
1321878
1321879
1321885
1322240
1322280
1322281
1322282
1322283
1322284
1322285
1322286
1322287
1322288
1322289
1322290
1322291
1322292
1322293
1322294
1322510
1323643
1325510
1325511
1325520
1325521
1325522
1327010
1327011
1327012
1327013
1327014
1327015
1327016
1327017
1327018
1327019
1327041
1327042
1327510
1327622
1327623
1327624
1327625
1327626
1327627
1327628
1327629
1329120
1329121
1329122
1329123
1329124
1750148
1750149
1750150
1750151
1750152
1750510
1755100
1880050
1880051
1880052
1880053
1880054
1880055
1880056
1880057
1880058
1880059
1880069
1880151
1880152
1880153
1880615
1880616
1880617
1880618
1880619
1881199
1881620
1885150
1885151
1885156
1885157
1885158
1885246
1885247
1885248
1885249
1886099
1886150
1886151
1886152
1886153
1886154
1886155
1886156
1886157
1886158
1886159
1886160
1886161
1886162
1886163
1886164
1886165
1886166
1886167
1886168
1886169
1886170
1886171
1886172
1886173
1886174
1886175
1886176
1886177
1886178
1886179
1886180
1886181
1886182
1886183
1886184
1886185
1886186
1886187
1886188
1886189
1888803
1888804
1370151
1370152
1370153
1370615
1370616
1370617
1370618
1370619
1373911
1377100
1377101
1377102
1377103
1377104
1377105
1377106
1377107
1377108
1377109
1377110
1377111
1377112
1377113
1377114
1377115
1377116
1377117
1377118
1377119
1377120
1377121
1377122
1377123
1377124
1377125
1377126
1377127
1377128
1377129
1377130
1377131
1377132
1377133
1377134
1377135
1377136
1377137
1377138
1377139
1377140
1377141
1377142
1377143
1377144
1377145
1377146
1377147
1377148
1377149
1377150
1377151
1377152
1377153
1377154
1377155
1377156
1377157
1377158
1377159
1377160
1377161
1470013
1470014
1470615
1470616
1470617
1470618
1470619
1475102
1475103
1475146
1475147
1475148
1475149
1475150
1475151
1475152
1475153
1475154
1475155
1475156
1475157
1475158
1475159
1475238
1475239
1476150
1476151
1476152
1476153
1476154
1476155
1476156
1476157
1476158
1476159
1476160
1476161
1476162
1476163
1476164
1476165
1476166
1476167
1476168
1476169
1476185
1476200
1476201
1476202
1476203
1476204
1476205
1476206
1476207
1476208
1476209
1476246
1810065
1810066
1810151
1810152
1810153
1810615
1810616
1810617
1810618
1810619
1811235
1811236
1811237
1811238
1811239
1811245
1811246
1811247
1811248
1811249
1811405
1811406
1811407
1811408
1811409
1811410
1811411
1811450
1811485
1811486
1811487
1811488
1811489
1811532
1811533
1811534
1811535
1811536
1811537
1811538
1811539
1811540
1811541
1811575
1811576
1811577
1811886
1811887
1811888
1811889
1811890
1811891
1811892
1812000
1812001
1812150
1812151
1812152
1812153
1812154
1815148
1815149
1815150
1815151
1815152
1815153
1815154
1815155
1815170
1815171
1816831
1816832
1816833
1816834
1816835
1816836
1816837
1816838
1816839
1816883
1816885
1816886
1816887
1816888
1816889
1816890
1816891
1816892
1816893
1520615
1520616
1520617
1520618
1520619
1524045
1524046
1525080
1525081
1525082
1525083
1525084
1525140
1525141
1525142
1525143
1525144
1525150
1525151
1525152
1525153
1525154
1525155
1525156
1525157
1525158
1525159
1525160
1525161
1525162
1525163
1525164
1525165
1525166
1525167
1525168
1525169
1526150
1526151
1526152
1526153
1526154
1526155
1526156
1526157
1526158
1526159
1526160
1526161
1526162
1526163
1526164
1526165
1526166
1526167
1526168
1526169
1529540
1529541
1529542
1529543
1529544
1529840
1529841
1529842
1529843
1529844
1510615
1510616
1510617
1510618
1510619
1515220
1515221
1515222
1515223
1515224
1515225
1515226
1515227
1515228
1515229
1516150
1516151
1516152
1516153
1516154
1516155
1516156
1516157
1516158
1516159
1516160
1516161
1516162
1516163
1516164
1516165
1516166
1516167
1516168
1516169
1519020
1519021
1519022
1519023
1519024
1519025
1519026
1519027
1519028
1519029
1519030
1519031
1519032
1519033
1519034
1519035
1519036
1519037
1519038
1519039
1820503
1820615
1820616
1820617
1820618
1820619
1824880
1824881
1825154
1825155
1825156
1825157
1826047
1826048
1826147
1826150
1826151
1826152
1826153
1826154
1826155
1826156
1826157
1826158
1826159
1826220
1826221
1826222
1826223
1826224
1826225
1826226
1826227
1826228
1826229
1340000
1340001
1340002
1340003
1340004
1340425
1340426
1340427
1340428
1340575
1340576
1340577
1340578
1340579
1344229
1348500
1348501
1348502
1348503
1348504
1348505
1348506
1580615
1580616
1580617
1580618
1580619
1585250
1585251
1585252
1585253
1585254
1585255
1585256
1585257
1585258
1585259
1585260
1585261
1585262
1585263
1585264
1585265
1585266
1585267
1585268
1585269
1585270
1585271
1585272
1585273
1585274
1585275
1585276
1585277
1585278
1585279
1585280
1585281
1585282
1585283
1585284
1586140
1586141
1586142
1586143
1586144
1586145
1586146
1586147
1586148
1586149
1586150
1586151
1586152
1586153
1586154
1586155
1586156
1586157
1586158
1586159
1586160
1586161
1586162
1586163
1586164
1586165
1586166
1586167
1586168
1586169
1589530
1589531
1589532
1589533
1589534
1589535
1589536
1589537
1589538
1589539
1589646
1589647
1589648
1589649
1760150
1760151
1760510
1762500
1762501
1762502
1762503
1762510
1762540
1762581
1762582
1310196
1310197
1311505
1311506
1311507
1311508
1311509
1315100
1315101
1315102
1315103
1315104
1315145
1315190
1315191
1315192
1315193
1315194
1315195
1315196
1315197
1317404
1317405
1317406
1317944
1317965
1317966
1317967
1317968
1317969
1318206
1318207
1318208
1318209
1318240
1318241
1318270
1318271
1318272
1318273
1318274
1318275
1318276
1318277
1318278
1318279
1319640
1319641
1319642
1319650
1319651
1319652
1319653
1319654
1319655
1319656
1319657
1319658
1319659
1730140
1730610
1730611
1730612
1730613
1731270
1731271
1731272
1731273
1731274
1731275
1731276
1731277
1731278
1731279
1731295
1731503
1731505
1731506
1731507
1731550
1731551
1731552
1731553
1731561
1731562
1731563
1731565
1731880
1732728
1732740
1732741
1732742
1732743
1732744
1732745
1732746
1732747
1732748
1734272
1734820
1734821
1734822
1734823
1734824
1734825
1735148
1735149
1735150
1735151
1735152
1735167
1735168
1735242
1735490
1736170
1736171
1736172
1736173
1736175
1736176
1736530
1736531
1736532
1736533
1736534
1736803
1736814
1736835
1736855
1736857
1736864
1736877
1736878
1736879
1737284
1737285
1737286
1737287
1738886
1739682
1380051
1380151
1380152
1380153
1380615
1380616
1380617
1380618
1380619
1381200
1381201
1381202
1381203
1381204
1381205
1381206
1381207
1381208
1381209
1381210
1381211
1381212
1381213
1381214
1381215
1381216
1381217
1381218
1381219
1381220
1381221
1381222
1381223
1381224
1381225
1381226
1381227
1381228
1381229
1381250
1381251
1381252
1381253
1381254
1381255
1381256
1381257
1381258
1381259
1381420
1381421
1381422
1381423
1381424
1381425
1381426
1381427
1381428
1381429
1381510
1381511
1381512
1381513
1381514
1386144
1386145
1386146
1386147
1386148
1386149
1386150
1386151
1386152
1386153
1386154
1386160
1386161
1386162
1386163
1386164
1386166
1386168
1386169
1386170
1386171
1386172
1386173
1386174
1386175
1386176
1386177
1386178
1386179
1386180
1386181
1386182
1386183
1386184
1386185
1386186
1386187
1386188
1386189
1660510
1665100
1665101
1665102
1665148
1665149
1665150
1665151
1665152
1665153
1870615
1870616
1870617
1870618
1870619
1872404
1872405
1875154
1875155
1875156
1875157
1875158
1876150
1876151
1876152
1876153
1876154
1876155
1876156
1876157
1876158
1876159
1876245
1876246
1876260
1876261
1876262
1876263
1876264
1876265
1876266
1876267
1876268
1876269
1876280
1876281
1879540
1879560
1879561
1879562
1879563
1879564
1879565
1879566
1879567
1879568
1879569
1800151
1800152
1800153
1800615
1800616
1800617
1800618
1800619
1801235
1801236
1801237
1801238
1801239
1801245
1801246
1801247
1801248
1801249
1801340
1801341
1801342
1801418
1801419
1801420
1801421
1801422
1801423
1801424
1801425
1801426
1801427
1801428
1801429
1801475
1801476
1801477
1801478
1801479
1801492
1801493
1801494
1801495
1801496
1801530
1801531
1801532
1801533
1801534
1801535
1801536
1801537
1801538
1801539
1801830
1801831
1801832
1801833
1801834
1801835
1801836
1801837
1801838
1801839
1801844
1801845
1802029
1802030
1802031
1802050
1802051
1802052
1802115
1802116
1802117
1802118
1802119
1802142
1802143
1802144
1802155
1802156
1803600
1803601
1803602
1803603
1803604
1803605
1803606
1803607
1803685
1803686
1803687
1803688
1803689
1805150
1805151
1805156
1805157
1805158
1805159
1805193
1805194
1805195
1805246
1805247
1805248
1805249
1806150
1806151
1806152
1806153
1806154
1806155
1806156
1806157
1806158
1806159
1806190
1806197
1806825
1806826
1806827
1806828
1806829
1806830
1806831
1806832
1806833
1806834
1806835
1806836
1806837
1806838
1806839
1809429
1530151
1530152
1530153
1530615
1530616
1530617
1530618
1530619
1531220
1531221
1531222
1531223
1531224
1531225
1531226
1531227
1531228
1531229
1531248
1531249
1533520
1533521
1533522
1533523
1533524
1533779
1534510
1535800
1535801
1535802
1535803
1535804
1535805
1535806
1535807
1535808
1535809
1535845
1535893
1535894
1535895
1535896
1535897
1535898
1535899
1536520
1536521
1536522
1536523
1536524
1536525
1536526
1536527
1536528
1536529
1537020
1537021
1537022
1537023
1537024
1537025
1537026
1537027
1537028
1537029
1537040
1537041
1537042
1537043
1537044
1537085
1537086
1537087
1537088
1537089
1537105
1537106
1537107
1537108
1537109
1360148
1360151
1360152
1360153
1360615
1360616
1360617
1360618
1360619
1361614
1361615
1361616
1361617
1361618
1361619
1362150
1362151
1362152
1362153
1362623
1364615
1364616
1364617
1364618
1365615
1365616
1365617
1365618
1365619
1366510
1366511
1366512
1366513
1366514
1366515
1366516
1366517
1366518
1366519
1950220
1951701
1951991
1951995
1951996
1951998
1952963
1953994
1955003
1955190
1955191
1955192
1890063
1890151
1890152
1890153
1890615
1890616
1890617
1890618
1890619
1891235
1891236
1891237
1891238
1891239
1891245
1891246
1891247
1891248
1891249
1891410
1891411
1891412
1891413
1891414
1891415
1891416
1891417
1891418
1891419
1891420
1891421
1891422
1891423
1891424
1891425
1891426
1891427
1891428
1891429
1891520
1891521
1891522
1891523
1891524
1891525
1891526
1891527
1891528
1891529
1891530
1891531
1891532
1891533
1891534
1891535
1891536
1891537
1891538
1891539
1892110
1892111
1892112
1892113
1892114
1892115
1892116
1892117
1892118
1892119
1892120
1892121
1892122
1892123
1892124
1892125
1892126
1892127
1892128
1892129
1892130
1892131
1892132
1892133
1892134
1892135
1892136
1892137
1892138
1892139
1892150
1892151
1892152
1892153
1892154
1893605
1893606
1893607
1894415
1894416
1894417
1894418
1894419
1895150
1895151
1895156
1895157
1895158
1895246
1895247
1895248
1895249
1896150
1896151
1896152
1896153
1896154
1896155
1896156
1896157
1896158
1896159
1896160
1896161
1896162
1896163
1896164
1896165
1896166
1896167
1896168
1896169
1896170
1896171
1896172
1896173
1896174
1896175
1896176
1896177
1896178
1896179
1896180
1896181
1896182
1896183
1896184
1896185
1896186
1896187
1896188
1896189
1330151
1330152
1330153
1330615
1330616
1330617
1330618
1330619
1332790
1332791
1332792
1332810
1332811
1332815
1333790
1333791
1333792
1333810
1333811
1333815
1333873
1333874
1333875
1333876
1333877
1333878
1334790
1334791
1334792
1334810
1334811
1334815
1335790
1335791
1335792
1335810
1335811
1335815
1337360
1337361
1337362
1337363
1337364
1337365
1337366
1337620
1337621
1337622
1337623
1337624
1338220
1338221
1338222
1338223
1338224
1338225
1338226
1338227
1338228
1338229
1338242
1338288
1338289
1339510
1339511
1339512
1339513
1339514
1339515
1339516
1339517
1339518
1339519
1712331
1712332
1713510
1715510
1715629
1715630
1715631
1715632
1715633
1715634
1715635
1715636
1715637
1715638
1715639
1715646
1715647
1715648
1715649
1715650
1715651
1715652
1715653
1715654
1715655
1715657
1715658
1715659
1716050
1716051
1716052
1716053
1716054
1716055
1716056
1716057
1716058
1716059
1716330
1716334
1716340
1716341
1716510
1717510
1718510
1718643
1718644
1718645
1718646
1718647
1718648
1718651
1718652
1718653
1718655
1718656
1718657
1718658
1718659
1719330
1719339
1719510
1990142
1990143
1990616
1990617
1990618
1990619
1990624
1994158
1994171
1994179
1994199
1995148
1995151
1995220
1995221
1995222
1995223
1995224
1995225
1995226
1995227
1995228
1995229
1995242
1995270
1995271
1995272
1995273
1995274
1995275
1995276
1995277
1995278
1560151
1560152
1560153
1560615
1560616
1560617
1560618
1560619
1565150
1565151
1565156
1565157
1565158
1566440
1566450
1566451
1566863
1566864
1569510
1569522
1569524
1850510
1855103
1855104
1855105
1855106
1855200
1855201
1855202
1855203
1855204
1855205
1855206
1855207
1855208
1855209
1855210
1855211
1855212
1855213
1855214
1855215
1855216
1855217
1855218
1855219
1855240
1855241
1855242
1855243
1855610
1780250
1780251
1780441
1782610
1782611
1782630
1782640
1782665
1783455
1783456
1783457
1784940
1785120
1785121
1785130
1785131
1785132
1785147
1785190
1785191
1785192
1788722
1788723
1788812
1789510
1789511
1789512
1860146
1860147
1860148
1860155
1860156
1860157
1860158
1860159
1860510
1862605
1862606
1862607
1862608
1862609
1862630
1862631
1862632
1862633
1862634
1862635
1862636
1862637
1862638
1862639
1865100
1865101
1865102
1865103
1865150
1865151
1865156
1865157
1865158
1865245
1865246
1865247
1865248
1865249
1866100
1866101
1866102
1866103
1866104
1866105
1866106
1866107
1866108
1866109
1866127
1866128
1866129
1550528
1550529
1390061
1390151
1390152
1390153
1390615
1390616
1390617
1390618
1390619
1391235
1391236
1391237
1391238
1391239
1391245
1391246
1391247
1391248
1391249
1391410
1391411
1391412
1391413
1391414
1391415
1391416
1391417
1391418
1391419
1391420
1391421
1391422
1391423
1391424
1391425
1391426
1391427
1391428
1391429
1391520
1391521
1391522
1391523
1391524
1391525
1391526
1391527
1391528
1391529
1391530
1391531
1391532
1391533
1391534
1391535
1391536
1391537
1391538
1391539
1392110
1392111
1392112
1392113
1392114
1392115
1392116
1392117
1392118
1392119
1392120
1392121
1392122
1392123
1392124
1392125
1392126
1392127
1392128
1392129
1392130
1392131
1392132
1392133
1392134
1392135
1392136
1392137
1392138
1392139
1392150
1392151
1392152
1392153
1392154
1395150
1395151
1395156
1395157
1395158
1395246
1395247
1395248
1395249
1396150
1396151
1396152
1396153
1396154
1396155
1396156
1396157
1396158
1396159
1396160
1396161
1396162
1396163
1396164
1396165
1396166
1396167
1396168
1396169
1396170
1396171
1396172
1396173
1396174
1396175
1396176
1396177
1396178
1396179
1396180
1396181
1396182
1396183
1396184
1396185
1396186
1396187
1396188
1396189
1671510
1671520
1671521
1671522
1671524
1671525
1672510
1673140
1673510
1720090
1720091
1300033
1300034
1300035
1300036
1300037
1300038
1300039
1300330
1300331
1300332
1300333
1300334
1300335
1300336
1300337
1300338
1300339
1301033
1301360
1301361
1301362
1301363
1301364
1301365
1301366
1301367
1301368
1301369
1302330
1302331
1302332
1302333
1302335
1302336
1302337
1302338
1302339
1303350
1303351
1304360
1304361
1304362
1304365
1304366
1305720
1305721
1305722
1305723
1305724
1305725
1305726
1305727
1305728
1305729
1305730
1305731
1305732
1305733
1305734
1305735
1305736
1305737
1305738
1305739
1306360
1306361
1306362
1306363
1306364
1306365
1306366
1306367
1306368
1306369
1308350
1308351
1309240
1309241
1309300
1309301
1309302
1309303
1309304
1309305
1309306
1309307
1309308
1309309
1309310
1309311
1309312
1309313
1309314
1590615
1590616
1590617
1590618
1590619
1594920
1594921
1594922
1594923
1594924
1594925
1594926
1594927
1594928
1594929
1595010
1595011
1595012
1595013
1595014
1595040
1595041
1595042
1595043
1595044
1595150
1595151
1595156
1595157
1595158
1595246
1595247
1595248
1595249
1596150
1596151
1596152
1596153
1596154
1596155
1596156
1596157
1596158
1596159
1596160
1596161
1596162
1596163
1596164
1596165
1596166
1596167
1596168
1596169
1596170
1596171
1596172
1596173
1596174
1596175
1596176
1596177
1596178
1596179
1596180
1596181
1596182
1596183
1596184
1596185
1596186
1596187
1596188
1596189
1599520
1599521
1599522
1599523
1599524
1599525
1599526
1599527
1599528
1599529
1599530
1599531
1599532
1599533
1599534
1599535
1599536
1599537
1599538
1599539
1770151
1770152
1770153
1770254
1770615
1770616
1770617
1770618
1770619
1771236
1771237
1771238
1771239
1771245
1771246
1771447
1771454
1771455
1771496
1771497
1771530
1771531
1771540
1771541
1771542
1771567
1771568
1771569
1771580
1771581
1771582
1775148
1775149
1775150
1775151
1775152
1776616
1776617
1776618
1776619
1776632
1776633
1776634
1776635
1776636
1776637
1776638
1776639
1776647
1776648
1776830
1776831
1776832
1776833
1776834
1776850
1776851
1776852
1776853
1779870
1779871
1779872
1779873
1779874
1779875
1779876
1450926
1450927
1450928
1450929
1450930
1450931
1450932
1450933
1450934
1450935
1450936
1450937
1450938
1450939
1450940
1450941
1450942
1450943
1450944
1450945
1450946
1450947
1450948
1450949
1452607
1452608
1452609
1452610
1452611
1452612
1453544
1453545
1453606
1453607
1453608
1453609
1453610
1453611
1453635
1453636
1453637
1453638
1453639
1454422
1454951
1454952
1457070
1457071
1457072
1457073
1457074
1457075
1457076
1457261
1457262
1457263
1457264
1457265
1457266
1457267
1457268
1457269
1350615
1350616
1350617
1350618
1350619
1351164
1351165
1351519
1358410
1358411
1358412
1358413
1358414
1358415
1358416
1358417
1358418
1358419
1358420
1358421
1358422
1358423
1358424
1358500
1358501
1358502
1358503
1358504
1358505
1358506
1358507
1358508
1358509
1500615
1500616
1500617
1500618
1500619
1505067
1505068
1505069
1505210
1505211
1505212
1505213
1505214
1505215
1505216
1505217
1505218
1505219
1505220
1505221
1505222
1505223
1505224
1505225
1505226
1505227
1505228
1505229
1505241
1505242
1505243
1505244
1506146
1506147
1506150
1506151
1506152
1506153
1506154
1506155
1506156
1506157
1506158
1506159
1506172
1506173
1506174
1506175
1506176
1506177
1506178
1506179
1506180
1506181
1506182
1506183
1506184
1506185
1506186
1506187
1506188
1506189
1509438
1509439
1830615
1830616
1830617
1830618
1830619
1834460
1834461
1835150
1835151
1835156
1835157
1835158
1835246
1835247
1835248
1835250
1835251
1835252
1835253
1835254
1835255
1835256
1835257
1835258
1835259
1835260
1835283
1836040
1836041
1836080
1836081
1836233
1836234
1836235
1836236
1836237
1836238
1836239
1622510
