1500725
1507166
1507167
1507168
1507169
1507170
1507171
1507272
1507273
1507274
1507275
1507276
1507277
1507278
1507279
1507280
1507281
1507282
1507283
1507284
1507285
1507286
1507287
1509800
1509801
1509802
1509803
1509804
1832745
1832746
1832770
1832771
1832772
1832773
1832774
1832775
1832776
1832777
1832778
1832779
1837130
1837131
1837132
1837133
1837134
1837135
1837136
1837137
1837138
1837139
1837289
1452713
1452723
1457116
1458623
1458624
1458625
1458626
1350865
1358123
1358124
1358125
1358126
1358127
1359365
1359366
1359367
1359368
1359369
1359754
1359755
1359756
1359757
1359758
1359759
1359760
1590725
1592670
1592671
1592672
1592673
1592674
1592675
1592676
1592677
1592678
1592679
1597132
1597133
1597134
1597135
1597136
1597137
1597138
1597139
1597140
1597279
1597280
1597281
1597282
1597283
1597284
1597285
1597286
1597287
1597288
1597289
1599732
1599733
1599734
1599735
1599736
1599737
1599738
1599739
1770713
1774062
1774063
1774064
1775446
1776263
1776264
1776265
1776266
1776267
1776268
1776269
1776270
1776271
1776304
1776411
1776415
1776416
1776417
1777130
1777131
1777132
1777133
1777134
1777135
1777136
1777137
1777138
1777139
1777196
1777197
1777198
1777199
1778615
1778616
1778617
1778618
1778619
1778620
1778660
1778661
1778662
1778663
1778664
1778665
1779837
1779838
1779839
1303446
1303447
1303448
1303449
1304271
1304272
1308521
1308522
1309272
1309273
1309274
1309836
1309837
1390725
1397170
1397171
1397172
1397173
1397174
1397270
1397271
1397272
1397273
1397274
1397275
1398651
1398652
1398653
1398654
1398655
1398656
1399590
1399591
1399592
1399593
1399594
1860278
1860725
1867130
1867131
1867132
1867133
1867134
1867135
1867136
1867137
1867138
1867139
1867165
1867250
1867251
1867252
1867253
1867254
1869606
1869607
1869640
1869641
1869642
1550717
1550718
1550719
1550725
1554964
1554965
1554966
1554967
1554968
1554969
1557130
1557131
1557132
1557133
1557134
1557135
1557136
1557137
1557138
1557139
1557232
1557233
1557234
1557235
1557236
1557237
1557238
1557239
1558649
1558650
1558651
1558652
1560725
1561490
1562943
1562949
1562960
1562961
1562962
1562963
1562964
1562965
1562966
1562967
1562968
1562969
1567170
1567171
1567172
1567173
1567174
1569713
1569724
1850725
1850867
1857193
1857194
1857253
1857254
1857255
1857256
1857257
1857258
1857259
1780277
1780712
1780729
1784781
1786633
1786634
1787102
1787124
1787131
1787132
1787135
1787143
1787189
1788687
1789713
1990725
1994514
1994515
1994516
1994770
1994771
1994772
1994773
1994774
1994775
1994776
1997112
1997113
1997114
1997115
1997116
1997117
1997118
1997119
1997243
1997244
1997250
1997251
1997252
1997253
1997254
1997255
1997256
1997257
1997258
1997259
1997282
1997283
1997284
1997285
1997286
1997287
1997288
1997289
1998680
1998681
1998682
1998683
1998684
1998685
1998686
1998687
1330725
1331725
1331750
1332994
1332995
1333740
1333741
1333742
1333743
1333744
1333745
1333746
1333995
1333996
1333997
1336713
1337792
1338711
1338712
1339725
1339726
1890725
1893462
1893463
1893464
1893465
1894210
1894211
1894212
1894213
1894214
1894215
1894216
1897170
1897171
1897172
1897173
1897174
1897270
1897271
1897272
1897273
1897274
1897275
1898651
1898652
1898653
1898654
1898655
1898656
1899571
1899572
1899573
1899574
1899575
1899576
1360725
1361713
1361867
1362718
1363583
1363584
1363585
1363586
1363587
1363588
1363589
1363600
1363601
1363602
1363603
1363604
1363605
1363606
1363607
1363608
1363609
1363610
1363611
1363612
1363613
1364713
1365713
1366903
1367713
1368713
1369714
1953615
1800725
1800861
1804061
1806220
1806221
1806222
1806282
1806283
1806284
1806285
1806286
1806287
1806288
1806289
1806417
1807120
1807121
1807122
1807147
1807180
1807181
1807182
1807183
1807184
1808614
1808615
1808655
1808656
1808657
1808658
1808659
1530725
1532748
1532770
1532771
1532772
1532773
1532774
1532775
1533412
1533413
1533414
1533598
1533599
1533731
1534236
1534237
1534238
1534239
1534240
1534241
1534242
1534243
1534716
1534717
1534720
1534721
1537454
1537455
1537456
1537711
1537712
1537713
1537714
1538719
1538720
1539161
1539162
1539163
1539270
1539271
1539272
1870725
1877158
1877159
1877160
1877161
1877162
1877163
1877164
1877165
1877166
1877238
1877239
1877240
1877241
1877242
1877243
1877244
1877245
1877246
1877247
1877248
1877249
1877250
1877251
1877252
1877253
1877254
1877255
1380725
1387195
1387196
1387197
1387198
1387199
1387200
1387201
1387202
1387203
1387204
1388640
1388641
1388642
1388643
1388644
1660725
1660865
1667105
1667130
1667131
1667132
1667133
1667134
1667135
1667136
1667137
1734059
1734343
1734357
1736232
1736246
1736283
1736284
1736285
1736286
1736412
1736422
1737130
1737131
1737132
1737133
1737134
1737135
1737146
1737156
1737157
1737158
1739821
1310074
1311443
1311707
1311708
1311709
1313590
1313591
1316565
1317734
1317735
1317736
1319705
1319706
1319707
1319708
1319709
1580725
1589789
1589790
1589791
1589792
1589793
1589794
1760725
1767104
1767105
1767106
1767107
1767108
1767109
1767110
1768382
1768383
1971999
1340967
1340968
1340969
1340970
1340971
1340972
1340973
1340974
1340975
1340976
1340977
1340978
1340979
1340980
1340981
1340982
1340983
1340984
1340985
1340986
1340987
1340988
1340989
1340990
1340991
1340992
1340993
1340994
1340995
1340996
1340997
1340998
1340999
1342990
1342991
1346988
1346989
1346990
1346991
1346992
1346993
1346994
1347657
1347658
1347659
1347660
1347661
1347662
1347663
1347664
1347665
1347666
1347667
1347668
1347669
1347670
1347671
1347672
1347673
1347674
1347675
1347676
1347677
1347760
1347761
1347762
1347763
1347764
1347765
1347766
1347767
1347768
1347769
1348702
1348703
1348704
1348705
1348706
1510725
1517132
1517133
1517134
1517135
1517160
1517161
1517162
1517163
1517164
1517165
1517166
1517167
1517168
1517169
1517170
1517171
1820725
1827153
1827154
1827155
1827156
1827157
1827158
1827212
1827213
1827214
1827215
1827245
1810713
1810868
1812031
1812032
1812033
1812047
1814062
1815438
1815447
1816244
1816245
1816285
1816286
1816287
1816288
1816289
1816300
1816301
1816302
1816303
1816304
1816415
1817170
1817171
1817172
1817173
1817174
1817175
1817176
1817177
1817178
1817179
1818602
1818603
1818604
1818631
1818632
1818633
1818634
1818635
1818636
1818699
1520725
1527154
1527155
1527156
1527157
1527158
1527159
1527160
1527161
1527162
1527163
1527164
1527201
1527202
1370725
1470725
1477103
1477174
1477175
1477176
1750278
1750725
1757130
1757131
1757132
1757133
1757134
1757135
1757136
1757137
1757138
1757139
1757230
1757231
1757232
1757233
1757234
1757235
1757236
1757237
1757238
1757239
1880725
1882720
1882721
1882722
1882746
1887130
1887131
1887132
1887133
1887134
1887135
1887136
1887269
1887270
1887271
1887272
1887273
1887274
1910862
1910863
1910864
1910865
1910866
1914501
1916430
1916431
1916432
1916433
1916434
1916435
1916436
1916437
1916438
1916439
1917100
1917101
1917102
1917103
1917104
1917105
1917106
1917107
1917108
1917109
1917118
1917142
1917143
1917248
1321713
1321723
1321725
1322731
1322732
1322733
1322734
1322735
1322736
1322737
1322738
1322739
1323541
1323542
1323543
1323720
1323721
1323722
1324720
1325713
1325714
1325717
1325719
1326480
1326481
1326482
1326483
1327713
1327714
1327720
1327721
1327740
1327741
1327742
1327743
1329426
1329427
1329756
1329757
1329758
1329759
1701516
1701517
1701546
1701547
1705681
1706770
1706771
1706772
1980713
1981376
1987109
1987110
1987111
1987145
1987194
1987196
1987197
1987198
1987217
1987218
1987219
1988848
1988849
1650713
1651726
1652019
1652713
1655601
1655608
1655982
1655983
1571725
1571787
1572713
1572725
1577119
1579734
1579737
1579738
1579747
1840713
1842713
1847130
1847131
1847132
1847133
1847141
1847153
1847179
1847180
