1470972
1479762
1479763
1479764
1479765
1370970
1373462
1373463
1880972
1889702
1889712
1889722
1889732
1889733
1750972
1759721
1759722
1759723
1759724
1759725
1759726
1759727
1810972
1814632
1814633
1819459
1819460
1819461
1819462
1819463
1819464
1819465
1819466
1819467
1819474
1819562
1819563
1819570
1819572
1819715
1819716
1819717
1819718
1819719
1819720
1819721
1819722
1819723
1819724
1819725
1819726
1819727
1819728
1819729
1819730
1819731
1819733
1819734
1520252
1520253
1520254
1520972
1529720
1529722
1529723
1529724
1529725
1529726
1529727
1529728
1529729
1650972
1980970
1980971
1980972
1989702
1989703
1989704
1989712
1989713
1989722
1989723
1989972
1989974
1989978
1570981
1570982
1570983
1570984
1570985
1570986
1570987
1570988
1570989
1571972
1840972
1840973
1840974
1910972
1919712
1919715
1919742
1919745
1320972
1329972
1329975
1329977
1329979
1329982
1329983
1329985
1329989
1730972
1739452
1739702
1310750
1310751
1310752
1310753
1311972
1313911
1313912
1313919
1319573
1319574
1870972
1879702
1879703
1879704
1879705
1879707
1879720
1879721
1879722
1879724
1879725
1879726
1389702
1389712
1389722
1389731
1389732
1389733
1389738
1389739
1389752
1389768
1389769
1389770
1389771
1389772
1389773
1389774
1389775
1660972
1669700
1669702
1669712
1669713
1669715
1669717
1669728
1669729
1510972
1510979
1511172
1511173
1511175
1511177
1511179
1820972
1829701
1829702
1829703
1829708
1829709
1829722
1580972
1589702
1589705
1589721
1589722
1589723
1589724
1589728
1589729
1760972
1769702
1769712
1769738
1769739
1769744
1769746
1769747
1769748
1769749
1769750
1769751
1769752
1769753
1769754
1769755
1769756
1769757
1769758
1769759
1769760
1769761
1769764
1769774
1769775
1769776
1769777
1769797
1330972
1332762
1336972
1336975
1338972
1560972
1569532
1780072
1780073
1780074
1780972
1784832
1788786
1789962
1789972
1850972
1859702
1859723
1859725
1859726
1859729
1990972
1991733
1991734
1991735
1991743
1991744
1991745
1999720
1999721
1999722
1999724
1999732
1999742
1800972
1809572
1809701
1809702
1809705
1809706
1809712
1809738
1809748
1530972
1530975
1534975
1534976
1535292
1890972
1893552
1893562
1894681
1894682
1899702
1899730
1899732
1899742
1361972
1363972
1364971
1364972
1364973
1364978
1364979
1351972
1452862
1454602
1459542
1459552
1459652
1590972
1599702
1599703
1599705
1599706
1599709
1770972
1771607
1772521
1772524
1779702
1779706
1779730
1779731
1500362
1500363
1500364
1500972
1830972
1839702
1839704
1839705
1839707
1839712
1839713
1839714
1839715
1390972
1399702
1399730
1399732
1399742
1860972
1869720
1869721
1869722
1869723
1869724
1869725
1869726
1869727
1869728
1869729
1550066
1550068
1550073
1550972
1559707
1559720
1559721
1559722
1559723
1559724
1559725
1559726
1559727
1559728
1559729
1559730
1559731
1559732
1559750
1559751
1559752
1559753
1559754
1559755
1300772
1300773
1309972
