1951170
1951171
1951172
1951173
1951174
1951175
1951176
1951177
1951178
1951179
1951180
1951181
1951182
1951183
1951184
1951185
1361906
1362906
1364819
1364906
1365906
1366838
1366839
1367829
1368420
1368421
1368422
1368423
1368424
1369810
1369811
1890824
1898019
1898145
1898146
1898147
1898148
1898149
1898280
1898281
1898282
1898283
1898284
1898285
1898286
1898287
1898288
1898289
1898916
1898917
1530824
1532824
1532890
1532891
1532892
1532893
1532894
1532895
1532896
1532897
1534824
1534825
1534826
1535141
1537828
1538838
1538839
1538847
1539012
1539045
1800818
1800819
1801123
1801124
1801125
1803471
1803472
1804806
1804872
1804873
1808068
1808069
1808150
1808151
1808152
1808153
1808498
1808499
1809090
1809091
1809092
1809093
1809624
1809625
1809626
1990901
1991172
1991173
1991175
1991176
1991560
1991561
1991562
1993406
1993407
1993408
1993409
1993410
1993841
1993855
1993856
1993857
1994074
1996046
1996047
1996065
1996066
1996067
1996068
1996069
1998370
1998371
1998372
1998373
1998374
1998375
1998376
1998377
1998378
1998379
1782885
1782886
1782887
1782888
1782889
1784472
1784473
1784474
1786702
1788348
1788396
1788397
1788398
1788399
1788848
1789832
1850818
1858180
1858181
1858182
1858209
1858280
1858281
1858282
1858283
1858284
1858400
1858420
1560824
1567664
1568016
1568019
1568145
1568146
1568147
1568148
1568149
1568187
1568188
1568189
1568228
1568229
1569280
1569281
1330824
1332082
1332083
1333082
1333083
1334067
1334082
1334083
1335028
1335029
1335048
1335077
1335078
1335079
1337819
1337820
1338820
1338821
1339832
1339833
1339834
1720817
1720818
1720819
1726083
1930824
1300285
1303647
1303662
1303663
1303664
1303665
1305644
1306432
1306433
1307900
1307901
1307902
1307903
1307904
1307905
1307906
1307907
1307908
1307909
1308431
1308632
1308633
1308814
1308815
1309285
1309450
1309619
1550818
1550820
1550821
1550822
1550823
1550824
1552027
1552028
1552029
1552887
1552888
1558333
1558334
1558335
1558336
1558337
1558374
1558375
1558376
1558377
1558378
1558379
1860818
1860823
1860824
1868280
1868281
1868282
1868283
1868284
1868285
1868286
1868287
1868288
1868289
1390824
1398019
1398145
1398146
1398147
1398148
1398149
1398280
1398281
1398282
1398283
1398284
1398285
1398286
1398287
1398288
1398289
1398916
1398917
1838148
1838149
1838180
1838181
1838182
1838183
1838184
1838185
1838186
1838187
1838188
1838189
1838190
1838191
1838192
1838193
1838194
1838195
1838196
1838197
1838198
1838199
1838480
1838481
1838482
1838483
1838484
1838485
1838486
1838487
1838488
1838489
1839830
1839831
1839880
1839881
1839882
1839883
1839884
1839885
1839886
1839887
1839888
1839889
1508240
1508241
1508242
1508285
1508286
1508287
1508288
1508289
1771123
1771124
1771125
1771145
1771369
1771370
1772342
1773836
1773837
1773838
1773839
1773860
1773861
1773862
1773863
1773864
1773865
1773890
1773891
1773892
1773893
1773894
1774427
1774436
1774505
1774785
1774800
1774818
1774819
1774847
1774875
1776007
1776041
1776067
1776068
1776069
1776109
1776142
1776670
1777840
1778018
1778098
1778193
1778194
1778195
1778196
1779030
1779031
1590828
1590838
1590848
1592824
1592825
1598297
1598298
1598299
1598385
1598386
1598387
1598388
1598389
1598448
1598449
1598475
1598476
1598477
1598478
1598479
1452818
1452819
1454571
1459310
1459311
1459312
1459313
1459314
1350824
1350825
1350826
1351824
1351825
1354180
1354181
1354722
1354723
1354724
1354725
1354726
1354827
1354828
1354829
1355140
1355141
1355142
1355143
1355144
1355145
1355146
1355147
1355192
1355852
1355853
1355854
1355855
1356816
1356817
1356818
1356819
1356834
1356835
1701080
1701081
1701082
1701083
1320821
1321916
1321917
1321918
1321919
1321941
1322827
1322828
1322846
1328142
1328170
1328171
1328172
1328173
1328174
1328175
1910818
1910824
1911905
1911906
1911907
1911908
1911909
1913079
1914043
1914044
1914045
1914046
1914047
1914048
1916046
1916047
1916065
1916066
1916067
1916068
1916069
1916283
1916284
1916285
1916286
1916287
1916288
1916289
1916290
1916291
1916292
1916293
1916294
1916295
1916296
1918019
1918145
1918146
1918147
1918148
1918149
1918280
1918281
1918283
1918284
1918285
1918286
1918287
1918288
1918289
1918385
1918386
1918387
1918388
1918389
1919888
1848180
1848181
1848182
1848183
1848184
1848185
1848186
1848187
1848188
1848189
1848190
1848191
1848192
1848193
1848194
1848195
1848196
1848197
1570818
1572988
1572989
1576046
1576047
1576065
1576066
1576067
1576068
1576069
1577546
1577547
1577560
1577561
1577562
1577563
1577564
1577565
1577566
1577567
1577568
1577569
1650025
1650818
1650839
1651512
1652598
1652725
1652726
1652728
1652729
1980818
1980824
1981283
1982717
1982718
1982719
1984870
1984871
1984872
1988180
1988181
1988182
1988183
1988184
1988185
1988186
1988187
1988188
1988189
1522800
1522801
1522802
1522803
1522804
1522805
1522806
1522807
1522808
1522809
1528180
1528181
1528182
1528183
1528184
1528185
1528186
1528187
1528188
1528189
1528240
1528241
1528242
1528328
1528329
1529810
1529811
1529812
1529813
1529814
1811137
1811138
1811178
1811179
1811338
1811339
1811679
1811792
1812318
1812319
1812320
1816005
1816142
1816143
1818018
1818019
1880818
1880824
1880840
1882861
1882862
1882863
1882864
1882865
1882866
1882867
1882868
1882869
1888090
1888091
1888092
1888093
1888094
1888095
1888096
1888097
1888098
1888099
1888180
1888181
1888182
1888183
1888184
1888185
1888186
1888187
1888188
1888189
1750800
1750801
1750802
1750803
1750804
1750805
1750806
1750807
1750808
1750809
1750818
1750834
1752814
1752815
1752816
1758180
1758181
1758182
1758183
1758184
1758185
1758186
1758187
1758188
1758189
1370092
1373079
1377830
1377831
1377832
1377833
1377834
1377835
1377836
1377837
1377838
1379567
1379568
1379569
1379596
1472666
1472667
1472668
1478140
1478141
1478180
1478181
1478182
1478183
1478184
1478185
1478186
1478187
1478188
1478189
1340403
1340404
1340818
1340819
1341905
1341906
1341907
1341908
1341909
1343841
1343855
1343856
1343857
1344004
1345817
1345818
1345819
1345846
1760814
1760818
1762844
1762845
1762846
1762847
1762848
1762849
1762866
1762867
1762868
1762869
1768319
1768329
1580818
1580819
1588144
1588145
1588180
1588181
1588182
1588183
1588184
1588185
1588186
1588187
1588188
1588189
1588290
1588291
1588292
1588293
1588294
1588295
1588296
1588297
1588298
1588299
1588370
1588371
1588372
1588373
1588472
1588473
1589240
1589241
1589242
1589295
1589296
1589297
1589298
1589299
1822860
1822861
1822862
1822863
1822864
1822865
1822866
1822867
1822868
1822869
1824444
1828180
1828181
1828182
1828183
1828184
1828185
1828186
1828187
1828188
1828189
1828220
1828221
1828222
1828223
1828224
1828225
1828226
1828227
1828228
1828229
1828290
1828291
1828292
1828293
1828294
1828295
1828296
1828297
1828298
1828299
1828462
1828463
1828464
1828465
1828466
1828467
1828468
1828469
1518146
1518180
1518181
1518182
1518183
1518184
1518185
1518186
1518187
1518188
1518189
1518280
1518281
1518282
1518283
1518284
1518285
1518286
1518287
1518288
1518289
1518357
1518358
1518359
1519685
1519686
1519687
1519688
1519689
1660818
1662818
1662819
1668322
1668323
1380824
1388280
1388281
1388282
1388283
1388284
1388285
1388286
1388287
1388288
1388289
1389042
1878080
1878081
1878082
1878083
1878084
1878085
1878086
1878087
1878088
1878089
1878180
1878181
1878182
1878183
1878184
1878185
1878186
1878187
1878188
1878189
1878280
1878281
1878282
1878283
1878284
1878285
1878286
1878287
1878288
1878289
1878480
1878481
1878482
1878483
1878484
1878485
1878486
1878487
1878488
1878489
1310818
1310844
1315842
1315870
1318341
1318350
1318351
1318359
1319830
1319831
1319844
1319873
1319874
1319875
1731150
1731151
1731152
1731153
1731154
1731155
1731323
1731324
1731325
1731326
1731327
1731328
1731329
1731330
1731331
1732330
1732331
1732332
1732333
1732334
1732335
1732336
1732337
1732338
1732339
1734024
1734190
1734191
1734192
1734193
1734434
1734819
1735899
1736550
1736551
1736552
1736553
1736554
1736555
1737840
1737841
1737842
1737843
1737844
1737845
1738016
1738018
1738134
1739819
