1580633
1585463
1586330
1586333
1586334
1586335
1586336
1586337
1586338
1586339
1586548
1586549
1586599
1586633
1589898
1589899
1760620
1760633
1761633
1766050
1766207
1766208
1766209
1766330
1766331
1766332
1766333
1766336
1768623
1768633
1340633
1340761
1340902
1340903
1340904
1344057
1344157
1344257
1344757
1344857
1345500
1345501
1345502
1345503
1345504
1346563
1346564
1346830
1346831
1346832
1346833
1346834
1346835
1346836
1347563
1347564
1510633
1516330
1516331
1516332
1516333
1516334
1516335
1516336
1516337
1516338
1516339
1516617
1516618
1516619
1516633
1516644
1516645
1519433
1820633
1826330
1826331
1826332
1826333
1826334
1826335
1826336
1826337
1826338
1826339
1826633
1870633
1876330
1876331
1876332
1876333
1876334
1876335
1876336
1876337
1876338
1876339
1876633
1876930
1876931
1876932
1876933
1876934
1876935
1876936
1876937
1876938
1876939
1380633
1386330
1386331
1386332
1386333
1386334
1386335
1386336
1386337
1386338
1386339
1660633
1730633
1735344
1735384
1735385
1736219
1310510
1312709
1314544
1315333
1315334
1315633
1315699
1316520
1317623
1317633
1318115
1318116
1318117
1318118
1318119
1318145
1910043
1910633
1915334
1916330
1916331
1916332
1916333
1916334
1916335
1916336
1320633
1321063
1321064
1322063
1322064
1324536
1324544
1325600
1325601
1325602
1325603
1325604
1325605
1325606
1325607
1325608
1325609
1325633
1325894
1325895
1327633
1328044
1328740
1328741
1329016
1329039
1329633
1700633
1700634
1701148
1701149
1701150
1701151
1701152
1701153
1702169
1650069
1650180
1650633
1651205
1651217
1651247
1651633
1652073
1652330
1652331
1652332
1652334
1652335
1652336
1652337
1652338
1652339
1652606
1653633
1653833
1655173
1655613
1655633
1655663
1656279
1656330
1656331
1656332
1656334
1656335
1656336
1656337
1656338
1656339
1656633
1656810
1657282
1980607
1980633
1981259
1981497
1981950
1981951
1981952
1981953
1986126
1986127
1986128
1986129
1986230
1986231
1986232
1986233
1986234
1986235
1986330
1986331
1986332
1986333
1986334
1986335
1986336
1986337
1986338
1986339
1570633
1572503
1572504
1572505
1572588
1572633
1576230
1576231
1576232
1576233
1576234
1576235
1576236
1576237
1576238
1576239
1576330
1576331
1576332
1576333
1576334
1576335
1576336
1576337
1576338
1576339
1840633
1846302
1846303
1846304
1846330
1846331
1846332
1846333
1846334
1846335
1846336
1846337
1846338
1846339
1846405
1846406
1846407
1846408
1846409
1846495
1846496
1846497
1846498
1846499
1810633
1520633
1520638
1520643
1520663
1521633
1522447
1522448
1524407
1524408
1524409
1525448
1526330
1526331
1526332
1526333
1526334
1526335
1526336
1526337
1526338
1526339
1526583
1526588
1526633
1526638
1526643
1528880
1370633
1372393
1373430
1373431
1373432
1373433
1377491
1377492
1377493
1379200
1379201
1379202
1379203
1379204
1379340
1379341
1379342
1379343
1379344
1470633
1476330
1476331
1476332
1476333
1476334
1476336
1476337
1476338
1476339
1880633
1881633
1886330
1886331
1886332
1886333
1886334
1886335
1886336
1886337
1886338
1886339
1886633
1750633
1756027
1756330
1756331
1756332
1756333
1756334
1756335
1756336
1756337
1756338
1756339
1756910
1756911
1756912
1756913
1756914
1756915
1756916
1756917
1756918
1756919
1756920
1756921
1756922
1756923
1756924
1756925
1756926
1756927
1756928
1756929
1756930
1756931
1756932
1756933
1756934
1756935
1756936
1756937
1756938
1756939
1756940
1756941
1756942
1756943
1756944
1756945
1756946
1756947
1756948
1756949
1756950
1756951
1756952
1756953
1300158
1301277
1301359
1302053
1302158
1304743
1306604
1306605
1306606
1306607
1306608
1306609
1308279
1390633
1396303
1396304
1396305
1396306
1396330
1396331
1396332
1396333
1396334
1671633
1672633
1673402
1673403
1673404
1673633
1673864
1673866
1673867
1673868
1860633
1860644
1860648
1861362
1861363
1861364
1866030
1866303
1866304
1866305
1866330
1866331
1866332
1866333
1866334
1866335
1866336
1866337
1866338
1866339
1550633
1555008
1555009
1555035
1555339
1556330
1556331
1556332
1556333
1556334
1556448
1556449
1622652
1622653
1500633
1500644
1500654
1500689
1500690
1500691
1500692
1506330
1506331
1506332
1506553
1506554
1506555
1506556
1506557
1506558
1506559
1506633
1506664
1509482
1509483
1509484
1509485
1509869
1830030
1830031
1830032
1830033
1830034
1830035
1830036
1830037
1830038
1830039
1830633
1836330
1836331
1836332
1836333
1836334
1836335
1836336
1836337
1836338
1836339
1452505
1452506
1453509
1454357
1457017
1457367
1457368
1457762
1458555
1458556
1458557
1458558
1458559
1350633
1351633
1356190
1356191
1356192
1356193
1356194
1356195
1356196
1356197
1356198
1356199
1356235
1356236
1356237
1356238
1356239
1356244
1356245
1356330
1356331
1356332
1356333
1356334
1590633
1590806
1590807
1594998
1594999
1595308
1595309
1595339
1595400
1595401
1595402
1595413
1595414
1595474
1596309
1596380
1596381
1596382
1596383
1596384
1596500
1596990
1770633
1776330
1776331
1776332
1776333
1776334
1776335
1776336
1776337
1776338
1776339
1890633
1895330
1895333
1896303
1896304
1896330
1896331
1896332
1896333
1896334
1896335
1896336
1896337
1896338
1896339
1360633
1361633
1362633
1364633
1365633
1366633
1367633
1368633
1369633
1953452
1800633
1805383
1806313
1806330
1806331
1806332
1806333
1806334
1806335
1806336
1806337
1806338
1806339
1530633
1531400
1531401
1531402
1531413
1531414
1531590
1531591
1531592
1531593
1531594
1531595
1531596
1531597
1531598
1531599
1533633
1533644
1533991
1534548
1537623
1537631
1537633
1560633
1561503
1561509
1561513
1561519
1561523
1562150
1562151
1562401
1562430
1562445
1562446
1562447
1562860
1562861
1566610
1566627
1566633
1566661
1566678
1568881
1568962
1568963
1568964
1568965
1568966
1569823
1780621
1780633
1785224
1785225
1785264
1785265
1786020
1786021
1786033
1786100
1786101
1786102
1786103
1786230
1786231
1786232
1786233
1786234
1786235
1786236
1786237
1786238
1786239
1786273
1786274
1786278
1786279
1786330
1786331
1786332
1786333
1786334
1786335
1786336
1786337
1786338
1786339
1789633
1850633
1850644
1856330
1856331
1856332
1856333
1856335
1859633
1990633
1991252
1991253
1995410
1995411
1995412
1995443
1996330
1996331
1996332
1996333
1996334
1996335
1996336
1996337
1996338
1996339
1996342
1996380
1996381
1330633
1331063
1331064
1332623
1332633
1333623
1333633
1334623
1334633
1335623
1335633
1337063
1337064
1337552
1337553
1337554
1337633
1338633
1339623
1339633
