1330855
1331045
1331075
1331242
1331243
1331244
1331445
1332965
1333965
1336855
1336865
1337855
1337963
1338515
1338555
1339855
1782280
1782281
1782282
1782283
1782284
1788528
1788529
1789855
1850855
1858518
1858545
1858546
1858550
1858551
1858552
1858553
1858554
1858555
1858556
1858557
1858558
1858559
1858649
1858650
1858651
1858652
1858653
1858654
1858655
1858656
1858657
1858658
1858659
1560855
1568544
1568545
1568553
1568554
1568555
1568556
1568557
1568558
1568559
1568805
1569275
1990855
1998445
1998505
1998515
1998535
1998545
1998565
1530855
1532905
1532915
1532925
1532935
1532945
1532955
1532965
1532975
1532985
1532993
1532998
1533854
1533861
1533865
1533955
1534855
1800855
1808317
1808318
1808319
1808432
1808433
1808434
1808450
1808451
1808452
1808453
1808454
1808455
1808456
1808457
1808458
1808459
1808505
1808550
1808551
1808552
1808553
1808554
1808555
1808556
1808557
1808558
1808559
1890855
1898449
1898450
1898451
1898460
1898461
1898462
1898527
1898528
1898529
1898545
1898580
1898581
1898582
1898583
1898584
1953459
1361855
1362855
1363805
1363806
1363807
1363808
1363809
1363855
1364855
1365855
1366855
1367855
1368855
1350855
1351855
1359550
1359551
1359552
1359553
1359554
1359555
1359556
1359557
1359558
1359559
1452565
1454385
1454395
1459365
1459366
1459367
1459368
1459369
1770855
1771665
1771805
1778485
1778505
1778527
1778550
1778551
1778553
1778556
1778557
1778558
1590255
1590855
1598550
1598551
1598552
1598553
1598554
1598555
1598556
1598557
1830855
1830865
1837525
1837526
1837527
1837528
1837529
1838567
1838568
1838569
1838570
1838571
1838572
1838573
1838574
1838575
1838576
1838577
1838578
1838579
1838580
1838581
1838582
1838583
1838584
1838660
1838661
1838662
1838663
1838664
1838665
1838666
1838667
1838668
1838669
1838670
1838671
1838672
1838673
1838674
1838675
1838676
1838677
1838678
1838679
1500850
1500855
1508520
1508521
1508522
1508523
1508524
1508525
1508526
1508527
1508528
1508529
1508565
1508566
1508567
1508568
1508569
1508620
1508621
1508622
1508623
1508624
1390855
1398445
1398527
1398528
1398529
1398580
1398581
1398582
1398583
1398584
1550855
1558525
1558526
1558530
1558531
1558532
1558534
1558535
1558537
1558538
1558539
1559781
1559945
1860855
1868545
1868550
1868555
1868556
1868557
1868558
1868559
1930855
1933855
1938005
1938015
1938555
1939115
1939500
1301701
1301742
1303556
1304954
1304955
1308694
1308695
1309683
1309685
1309855
1470855
1478515
1478523
1478524
1478525
1478526
1478590
1478591
1478592
1478593
1478594
1478595
1478596
1478597
1478598
1370855
1376550
1376551
1376552
1376553
1376554
1376555
1376556
1376557
1376558
1376559
1880855
1884855
1884856
1884857
1884858
1884859
1888550
1888551
1888552
1888553
1888554
1888555
1888556
1888557
1888558
1888559
1888650
1888651
1888652
1888653
1888654
1888655
1888656
1888657
1888658
1888659
1750855
1758425
1758435
1758445
1758488
1758489
1758490
1758491
1758539
1758605
1758615
1758625
1758635
1758677
1758678
1758679
1758680
1758695
1758855
1758870
1758871
1520855
1528525
1528526
1528527
1528528
1528529
1528630
1528631
1528632
1528633
1528634
1528635
1528636
1528637
1528638
1528639
1528660
1528661
1528662
1528663
1528664
1810855
1814353
1815315
1818415
1818450
1818451
1818452
1818453
1818454
1818455
1818456
1818457
1818458
1818459
1818550
1818551
1818552
1818553
1818554
1818557
1818558
1818559
1818805
1818815
1818845
1818855
1651855
1980845
1980846
1980847
1980848
1980849
1980855
1840855
1848440
1848441
1848442
1848443
1848444
1848445
1848446
1848447
1848448
1848449
1848545
1848546
1848547
1848548
1848549
1848550
1848551
1848552
1848553
1848554
1848555
1848556
1848557
1848558
1848559
1848630
1848631
1848632
1848633
1848634
1848635
1848636
1848637
1848638
1848639
1570855
1570865
1571855
1571865
1572171
1572172
1576125
1576126
1576127
1576128
1576129
1576130
1576131
1577250
1577251
1577252
1577253
1577254
1577255
1577256
1577257
1577258
1577259
1320855
1323855
1910855
1918505
1918545
1700855
1701870
1701871
1701872
1730855
1731195
1738425
1738505
1738525
1738558
1738855
1311644
1311645
1311855
1312365
1312465
1312469
1315810
1315815
1315825
1315835
1315837
1319515
1319525
1870855
1874480
1874481
1874482
1874483
1874484
1878550
1878551
1878552
1878553
1878554
1878555
1878556
1878557
1878558
1878559
1878640
1878641
1878642
1878643
1878644
1878870
1878871
1878872
1879850
1879851
1879852
1879853
1879854
1879855
1879856
1879857
1879858
1879859
1660855
1668385
1668395
1668475
1668485
1668495
1668505
1668515
1668525
1668545
1668575
1668576
1668577
1668578
1668579
1668790
1668791
1388550
1388551
1388552
1388553
1388554
1388555
1388556
1388557
1388558
1388559
1820855
1821222
1821223
1821224
1821225
1821226
1821227
1821228
1821229
1821230
1821231
1821232
1821233
1821234
1821235
1821236
1821237
1821238
1821239
1821240
1821241
1821242
1821243
1821244
1821245
1823070
1823071
1823072
1823073
1823074
1828550
1828551
1828552
1828553
1828554
1828555
1828556
1828557
1828558
1828559
1828650
1828651
1828652
1828653
1828654
1828655
1828656
1828657
1828658
1828659
1510855
1512140
1512141
1512142
1512143
1512144
1512145
1512146
1512147
1518555
1518556
1518557
1518558
1518559
1518560
1518561
1518562
1518563
1518564
1518565
1518566
1518567
1518568
1518569
1518570
1518571
1518572
1518573
1518574
1518575
1518576
1518577
1518578
1518579
1518677
1518678
1518679
1518680
1518681
1518682
1518683
1518684
1518685
1518686
1518687
1518688
1518689
1518690
1518691
1518692
1518693
1518694
1760855
1767895
1768515
1768525
1768535
1580855
1587020
1587021
1587022
1587023
1587024
1587025
1587026
1587027
1587028
1587029
1588511
1588512
1588513
1588580
1588581
1588582
1588583
1588584
