1890779
1890789
1897790
1897791
1897792
1897793
1897794
1897795
1897796
1360779
1360789
1361779
1361789
1362779
1362789
1364779
1364789
1365779
1365789
1366779
1367779
1368779
1530779
1800779
1807668
1807669
1807792
1807793
1807794
1807795
1807796
1807797
1807798
1807799
1850779
1850789
1852974
1852979
1857749
1857790
1857791
1857792
1857794
1857798
1857799
1857989
1857997
1858749
1858989
1859399
1780779
1784039
1787729
1787795
1787796
1787834
1787835
1787836
1787837
1787838
1787839
1787890
1787891
1787892
1787893
1787894
1787895
1787896
1787897
1787898
1787899
1788049
1789118
1789779
1560779
1560789
1567693
1567696
1567790
1567791
1567792
1567793
1567794
1567795
1567796
1567797
1567798
1567799
1569779
1990779
1994319
1996673
1996674
1997790
1997791
1997792
1997793
1997794
1997795
1997796
1997797
1997798
1997799
1999465
1999466
1716079
1716090
1716091
1716092
1716093
1716095
1330779
1330789
1331769
1331779
1331789
1332169
1332179
1332479
1332489
1334759
1334769
1336759
1336769
1336779
1336789
1337729
1337739
1338779
1339779
1300599
1300699
1301483
1301484
1302599
1302699
1303689
1303699
1308679
1308779
1309779
1309781
1309789
1309791
1309799
1720086
1671779
1672777
1672778
1672779
1390779
1390789
1397790
1397791
1397792
1397793
1397794
1397795
1397796
1397797
1397798
1397799
1397890
1397891
1397892
1397893
1397894
1397895
1397896
1397897
1397898
1397899
1550779
1557790
1557791
1557792
1557793
1557794
1557795
1557796
1557797
1557798
1557799
1557878
1557879
1860779
1864949
1867790
1867791
1867793
1867794
1867796
1867797
1867798
1867799
1830779
1837790
1837791
1837792
1837793
1837794
1837795
1837796
1837797
1837798
1837799
1837890
1837891
1837892
1837893
1500779
1500780
1500789
1507890
1350779
1350789
1351759
1351779
1351789
1355709
1355719
1355729
1355779
1355789
1355809
1355829
1355839
1355849
1452779
1453766
1454529
1459155
1459156
1459157
1459158
1459159
1770779
1770789
1777479
1777790
1777791
1777792
1777797
1777798
1590779
1590789
1320779
1321779
1910779
1910789
1917640
1917641
1917642
1917643
1917644
1917645
1917646
1917647
1917648
1917649
1917790
1917791
1917792
1917793
1917794
1917795
1917796
1917797
1917798
1917799
1980779
1981394
1987729
1987794
1987795
1987796
1987797
1987798
1987799
1989744
1989745
1989746
1989747
1989748
1989749
1989750
1989751
1989752
1989753
1989757
1989758
1989759
1650779
1651779
1840779
1570779
1571779
1572379
1577708
1577709
1577790
1577791
1577792
1577793
1577794
1577795
1577796
1577797
1577798
1577799
1520770
1520779
1520780
1520789
1522450
1522451
1522452
1522453
1522454
1522455
1522456
1527890
1527891
1527892
1527893
1527894
1527895
1527896
1527897
1527898
1527899
1810779
1810789
1816975
1816976
1816977
1816978
1816979
1817605
1817606
1817607
1817608
1817609
1817790
1817791
1817792
1817793
1817794
1817795
1817796
1817797
1817798
1817799
1470779
1470789
1477709
1477716
1477719
1479545
1479626
1479627
1479628
1479629
1479779
1370779
1370789
1376809
1376819
1376829
1750779
1752679
1757704
1757709
1757720
1757724
1757734
1757858
1757859
1757870
1757871
1757872
1757873
1757874
1757875
1757876
1757877
1757878
1757879
1880779
1880789
1887790
1887791
1887792
1887793
1887794
1887795
1887796
1887797
1887798
1887799
1760779
1767709
1767722
1767725
1767729
1767734
1767742
1767749
1767796
1768729
1768759
1580779
1587898
1587899
1344983
1344984
1820779
1820789
1824990
1827790
1827791
1827792
1827793
1827794
1827795
1827796
1827797
1827798
1827799
1827890
1827891
1827892
1827893
1827894
1827895
1827896
1827897
1827898
1827899
1510779
1517700
1517701
1870779
1870789
1877577
1877578
1877579
1877790
1877791
1877792
1877793
1877794
1877795
1877796
1877797
1877798
1877799
1877889
1660779
1667489
1667719
1667723
1667780
1667781
1667782
1667783
1667784
1667785
1667786
1667787
1667789
1667798
1667978
1667979
1380779
1380789
1387790
1387791
1387792
1387793
1387794
1387795
1387796
1387797
1387798
1387799
1387890
1387891
1387892
1387893
1387894
1387895
1387896
1387897
1387898
1387899
1730779
1730789
1734455
1737489
1737608
1737609
1737745
1311479
1311779
1312349
1312359
1313269
1313279
1319759
1319769
1319779
