1550473
1550974
1559708
1559709
1559735
1559757
1559758
1860974
1864735
1869745
1869784
1869788
1390974
1399734
1399744
1300774
1308623
1770974
1773091
1773092
1779700
1779737
1779738
1590974
1599704
1452864
1454604
1459544
1459554
1459654
1830473
1834735
1500974
1621897
1622890
1622891
1622892
1622893
1622894
1622895
1530974
1534410
1534978
1535294
1537463
1537464
1537473
1538973
1539473
1800473
1800974
1804730
1804731
1804732
1804733
1804734
1804735
1804736
1809574
1809704
1809708
1809714
1809729
1809739
1361974
1363974
1364974
1364977
1890974
1893564
1893569
1894688
1894731
1899734
1899744
1330974
1336974
1338974
1999739
1850974
1859704
1859724
1780076
1780988
1789963
1789966
1789978
1560974
1569534
1820473
1820974
1824730
1824731
1824732
1824733
1824734
1824735
1824736
1824737
1824738
1824739
1829704
1829705
1829724
1510974
1510976
1511174
1511176
1344697
1760974
1769704
1769716
1769765
1769778
1580974
1589704
1589725
1589726
1311974
1313914
1730974
1739454
1739704
1660974
1669718
1389704
1389714
1389734
1389754
1389778
1389779
1870974
1879728
1840975
1846710
1846716
1570974
1570975
1570979
1571974
1573473
1575473
1575499
1576473
1577130
1577132
1577473
1320974
1329974
1329984
1880974
1889704
1373464
1470974
1479769
1520974
1529704
1529714
1810974
1819477
1819478
1819568
1819569
1819574
1819738
1819739
1819740
1819741
