1726440
1726441
1726442
1726443
1726745
1303485
1303486
1303487
1303488
1303489
1303745
1304729
1308547
1308720
1308729
1860745
1860748
1860845
1862745
1862748
1867045
1867048
1867450
1867451
1867452
1867453
1867454
1867455
1867456
1867457
1867458
1867459
1869250
1869251
1869252
1869253
1869254
1869255
1869256
1869257
1550745
1552610
1552611
1552612
1552613
1552614
1552615
1552616
1552617
1552618
1552619
1557450
1557451
1557452
1557453
1557454
1557455
1557456
1557457
1557458
1557459
1557650
1557651
1557652
1557653
1557654
1557655
1557656
1557657
1557658
1557659
1558062
1558063
1558065
1558066
1558067
1558068
1558069
1558070
1558071
1558072
1558073
1558074
1558075
1558076
1558154
1558155
1558156
1558157
1558158
1558159
1390745
1397307
1397308
1397309
1397450
1397451
1397452
1397453
1397454
1397455
1397456
1397457
1397458
1397459
1500745
1507450
1507451
1507452
1507453
1507454
1507455
1507456
1507457
1507458
1507459
1509620
1509621
1509622
1509623
1509624
1509625
1509626
1509627
1509628
1509629
1830740
1830741
1830742
1830745
1837450
1837451
1837452
1837453
1837454
1837455
1837456
1837457
1837458
1837459
1839030
1839031
1839032
1839033
1839034
1839035
1839036
1839037
1839038
1839039
1590745
1597400
1597401
1597402
1597403
1597404
1597405
1770745
1771175
1776922
1776923
1776924
1776928
1776942
1776945
1776949
1777450
1777451
1777452
1777453
1777454
1777455
1777456
1777457
1777458
1777459
1777515
1777516
1777517
1777518
1777519
1777591
1777592
1452745
1453736
1453745
1454503
1458777
1458778
1458779
1458780
1351745
1354899
1357457
1357458
1357459
1360741
1360745
1361745
1362745
1363745
1363845
1364745
1365745
1367744
1367745
1956885
1890745
1893219
1894205
1894492
1894493
1894494
1897450
1897451
1897452
1897453
1897454
1897455
1897456
1897457
1897458
1897459
1897507
1897508
1897509
1800745
1807450
1807451
1807452
1807453
1807454
1807455
1807456
1807457
1807458
1807459
1807556
1807557
1807558
1807559
1807598
1807599
1530745
1533787
1534325
1534327
1534445
1534845
1534848
1536443
1536444
1536445
1536745
1536755
1536756
1536757
1536758
1536759
1537745
1538625
1538626
1538627
1538628
1538745
1539980
1539981
1539982
1539983
1539995
1990745
1991845
1991850
1991851
1991852
1991853
1991854
1991855
1991856
1991857
1991858
1991859
1995820
1995821
1995822
1995823
1995824
1995825
1996777
1996778
1996779
1997450
1997451
1997452
1997453
1997454
1997455
1997456
1997457
1997458
1997459
1997680
1997681
1997682
1997683
1997684
1997685
1560745
1561605
1561692
1567307
1567308
1567309
1567450
1567451
1567452
1567453
1567454
1567455
1567456
1567457
1567458
1567459
1568828
1568829
1569745
1850745
1856967
1856968
1856975
1856976
1856977
1856978
1856979
1857045
1857098
1857099
1857450
1857451
1857452
1857453
1857454
1857455
1857456
1857457
1857458
1857459
1784757
1784758
1784759
1787245
1787246
1787295
1787296
1787297
1787376
1787377
1787378
1787379
1787386
1787387
1787388
1787389
1787771
1787773
1788698
1789736
1330745
1331745
1331961
1331965
1332725
1333725
1334875
1334961
1334965
1335725
1336745
1337892
1337895
1338745
1339745
1339765
1972225
1340745
1346740
1346741
1346745
1346794
1346795
1346932
1346933
1346934
1346935
1348740
1348745
1348755
1580740
1580741
1580742
1580745
1586990
1586991
1586992
1586993
1586994
1587450
1587451
1587452
1587453
1587454
1587455
1587456
1587457
1587458
1587459
1589740
1589741
1589742
1589745
1760745
1760748
1765245
1767040
1767041
1767042
1767043
1767044
1767045
1767046
1767047
1767048
1767049
1767344
1767450
1767451
1767452
1767453
1767454
1767455
1767456
1767457
1767458
1767459
1768074
1768076
1510745
1511150
1511151
1511152
1511153
1511154
1511155
1511156
1511157
1511158
1511159
1511510
1511511
1511512
1511513
1511514
1511515
1511516
1511517
1511518
1511519
1511520
1511521
1511522
1511523
1511524
1511525
1511526
1511527
1511528
1511529
1820745
1824480
1824481
1824482
1824483
1824484
1824485
1824486
1824487
1827384
1827385
1827386
1827387
1827450
1827451
1827452
1827453
1827454
1827455
1827456
1827457
1827458
1827459
1380745
1387440
1387441
1387442
1387443
1387444
1387445
1387446
1387447
1387448
1387449
1387450
1387451
1387452
1387453
1387454
1387455
1387456
1387457
1387458
1387459
1660745
1667025
1667026
1667027
1667028
1667029
1667045
1667448
1667449
1667450
1667451
1667452
1667453
1667454
1667455
1667456
1667457
1667458
1667459
1668013
1668014
1668015
1668016
1668063
1668064
1668065
1668066
1668067
1668068
1668069
1668140
1668141
1870745
1877455
1877456
1877457
1877458
1877470
1877471
1877472
1877473
1877474
1877475
1877476
1877477
1877478
1877479
1879754
1879755
1879756
1879757
1879758
1879759
1879760
1879761
1879762
1879763
1310021
1310715
1310725
1310745
1311745
1313525
1313526
1317045
1317420
1317425
1318714
1318715
1730745
1730845
1734745
1736576
1736577
1736578
1736579
1736945
1736947
1736948
1736949
1737450
1737451
1737452
1737453
1737454
1737455
1737456
1737457
1737458
1737459
1737550
1737551
1737552
1737553
1737555
1737556
1737557
1737558
1737590
1737591
1737592
1737595
1737775
1737800
1737801
1737802
1737803
1737804
1739870
1739871
1739872
1739873
1739874
1701282
1701283
1701286
1701287
1910745
1917450
1917451
1917452
1917453
1917454
1917455
1917456
1917457
1917458
1917459
1918670
1918671
1918672
1918673
1918674
1918675
1918676
1918677
1918678
1918679
1320492
1320493
1320499
1320745
1321265
1321745
1321747
1323745
1325745
1327224
1327225
1327226
1327227
1327228
1327229
1329745
1329866
1570740
1570741
1570742
1570745
1571745
1571754
1572740
1572741
1577420
1577421
1577422
1577423
1577424
1577425
1577426
1577427
1577428
1577429
1840745
1847405
1847406
1847407
1847408
1847409
1847450
1847451
1847452
1847453
1847454
1847455
1847456
1847457
1847458
1847459
1847470
1847471
1847472
1847473
1847474
1980745
1981334
1984812
1984813
1987374
1987375
1987376
1987377
1987378
1989191
1989192
1989209
1989294
1989295
1989296
1989297
1989298
1989299
1989447
1989448
1989449
1989646
1989647
1650745
1651180
1651745
1810745
1815270
1815271
1815272
1815273
1816399
1816616
1816617
1816618
1816620
1816621
1816622
1816623
1816624
1816929
1816945
1817423
1817424
1817425
1817450
1817451
1817452
1817453
1817454
1817455
1817456
1817457
1817458
1817459
1817581
1520745
1521150
1521151
1521152
1521153
1521154
1521155
1521156
1521157
1521158
1521159
1522640
1522641
1522642
1522643
1522644
1522645
1522646
1522647
1522648
1522649
1527450
1527451
1527452
1527453
1527454
1527455
1527456
1527457
1527458
1527459
1750745
1750748
1757265
1757266
1757267
1757268
1757269
1757450
1757451
1757452
1757453
1757454
1757455
1757456
1757457
1757458
1757459
1758045
1758145
1758157
1758158
1758159
1758225
1758226
1758227
1758228
1758229
1758245
1880745
1887450
1887451
1887452
1887453
1887454
1887455
1887456
1887457
1887458
1887459
1889064
1889065
1889066
1889067
1889068
1889745
1889747
1889748
1370745
1376290
1376291
1376292
1376293
1376294
1376295
1378740
1378745
1378750
1378751
1378752
1378753
1378754
1378755
1378756
1378757
1378758
1378759
1378926
1378927
1378928
1378929
1470742
1470745
1476070
1476071
1476072
1476073
1476074
1476075
1476076
1476077
1476078
1476079
1478650
1478651
1478652
1478653
1478654
1478655
1478656
1478657
1478658
1478659
