1361976
1364976
1890976
1893554
1893566
1894680
1894686
1899736
1899746
1800976
1809576
1809709
1809716
1809728
1809735
1809736
1809746
1535298
1990976
1999736
1999746
1560976
1569536
1850976
1859706
1780077
1780976
1780977
1784837
1788787
1789968
1789976
1330976
1338976
1309970
1860976
1869786
1550976
1559736
1390976
1399736
1399746
1500976
1830975
1830976
1839706
1839716
1621974
1590976
1770976
1772528
1773098
1779478
1779742
1779743
1779744
1779745
1452866
1454606
1459546
1459556
1459656
1910976
1919746
1329986
1570976
1570977
1572236
1846714
1846718
1989725
1650976
1653092
1653290
1810976
1814639
1819475
1819476
1819565
1819566
1819567
1819573
1819575
1819576
1819745
1819746
1819747
1819748
1520976
1529706
1880976
1889726
1889727
1889737
1889738
1479706
1479766
1580976
1589706
1760976
1769706
1769768
1820976
1829706
1829714
1829715
1829716
1389716
1389756
1660976
1870976
1879706
1313916
1730976
1739456
1739706
