1860758
1866677
1866678
1866679
1867547
1867548
1867580
1868858
1390022
1390236
1392262
1392263
1392264
1392446
1392980
1392981
1392982
1392983
1392984
1392985
1392986
1392987
1392988
1392989
1671758
1672758
1673758
1726617
1726660
1300556
1300557
1300558
1300559
1302556
1302557
1302558
1302559
1303020
1303021
1303022
1303023
1303024
1303025
1303026
1304820
1304821
1304822
1304823
1304824
1305935
1305936
1305937
1305938
1305939
1305947
1305948
1305949
1307440
1307441
1307442
1307443
1307444
1307445
1307446
1307447
1307448
1307449
1590758
1591500
1591501
1591502
1591503
1591504
1591505
1591506
1591507
1591508
1591509
1591752
1591753
1591754
1597525
1597526
1597527
1597528
1597529
1598692
1598693
1598694
1599230
1599231
1770409
1770758
1772224
1772416
1772439
1772442
1772443
1772568
1772569
1772572
1772582
1772779
1772859
1772862
1772882
1778680
1778881
1350997
1350998
1352700
1352701
1352702
1352703
1352704
1352705
1352706
1352707
1352708
1352709
1353493
1353494
1353495
1353496
1353497
1353498
1353499
1353695
1353696
1353697
1353698
1353699
1354290
1354291
1354292
1354293
1354294
1354295
1354296
1354297
1354298
1354299
1355650
1355651
1355652
1355653
1355654
1355655
1355656
1355657
1355658
1355659
1356090
1356091
1356092
1356093
1356094
1358060
1358061
1358062
1358063
1358064
1452968
1452969
1453984
1453985
1454827
1458758
1459059
1459060
1459061
1459062
1459063
1500758
1501444
1501445
1501636
1501637
1501638
1501639
1501811
1508965
1508966
1508967
1508968
1508969
1830017
1830758
1830765
1831212
1831229
1831279
1831604
1831607
1831611
1831614
1831617
1831619
1831620
1831621
1831623
1831625
1831658
1831823
1831825
1831826
1831847
1831874
1831886
1831900
1831932
1831935
1831936
1831939
1831948
1831993
1834404
1834450
1834451
1834452
1800758
1802360
1802361
1802362
1802363
1802364
1802495
1802496
1802497
1802582
1802610
1802611
1802612
1802613
1802614
1802615
1802616
1802617
1802618
1802619
1802780
1802781
1802782
1802783
1802784
1802785
1802980
1802981
1802982
1802983
1802984
1803315
1803316
1803339
1530758
1532356
1532357
1532358
1532359
1534758
1534759
1536170
1536171
1536172
1536173
1536174
1536330
1536331
1536332
1536333
1536334
1538299
1360022
1360295
1360297
1360298
1360299
1360965
1361224
1362035
1362036
1362277
1364225
1364226
1365293
1365294
1366090
1366091
1366092
1366093
1366094
1366095
1366096
1366097
1366098
1366099
1367230
1367231
1367232
1367233
1367234
1367235
1367236
1367237
1367238
1367239
1367955
1367956
1367957
1367958
1367959
1890236
1892262
1892263
1892264
1892446
1892980
1892981
1892982
1892983
1892984
1892985
1892986
1892987
1892988
1892989
1893313
1893830
1893831
1893832
1893833
1893843
1893844
1894865
1894866
1894867
1899857
1899858
1899859
1330236
1331810
1331811
1332296
1332297
1334656
1334657
1335300
1335301
1335302
1335303
1335304
1335305
1336023
1336024
1336025
1336026
1336027
1337655
1337656
1337657
1337758
1338075
1338076
1713758
1715758
1716758
1717758
1717864
1717969
1717990
1717991
1718054
1718758
1718864
1719753
1719758
1990230
1990231
1990232
1990233
1990234
1990235
1990236
1990237
1990238
1990239
1992495
1992496
1992497
1992498
1992690
1992691
1992692
1992693
1992694
1992700
1992701
1992702
1992703
1992704
1992705
1992706
1992707
1992708
1992709
1560236
1562262
1562263
1562264
1569758
1850758
1857580
1857581
1857582
1857583
1857584
1857807
1857808
1857853
1857854
1857855
1857856
1780654
1780659
1780679
1781146
1781742
1781758
1781812
1781873
1781916
1781919
1781932
1782013
1782020
1782035
1782037
1782038
1782040
1782279
1782703
1784192
1784193
1787507
1787580
1787605
1787625
1787633
1787646
1787657
1787669
1787691
1788076
1788956
1788958
1788959
1789666
1510758
1511368
1511369
1511397
1511398
1511980
1511981
1511982
1511983
1511984
1511985
1511986
1511987
1511988
1511989
1820073
1820080
1820758
1821126
1821140
1821141
1821811
1821819
1821855
1821861
1821866
1821907
1821913
1821932
1821951
1821953
1821954
1341380
1341381
1341382
1341383
1341384
1341385
1341386
1341387
1341388
1341389
1341575
1341576
1341577
1341578
1341579
1342527
1342528
1342529
1342535
1342536
1342537
1342538
1342539
1342693
1342694
1342695
1342696
1342697
1342698
1342699
1343240
1343241
1343242
1343243
1343244
1343245
1343246
1343247
1343248
1343249
1343580
1343581
1343582
1343583
1343584
1343585
1343586
1343587
1343588
1343589
1345015
1345016
1345017
1345018
1345019
1580758
1581394
1581395
1581396
1581397
1581398
1581399
1581929
1581930
1581931
1581932
1582037
1582038
1587580
1587581
1587582
1587583
1587584
1760758
1768858
1310496
1310497
1310690
1310691
1310692
1312970
1312971
1312972
1312973
1312974
1312975
1312976
1312977
1312978
1312979
1313850
1313851
1313852
1313853
1313854
1314415
1314416
1314417
1314418
1314419
1316934
1316935
1316936
1317260
1317261
1317262
1317263
1317264
1318930
1318931
1318932
1318933
1318934
1318935
1318936
1318937
1318938
1318939
1730301
1730302
1730758
1732238
1732473
1732474
1732475
1732579
1732955
1732956
1732957
1732958
1732959
1734288
1734289
1380249
1380285
1382260
1382261
1382262
1382263
1382264
1382265
1382266
1382267
1382268
1382269
1382460
1382461
1382462
1382463
1382464
1382750
1382751
1382752
1382753
1382754
1382755
1382756
1382757
1382758
1382759
1660758
1662665
1662666
1662667
1662668
1662669
1662688
1662689
1662690
1662691
1662692
1662693
1662694
1662695
1662696
1667580
1667581
1667582
1667583
1667584
1667666
1667667
1667668
1667669
1870758
1871802
1871832
1871836
1871842
1871844
1871850
1871870
1871883
1871900
1570758
1571832
1572840
1572862
1572885
1576602
1576607
1576614
1576617
1576622
1576625
1576628
1576631
1576707
1576715
1576732
1576806
1576868
1840758
1842018
1847507
1847525
1847526
1847527
1847528
1847582
1847625
1980758
1981213
1981451
1982016
1982017
1982048
1982071
1983021
1983050
1983069
1983292
1983595
1984920
1984962
1984989
1986050
1986051
1986052
1986429
1986455
1986456
1986496
1986521
1986563
1986738
1986798
1986803
1986805
1986806
1986809
1986810
1986812
1986826
1986837
1986840
1987299
1987580
1987581
1987582
1987583
1987890
1989692
1989848
1650758
1653794
1700758
1700776
1700777
1700778
1701705
1701706
1701707
1701708
1701709
1708935
1708936
1708937
1708938
1708939
1708940
1708941
1910307
1910758
1912468
1912469
1912589
1912590
1320260
1320261
1320262
1320263
1320264
1320275
1320276
1320277
1320278
1320279
1321104
1321105
1321106
1321758
1322677
1322678
1322679
1322900
1322901
1322902
1322903
1322904
1322905
1322978
1322979
1324260
1324261
1324262
1325758
1328650
1328651
1328652
1328653
1328655
1750758
1752056
1756581
1756582
1756583
1756585
1756586
1756587
1756588
1756589
1757663
1880758
1881183
1881373
1881389
1881842
1881843
1881844
1881845
1881848
1881849
1881850
1881851
1882035
1882036
1882052
1882053
1882446
1889887
1471476
1471517
1471541
1471606
1471611
1471804
1471835
1471836
1471839
1471848
1471849
1471851
1471854
1471856
1471857
1471858
1477825
1371720
1371721
1371722
1371723
1371724
1372720
1372721
1372722
1372723
1372724
1372725
1372726
1372727
1372728
1372729
1376000
1376001
1376002
1376003
1376004
1376005
1376006
1376007
1376008
1376009
1810758
1812446
1812525
1812526
1812527
1812528
1812655
1812656
1812657
1812658
1812659
1812805
1812806
1812807
1812808
1813858
1813859
1816589
1520758
1521841
1521842
1521843
1521844
1521845
1521846
1521847
1521905
1521906
1521939
1521940
1521954
