1300847
1300848
1300849
1302644
1302847
1302848
1302849
1303848
1303849
1306047
1306048
1306049
1308890
1308891
1308892
1308893
1308894
1309290
1309291
1309292
1309293
1309815
1309816
1550917
1552917
1552918
1559170
1559171
1559172
1559173
1559174
1559175
1559176
1559177
1559178
1559179
1559250
1559251
1559252
1559253
1559254
1559255
1559256
1559257
1559258
1559259
1559260
1559261
1559262
1559263
1559264
1559265
1559266
1559267
1559268
1559269
1559270
1559271
1559272
1559273
1559274
1559275
1559276
1559277
1559278
1559279
1860917
1860927
1862849
1862860
1862861
1862862
1862917
1862927
1868195
1869000
1869001
1869002
1869003
1869004
1869040
1869041
1869170
1869171
1869172
1869173
1869174
1869175
1869176
1869177
1869178
1869179
1869440
1869441
1869447
1671917
1672917
1673917
1390917
1399157
1399170
1399171
1399172
1399173
1399174
1399175
1399176
1399270
1399271
1399272
1399273
1399274
1399275
1399276
1399277
1399278
1399279
1830917
1832947
1832967
1839147
1839170
1839171
1839172
1839173
1839174
1839175
1839176
1839177
1839178
1839179
1839187
1839188
1839189
1839270
1839271
1839272
1839273
1839274
1839275
1839276
1839277
1839278
1839279
1839540
1839547
1500917
1500927
1502917
1502937
1502947
1502964
1502987
1509107
1509108
1509114
1509117
1509120
1509126
1509147
1509157
1509160
1509169
1509170
1509171
1770917
1771960
1771961
1771962
1772917
1772918
1772930
1772931
1772932
1772933
1772934
1772935
1772936
1772937
1772947
1772948
1772949
1772955
1772956
1772957
1772958
1772959
1773460
1773461
1774917
1774926
1774927
1776475
1778927
1778928
1778929
1779109
1779110
1779111
1779400
1779401
1779402
1779584
1590923
1592960
1599107
1599197
1452697
1452698
1453670
1453687
1453688
1454466
1454477
1459455
1459456
1459457
1459565
1459566
1350917
1357116
1357117
1357118
1357119
1357170
1357171
1357172
1357173
1357174
1357175
1357176
1357177
1357178
1357179
1959121
1959127
1360917
1360927
1361917
1361927
1362917
1363675
1363676
1363682
1364917
1365917
1365927
1366917
1368917
1368927
1890917
1896650
1896651
1899157
1899170
1899171
1899172
1899173
1899174
1899175
1899176
1899270
1899271
1899272
1899273
1899274
1899275
1899276
1899277
1899278
1899279
1530917
1531917
1531918
1531919
1531920
1531921
1531922
1531923
1531924
1531925
1531926
1531927
1531928
1533226
1533227
1533228
1533229
1533616
1533617
1533795
1534917
1535300
1535301
1535302
1535303
1535304
1535305
1535333
1535334
1535344
1535379
1535380
1535381
1538457
1538467
1538917
1538931
1538932
1538933
1538964
1538965
1538966
1539417
1539917
1539921
1539922
1800917
1804917
1804938
1804939
1809149
1809169
1809170
1809171
1809172
1809173
1809174
1809175
1809176
1809177
1990917
1992918
1992919
1992920
1992930
1994652
1994653
1994654
1994655
1994656
1994657
1999157
1999158
1999170
1999171
1999172
1999173
1999174
1999175
1999176
1999200
1999202
1999203
1999204
1999205
1999206
1999207
1999208
1999209
1999220
1999221
1850917
1859001
1859002
1859003
1859004
1859070
1859071
1859072
1859073
1859074
1859075
1859076
1859077
1859078
1859097
1859170
1859171
1859172
1859173
1859174
1859239
1859241
1780297
1780687
1780917
1780927
1782907
1782917
1782927
1782937
1782947
1782957
1782967
1782977
1782987
1782997
1784767
1784777
1786737
1786827
1786837
1786847
1786857
1786877
1786887
1789917
1560917
1561917
1561918
1561970
1561971
1561972
1561973
1561974
1561975
1561976
1561977
1561978
1566740
1566741
1566742
1566743
1566744
1568690
1568691
1568692
1568693
1568694
1568695
1568696
1568697
1568698
1568699
1569150
1569151
1569152
1569153
1569154
1330917
1331917
1332537
1333537
1333546
1333547
1333548
1333549
1334746
1335917
1336919
1336920
1336921
1337917
1337937
1337938
1337947
1337948
1338917
1339917
1339927
1713917
1715917
1716917
1717905
1717906
1717907
1717917
1342978
1344790
1346863
1347421
1348450
1348836
1760917
1760927
1761294
1761295
1761296
1762917
1769127
1769137
1580917
1582940
1582949
1582950
1582987
1587737
1587742
1587750
1587751
1587760
1587769
1589107
1589119
1589120
1589121
1589134
1589138
1589147
1589169
1820917
1822047
1822070
1822071
1822072
1822073
1822074
1822075
1822076
1822077
1824087
1829170
1829171
1829172
1829173
1829174
1829175
1829176
1829177
1829178
1829179
1829247
1829270
1829271
1829272
1829273
1829274
1829275
1829276
1829277
1510917
1511497
1512917
1512937
1512945
1512950
1512966
1512977
1512985
1512994
1512998
1512999
1519170
1519171
1519172
1519173
1519174
1519175
1519176
1519177
1519178
1519179
1519187
1519196
1660917
1660926
1660927
1380917
1389170
1389171
1389172
1389173
1389174
1389175
1389176
1389177
1389178
1389179
1389240
1389241
1389242
1389243
1389244
1389245
1389246
1389247
1389248
1389249
1389270
1389271
1389272
1389273
1389274
1389275
1389276
1389277
1389278
1389279
1870070
1870071
1870072
1870073
1870074
1870075
1870076
1870077
1870917
1871067
1871747
1872917
1872947
1872970
1872971
1872972
1872973
1872974
1872975
1872976
1872977
1872978
1874037
1874057
1874067
1874077
1879117
1879147
1879170
1879171
1879172
1879173
1879174
1879175
1879176
1879177
1879178
1879179
1879186
1879187
1879197
1310804
1310828
1310829
1310914
1310915
1310916
1310917
1310966
1314917
1315220
1315221
1315222
1315223
1315224
1318636
1318637
1318638
1318639
1319634
1319635
1319636
1730917
1734237
1734238
1734938
1734940
1734941
1734942
1734943
1738240
1738241
1738268
1738269
1739151
1739152
1739154
1739156
1739157
1739260
1739261
1739262
1739263
1739264
1739265
1739266
1739267
1739268
1739269
1702916
1702917
1704080
1320917
1320920
1320921
1320922
1320923
1322007
1322009
1322797
1322843
1322847
1323917
1325917
1325921
1325922
1325923
1325924
1327917
1327918
1327919
1328917
1328918
1328919
1328943
1910297
1910917
1914533
1919104
1840917
1840927
1842907
1842927
1570917
1570927
1571047
1571917
1571927
1576093
1576097
1576917
1576921
1576927
1577167
1577168
1577169
1577187
1980297
1980917
1981523
1982907
1982917
1982927
1982937
1988897
1989087
1989097
1989124
1989129
1989146
1989149
1989158
1989159
1989168
1989169
1989497
1650917
1651917
1520917
1522917
1522947
1522957
1522967
1522968
1522976
1522977
1522987
1522995
1522997
1524907
1524917
1528927
1528944
1529147
1529170
1529171
1529172
1529173
1529174
1529175
1529176
1529177
1529178
1529179
1529197
1810917
1814240
1814680
1814681
1814917
1816177
1816507
1816517
1818249
1819148
1819178
1819179
1750917
1750927
1880917
1882917
1882937
1882938
1882947
1882967
1882977
1882987
1884027
1884047
1889147
1889157
1889170
1889171
1889172
1889173
1889174
1889175
1889176
1889177
1889178
1889214
1889217
1370917
1370927
1375973
1375974
1375975
1375976
1375977
1375978
1375979
1377263
1377264
1377265
1377266
1377267
1377268
1377269
1377270
1470917
1472777
1472787
1472797
1472970
1472971
1472972
1472973
1472974
1472975
1472976
1472977
1472978
1472979
1479107
1479170
1479171
1479172
1479173
1479174
1479175
1479176
