1800954
1809526
1809536
1809537
1809540
1809541
1809542
1809543
1809544
1809545
1809546
1530954
1530959
1534954
1534959
1537954
1537959
1537966
1537967
1361954
1362954
1363954
1364952
1364953
1364954
1364956
1364957
1890954
1899540
1899541
1899542
1899543
1899544
1330954
1332354
1336954
1338954
1338959
1715954
1715956
1716954
1717954
1990954
1994444
1994445
1997653
1997654
1999504
1999540
1999541
1999544
1999557
1999558
1999559
1560954
1560959
1569504
1850954
1850959
1859504
1859519
1780954
1780959
1780964
1781114
1781118
1781124
1781134
1781139
1784824
1788774
1789954
1860954
1860959
1869540
1869541
1869542
1869543
1869544
1550084
1550954
1550955
1550964
1559539
1559544
1559545
1559554
1390954
1399504
1399514
1399524
1399534
1399544
1671954
1672954
1673954
1673958
1673959
1300794
1300795
1303795
1307954
1309954
1590954
1590957
1590964
1590969
1770954
1770959
1771186
1775234
1775244
1779540
1779541
1779542
1779543
1779544
1779545
1779546
1779547
1779548
1779549
1452874
1454628
1454637
1459705
1459706
1459707
1459708
1459709
1351954
1500864
1500954
1500959
1500964
1830954
1830956
1830964
1839504
1839506
1839514
1839524
1570954
1570956
1570964
1571954
1572954
1576954
1576964
1840844
1840846
1840847
1840864
1840868
1840954
1840956
1840959
1840964
1840968
1846504
1846508
1846514
1846516
1846517
1980954
1980964
1980969
1981422
1989504
1989514
1989964
1989968
1650262
1650954
1652514
1655954
1656954
1910954
1919519
1320954
1323954
1325954
1325964
1328954
1328959
1329954
1329959
1750954
1759504
1759506
1759514
1759524
1759534
1759544
1880954
1880964
1889504
1889514
1889516
1889524
1370954
1470954
1470964
1470966
1476054
1479504
1810954
1815244
1815253
1815254
1815255
1815256
1815257
1815258
1815259
1816154
1816169
1816914
1816917
1816918
1816919
1816954
1816956
1819504
1819506
1819524
1819540
1819541
1819542
1819543
1819544
1819545
1819546
1819547
1819548
1819549
1520264
1520954
1520964
1522624
1529694
1529696
1510954
1510959
1510964
1510969
1512184
1512194
1820954
1820959
1820964
1820969
1829504
1829514
1829524
1829529
1829534
1829544
1829554
1829556
1829564
1340954
1346954
1346964
1580954
1580959
1580964
1580969
1582534
1582539
1760954
1760959
1769504
1769514
1769644
1313954
1319504
1730954
1730959
1734125
1734126
1739540
1739541
1739542
1739543
1739544
1739545
1739546
1739547
1739548
1739549
1739554
1739559
1389504
1389514
1389534
1389544
1660954
1669504
1669507
1669519
1669527
1669530
1870954
1870964
1879504
1879514
1879524
1879534
1470950
1470951
1470956
1470957
1470958
1470959
1470960
1470961
1470967
1470968
1470969
1476050
1476051
1476057
1476058
1476059
1476585
1479500
1479501
1479507
1479508
1479509
1370950
1370951
1370957
1370958
1370959
1372330
1372331
1372337
1372338
1372339
1374095
1880950
1880951
1880957
1880958
1880959
1880960
1880961
1880967
1880968
1880969
1889500
1889501
1889507
1889508
1889509
1889510
1889511
1889517
1889518
1889519
1889520
1889521
1889527
1889528
1889529
1750950
1750951
1750956
1750957
1750958
1750959
1759500
1759501
1759511
1759518
1759521
1759528
1759529
1759530
1759531
1759532
1759538
1759539
1759540
1759541
1759548
1759549
1759550
1759551
1759558
1759559
1520260
1520261
1520267
1520268
1520269
1520950
1520951
1520957
1520958
1520960
1520961
1520967
1520968
1520969
1522620
1522621
1522627
1522628
1529690
1529691
1529697
1810095
1810950
1810951
1810957
1810958
1810959
1815230
1815231
1815248
1815249
1815250
1815251
1816150
1816151
1816157
1816158
1816159
1816900
1816901
1816908
1816909
1816910
1816911
1816950
1816951
1816958
1816959
1819500
1819501
1819508
1819509
1819510
1819511
1819512
1819513
1819514
1819515
1819516
1819517
1819518
1819519
1819521
1819522
1819523
1650203
1650659
1650951
1650965
1651085
1651260
1651951
1652510
1652618
1652916
1652918
1653347
1655432
1655659
1655951
1656250
1656251
1656876
1657228
1657346
1657353
1657525
1980950
1980951
1980956
1980957
1980958
1980960
1980961
1980966
1980967
1981418
1989500
1989501
1989507
1989508
1989509
1989510
1989511
1989516
1989517
1989518
1989960
1989961
1989967
1989969
1840840
1840841
1840861
1840867
1840951
1840958
1840960
1846500
1846501
1846510
1846511
1846518
1846520
1846521
1846522
1846523
1846524
1846525
1846526
1846527
1846528
1846529
1846530
1846531
1846532
1846533
1846534
1846535
1846536
1846537
1846538
1846539
1846540
1846541
1846542
1846543
1846544
1846545
1846546
1846547
1846548
1846549
1849013
1849014
1849015
1849016
1849017
1570950
1570951
1570957
1570958
1570959
1570960
1570961
1570967
1570968
1570969
1571950
1571951
1571957
1571958
1571959
1572950
1572951
1572957
1572958
1572959
1576950
1576951
1576957
1576958
1576959
1576960
1576961
1576967
1576968
1576969
1320950
1320951
1320958
1320959
1320960
1320961
1320968
1320969
1323950
1323951
1323958
1323959
1325950
1325951
1325958
1325960
1325961
1325968
1328950
1328951
1328958
1329950
1329951
1329958
1910950
1910951
1910956
1910957
1910958
1910959
1919510
1919511
1919514
1919516
1919517
1919518
1919520
1919521
1700950
1700951
1701950
1701951
1701952
1701953
1702950
1702951
1702952
1702953
1703853
1703854
1704590
1704591
1704592
1704593
1704594
1704595
1704596
1704597
1704598
1704599
1704950
1704951
1704952
1704953
1704954
1704955
1704956
1704957
1704958
1704959
1704960
1704961
1704962
1704963
1704964
1704965
1704966
1704967
1704968
1704969
1704970
1704971
1704972
1704973
1704974
1704975
1704976
1704977
1704978
1704979
1705438
1705439
1705440
1705441
1705442
1705443
1705444
1705445
1705718
1705865
1708950
1708951
1708952
1708953
1708954
1708955
1708956
1708957
1708958
1708959
1709950
1709951
1709952
1709953
1709954
1709955
1709956
1709957
1709958
1709959
1730950
1730951
1730958
1739500
1739501
1739502
1739503
1739504
1739505
1739506
1739507
1739508
1739509
1739510
1739511
1739512
1739513
1739514
1739515
1739516
1739517
1739518
1739519
1739550
1739551
1739558
1739840
1739841
1739842
1739843
1739844
1739845
1739846
1739847
1739848
1739849
1313950
1313951
1313958
1313959
1319500
1319501
1319508
1319509
1870950
1870951
1870957
1870958
1870959
1870960
1870961
1870967
1870968
1879500
1879501
1879507
1879508
1879509
1879510
1879511
1879517
1879518
1879519
1879520
1879521
1879527
1879528
1879529
1879530
1879531
1879537
1879538
1879539
1660950
1660951
1660958
1660959
1669500
1669501
1669508
1669509
1669510
1669511
1669514
1669518
1669520
1669521
1669524
1669528
1669529
1669531
1669532
1669533
1380095
1389500
1389501
1389507
1389508
1389509
1389510
1389511
1389517
1389518
1389519
1389530
1389531
1389537
1389538
1389539
1389540
1389541
1389547
1389548
1389549
1389560
1389561
1389562
1389563
1389564
1389565
1389566
1389567
1389568
1389569
1820950
1820951
1820957
1820958
1820960
1820961
1820967
1820968
1829500
1829501
1829507
1829508
1829509
1829510
1829511
1829517
1829518
1829519
1829520
1829521
1829527
1829528
1829530
1829531
1829537
1829538
1829539
1829540
1829541
1829547
1829548
1829549
1829550
1829551
1829557
1829558
1829559
1829560
1829561
1829567
1829568
1829569
1510950
1510951
1510957
1510958
1510960
1510961
1510967
1510968
1512180
1512181
1512187
1512188
1512190
1512191
1512197
1512198
1760950
1760951
1760958
1769500
1769501
1769507
1769508
1769509
1769510
1769511
1769516
1769517
1769518
1769519
1769536
1580950
1580951
1580957
1580958
1580960
1580961
1580966
1580968
1582530
1582531
1582537
1582538
1340950
1340951
1340958
1340959
1344095
1346950
1346951
1346957
1346958
1346959
1346960
1346961
1346968
1346969
1712950
1712951
1712952
1712953
1712954
1712955
1712956
1712957
1712958
1712959
1712960
1712961
1712962
1712963
1712964
1712965
1712966
1712967
1712968
1712969
1712970
1712971
1712972
1712973
1712974
1712975
1712976
1712977
1712978
1712979
1715951
1715958
1715959
1716950
1716951
1716956
1716957
1716958
1716959
1717950
1717951
1717957
1717958
1717959
1718950
1718951
1718952
1718953
1718954
1718955
1718956
1718957
1718958
1718959
1718960
1718961
1718962
1718963
1718964
1718965
1718966
1718967
1718968
1718969
1330950
1330951
1330957
1330958
1330959
1332350
1332351
1332357
1332358
1332359
1336950
1336951
1336957
1336958
1336959
1338950
1338951
1338958
1780950
1780951
1780958
1780960
1780961
1780966
1780967
1780968
1781110
1781111
1781120
1781121
1781126
1781127
1781128
1781130
1781131
1781136
1781137
1781138
1784820
1784821
1784827
1784828
1784829
1788770
1788771
1788777
1788778
1788779
1789950
1789951
1789957
1789958
1850951
1850958
1859501
1859505
1859506
1859507
1859508
1859509
1859511
1859512
1859514
1859515
1859516
1859517
1859518
1560950
1560951
1560958
1569500
1569501
1569508
1990950
1990951
1990957
1990958
1990959
1994440
1994441
1994447
1994448
1994449
1997650
1997651
1997657
1997658
1997659
1999500
1999501
1999507
1999508
1999509
1999510
1999511
1999512
1999513
1999514
1999515
1999516
1999517
1999518
1999519
1999524
1999525
1999526
1999527
1999528
1999529
1999535
1999536
1999537
1999538
1999539
1999542
1999543
1999548
1999549
1530950
1530951
1530958
1533792
1534950
1534951
1534960
1534961
1534967
1534968
1534969
1537890
1537891
1537892
1537893
1537894
1537895
1537896
1537897
1537898
1537899
1537950
1537951
1800950
1800951
1800957
1800958
1800959
1809510
1809511
1809512
1809513
1809514
1809515
1809516
1809517
1809518
1809519
1809527
1809547
1809548
1809549
1890950
1890951
1890956
1890957
1890958
1890959
1899500
1899501
1899502
1899503
1899504
1899505
1899506
1899507
1899508
1899509
1899510
1899511
1899512
1899513
1899514
1899515
1899516
1899517
1899518
1899519
1950950
1950957
1950959
1958101
1361950
1361951
1361957
1361958
1361959
1362950
1362951
1362957
1362958
1362959
1363950
1363951
1363957
1363958
1363959
1364950
1364951
1351920
1351921
1351928
1351929
1351950
1351951
1351957
1351958
1351959
1452870
1452871
1452878
1452879
1454620
1454621
1454622
1454623
1454624
1454625
1454630
1454631
1454632
1459500
1459501
1459502
1459503
1459504
1459505
1459506
1459507
1459508
1459509
1459600
1770950
1770951
1770958
1771180
1771181
1771184
1771187
1771188
1771189
1775230
1775231
1775240
1775241
1779500
1779501
1779502
1779503
1779504
1779505
1779506
1779507
1779508
1779509
1779510
1779511
1779512
1779513
1779514
1779515
1779516
1779517
1779518
1779519
1590950
1590951
1590958
1590960
1590961
1590967
1590968
1621950
1621951
1621960
1621967
1621969
1622940
1622944
1830950
1830951
1830957
1830958
1830959
1830960
1830961
1830967
1830968
1830969
1839500
1839501
1839507
1839508
1839509
1839510
1839511
1839517
1839518
1839519
1839520
1839521
1839527
1839528
1839529
1500860
1500861
1500867
1500868
1500950
1500951
1500956
1500958
1500960
1500961
1500966
1500967
1500968
1671951
1671958
1671959
1672950
1672951
1672955
1672956
1672957
1673951
1390095
1390950
1390951
1390957
1390958
1390959
1399500
1399501
1399507
1399508
1399509
1399510
1399511
1399517
1399518
1399519
1399520
1399521
1399527
1399528
1399529
1399530
1399531
1399537
1399538
1399539
1399540
1399541
1399547
1399548
1399549
1550080
1550081
1550088
1550089
1550950
1550951
1550957
1550958
1550959
1550960
1550961
1550968
1550969
1559500
1559501
1559502
1559504
1559506
1559507
1559508
1559509
1559510
1559511
1559512
1559516
1559517
1559518
1559519
1559520
1559521
1559522
1559526
1559527
1559528
1559529
1559530
1559531
1559538
1559540
1559541
1559542
1559550
1559551
1559552
1559556
1559557
1559558
1559559
1860950
1860951
1860958
1869510
1869511
1869512
1869513
1869514
1869515
1869516
1869517
1869518
1869519
1869525
1869526
1869527
1869528
1869529
1869538
1869545
1869546
1869555
1869557
1300796
1300797
1300798
1300799
1301079
1301425
1301426
1301427
1301428
1301429
1303796
1303797
1303798
1303799
1307950
1307951
1307958
1307959
1309950
1309951
1309957
1309958
1309959
1715950
1715952
1716952
1717952
1330952
1330956
1332352
1332356
1336952
1336956
1338952
1560952
1569502
1569506
1850952
1859502
1859510
1780952
1781112
1781116
1781122
1781132
1784822
1788772
1789952
1789956
1990952
1997652
1999502
1999520
1999521
1999522
1999523
1800952
1809520
1809521
1809522
1809523
1809524
1809525
1809528
1809529
1530952
1534952
1534956
1537952
1537956
1537960
1537961
1537962
1890952
1899520
1899521
1899522
1899523
1899524
1899525
1899526
1899527
1899528
1899529
1361952
1361956
1362956
1363952
1363956
1452872
1454626
1454633
1454634
1459601
1459602
1459603
1459604
1459605
1351922
1351926
1351952
1351956
1590952
1590962
1590966
1770952
1771182
1775232
1775242
1779520
1779521
1779522
1779523
1779524
1779525
1779526
1779527
1779528
1779529
1500862
1500866
1500952
1500962
1830952
1830962
1839502
1839512
1839522
1390952
1390956
1399502
1399506
1399512
1399516
1399522
1399526
1399532
1399536
1399542
1399546
1671952
1672952
1673952
1673957
1860952
1869520
1869521
1869522
1869523
1869524
1550082
1550962
1300790
1300791
1301420
1301421
1303790
1303791
1307952
1307956
1309952
1309956
1370952
1370956
1372332
1372336
1470952
1470962
1476052
1479502
1750952
1759502
1759512
1759520
1759522
1880952
1880956
1880962
1889502
1889512
1889522
1810952
1815235
1815236
1815237
1815252
1816152
1816156
1816902
1816904
1816912
1816952
1819502
1819520
1819528
1819529
1520262
1520266
1520952
1520956
1520962
1520966
1522622
1522626
1529692
1980952
1980962
1981420
1989502
1989506
1989512
1989962
1650260
1650952
1570952
1570962
1571952
1572952
1572956
1576952
1576962
1840842
1840862
1840952
1840962
1840966
1846502
1846506
1846512
1910952
1919512
1320952
1320956
1320962
1320966
1323952
1323956
1325952
1325962
1328952
1329952
1730952
1734120
1734121
1739552
1313952
1313956
1319502
1319506
1870952
1870962
1879502
1879506
1879512
1879516
1879522
1879532
1389502
1389506
1389512
1389516
1389532
1389536
1389542
1389546
1660952
1669502
1669506
1669512
1669522
1510952
1510962
1510966
1512182
1512186
1512192
1512196
1820952
1820956
1820962
1829502
1829512
1829516
1829522
1829526
1829532
1829542
1829552
1829562
1580952
1580962
1582532
1582536
1760952
1769502
1769512
1340952
1340956
1346952
1346956
1346962
1346966
1300792
1300793
1301422
1301423
1301424
1303792
1303793
1303794
1307953
1307955
1307957
1309953
1309955
1390953
1390955
1399503
1399505
1399513
1399515
1399523
1399525
1399533
1399535
1399543
1399545
1671953
1672953
1672958
1672959
1673950
1673953
1673955
1673956
1860953
1860956
1869530
1869531
1869532
1869533
1869534
1869535
1550083
1550085
1550086
1550952
1550953
1550956
1550963
1550966
1550967
1559503
1559513
1559514
1559523
1559524
1559532
1559533
1559534
1559535
1559536
1559537
1559543
1559553
1622952
1500953
1500963
1830953
1830963
1830965
1830966
1839503
1839505
1839513
1839516
1839523
1839525
1839526
1351927
1351953
1351955
1452873
1452876
1454627
1454629
1454635
1454636
1459700
1459701
1459702
1459703
1459704
1590953
1590963
1770953
1770957
1771183
1775233
1775236
1775237
1775238
1775239
1775243
1775246
1775247
1775248
1775249
1779530
1779531
1779532
1779533
1779534
1779535
1779536
1779537
1779538
1779539
1890953
1899530
1899531
1899532
1899533
1899534
1899535
1899536
1899537
1899538
1899539
1361953
1361955
1362952
1363953
1363955
1364959
1800953
1800955
1809530
1809531
1809532
1809533
1809534
1809535
1809538
1809539
1809552
1809553
1809554
1809555
1809556
1809557
1809558
1809559
1530953
1530957
1534953
1534957
1537953
1537955
1537957
1537958
1537963
1537964
1537965
1537968
1537969
1560953
1560956
1569503
1569507
1850953
1850956
1859503
1859513
1780953
1780956
1780957
1780962
1780963
1780969
1781113
1781117
1781123
1781129
1781133
1784823
1788773
1788776
1789953
1789959
1990953
1994446
1999503
1999505
1999530
1999531
1999532
1999533
1999534
1715953
1715957
1716953
1717953
1330953
1330955
1332353
1332355
1336953
1338953
1338957
1580953
1580963
1582533
1760953
1760956
1769503
1769506
1769513
1769523
1769524
1769525
1769526
1769527
1769633
1340953
1346953
1346955
1346963
1510953
1510963
1512183
1512193
1820953
1820963
1820966
1829503
1829505
1829506
1829513
1829523
1829533
1829536
1829543
1829553
1829563
1829566
1870953
1870963
1870969
1879503
1879513
1879523
1879533
1879536
1389503
1389505
1389513
1389515
1389520
1389521
1389522
1389523
1389524
1389525
1389526
1389527
1389528
1389529
1389533
1389535
1389543
1389545
1389550
1389551
1389552
1389553
1389554
1389555
1389556
1389557
1389558
1389559
1660953
1660956
1669503
1669513
1669516
1669523
1669526
1730953
1730957
1734122
1734123
1734124
1739553
1739557
1313953
1313955
1313957
1319503
1319505
1319507
1910953
1919513
1320953
1320963
1323953
1325953
1325956
1325963
1325966
1328953
1328956
1329953
1329956
1980953
1980963
1980968
1981419
1989503
1989513
1989963
1989966
1650263
1650953
1570953
1570963
1570966
1571953
1572953
1576953
1576956
1576963
1576965
1576966
1840843
1840849
1840863
1840866
1840950
1840953
1840963
1840969
1846503
1846507
1846509
1846513
1846519
1810953
1815232
1815233
1815234
1815242
1815243
1816153
1816160
1816161
1816162
1816163
1816164
1816165
1816166
1816167
1816168
1816903
1816913
1816915
1816916
1816953
1816957
1819503
1819526
1819527
1819530
1819531
1819532
1819533
1819534
1819535
1819536
1819537
1819538
1819539
1520263
1520953
1520959
1520963
1522623
1522629
1529693
1529698
1470953
1470963
1470965
1476053
1476055
1476056
1479503
1370953
1370955
1750953
1759503
1759507
1759508
1759513
1759517
1759523
1759526
1759527
1759533
1759536
1759537
1759543
1759546
1759547
1759552
1759553
1759556
1759557
1880953
1880963
1880966
1889503
1889506
1889513
1889515
1889523
1889525
1889526
1650261
1650955
1651251
1980955
1980959
1980965
1981421
1989505
1989515
1989519
1989965
1570955
1570965
1571955
1571956
1572955
1576955
1840845
1840848
1840860
1840865
1840869
1840955
1840957
1840961
1840965
1840967
1846505
1846515
1910955
1919515
1320955
1320957
1320964
1320965
1320967
1323955
1323957
1325955
1325957
1325959
1325965
1325967
1325969
1328955
1328957
1329955
1329957
1372333
1372334
1372335
1373950
1373951
1373952
1373953
1373954
1373955
1373956
1373957
1373958
1373959
1470955
1479505
1479506
1880955
1880965
1889505
1750955
1759505
1759509
1759510
1759515
1759516
1759519
1759525
1759535
1759542
1759545
1759554
1759555
1810955
1810956
1815238
1815239
1815240
1815241
1815245
1815246
1815247
1816155
1816905
1816906
1816907
1816955
1819505
1819507
1819525
1819550
1819551
1819552
1819553
1819554
1819555
1819556
1819557
1819558
1819559
1520265
1520955
1520965
1522625
1529695
1529699
1510955
1510956
1510965
1512185
1512189
1512195
1512199
1820955
1820965
1829515
1829525
1829535
1829545
1829546
1829555
1829565
1580955
1580956
1580965
1580967
1582535
1760955
1760957
1769505
1769515
1340955
1340957
1346965
1346967
1730955
1730956
1734127
1734128
1734129
1739555
1739556
1870955
1870956
1870965
1870966
1879505
1879515
1879525
1879526
1879535
1660955
1660957
1669505
1669515
1669517
1669525
1800956
1809550
1809551
1530955
1530956
1534955
1534958
1890955
1899545
1899546
1899547
1899548
1899549
1362953
1362955
1364955
1364958
1715955
1716955
1717955
1717956
1336955
1338955
1338956
1560955
1560957
1569505
1569509
1780955
1780965
1781115
1781119
1781125
1781135
1784825
1784826
1788775
1789955
1850950
1850955
1859500
1990955
1990956
1994442
1994443
1997655
1997656
1999506
1999545
1999546
1999547
1999550
1999551
1999552
1999553
1999554
1999555
1999556
1671950
1671955
1671956
1671957
1860955
1860957
1869550
1869551
1869552
1869553
1869554
1869556
1550087
1550965
1559505
1559515
1559525
1559546
1559547
1559548
1559549
1559555
1452875
1452877
1454638
1454639
1459606
1459607
1459608
1459609
1351923
1351924
1351925
1590955
1590956
1590959
1590965
1770955
1770956
1771185
1775235
1775245
1779550
1779551
1779552
1779553
1779554
1779555
1779556
1779557
1779558
1779559
1621956
1500863
1500865
1500869
1500955
1500957
1500965
1500969
1830955
1839515
