1590526
1595114
1595115
1595116
1595117
1595260
1595261
1595262
1595263
1595264
1595265
1595266
1595267
1595268
1595269
1596100
1596101
1596102
1596103
1596104
1596105
1596106
1596107
1596108
1596109
1599600
1599601
1599602
1599603
1599604
1599605
1599606
1599607
1599608
1599609
1770142
1770143
1770526
1771255
1771256
1771257
1771258
1771259
1771270
1771292
1771465
1771494
1771495
1771505
1775160
1775161
1775162
1775163
1775164
1776601
1776602
1776603
1776604
1776860
1776861
1776862
1776863
1776870
1776871
1776872
1776873
1776874
1777870
1777871
1777879
1779889
1350512
1350526
1351255
1351515
1351516
1450910
1450911
1450912
1450913
1450914
1450915
1450916
1450917
1450918
1450919
1452646
1452647
1453543
1453626
1453627
1453628
1453629
1454428
1454950
1457077
1457078
1457079
1457080
1457260
1500526
1505050
1505230
1505231
1505232
1505233
1505234
1505235
1505236
1505237
1505238
1505239
1505240
1505279
1505280
1505281
1505282
1505283
1505284
1505285
1505286
1505287
1505288
1505289
1505290
1506100
1506101
1506102
1506103
1506104
1506105
1506106
1506107
1506108
1506109
1506142
1506299
1509432
1509433
1830526
1834473
1834483
1835101
1835114
1835115
1835116
1835117
1835261
1835262
1835263
1836001
1836143
1836183
1836230
1836231
1836232
1836283
1621523
1860523
1860610
1860611
1865114
1865115
1865116
1865117
1865236
1865237
1865238
1865260
1865261
1865262
1865263
1865264
1865265
1865266
1865267
1865268
1865269
1865271
1865272
1390142
1390143
1390526
1391209
1391219
1391440
1391441
1391442
1391443
1391444
1391450
1391451
1391452
1391453
1391454
1392170
1392171
1392172
1392173
1392174
1395114
1395115
1395116
1395117
1395260
1395261
1395262
1395263
1395264
1395265
1395266
1395267
1395268
1395269
1396100
1396101
1396102
1396103
1396104
1396105
1396106
1396107
1396108
1396109
1671523
1672523
1673299
1673523
1673996
1300444
1300445
1300446
1301670
1301671
1301672
1301673
1301674
1301675
1302444
1302445
1302446
1303358
1304010
1304011
1304012
1304013
1304014
1304015
1304016
1304017
1304018
1305295
1305296
1305297
1305298
1305299
1306295
1306296
1306297
1306298
1306299
1308358
1309220
1309221
1309222
1309223
1309224
1309225
1309226
1309227
1309228
1309229
1309244
1330142
1330143
1330526
1332778
1332779
1333778
1333779
1333887
1333888
1333889
1334778
1334779
1335778
1335779
1336520
1336521
1336522
1336523
1336524
1337600
1337601
1337602
1337603
1338246
1338255
1338256
1338257
1338258
1338259
1711996
1713523
1715523
1716523
1717523
1717636
1717637
1717638
1717642
1717643
1717644
1718523
1719523
1719646
1719647
1719650
1719651
1719652
1990526
1994162
1994175
1994203
1995116
1995145
1995169
1995184
1995253
1995295
1995296
1995297
1995298
1995299
1997515
1997516
1560142
1560143
1560526
1565114
1565115
1565116
1565117
1566442
1566452
1566510
1569523
1850142
1850523
1855147
1855199
1855268
1855269
1855611
1855612
1780252
1780253
1782617
1782636
1782646
1782662
1783460
1783461
1783462
1783463
1783475
1784930
1784931
1784932
1784933
1784934
1784935
1784936
1784937
1784938
1784939
1784986
1785133
1785134
1785135
1785136
1785137
1785138
1785139
1785145
1785174
1785178
1788732
1788817
1789520
1800142
1800143
1800526
1801209
1801219
1801345
1801346
1801450
1801451
1801452
1801453
1801454
1801829
1802047
1802199
1803678
1803679
1803680
1805114
1805115
1805116
1805117
1805118
1805260
1805261
1805262
1805263
1805264
1805265
1805266
1805267
1805268
1805269
1806100
1806101
1806102
1806103
1806104
1806105
1806106
1806107
1806108
1806198
1806600
1806890
1806891
1808206
1808207
1808233
1808234
1808235
1808236
1808370
1808371
1808372
1809445
1809446
1809447
1530142
1530143
1530526
1531237
1531238
1531276
1531277
1531278
1531279
1534513
1534522
1534523
1535159
1535863
1536560
1536561
1536562
1536563
1536564
1536670
1536671
1536672
1536673
1536674
1537070
1537071
1537072
1537073
1537074
1537155
1537156
1537157
1537158
1537159
1538070
1538071
1538072
1538073
1538074
1360147
1360526
1361517
1361518
1361519
1362517
1362518
1362519
1362613
1364155
1364156
1364157
1364158
1364159
1364526
1365526
1953450
1890142
1890143
1890526
1891209
1891219
1891440
1891441
1891442
1891443
1891444
1891450
1891451
1891452
1891453
1891454
1892170
1892171
1892172
1892173
1892174
1893678
1893679
1893680
1893681
1893682
1893683
1894480
1894481
1894482
1894483
1894484
1895114
1895115
1895116
1895117
1895260
1895261
1895262
1895263
1895264
1895265
1895266
1895267
1895268
1895269
1896100
1896101
1896102
1896103
1896104
1896105
1896106
1896107
1896108
1896109
1899460
1899461
1899462
1899463
1899464
1899465
1899466
1899467
1899468
1899469
1899470
1899471
1899472
1899473
1899474
1310180
1310181
1314198
1314199
1314285
1314286
1314288
1314289
1317936
1317937
1317942
1317943
1318220
1318221
1318222
1318223
1318224
1318225
1318226
1318227
1318228
1318229
1318244
1318245
1319690
1319691
1319692
1319693
1319694
1319695
1730142
1730523
1731249
1731250
1731251
1731252
1731452
1731453
1731454
1731475
1731476
1731477
1731525
1731530
1731531
1731532
1731533
1731566
1731567
1731568
1731569
1731598
1731599
1731884
1732160
1732167
1732168
1732169
1732175
1732780
1732781
1732782
1732783
1734276
1734837
1735160
1735161
1735162
1735163
1735164
1736545
1736644
1736645
1736646
1736807
1736818
1736839
1736860
1736861
1736862
1737476
1739686
1739794
1380052
1380142
1380143
1380147
1380526
1380901
1381238
1381239
1381247
1381248
1381249
1381445
1381446
1381447
1381448
1381449
1381590
1381591
1381592
1381593
1381594
1381595
1381596
1381597
1381598
1381599
1385241
1385260
1385261
1385262
1385263
1385264
1385265
1385266
1385267
1385268
1385269
1385284
1385285
1385286
1385287
1385288
1385289
1660523
1665103
1665139
1665145
1870526
1875248
1875249
1875250
1875251
1875260
1875261
1875262
1875263
1875264
1875265
1875266
1875267
1875268
1875269
1876103
1876104
1876105
1876106
1876107
1876108
1876109
1876233
1876234
1876235
1876236
1876237
1879640
1879641
1879670
1879671
1879672
1879673
1879674
1879675
1879676
1879677
1879678
1879679
1510526
1515248
1515249
1515260
1515261
1515262
1515263
1515264
1515265
1515266
1515267
1515268
1515269
1515295
1515296
1515297
1515298
1515299
1516100
1516101
1516102
1516103
1516104
1516105
1516106
1516107
1516108
1516109
1518990
1518991
1518992
1518993
1518994
1518995
1518996
1518997
1518998
1518999
1519060
1519061
1519062
1519063
1519064
1519520
1519521
1519522
1519523
1519524
1519525
1519526
1519527
1519528
1519529
1820526
1824872
1824873
1825260
1825261
1825262
1825263
1825264
1825265
1825266
1825267
1825268
1825269
1826103
1826104
1826105
1826106
1826230
1826231
1826232
1826233
1826234
1826245
1826258
1826259
1826280
1340120
1340121
1340122
1340123
1340124
1340552
1340553
1340554
1344030
1344129
1580526
1585085
1585086
1585087
1585088
1585089
1585295
1585296
1585297
1585298
1585299
1586100
1586101
1586102
1586103
1586104
1586105
1586106
1586107
1586108
1586109
1589600
1589601
1589602
1589603
1589604
1589605
1589606
1589607
1589640
1760522
1760523
1762523
1762541
1762795
1750147
1750523
1750610
1750611
1755230
1755231
1880526
1881625
1885260
1885261
1885262
1885263
1885264
1885265
1885266
1885267
1885268
1885269
1886089
1886100
1886101
1886102
1886103
1886104
1886105
1886106
1886107
1886108
1886109
1888808
1470526
1475131
1475132
1476082
1476100
1476101
1476102
1476103
1476104
1476105
1476106
1476237
1476238
1476239
1476243
1476270
1476281
1370142
1370143
1370526
1373910
1377565
1377566
1377567
1377568
1377569
1377570
1377571
1377572
1377573
1377574
1377575
1377576
1377577
1377578
1377579
1810142
1810143
1810526
1811209
1811219
1811412
1811425
1811440
1811441
1811467
1811523
1811528
1811529
1811587
1811590
1811591
1811592
1811593
1811594
1811595
1811596
1811597
1811598
1812170
1812171
1812172
1812173
1812174
1813620
1813621
1813627
1813628
1813682
1813683
1813692
1813693
1813694
1815115
1815116
1815174
1815179
1815195
1816816
1816853
1816854
1816855
1816856
1520526
1524020
1525260
1525261
1525262
1525263
1525264
1525265
1525266
1525267
1525268
1525269
1526100
1526101
1526102
1526103
1526104
1526105
1526106
1526107
1526108
1526109
1529520
1529521
1529522
1529523
1529524
1529525
1529526
1529527
1529528
1529529
1529850
1529851
1529852
1529853
1529854
1570526
1571526
1572077
1572246
1572280
1572281
1572282
1572283
1572482
1575114
1575115
1575116
1575117
1575128
1575142
1840519
1845160
1845161
1845162
1845163
1845164
1845165
1845166
1845167
1845168
1845169
1845247
1845267
1980264
1980265
1980266
1980267
1980268
1980269
1981229
1981467
1981630
1981631
1981632
1982550
1982551
1982552
1982553
1982554
1982555
1982556
1982557
1982558
1982559
1982560
1982561
1982562
1982563
1982564
1982565
1982566
1982567
1982568
1982569
1982614
1982615
1982616
1982617
1982618
1982619
1984444
1984452
1984453
1984827
1984841
1985145
1985219
1985220
1985221
1985222
1985223
1985224
1985225
1985226
1985227
1985228
1985229
1985230
1985231
1985232
1985233
1985234
1985235
1985236
1985237
1985238
1985239
1985240
1985241
1985242
1985243
1989535
1989536
1989544
1989565
1989566
1989567
1989568
1989569
1650523
1651523
1651774
1652012
1653523
1700523
1701667
1701668
1701669
1702604
1702605
1708790
1708791
1708792
1708793
1708794
1708795
1708796
1708797
1910520
1910523
1321870
1321871
1321872
1322248
1322873
1322874
1322875
1322876
1322877
1322878
1322879
1323614
1323615
1323616
1323617
1323618
1323619
1327076
1327077
1327078
1327079
1328520
1328521
1328522
1328523
1328524
1328525
1328526
1329523
1329524
1329525
1329526
