1880578
1880588
1880678
1880688
1885780
1885781
1885782
1886780
1886781
1886782
1886783
1886784
1887585
1887586
1750578
1750588
1750677
1750678
1470578
1470588
1373254
1373255
1373590
1373591
1373592
1373593
1373594
1373595
1373596
1373597
1373598
1373599
1375425
1375426
1375427
1375428
1375429
1375709
1375780
1375781
1375782
1375783
1375784
1375785
1375786
1377769
1520578
1520588
1521573
1521574
1521575
1521576
1521577
1521578
1525780
1525781
1525782
1525783
1526875
1526876
1526877
1526878
1526879
1810578
1815780
1815781
1815782
1815783
1815784
1815785
1815786
1815787
1815788
1815789
1815878
1816453
1816708
1840578
1840588
1845780
1845781
1845782
1845783
1845784
1845785
1845786
1845787
1845788
1845789
1570578
1570588
1570680
1570681
1572494
1572698
1572806
1572807
1650578
1980578
1981242
1981480
1981760
1981761
1981762
1981763
1981764
1981765
1981766
1981767
1981768
1981769
1981778
1981809
1981810
1984418
1984419
1985780
1985781
1985782
1985783
1985834
1985835
1985836
1985837
1985838
1985839
1985883
1988328
1700578
1701227
1701228
1701229
1702244
1702245
1707446
1707920
1707921
1707970
1707971
1707996
1707997
1709935
1709936
1709937
1709938
1709939
1709942
1709943
1320578
1320588
1321643
1321644
1321686
1321687
1321688
1321689
1322148
1322176
1322177
1322178
1322179
1323578
1323588
1325198
1325199
1325578
1327688
1328252
1328253
1328255
1328256
1328257
1328258
1328259
1328578
1328588
1329578
1329588
1910578
1910588
1310578
1310588
1310627
1310628
1310629
1310638
1310639
1311578
1311686
1315780
1315781
1315782
1315783
1315784
1315785
1315786
1315787
1315788
1315789
1317575
1317576
1317577
1317578
1317579
1318448
1318578
1318674
1318675
1318676
1730578
1730678
1733677
1733678
1733679
1733846
1733847
1734890
1734891
1734892
1735780
1735781
1735782
1735785
1736588
1736589
1736974
1736975
1736976
1736977
1736978
1736979
1737425
1737426
1737760
1739466
1739467
1739578
1739857
1660578
1665701
1385704
1385705
1385706
1385707
1385708
1385709
1386704
1386705
1386706
1386707
1386708
1386709
1388432
1388433
1388434
1388435
1388436
1388437
1388438
1388439
1870578
1870588
1876780
1876781
1876782
1876783
1876784
1876785
1876786
1876787
1876788
1876789
1820578
1820588
1826890
1826891
1826892
1826893
1826894
1510578
1510588
1515748
1515749
1515780
1515781
1515782
1515783
1515784
1515785
1515786
1515787
1515788
1515789
1516800
1516801
1516802
1516803
1516804
1345430
1345431
1345432
1345433
1345434
1345435
1345436
1345437
1345438
1345439
1760578
1760678
1580578
1580588
1585780
1585781
1585782
1585783
1585784
1585785
1585786
1585787
1585788
1585789
1586920
1586921
1586922
1586923
1586924
1330578
1330588
1330678
1330688
1332578
1332611
1334578
1334606
1334607
1335707
1335708
1335709
1336205
1336206
1336207
1336208
1336209
1336249
1337238
1337239
1337248
1337578
1337588
1337684
1338578
1338588
1338847
1338848
1339578
1339588
1339678
1339688
1716578
1717578
1717942
1717943
1717944
1717945
1717946
1717977
1717978
1718578
1719578
1719940
1719941
1719942
1719963
1719965
1719967
1990578
1990588
1994128
1995780
1995781
1995787
1780578
1780588
1781601
1781664
1782692
1782693
1785785
1785786
1785787
1785788
1785789
1785817
1785818
1785819
1785890
1785891
1785892
1786788
1788828
1789580
1789581
1850578
1850587
1859034
1859035
1859038
1560578
1560678
1565720
1565721
1565722
1565723
1569578
1530578
1530678
1531486
1531487
1531488
1531489
1532512
1532513
1532514
1532515
1532516
1532517
1532518
1532519
1532578
1533768
1534578
1535526
1535558
1535578
1535638
1535639
1535678
1537226
1537227
1537228
1537229
1537247
1538132
1538133
1539578
1800578
1804228
1804237
1805780
1805781
1805782
1805783
1805784
1805785
1805786
1805787
1805788
1805789
1806775
1806939
1807267
1807428
1360060
1360669
1361578
1361584
1362578
1362588
1362678
1364578
1364588
1364678
1364688
1366655
1366656
1366657
1367650
1369577
1369578
1369579
1890578
1890588
1890678
1890688
1895704
1895705
1895706
1895707
1895708
1895709
1896642
1896643
1896704
1896705
1896706
1896707
1896708
1896709
1896956
1896957
1896958
1896959
1770578
1770678
1775780
1775781
1775782
1775788
1776728
1776729
1776958
1776959
1776980
1776981
1777417
1777418
1777419
1777424
1590578
1590588
1590640
1590641
1590642
1590643
1590644
1590678
1590688
1592570
1592571
1592572
1592573
1592574
1592575
1592576
1592577
1592578
1592579
1595780
1595781
1595782
1595783
1595784
1596725
1596726
1596727
1596728
1596729
1598800
1598801
1598802
1598803
1598804
1598805
1598806
1598807
1598808
1598809
1599040
1599041
1599042
1599043
1599044
1599045
1599046
1599047
1599048
1599049
1599080
1599081
1599082
1599083
1599084
1599085
1599086
1599087
1599088
1599089
1350650
1350682
1351578
1356709
1356760
1356761
1356762
1356763
1356764
1357536
1357537
1357538
1357539
1358713
1358714
1358715
1358716
1358717
1358718
1358719
1452247
1452268
1454178
1454708
1454718
1454728
1454748
1458185
1458186
1458187
1458188
1458189
1830578
1830588
1835785
1835786
1835787
1835788
1835789
1835880
1835881
1835882
1835883
1835884
1835885
1835886
1835887
1835888
1835889
1500578
1500588
1502460
1502461
1502462
1502463
1502464
1502465
1502466
1502467
1502468
1502469
1505785
1505786
1505787
1505788
1505789
1505868
1505869
1550578
1555780
1555781
1555782
1555783
1555784
1555845
1555846
1860578
1860677
1860678
1865780
1865781
1865782
1865783
1865784
1865785
1865786
1865787
1865788
1865789
1671578
1672578
1673578
1390578
1390588
1390678
1390688
1395704
1395705
1395706
1395707
1395708
1395709
1396704
1396705
1396706
1396707
1396708
1396709
1300267
1300469
1301792
1301793
1302267
1302469
1303368
1303424
1305960
1305961
1305962
1305963
1305964
1305965
1305966
1305967
1305968
1305969
1308289
1308469
1309468
1309469
1309578
1309583
