1712356
1712357
1712358
1712359
1712360
1712361
1712362
1712363
1712364
1712365
1712366
1712367
1712368
1713396
1715396
1716382
1716383
1716385
1716386
1716387
1716389
1716396
1717154
1717396
1718365
1718396
1719396
1719438
1719439
1330396
1332364
1332396
1333396
1334364
1334396
1334688
1334689
1334690
1335387
1335388
1335389
1335396
1338396
1339395
1339396
1339397
1339398
1339399
1780396
1781472
1781473
1781474
1781475
1783702
1783703
1783860
1783861
1783862
1783863
1783864
1783865
1783866
1783867
1783868
1783869
1783960
1783961
1783962
1783963
1783964
1783965
1783966
1783967
1783968
1783969
1788480
1788481
1788482
1788483
1788484
1788485
1788486
1788487
1788488
1788489
1788662
1788851
1789688
1850396
1853040
1853041
1853743
1853960
1853961
1853966
1853967
1853968
1853969
1856800
1856801
1856802
1856803
1856804
1856805
1856806
1856807
1856808
1856809
1857428
1859530
1859531
1859532
1859533
1859556
1560396
1563830
1563831
1563832
1563833
1563834
1563835
1563836
1563837
1563838
1563839
1563870
1563871
1563960
1563961
1563962
1563963
1563964
1563965
1563966
1563967
1563968
1563969
1564955
1564956
1564957
1564958
1564959
1566436
1566437
1566438
1567081
1569074
1569075
1990390
1990396
1991347
1991348
1991349
1991350
1991351
1991352
1991353
1991354
1991355
1991356
1991357
1991358
1991359
1993721
1993722
1993723
1993745
1993746
1993951
1993952
1993953
1993954
1993960
1993961
1993962
1993963
1993964
1993965
1993966
1993967
1993968
1993969
1993980
1993981
1993984
1994396
1994397
1530396
1533396
1534396
1534634
1534635
1534636
1534637
1534638
1534639
1534650
1534651
1534652
1534653
1534654
1800396
1803740
1803741
1803742
1803743
1803753
1803782
1803783
1803784
1803785
1803960
1803961
1803962
1803963
1803965
1803969
1890396
1893963
1893964
1893965
1893966
1893967
1893968
1893969
1951343
1951344
1951345
1951346
1360342
1360349
1360380
1360844
1361396
1361980
1362396
1363396
1363964
1363965
1363981
1364396
1365396
1366396
1367300
1367396
1368387
1368388
1368389
1368396
1369396
1350396
1350764
1350766
1351386
1351395
1351396
1351397
1351398
1351399
1352396
1352530
1352531
1352532
1352533
1352534
1352635
1352636
1352637
1352638
1352639
1359890
1359891
1359892
1359893
1359894
1452355
1452356
1452357
1454219
1454868
1458542
1458543
1458544
1770396
1770397
1771914
1771915
1771916
1771917
1771918
1771919
1772485
1772486
1773488
1773702
1773738
1773948
1773953
1773964
1773965
1773966
1773967
1773968
1773969
1774044
1774469
1774473
1774646
1774697
1774941
1776021
1776022
1776023
1776024
1776025
1776026
1776027
1779654
1779655
1779656
1779657
1779661
1779689
1590396
1593800
1593801
1593802
1593803
1593804
1593805
1593806
1593807
1593808
1593809
1593960
1593961
1593962
1593963
1593964
1593965
1593966
1593967
1593968
1593969
1597845
1597846
1597847
1597848
1597849
1597880
1597881
1597882
1597883
1597884
1597885
1597886
1597887
1597888
1597889
1599345
1599346
1599347
1599348
1599349
1623494
1623960
1623961
1623962
1623965
1830071
1830072
1830073
1830074
1830075
1830076
1830077
1830078
1830079
1830396
1833618
1833619
1833620
1833621
1833622
1833623
1833850
1833851
1833852
1833853
1833854
1833855
1833856
1833857
1833858
1833859
1833960
1833961
1833962
1833963
1833964
1833965
1833966
1833967
1833968
1833969
1834817
1834818
1834819
1500396
1503690
1503691
1503692
1503693
1503694
1503840
1503841
1503842
1503843
1503844
1503845
1503846
1503847
1503848
1503849
1503960
1503961
1503962
1503963
1503964
1503965
1503966
1503967
1503968
1503969
1509350
1509351
1509352
1509353
1509354
1509355
1509356
1509357
1509358
1509359
1671130
1671131
1671132
1671135
1671136
1671137
1671396
1672396
1673396
1674136
1674137
1674138
1674139
1674140
1674141
1674142
1674143
1674144
1674145
1674396
1390396
1393834
1393835
1393836
1393837
1393838
1393839
1393960
1393961
1393962
1393963
1393964
1393965
1393966
1393967
1393968
1393969
1394955
1394956
1394957
1394958
1394959
1550396
1550397
1551447
1551448
1551449
1551464
1551465
1551466
1551667
1551668
1551669
1551680
1551681
1551682
1551683
1551684
1551685
1551686
1551687
1551688
1551689
1551762
1551763
1551764
1551765
1551829
1551830
1551831
1551832
1551833
1551834
1551835
1551836
1551837
1551838
1551839
1553960
1553961
1553962
1553963
1553964
1553965
1553966
1553967
1553968
1553969
1554440
1554441
1554442
1554444
1554445
1554446
1554447
1554448
1554449
1555441
1555442
1555445
1555446
1555447
1555448
1555449
1556574
1556592
1556593
1556594
1556595
1556596
1556597
1556598
1556599
1860396
1862396
1862530
1862531
1862532
1862533
1862534
1862547
1862548
1863960
1863961
1863962
1863963
1863964
1863965
1863966
1863967
1863968
1863969
1863995
1863996
1863997
1303380
1303381
1303382
1303383
1303384
1303385
1303386
1304396
1308708
1308709
1473807
1473864
1473896
1475680
1478396
1478400
1478401
1478402
1478403
1478404
1478810
1478811
1478812
1478813
1478814
1478815
1478816
1478817
1478818
1478819
1370380
1370396
1372305
1372306
1372307
1372308
1372309
1374960
1374961
1374962
1374963
1378330
1378331
1378332
1378333
1378334
1378335
1378336
1378337
1378338
1378339
1378396
1880365
1880396
1883850
1883851
1883852
1883853
1883854
1883855
1883960
1883961
1883962
1883963
1883964
1883965
1883966
1883967
1883968
1883969
1886027
1886421
1886422
1886423
1886424
1886425
1886426
1886427
1886428
1886429
1750396
1751354
1751355
1751356
1751357
1751607
1751608
1751609
1751610
1751611
1751612
1751613
1751614
1751615
1751616
1751649
1751860
1751861
1751862
1751877
1751878
1751879
1751880
1751881
1751882
1751883
1753034
1753035
1753036
1753037
1753038
1753040
1753041
1753439
1753440
1753474
1753475
1753830
1753831
1753836
1753837
1753960
1753961
1753962
1753963
1753964
1753965
1753966
1753967
1753968
1753969
1753995
1753996
1753997
1755020
1755021
1755022
1755023
1755024
1755025
1758950
1758951
1759483
1759484
1759485
1759486
1759487
1759488
1759489
1759605
1759606
1759607
1759780
1759781
1759782
1759783
1759784
1759785
1759786
1759787
1759788
1759789
1520396
1522490
1522491
1522492
1522493
1522494
1523630
1523631
1523632
1523633
1523634
1523635
1523636
1523637
1523638
1523639
1523690
1523691
1523692
1523693
1523694
1523695
1523696
1523697
1523698
1523699
1523905
1523906
1523907
1523908
1523909
1523960
1523961
1523962
1523963
1523964
1523965
1523966
1523967
1523968
1523969
1528685
1528686
1528687
1528688
1528689
1529010
1529011
1529012
1529013
1529014
1529015
1529016
1529017
1529018
1529019
1529490
1529491
1529492
1529493
1529494
1810396
1813443
1813449
1813560
1813561
1813740
1813743
1813750
1813751
1813752
1813753
1813754
1813755
1813756
1813757
1813763
1813764
1814396
1815304
1815305
1815306
1650132
1650396
1650696
1651261
1651331
1651652
1652876
1652878
1653396
1653960
1653961
1653962
1653963
1653964
1653965
1653967
1653968
1653969
1655563
1655564
1655650
1656173
1656349
1656380
1656396
1657130
1980360
1980361
1980362
1980363
1980364
1980365
1980396
1981268
1983960
1983961
1983962
1983963
1983964
1983965
1983966
1983967
1983968
1983969
1840396
1840399
1843602
1843603
1843635
1843955
1843956
1843957
1843958
1843959
1843960
1843961
1843962
1843963
1843964
1843965
1843966
1843967
1843968
1843969
1843970
1843971
1843972
1843973
1843974
1843975
1843976
1843977
1843978
1843979
1570396
1571365
1571396
1571399
1571649
1571678
1573890
1573891
1573892
1573893
1573894
1573895
1573896
1321343
1321344
1321345
1321346
1322381
1322382
1322383
1322384
1322385
1322386
1322387
1322388
1322389
1322396
1324339
1324347
1324348
1327170
1327171
1327172
1327173
1327174
1327175
1327176
1327177
1327396
1327399
1328308
1328309
1328396
1328399
1910396
1913720
1913721
1913745
1913943
1913944
1913950
1913951
1913952
1913953
1913954
1913960
1913961
1913962
1913963
1913964
1913965
1913966
1913967
1913968
1913969
1913983
1913984
1914387
1914388
1914390
1914396
1914397
1700396
1701393
1701394
1701395
1701396
1702197
1702198
1703646
1703647
1703648
1703649
1703650
1704332
1704334
1704335
1704336
1704337
1704338
1704339
1704340
1704341
1704342
1704343
1704344
1704345
1707396
1707399
1707943
1708396
1730396
1732485
1732486
1733478
1733485
1733546
1733555
1733568
1733596
1733960
1733961
1733962
1733963
1733964
1733965
1733966
1733967
1733968
1733969
1734496
1739584
1739588
1739589
1739598
1739599
1739890
1739891
1739892
1739893
1739894
1310366
1310396
1312370
1312371
1312372
1312373
1312374
1312375
1312376
1312377
1312378
1312379
1313724
1313725
1313726
1313727
1313728
1313729
1313785
1313786
1313787
1314067
1314068
1314069
1318314
1318338
1319370
1319371
1319372
1319373
1319374
1870396
1873845
1873846
1873847
1873848
1873849
1873960
1873961
1873962
1873963
1873964
1873965
1873966
1873967
1873968
1873969
1874995
1874996
1874997
1874998
1874999
1879030
1879031
1879032
1879033
1879034
1879035
1879036
1879037
1879038
1879039
1660396
1663842
1663843
1663960
1663961
1663962
1663963
1663964
1663965
1663966
1663967
1663968
1663969
1663970
1663971
1663972
1663973
1663974
1665045
1665046
1665047
1668409
1668410
1669257
1669290
1669291
1669292
1669293
1669294
1669295
1669296
1669297
1669298
1669299
1669640
1669641
1669642
1669643
1669644
1669645
1669646
1669647
1669648
1669649
1380396
1383960
1383961
1383962
1383963
1383964
1383965
1383966
1383967
1383968
1383969
1383990
1383991
1383992
1383993
1383994
1384960
1384961
1384962
1384963
1820396
1823645
1823646
1823647
1823648
1823649
1823960
1823961
1823962
1823963
1823964
1823965
1823966
1823967
1823968
1823969
1827290
1827291
1827292
1827293
1827294
1827295
1827296
1827297
1827298
1827299
1510380
1510381
1510382
1510383
1510384
1510385
1510386
1510387
1510388
1510389
1513655
1513656
1513657
1513658
1513659
1513810
1513811
1513812
1513813
1513814
1513960
1513961
1513962
1513963
1513964
1513965
1513966
1513967
1513968
1513969
1519465
1519466
1519467
1519468
1519469
1760396
1761323
1762930
1763040
1763041
1763380
1763381
1763382
1763383
1763384
1763385
1763386
1763387
1763388
1763389
1763450
1763451
1763452
1763453
1763454
1763455
1763456
1763457
1763458
1763459
1763479
1763830
1763831
1763960
1763961
1763962
1763963
1763964
1763965
1763966
1763968
1763995
1763996
1763997
1769473
1769474
1769876
1769877
1769878
1580396
1583660
1583661
1583662
1583663
1583664
1583665
1583666
1583667
1583668
1583669
1583670
1583671
1583672
1583673
1583674
1583675
1583676
1583677
1583678
1583679
1583960
1583961
1583962
1583963
1583964
1583965
1583966
1583967
1583968
1583969
1589070
1589071
1589072
1589073
1589074
1589080
1589081
1589082
1589083
1589084
1589310
1589311
1589312
1589313
1589314
1589315
1589316
1589317
1589318
1589319
1589390
1589391
1589392
1589393
1589394
1589395
1589396
1589397
1589398
1589399
1340396
1341970
1341971
1341972
1341973
1341974
1346140
1346141
1346142
1346143
1346144
1346145
1346146
1346147
1346148
1346149
1346180
1346181
1346182
1346183
1346184
1346185
1346186
1346187
1346188
1346189
