1825015
1825016
1825017
1825018
1825019
1825030
1825031
1825032
1825033
1825034
1825045
1825046
1825047
1825048
1825049
1825900
1825901
1825902
1825903
1825904
1825905
1825906
1825907
1825908
1825909
1825910
1825911
1825912
1825913
1825914
1825915
1825916
1825917
1825918
1825919
1515960
1515961
1515962
1515963
1515964
1760500
1760501
1760502
1760503
1760590
1760591
1760607
1765906
1767990
1768922
1768925
1768926
1768927
1768938
1768940
1768941
1768942
1768943
1768944
1768960
1768997
1768998
1768999
1580600
1580601
1580602
1580603
1580604
1580605
1580606
1580607
1580608
1580609
1585900
1585901
1585902
1585903
1585904
1585905
1585906
1585907
1585908
1585909
1585910
1585911
1585912
1585913
1585914
1585915
1585916
1585917
1585918
1585919
1585940
1585941
1585942
1585943
1585944
1586025
1586026
1586027
1586028
1586029
1586080
1586081
1586082
1586083
1586084
1588000
1588001
1588002
1588003
1588004
1588005
1588006
1588007
1588008
1588009
1588010
1588011
1588012
1588013
1588014
1588015
1588016
1588017
1588018
1588019
1588040
1588041
1588042
1588043
1588044
1588045
1588046
1588047
1588048
1588049
1340050
1340051
1340052
1340053
1340054
1340055
1340056
1340057
1340058
1340059
1340590
1340591
1340592
1340593
1340594
1340595
1340596
1340597
1340598
1340599
1344468
1345910
1345911
1345912
1345913
1345914
1345915
1345916
1345917
1345918
1345919
1345940
1345941
1345942
1345943
1345944
1345945
1345946
1345947
1345948
1345949
1348900
1348901
1348902
1348903
1348904
1348905
1348906
1348907
1348908
1348909
1348910
1348911
1348912
1348913
1348914
1348915
1348916
1348917
1348918
1348919
1348990
1348991
1348992
1348993
1348994
1348995
1348996
1348997
1348998
1348999
1730460
1730461
1730462
1730463
1730464
1730465
1730466
1730500
1730501
1730502
1730590
1730591
1730690
1730691
1730692
1732650
1732651
1732652
1732653
1732654
1732655
1732656
1732657
1732658
1732659
1732660
1732661
1732662
1734610
1734611
1734612
1734613
1734614
1734615
1734616
1734640
1734641
1734960
1734961
1735018
1735019
1735900
1735901
1735902
1735910
1735911
1735912
1735914
1735915
1735916
1735917
1735918
1735919
1735943
1736688
1739651
1310140
1310141
1310142
1310760
1310761
1310762
1310763
1310764
1310765
1310766
1310767
1310768
1310769
1310792
1310793
1310794
1311050
1311051
1311052
1311053
1311054
1311063
1311064
1311075
1311076
1311077
1311078
1311079
1311087
1311088
1311089
1311590
1311591
1311592
1312315
1312316
1312317
1312318
1312319
1312400
1312401
1312402
1315940
1315941
1315942
1315943
1316387
1316388
1316389
1316480
1316481
1316482
1317450
1317451
1317452
1317453
1317803
1317811
1317838
1319445
1319446
1319447
1870500
1870501
1870502
1870503
1870504
1870505
1870506
1870507
1870508
1870509
1870590
1870591
1875010
1875011
1875012
1875013
1875014
1875015
1875016
1875017
1875018
1875019
1875070
1875071
1875072
1875073
1875074
1875075
1875076
1875077
1875078
1875079
1875910
1875911
1875912
1875913
1875914
1875915
1875916
1875917
1875918
1875919
1876040
1876041
1876042
1876043
1876044
1660500
1660501
1660502
1660503
1660504
1660505
1660506
1660590
1660591
1660604
1660605
1660606
1660607
1660608
1660609
1665900
1665901
1665902
1665903
1665904
1665905
1665906
1665907
1665908
1665909
1665935
1665936
1665937
1665938
1665939
1665940
1665941
1665942
1665943
1665944
1380500
1380501
1380502
1380503
1380504
1380505
1380506
1380507
1380508
1380509
1380950
1380951
1380952
1380953
1380954
1380955
1385010
1385011
1385012
1385013
1385014
1385015
1385016
1385017
1385018
1385019
1385900
1385901
1385902
1385903
1385904
1385905
1385906
1385907
1385908
1385909
1386060
1386061
1386062
1386063
1386064
1386065
1386066
1386067
1386068
1386069
1650299
1650304
1650404
1650584
1650590
1650591
1651100
1651142
1651190
1651191
1651301
1651866
1651994
1651998
1652091
1652227
1652591
1652611
1653020
1653029
1653035
1653891
1655091
1655093
1655099
1655591
1655596
1655597
1655899
1656187
1656194
1656204
1656213
1656215
1656216
1656262
1657266
1657591
1983540
1983552
1983553
1983554
1983555
1983556
1983557
1983558
1983559
1984050
1984051
1985910
1985911
1985912
1985913
1985914
1985940
1985941
1989050
1989051
1989052
1989053
1989054
1989055
1989056
1989057
1989058
1989059
1989660
1989661
1989662
1989663
1989664
1989665
1845005
1845006
1845007
1845008
1845009
1845020
1845021
1845022
1845023
1845024
1845030
1845031
1845032
1845033
1845034
1845035
1845036
1845037
1845038
1845039
1845040
1845041
1845042
1845043
1845044
1845045
1845046
1845047
1845048
1845049
1845050
1845051
1845052
1845053
1845054
1845055
1845056
1845057
1845058
1845059
1845060
1845061
1845062
1845063
1845064
1845065
1845066
1845067
1845068
1845069
1845070
1845071
1845072
1845073
1845074
1845075
1845076
1845077
1845078
1845079
1845080
1845081
1845082
1845083
1845084
1845085
1845086
1845087
1845088
1845089
1845090
1845091
1845092
1845093
1845094
1845095
1845096
1845097
1845098
1845099
1845910
1845911
1845912
1845913
1845914
1845915
1845916
1845917
1845918
1845919
1848000
1848001
1848002
1848003
1848004
1848005
1848006
1848007
1848008
1848009
1849210
1849211
1849212
1849213
1849214
1849215
1849216
1849221
1849222
1849225
1849226
1849227
1849228
1849229
1849600
1849601
1849602
1849603
1849604
1849605
1849606
1849607
1849608
1849609
1849610
1849611
1849612
1849613
1849614
1849615
1849616
1849617
1849618
1849619
1849620
1849621
1849622
1849623
1849624
1849625
1849626
1849627
1849628
1849629
1849630
1849631
1849632
1849633
1849634
1849635
1849636
1849637
1849638
1849639
1570590
1570591
1570593
1570594
1570595
1570596
1570597
1570598
1570599
1571590
1571591
1571592
1571593
1571594
1575080
1575081
1575082
1575083
1575084
1575085
1575086
1575087
1575088
1575089
1575940
1575941
1575942
1575943
1575944
1579490
1579491
1579492
1579493
1579494
1320500
1320501
1320502
1320503
1320590
1320591
1321500
1321504
1321597
1321598
1322591
1322594
1322599
1323590
1323591
1325504
1325505
1325591
1325599
1327501
1327590
1327591
1327601
1327604
1327608
1327691
1327699
1328500
1328502
1328591
1328594
1328598
1329072
1329073
1329074
1329080
1329081
1329089
1329093
1329095
1329098
1329501
1329591
1329594
1329597
1910500
1910501
1910590
1910591
1700500
1700501
1700502
1700503
1700504
1700505
1700590
1700591
1700952
1700953
1700954
1700955
1700956
1700957
1701590
1701591
1701592
1701593
1701594
1701595
1701596
1701597
1701598
1701599
1702548
1702549
1702580
1702581
1702582
1702583
1702584
1702585
1702586
1702587
1702588
1702589
1702590
1702591
1702592
1702593
1702594
1702595
1702596
1702597
1702598
1702599
1703539
1703540
1703541
1703542
1703543
1703544
1703545
1703546
1703547
1703548
1703549
1703550
1703551
1703552
1703553
1704040
1704041
1704042
1704043
1704044
1705043
1705059
1705096
1705130
1705203
1705282
1705505
1705563
1705619
1705683
1705721
1705770
1706168
1706169
1706170
1706171
1706172
1706173
1706174
1706175
1706176
1706177
1706178
1706179
1706180
1706181
1706182
1706183
1706184
1706185
1706186
1706187
1707190
1707191
1707192
1707193
1707194
1707195
1707196
1707197
1707198
1707199
1707490
1707491
1707492
1707493
1707494
1707495
1707496
1707497
1707498
1707499
1707595
1707596
1707597
1708590
1708591
1708592
1708593
1709590
1709591
1709592
1709593
1709594
1709595
1709596
1709597
1709598
1709599
1370500
1370501
1370502
1370503
1370504
1370505
1370506
1370507
1370508
1370509
1370590
1370591
1370592
1370593
1370594
1370595
1370596
1370597
1370598
1370599
1370694
1370695
1370696
1370697
1370698
1370699
1372081
1372082
1372083
1376380
1376381
1376382
1376383
1376384
1376385
1376386
1376387
1376388
1376389
1377450
1377451
1377452
1377453
1377454
1377455
1377456
1377457
1377458
1377459
1377460
1377461
1377462
1378887
1378888
1378889
1379930
1379931
1379932
1379933
1379934
1379935
1379936
1379937
1379938
1379939
1379940
1379941
1379942
1379943
1379944
1379972
1379991
1379992
1379993
1379994
1379995
1379996
1379997
1379998
1379999
1470000
1470001
1470002
1470003
1470004
1475900
1475901
1475902
1475903
1475904
1475905
1475906
1475907
1475908
1475909
1475910
1475911
1475912
1475913
1475914
1475915
1475916
1475917
1475918
1475919
1475970
1475971
1475972
1475973
1475974
1476547
1476548
1476549
1476550
1476572
1476573
1476670
1476671
1476672
1476673
1476674
1476675
1476676
1476677
1476678
1476679
1476680
1476681
1476682
1476683
1880500
1880501
1880502
1880590
1880591
1885010
1885011
1885012
1885013
1885014
1885035
1885036
1885037
1885038
1885039
1885040
1885041
1885042
1885043
1885044
1885045
1885046
1885047
1885048
1885049
1885070
1885071
1885072
1885073
1885074
1885075
1885076
1885077
1885078
1885079
1885910
1885911
1885912
1885913
1885914
1885915
1885916
1885917
1885918
1885919
1886010
1886011
1886012
1886013
1886014
1886015
1886016
1886017
1886018
1886019
1750503
1750504
1750508
1750509
1750590
1750591
1750691
1755900
1755901
1755903
1755915
1755916
1755917
1755918
1755919
1755936
1755937
1755938
1755939
1520500
1520501
1520502
1520503
1520504
1520505
1520506
1520507
1520508
1520509
1525910
1525911
1525912
1525913
1525914
1525915
1525916
1525917
1525918
1525919
1528000
1528001
1528002
1528003
1528004
1528005
1528006
1528007
1528008
1528009
1528010
1528011
1528012
1528013
1528014
1528015
1528016
1528017
1528018
1528019
1528040
1528041
1528042
1528043
1528044
1810058
1810059
1810500
1810501
1810502
1810503
1810504
1810509
1810590
1810591
1810600
1810601
1810602
1810603
1810604
1810605
1810606
1810607
1810691
1810692
1810694
1812079
1812080
1812081
1812082
1812083
1812084
1812085
1812086
1812087
1812088
1812089
1812090
1812091
1812092
1812093
1812094
1812095
1812096
1812097
1814400
1814401
1814402
1814403
1814404
1814405
1814406
1814407
1814953
1814954
1814955
1814956
1815000
1815001
1815002
1815003
1815005
1815006
1815062
1815063
1815064
1815077
1815078
1815079
1815080
1815081
1815082
1815083
1815084
1815908
1815909
1815918
1815919
1815948
1815949
1671203
1671208
1671209
1671230
1671231
1671232
1671233
1671235
1671236
1671240
1671241
1671242
1671243
1671244
1671591
1671599
1672591
1672599
1673591
1673599
1674023
1674024
1674025
1674028
1674029
1390043
1390044
1390045
1390046
1390050
1390069
1390500
1390501
1390502
1390590
1390591
1390592
1390690
1390691
1390692
1390693
1395020
1395021
1395022
1395023
1395024
1395025
1395026
1395027
1395028
1395029
1395030
1395031
1395032
1395033
1395034
1395035
1395036
1395037
1395038
1395039
1395040
1395041
1395042
1395043
1395044
1395045
1395046
1395047
1395048
1395049
1395910
1395911
1395912
1395913
1395914
1395915
1395916
1395917
1395918
1395919
1396070
1396071
1396072
1396073
1396074
1396075
1396076
1396077
1396078
1396079
1396080
1396081
1396082
1396083
1396084
1396085
1396086
1396087
1396088
1396089
1396090
1396091
1396092
1396093
1396094
1396095
1396096
1396097
1396098
1396099
1550590
1550591
1550690
1550691
1860508
1860591
1860601
1860602
1860606
1860607
1860691
1860693
1860694
1860699
1864970
1864971
1864972
1864973
1864974
1864975
1864976
1864977
1864978
1864979
1864980
1864981
1864982
1864983
1864984
1864985
1864986
1864987
1864988
1864989
1865005
1865006
1865007
1865008
1865009
1865030
1865031
1865032
1865033
1865034
1865035
1865036
1865037
1865038
1865039
1865045
1865046
1865047
1865048
1865049
1865070
1865071
1865072
1865073
1865074
1865075
1865076
1865077
1865078
1865079
1865099
1865910
1865911
1865912
1865913
1865914
1865915
1865916
1865917
1865918
1865919
1865930
1869560
1869561
1869570
1869571
1869572
1869573
1869577
1869578
1869579
1300380
1300381
1300382
1300383
1300384
1300387
1300388
1300389
1301038
1301571
1301572
1301573
1301574
1301575
1301576
1301577
1301578
1302380
1302381
1302382
1302383
1302384
1302387
1302388
1302389
1304350
1304351
1304352
1304353
1304354
1304355
1304457
1304458
1304459
1304591
1305525
1305526
1305527
1305528
1305529
1305540
1305541
1305542
1305552
1305553
1305572
1305573
1305574
1305575
1305576
1305577
1305578
1305579
1305590
1305591
1306710
1306711
1306720
1306721
1306722
1306723
1306724
1306725
1306726
1306727
1306728
1306729
1306730
1306731
1306732
1306733
1306734
1306735
1306736
1306737
1306738
1306739
1306740
1306741
1306742
1306743
1306744
1306745
1306746
1307580
1307581
1307582
1307583
1307584
1307585
1307586
1307587
1307588
1307589
1307590
1307591
1307592
1307593
1307594
1307595
1307596
1307597
1307598
1307599
1726841
1726866
1726867
1726868
1726869
1727770
1452570
1452571
1452572
1452573
1452574
1452580
1452587
1452588
1452590
1452591
1453572
1453580
1453581
1453582
1453583
1453584
1453585
1453586
1453587
1453588
1453589
1453590
1453591
1453592
1453593
1453594
1453595
1453596
1453597
1454400
1454401
1454410
1454411
1454412
1454940
1454941
1454942
1350697
1350698
1350699
1350930
1350931
1350932
1350933
1350934
1350935
1350936
1350937
1350938
1350939
1351406
1351407
1351408
1351409
1351500
1351501
1351502
1355910
1355911
1355912
1355913
1355914
1355915
1355916
1355917
1355918
1355919
1355934
1355935
1355943
1355944
1355945
1355946
1355992
1355993
1355994
1355995
1359903
1359904
1359905
1359906
1359907
1359908
1359909
1359937
1359938
1359939
1359940
1359941
1359942
1359943
1359944
1359995
1359996
1359997
1770460
1770461
1770462
1770500
1770501
1770502
1770590
1770591
1770690
1770691
1770692
1772071
1772072
1772073
1772074
1772075
1772076
1772077
1772078
1772079
1772080
1772081
1774607
1774608
1774609
1775020
1775021
1775022
1775023
1775024
1775025
1775026
1775027
1775028
1775029
1775030
1775031
1775032
1775040
1775041
1775042
1775890
1775891
1775892
1775893
1775894
1775895
1775896
1775897
1775898
1775899
1775900
1775903
1775904
1775905
1775906
1775907
1775908
1775909
1775910
1775911
1775912
1775913
1775914
1775915
1775916
1775918
1775919
1775923
1775924
1775925
1775946
1775947
1775948
1775986
1775987
1775988
1595900
1595901
1595902
1595903
1595904
1595905
1595906
1595907
1595908
1595909
1595910
1595911
1595912
1595913
1595914
1595915
1595916
1595917
1595918
1595919
1596000
1596001
1596002
1596003
1596004
1596005
1596006
1596007
1596008
1596009
1596010
1596011
1596012
1596013
1596014
1596015
1596016
1596017
1596018
1596019
1598010
1598011
1598012
1598013
1598014
1598015
1598016
1598017
1598018
1598019
1598020
1598021
1598022
1598023
1598024
1598025
1598026
1598027
1598028
1598029
1598050
1598051
1598052
1598053
1598054
1598055
1598056
1598057
1598058
1598059
1598060
1598061
1598062
1598063
1598064
1598065
1598066
1598067
1598068
1598069
1598070
1598071
1598072
1598073
1598074
1598570
1598571
1598572
1598573
1598574
1598575
1598576
1598577
1598578
1598579
1621591
1830590
1830591
1830592
1830593
1830594
1830595
1830596
1830597
1830598
1830599
1834490
1834491
1834492
1834493
1834494
1834495
1834496
1834497
1834498
1834499
1835000
1835001
1835002
1835003
1835004
1835005
1835006
1835007
1835008
1835009
1835010
1835011
1835012
1835013
1835014
1835015
1835016
1835017
1835018
1835019
1835910
1835911
1835912
1835913
1835914
1835915
1835916
1835917
1835918
1835919
1835975
1835976
1835977
1835978
1835979
1835990
1835991
1839610
1839611
1839612
1839613
1839614
1839615
1839616
1839617
1839618
1839619
1839650
1839651
1839652
1839653
1839654
1500500
1500501
1500502
1500503
1500504
1500505
1500506
1500507
1500508
1500509
1500590
1500591
1500592
1500593
1500594
1500595
1500596
1500597
1500598
1500599
1505910
1505911
1505912
1505913
1505914
1505915
1505916
1505917
1505918
1505919
1505940
1505941
1505942
1505943
1505944
1505945
1505946
1505947
1505948
1505949
1506000
1506001
1506002
1506003
1506004
1506005
1506006
1506007
1506008
1506009
1506010
1506011
1506012
1506013
1506014
1506015
1506016
1506017
1506018
1506019
1506040
1506041
1506042
1506043
1506044
1506065
1506066
1506067
1506068
1506069
1508000
1508001
1508002
1508003
1508004
1508005
1508006
1508007
1508008
1508009
1508045
1508046
1508047
1508048
1508049
1530501
1530590
1530591
1530602
1530607
1530691
1530697
1530699
1533751
1534500
1534504
1534597
1535900
1535901
1535910
1535911
1535912
1535913
1535914
1535915
1535916
1535917
1535918
1535919
1535972
1535973
1535974
1535975
1535976
1537590
1537591
1537595
1537599
1537790
1537791
1537792
1537793
1539200
1539201
1539205
1539248
1539249
1539440
1539441
1539451
1539452
1539453
1539454
1539455
1539590
1539591
1539600
1539601
1539602
1539603
1539604
1539605
1539606
1539607
1539608
1539609
1539610
1539611
1539612
1800500
1800501
1800590
1800591
1800690
1800691
1800692
1800693
1802087
1802088
1804600
1804601
1804602
1804603
1804604
1804605
1804606
1804607
1804608
1804609
1804610
1804640
1804641
1805013
1805014
1805015
1805016
1805017
1805018
1805019
1805020
1805021
1805022
1805023
1805024
1805025
1805026
1805027
1805028
1805029
1805030
1805031
1805032
1805033
1805034
1805040
1805041
1805042
1805043
1805044
1805076
1805077
1805078
1805079
1805480
1805900
1805901
1805902
1805903
1805904
1805905
1805906
1805907
1805908
1805909
1805910
1805911
1805912
1805913
1805914
1805915
1805916
1805917
1805918
1805919
1805970
1805971
1805976
1805977
1806011
1806047
1806048
1806049
1806050
1806051
1806052
1806053
1806054
1806055
1806056
1806057
1806058
1806059
1806060
1806061
1806062
1806063
1806064
1806065
1806066
1806067
1806068
1806069
1806070
1806071
1806072
1806073
1806074
1806075
1806076
1806077
1806078
1806079
1806080
1806081
1806082
1806083
1806084
1806085
1806086
1806087
1806088
1806089
1806500
1806501
1806502
1806503
1806504
1806505
1806506
1806507
1806508
1806509
1806510
1806511
1806512
1806513
1806514
1806515
1806516
1806517
1806518
1806519
1806591
1808470
1808471
1808472
1808473
1808474
1808475
1808476
1808477
1808478
1808479
1809400
1809401
1890024
1890025
1890026
1890027
1890028
1890029
1890500
1890501
1890502
1890590
1890591
1890690
1890691
1890692
1890693
1895020
1895021
1895022
1895023
1895024
1895025
1895026
1895027
1895028
1895029
1895030
1895031
1895032
1895033
1895034
1895035
1895036
1895037
1895038
1895039
1895040
1895041
1895042
1895043
1895044
1895045
1895046
1895047
1895048
1895049
1895910
1895911
1895912
1895913
1895914
1895915
1895916
1895917
1895918
1895919
1896070
1896071
1896072
1896073
1896074
1896075
1896076
1896077
1896078
1896079
1896080
1896081
1896082
1896083
1896084
1896085
1896086
1896087
1896088
1896089
1896090
1896091
1896092
1896093
1896094
1896095
1896096
1896097
1896098
1896099
1896500
1896501
1896502
1896503
1896504
1896505
1896506
1896507
1896508
1896509
1896540
1896541
1896590
1896591
1953611
1955911
1955912
1955913
1955915
1955916
1955917
1955919
1360080
1360081
1360082
1360083
1360084
1360085
1360086
1360087
1360088
1360089
1360594
1360595
1360950
1360951
1360952
1360953
1360954
1360955
1360956
1360957
1360958
1360959
1361500
1361501
1361502
1361503
1361504
1361505
1362502
1362503
1362504
1362505
1362506
1362507
1362508
1362509
1363522
1363523
1363524
1363525
1363526
1363527
1363528
1363529
1364500
1364501
1364502
1364503
1364504
1364505
1364506
1364507
1364508
1364509
1365500
1365501
1365502
1365503
1365504
1365505
1365506
1365507
1365508
1365509
1366500
1366501
1366502
1366503
1366504
1366505
1366506
1366507
1366508
1366509
1367500
1367501
1367502
1367503
1367504
1367505
1367506
1367507
1367508
1367509
1368500
1368501
1368502
1368503
1368504
1369680
1369681
1369682
1369683
1369684
1369685
1369686
1369687
1369688
1369689
1710064
1710075
1712030
1712031
1712032
1712033
1712034
1713260
1713261
1713262
1713263
1713264
1713265
1713266
1713267
1713268
1713269
1713490
1713491
1713492
1713493
1713494
1713570
1713571
1713572
1713573
1713575
1713576
1713577
1713578
1713579
1713580
1713581
1713582
1713583
1713585
1713586
1713587
1713588
1713591
1715266
1715588
1715591
1716262
1716591
1717591
1718260
1718261
1718262
1718263
1718264
1718265
1718266
1718267
1718268
1718269
1718580
1718581
1718582
1718583
1718584
1718585
1718588
1718591
1719490
1719492
1719495
1719591
1330500
1330501
1330502
1330590
1330591
1330592
1330690
1330691
1330692
1330693
1331375
1331376
1331377
1331378
1331394
1331397
1331398
1331490
1331491
1331492
1331493
1331494
1331495
1332820
1332821
1332822
1332823
1332824
1332825
1332826
1332827
1332846
1332847
1332864
1332865
1332866
1332867
1332868
1332869
1332885
1332886
1333825
1333826
1333827
1333828
1333829
1333840
1333841
1333842
1333843
1333844
1334040
1334041
1334042
1334820
1334821
1334822
1334823
1334824
1334825
1334826
1334827
1334828
1334829
1335820
1335821
1335822
1335823
1335824
1335825
1335826
1335827
1335828
1335829
1336591
1337500
1337591
1337598
1337699
1338591
1339400
1339500
1339504
1339508
1339590
1339591
1780590
1780591
1780592
1780593
1780594
1780595
1780596
1780597
1780598
1780599
1784250
1784251
1784252
1784253
1784254
1784255
1784256
1784257
1784258
1784259
1784260
1784261
1784262
1784263
1785000
1785001
1785002
1785003
1785004
1785005
1785006
1785007
1785008
1785009
1785039
1785080
1785081
1785082
1785083
1785084
1785085
1785086
1785087
1785088
1785089
1785901
1785904
1785918
1785919
1785929
1785934
1785935
1785944
1785945
1785950
1785951
1785952
1785953
1785954
1785955
1785956
1785957
1785958
1785959
1788031
1789180
1789181
1789182
1789330
1789331
1789332
1789333
1789334
1789335
1789336
1789337
1789338
1789339
1789340
1789341
1789342
1789343
1789344
1789345
1789346
1789347
1789348
1789349
1789350
1789351
1789352
1789353
1789354
1789355
1789356
1789357
1789358
1789359
1789591
1850507
1850591
1850600
1850601
1850602
1850603
1850604
1850605
1850606
1850607
1850608
1850609
1850690
1850694
1855860
1855861
1855870
1855871
1855872
1855873
1855874
1855875
1855876
1855877
1855878
1855879
1855880
1855881
1855882
1855883
1855884
1855885
1855886
1855887
1855888
1855889
1855910
1855911
1855912
1855913
1855915
1855916
1855917
1855918
1855919
1855983
1855985
1855986
1855987
1855988
1855989
1855990
1855991
1855992
1855993
1855994
1855995
1855996
1855997
1855998
1855999
1856790
1856791
1859363
1859366
1859464
1859466
1859645
1859674
1859676
1859677
1859678
1859679
1859683
1859684
1859741
1859742
1859743
1859744
1859745
1859746
1859747
1859748
1859749
1859750
1859751
1859752
1859755
1859756
1859770
1859771
1859772
1859773
1859774
1859775
1859776
1859777
1859778
1859779
1560508
1560591
1560601
1560602
1560606
1560607
1560691
1560693
1560694
1560699
1565902
1565903
1565910
1565911
1565912
1565913
1565914
1565915
1565916
1565917
1565918
1565919
1565937
1565938
1565941
1565942
1565943
1565944
1565973
1565975
1565976
1565977
1565978
1565979
1565989
1565992
1565993
1565997
1565999
1566502
1566504
1566507
1566591
1569590
1569591
1990500
1990501
1990502
1990590
1990591
1990690
1990691
1990692
1990693
1994290
1994291
1994292
1994293
1994294
1994295
1994296
1994297
1994298
1994299
1995910
1995911
1995912
1995913
1995914
1995915
1995916
1995917
1995918
1995919
1995920
1995921
1995922
1995923
1995924
1995925
1995936
1995937
1995938
1995939
1995963
1995964
1995965
1995966
