1980563
1981063
1981071
1981072
1981352
1984005
1984019
1985505
1985526
1985527
1985528
1985630
1985631
1985632
1985633
1985634
1985635
1985636
1985637
1985657
1650563
1840563
1845630
1845631
1845632
1845633
1845634
1845635
1845636
1845637
1845638
1845639
1570563
1571563
1320563
1321563
1322563
1327563
1328563
1329563
1910563
1914263
1915630
1915631
1915632
1915633
1915634
1915635
1915636
1916645
1700563
1701268
1701269
1370563
1373188
1373189
1373190
1373191
1373192
1373193
1470563
1475557
1475558
1475559
1479017
1479018
1750563
1755513
1880563
1881563
1885630
1885631
1885632
1885633
1885634
1885635
1885636
1885637
1885638
1885639
1520563
1521270
1521271
1521272
1521273
1521274
1521275
1521276
1521563
1524012
1524013
1524993
1525630
1525631
1525632
1525633
1525634
1525635
1810563
1811035
1811036
1811046
1811080
1811081
1811082
1811083
1811084
1811085
1811086
1811990
1811991
1811992
1813025
1813026
1813027
1813028
1813029
1813347
1813456
1815403
1815414
1815630
1815631
1815632
1815633
1815634
1815635
1815636
1815637
1815638
1815639
1815883
1815894
1815899
1816433
1816434
1817541
1819670
1819671
1819672
1819673
1819674
1819675
1820563
1821477
1821478
1822563
1822591
1822592
1822593
1822594
1822669
1825630
1825631
1825632
1825633
1825634
1825635
1825636
1825637
1825638
1825639
1829748
1829755
1829756
1829757
1829758
1829827
1829828
1510563
1515550
1515557
1515558
1515559
1515633
1515634
1515635
1515636
1515637
1515638
1515639
1760563
1767273
1768103
1580563
1585630
1585631
1585632
1585633
1585634
1585635
1585636
1585637
1344066
1348563
1348592
1348593
1348594
1348598
1348599
1730563
1733457
1733458
1733459
1733464
1733465
1735630
1735631
1735632
1735633
1735634
1735635
1735636
1735637
1735638
1735639
1738434
1738435
1313543
1314563
1314569
1315537
1315563
1316775
1316776
1317013
1317026
1319534
1319535
1319536
1319563
1870563
1871549
1871563
1875630
1875631
1875632
1875633
1875634
1875635
1875636
1875637
1875638
1875639
1878880
1878881
1879220
1879221
1879222
1879223
1879224
1879225
1879226
1879227
1879228
1879229
1660563
1665530
1665531
1665532
1665533
1665534
1380562
1380563
1385630
1385631
1385632
1385633
1385634
1385635
1385636
1385637
1385638
1385639
1386530
1386531
1386532
1386533
1386534
1386535
1386536
1386537
1386538
1386539
1386547
1386548
1386549
1386563
1386695
1386696
1530563
1532459
1534563
1535750
1535751
1535752
1535753
1535754
1535755
1535756
1535757
1535758
1535759
1537563
1538530
1538531
1538532
1538533
1538534
1538535
1538545
1538563
1539563
1800563
1801081
1801082
1801083
1801084
1805404
1805630
1805631
1805632
1805633
1805634
1805635
1805636
1805637
1805638
1805639
1805695
1807541
1809563
1809844
1809845
1809850
1809851
1809852
1809853
1809854
1809855
1809856
1890563
1894928
1895630
1895631
1895632
1895633
1895634
1895635
1895636
1895637
1895638
1895639
1896370
1950563
1953383
1360563
1361563
1363563
1363721
1363722
1363723
1364563
1365563
1365566
1366563
1367563
1368563
1369563
1330563
1332913
1332929
1333563
1333913
1333924
1334563
1334913
1335563
1336563
1338563
1339563
1339963
1850563
1855523
1855524
1855525
1855526
1855527
1855597
1855598
1780563
1785599
1785612
1785613
1785638
1785639
1788013
1788443
1788459
1560563
1565630
1565631
1565632
1565633
1565634
1565635
1565636
1565637
1565638
1565639
1566563
1569563
1990563
1993010
1994263
1995631
1995632
1995633
1995634
1995635
1995636
1995637
1995638
1995639
1390563
1395656
1395657
1395658
1395659
1395660
1396540
1396541
1396565
1396566
1396616
1396617
1396618
1396619
1396620
1396621
1396622
1396623
1550563
1555520
1555521
1555522
1555523
1555524
1555630
1555631
1555632
1860563
1865630
1865631
1865632
1865633
1865634
1865635
1865636
1865638
1865639
1301313
1301314
1302607
1303313
1303314
1304554
1304558
1305323
1305324
1306323
1306324
1308312
1308313
1308324
1308409
1309346
1309347
1309348
1309360
1309361
1720563
1452093
1454118
1457233
1458105
1458106
1458107
1458108
1458109
1350054
1351563
1770563
1771940
1772992
1772993
1772994
1772995
1772996
1773047
1773339
1775404
1775417
1775630
1775631
1775632
1775633
1775634
1775635
1775636
1775637
1775638
1775639
1775692
1775693
1775695
1775696
1776089
1776435
1590563
1595563
1595619
1595626
1595627
1595628
1595629
1595630
1595631
1595632
1595633
1595634
1595635
1595636
1595637
1595638
1595639
1830563
1832640
1832641
1832642
1832643
1832644
1835630
1835631
1835632
1835633
1835634
1835638
1835639
1836530
1836531
1836532
1836533
1836534
1836535
1836536
1836537
1839534
1500563
1505626
1505627
1505628
1505629
1505630
1505631
1505632
1505633
1505634
