1452709
1452719
1454480
1457114
1458620
1458621
1458622
1459803
1459805
1459806
1459807
1350867
1350868
1358136
1358137
1358138
1359370
1359371
1359372
1359373
1359374
1359375
1359376
1359377
1359785
1359786
1359787
1359788
1359789
1359790
1770719
1770720
1772026
1776293
1776294
1776413
1777191
1777192
1777193
1777194
1778632
1778668
1778669
1590728
1592615
1592616
1592617
1592618
1592619
1597184
1597185
1597186
1597187
1597188
1597189
1597190
1597191
1597256
1597257
1597258
1597259
1599780
1599781
1599782
1599783
1830719
1831478
1831479
1837190
1837191
1837192
1837193
1837194
1837195
1837196
1837197
1837249
1837260
1837261
1837262
1837263
1837264
1837265
1837266
1837267
1837268
1837269
1500728
1507157
1507158
1507159
1507160
1507161
1507162
1507290
1507291
1509807
1509808
1509809
1390728
1397190
1397191
1397192
1397193
1397245
1397246
1397247
1397248
1397249
1397250
1398687
1398688
1398689
1398690
1398691
1399780
1399781
1399782
1399783
1399784
1550728
1554993
1554994
1554995
1554996
1554997
1554998
1554999
1557140
1557141
1557142
1557143
1557190
1557191
1557192
1557193
1557194
1557195
1557196
1557197
1557198
1557199
1558644
1558645
1558646
1558689
1558690
1558691
1558692
1558693
1558694
1558695
1558696
1558697
1558698
1558699
1860728
1867117
1867118
1867119
1867166
1867167
1867190
1867191
1867192
1867193
1867196
1867197
1867198
1867417
1867418
1867419
1869603
1869604
1869605
1303525
1303526
1303527
1303528
1303529
1304276
1308526
1309427
1309428
1309849
1330728
1331728
1331729
1332984
1332985
1333985
1333986
1334359
1334979
1336719
1337782
1338713
1338714
1338715
1339728
1339729
1850728
1852784
1852785
1852787
1852788
1852789
1857143
1857250
1857251
1857252
1780720
1784786
1786622
1786639
1787109
1787149
1787150
1787151
1787152
1787153
1787183
1788683
1789719
1560728
1561497
1561498
1562950
1562951
1562952
1567120
1567121
1567190
1567191
1567192
1567193
1569719
1990728
1997144
1997145
1997146
1997147
1997166
1997167
1997168
1997169
1997170
1997171
1997172
1997173
1997174
1997175
1997176
1998648
1998649
1998650
1998651
1998652
1998653
1998654
1998655
1530728
1532794
1532795
1532796
1532797
1532798
1532799
1533425
1533426
1533596
1533597
1533735
1534267
1534268
1534269
1534270
1534271
1534295
1534660
1534661
1534727
1537725
1537726
1537727
1538725
1538726
1539168
1800728
1804066
1806217
1806218
1806426
1807135
1807136
1807158
1807194
1807195
1808625
1808654
1890728
1894217
1894218
1894219
1896393
1897190
1897191
1897192
1897193
1897245
1897246
1897247
1897248
1897249
1897250
1898687
1898688
1898689
1898690
1898691
1899593
1899594
1953612
1361719
1363570
1363571
1363572
1363614
1363615
1363616
1363617
1363618
1363619
1363620
1363621
1363622
1363623
1363624
1363625
1363626
1364726
1365719
1366909
1367719
1368720
1368721
1732059
1734349
1734350
1735445
1736240
1736335
1736428
1737112
1737139
1737190
1737191
1737192
1737193
1737194
1738644
1738652
1738653
1738654
1738655
1739828
1311444
1311710
1313570
1313571
1313572
1314728
1316563
1317745
1317746
1317747
1317748
1319724
1319725
1319726
1319727
1319728
1319729
1870728
1877220
1877221
1877222
1877223
1877224
1877225
1877275
1877276
1877277
1877278
1877279
1877280
1877281
1877282
1877283
1877284
1877285
1877286
1877287
1877288
1877289
1877290
1877291
1877292
1877293
1877294
1877295
1877296
1877297
1877298
1877299
1660728
1660863
1667147
1667148
1667149
1667150
1667151
1667152
1667153
1380728
1387275
1387276
1387277
1387278
1387279
1387280
1387281
1387282
1387283
1387284
1388680
1388681
1388682
1388683
1388684
1820728
1827159
1827160
1827161
1827231
1827232
1827233
1827242
1510728
1517136
1517137
1517138
1517139
1517140
1517224
1517225
1517226
1517227
1517228
1517229
1517230
1760728
1767111
1767112
1767113
1767114
1767180
1767181
1767182
1767183
1768394
1580728
1587108
1587109
1587110
1587111
1587112
1587268
1587269
1587270
1587271
1587272
1587273
1587274
1587275
1589780
1589781
1589782
1589783
1589784
1589785
1589786
1589787
1589788
1342995
1342996
1342997
1345124
1345125
1345126
1345127
1347729
1347730
1347731
1347732
1347796
1347797
1347798
1347799
1370728
1373353
1373354
1373355
1373356
1373357
1373358
1373359
1379781
1379782
1379783
1379784
1379785
1379786
1470719
1470728
1477179
1477180
1750728
1757195
1757196
1757197
1757198
1757199
1757280
1757281
1757282
1757283
1757284
1757285
1880728
1887190
1887191
1887192
1887193
1887194
1887195
1887196
1887197
1887198
1887200
1887201
1887202
1887203
1887204
1887205
1887206
1887289
1887290
1887291
1887292
1520728
1527136
1527137
1527138
1527139
1527140
1527141
1527142
1527143
1527144
1527227
1527228
1527229
1810719
1810720
1812037
1812053
1815439
1815449
1816246
1816319
1816419
1818677
1818678
1818698
1980719
1981378
1984168
1984169
1987134
1987135
1987136
1987138
1987146
1987174
1987176
1987177
1987178
1987206
1987207
1987208
1987209
1650719
1651719
1652065
1653985
1655262
1840719
1842719
1847110
1847111
1847112
1847113
1847140
1847163
1847186
1570728
1570729
1571728
1572708
1572719
1577109
1579710
1579711
1579712
1320726
1321719
1322724
1322760
1322761
1323565
1323566
1323567
1324726
1326488
1326489
1327719
1327726
1329421
1329422
1329714
1329715
1329716
1329717
1329718
1329719
1910729
1914504
1917147
1705659
1705660
1706773
1706774
1706775
