1880866
1882757
1882758
1882759
1887112
1887113
1887114
1887298
1887299
1750866
1751274
1757240
1757241
1757242
1757243
1470717
1477109
1477186
1377409
1377410
1377411
1377412
1377413
1377414
1379787
1379788
1810722
1818658
1527131
1527132
1527133
1527134
1527135
1527285
1527286
1527287
1527288
1527289
1571781
1572722
1577107
1579716
1579717
1840720
1840721
1840722
1847160
1655984
1980722
1981383
1987112
1987113
1987182
1987183
1987238
1987239
1988838
1914505
1917148
1917149
1321722
1322722
1323550
1323551
1323726
1325722
1326475
1326476
1327722
1327760
1327761
1327762
1329725
1329726
1329727
1310075
1311440
1311726
1313573
1313574
1314722
1317718
1317719
1319746
1730722
1734351
1735444
1736243
1736268
1736269
1736270
1736271
1736419
1737154
1737155
1737168
1737169
1738645
1738656
1738657
1738658
1739827
1380072
1387285
1387286
1387287
1387288
1387289
1388685
1388686
1388687
1388688
1388689
1660722
1667104
1667128
1667129
1667221
1667222
1872792
1872793
1872794
1872795
1872796
1872797
1872798
1872799
1877132
1877133
1877134
1877135
1877136
1877137
1877138
1877139
1877140
1877141
1877142
1877143
1517276
1517277
1517278
1517279
1827151
1827152
1827234
1827235
1340962
1340963
1340964
1340965
1340966
1345128
1345129
1346971
1347733
1347734
1348700
1348701
1582671
1582672
1582673
1582674
1582675
1582676
1582677
1582678
1587122
1587123
1587124
1587125
1589758
1589759
1589760
1589761
1589762
1589763
1589764
1589765
1760866
1768377
1768378
1330866
1331759
1332988
1332989
1333989
1336729
1337781
1338729
1339617
1990866
1997220
1997221
1998656
1560866
1562999
1567124
1567125
1567179
1567299
1569722
1780721
1786625
1786640
1787110
1787121
1787177
1787178
1857134
1857135
1857203
1857204
1857273
1800866
1804067
1806219
1806247
1806248
1806427
1807137
1807196
1808626
1530866
1532758
1532759
1533410
1533411
1533577
1533578
1533579
1533590
1533733
1534279
1534280
1534281
1537728
1537729
1538729
1539169
1360728
1361722
1363573
1364729
1367721
1890866
1897179
1897298
1897299
1898643
1898644
1899595
1899596
1899597
1592665
1597192
1597193
1597194
1597276
1597277
1597278
1599784
1599785
1599786
1599787
1599788
1599789
1599790
1599791
1770722
1772027
1776292
1776426
1777176
1778625
1778626
1778627
1778628
1778670
1778671
1778672
1778673
1778674
1779833
1358139
1358140
1359782
1359783
1359784
1452722
1453700
1457117
1458607
1458608
1458609
1507163
1507164
1507165
1507294
1507295
1507296
1507297
1507298
1507299
1830722
1830723
1837187
1837188
1837189
1837220
1837221
1837222
1837223
1837224
1837225
1860722
1867220
1867221
1867222
1867223
1867224
1867226
1867227
1867228
1867229
1867263
1867264
1867273
1867274
1554973
1554974
1554975
1554976
1554977
1557220
1557221
1557222
1557223
1557224
1557225
1557226
1557227
1558669
1558670
1558671
1558672
1558673
1558674
1558675
1558676
1558677
1558687
1558688
1390866
1397179
1397298
1397299
1398643
1398644
1399785
1399786
1399787
1399788
1399789
1303519
1304275
1308524
1308525
1309327
1309328
1309844
