1706460
1706461
1706462
1708922
1708923
1708924
1708925
1708926
1708927
1321751
1322650
1322651
1322652
1322653
1322654
1322936
1322937
1322938
1322939
1323205
1323206
1323207
1323208
1323209
1324250
1324251
1324252
1324253
1324254
1324255
1324256
1325751
1328812
1328813
1328894
1910751
1912583
1912584
1912801
1840751
1842011
1847628
1571823
1572419
1572851
1572858
1650751
1651183
1651751
1653614
1980751
1981216
1981454
1982023
1982063
1982072
1983019
1983036
1983063
1983290
1983592
1984925
1984969
1984992
1986053
1986056
1986059
1986432
1986499
1986526
1986590
1986639
1986650
1986651
1986652
1986653
1986656
1987255
1987510
1987512
1987513
1987892
1989690
1520751
1521902
1521903
1521904
1521980
1521981
1521982
1521983
1521996
1522080
1522081
1522082
1522083
1522084
1522085
1810751
1812440
1812489
1812737
1812738
1812739
1812748
1812765
1812766
1812767
1812768
1812769
1812818
1812890
1812891
1812892
1812893
1813857
1813862
1813863
1813864
1813865
1813866
1813867
1816586
1816587
1880751
1881830
1881977
1881978
1881979
1882633
1882634
1882635
1882636
1882637
1882638
1882639
1889983
1750621
1750751
1752057
1756505
1756506
1756507
1756508
1756509
1757660
1471469
1471531
1471556
1371970
1371971
1371972
1371973
1371974
1371975
1371976
1371977
1371978
1371979
1372655
1372656
1372657
1372658
1372659
1372750
1372751
1372752
1372753
1372754
1372755
1372756
1372757
1372758
1372759
1379465
1379466
1379467
1379468
1379469
1341110
1341111
1341112
1341113
1341114
1341560
1341561
1341562
1341563
1341564
1341565
1341566
1341567
1341568
1341569
1342050
1342051
1342052
1342053
1342054
1342055
1342056
1342057
1342058
1342059
1343500
1343501
1343502
1343503
1343504
1343505
1343506
1343507
1343508
1343509
1343510
1343511
1343512
1343513
1343514
1345030
1345031
1345032
1345033
1345034
1760751
1768851
1580751
1581296
1581297
1581298
1581299
1581497
1581498
1581499
1581650
1581651
1581920
1581921
1581922
1581923
1581924
1582010
1582011
1582012
1587510
1587511
1587512
1587513
1588985
1820090
1820751
1821139
1821810
1821852
1821902
1821908
1821922
1510751
1511341
1511342
1511343
1511917
1511918
1511919
1511920
1511921
1511922
1660751
1667510
1669812
1669813
1669814
1669815
1380281
1382630
1382631
1382632
1382633
1382634
1382635
1382636
1382637
1382638
1382639
1382790
1382791
1382792
1382793
1382794
1382795
1382796
1382797
1382798
1382799
1870751
1870767
1870769
1871803
1871811
1871830
1871865
1871933
1311200
1311201
1311202
1311203
1311204
1311205
1311206
1311207
1311208
1311209
1314868
1314869
1314905
1314906
1314907
1314908
1316814
1316815
1316940
1316941
1316942
1317295
1317296
1317297
1317298
1317299
1317840
1317841
1317842
1317843
1317844
1319240
1319241
1319242
1319243
1319244
1319285
1319286
1319287
1319288
1319289
1730305
1730306
1730751
1732284
1732285
1732436
1732463
1732464
1736345
1736346
1737667
1737677
1360021
1360224
1360290
1360291
1362245
1362298
1364000
1364001
1364002
1364003
1364004
1364005
1364006
1364007
1364008
1364009
1364010
1364011
1364012
1364013
1364014
1364015
1364016
1364017
1364018
1364019
1364256
1364257
1364258
1364259
1365302
1365303
1368005
1368006
1368007
1368008
1368009
1890234
1892257
1892258
1892259
1892445
1892780
1892781
1892782
1892783
1892784
1892785
1892786
1892787
1892788
1892789
1893370
1893371
1893372
1894882
1894883
1894884
1899865
1899866
1530304
1530305
1530306
1530307
1530308
1530309
1530751
1534752
1534753
1536320
1536321
1536322
1536323
1536324
1536325
1536326
1536327
1536328
1536329
1800751
1802365
1802366
1802367
1802368
1802369
1802773
1802774
1802947
1803317
1803318
1803319
1803332
1803890
1803891
1803892
1803893
1803894
1992500
1992501
1992502
1992503
1992504
1992711
1992712
1992713
1992714
1992715
1992716
1992717
1992718
1992719
1992720
1992721
1992722
1992723
1992724
1992855
1992856
1992857
1992858
1992859
1780208
1780661
1780665
1781154
1781703
1781726
1781751
1781787
1781797
1781803
1781864
1781883
1781905
1781928
1781931
1782775
1784182
1784183
1787510
1787554
1787628
1788065
1788193
1788195
1789661
1850751
1857510
1857803
1857804
1857805
1857806
1560234
1562257
1562258
1562259
1562608
1562780
1562781
1562782
1562783
1562784
1562785
1562787
1562788
1562789
1566028
1566029
1569751
1330234
1331857
1331858
1331859
1332652
1332653
1334650
1334651
1334652
1334653
1336069
1336090
1336091
1337658
1337659
1337751
1338072
1338073
1713751
1715751
1716751
1717489
1717751
1717764
1717961
1717962
1718751
1718992
1718993
1719048
1719488
1719751
1300536
1300537
1301053
1301871
1302536
1302537
1303010
1303011
1303012
1303013
1303014
1304617
1304618
1304619
1305820
1305821
1305822
1305823
1307620
1307621
1307622
1307623
1307624
1307625
1307626
1307627
1307628
1307629
1860751
1866661
1867510
1867511
1867512
1867513
1867514
1867516
1867517
1867518
1867519
1867607
1868851
1671751
1672751
1673751
1390234
1392257
1392258
1392259
1392445
1392780
1392781
1392782
1392783
1392784
1392785
1392786
1392787
1392788
1392789
1830006
1830751
1831602
1831808
1831833
1831845
1831846
1831849
1831852
1831853
1831854
1831856
1831980
1834411
1834445
1834449
1500751
1501454
1501506
1501507
1501508
1501509
1501816
1508985
1508986
1508987
1508988
1770308
1770751
1772407
1772408
1772440
1772441
1772571
1772581
1772591
1772777
1772881
1772889
1772894
1772895
1772896
1776880
1590751
1591480
1591481
1591482
1591483
1591484
1591485
1591486
1591487
1591488
1591489
1591703
1591704
1591705
1597625
1597626
1597627
1597628
1597629
1599295
1599296
1599297
1599298
1599299
1350020
1350905
1350985
1350986
1353145
1353146
1353147
1353148
1353149
1354225
1354226
1354227
1354228
1354229
1355360
1355361
1355362
1355363
1355364
1357075
1357076
1357077
1357078
1357079
1358010
1358011
1358012
1358013
1358014
1452943
1452944
1453968
1454828
1458751
1458761
1458908
1458909
1459090
