1313362
1317080
1317759
1317769
1319780
1319781
1730701
1734663
1737015
1737016
1737018
1737041
1380070
1380701
1387000
1387001
1387002
1387003
1387004
1387010
1387011
1387012
1387013
1387014
1387015
1387016
1387017
1387018
1387019
1660701
1870701
1872000
1877010
1877011
1877012
1877016
1877080
1879780
1510700
1510701
1517010
1517011
1518007
1518008
1518009
1820701
1821491
1827010
1827011
1827012
1827013
1829618
1829619
1829684
1829685
1340701
1342666
1343701
1580701
1587946
1587986
1587987
1587990
1587991
1587992
1760701
1768794
1750701
1880701
1887015
1887016
1887017
1887018
1887019
1887067
1887068
1887069
1887089
1470701
1479636
1479637
1479661
1479781
1479791
1370701
1810701
1814666
1816070
1816601
1817015
1817016
1817017
1817018
1817019
1520700
1520701
1527010
1527011
1527012
1527013
1527014
1570701
1571701
1572771
1577943
1577944
1840701
1847010
1847011
1980701
1981518
1987000
1988030
1988031
1988032
1988064
1707175
1707176
1707177
1707178
1707179
1910700
1910701
1914215
1320701
1321701
1323701
1324701
1325701
1590701
1597028
1770701
1774663
1777015
1777016
1777017
1777018
1777019
1350701
1351701
1357649
1452650
1454450
1458300
1458301
1458302
1458303
1458304
1500701
1507010
1507011
1508365
1508366
1508367
1508368
1508369
1837014
1837015
1837016
1837017
1837018
1837019
1860701
1867010
1867011
1867012
1867013
1867014
1867015
1867018
1550701
1390701
1397015
1397016
1397017
1397018
1397019
1300622
1300623
1300624
1301062
1301440
1301441
1302622
1302623
1302625
1303622
1303623
1330701
1331701
1332010
1334010
1336160
1336701
1338701
1339701
1713701
1717295
1717296
1717297
1717298
1717846
1717847
1718785
1718786
1718789
1719843
1719849
1990701
1994211
1997011
1997944
1560701
1567901
1567902
1567903
1569780
1850701
1857901
1857927
1780701
1780880
1787070
1787080
1789150
1800701
1804688
1804689
1807001
1807016
1807017
1807018
1807019
1807902
1530701
1535010
1535030
1537430
1538770
1360701
1361701
1362701
1363599
1365701
1366701
1367701
1368701
1890701
1894229
1894238
1894239
1897015
1897016
1897017
1897018
1897019
