1910390
1910391
1914391
1320390
1320391
1320392
1320393
1320394
1320395
1320396
1320397
1320398
1320399
1322391
1322392
1324303
1324304
1324345
1325386
1325387
1325388
1325389
1327390
1327391
1328390
1328391
1329070
1329837
1329838
1329839
1329846
1329847
1701360
1701361
1704200
1704221
1704223
1704224
1704225
1704226
1704227
1704228
1704229
1704230
1704231
1704380
1704381
1704382
1704383
1704384
1704385
1704386
1704387
1704388
1704389
1704399
1707161
1707364
1707390
1707391
1708383
1708384
1708390
1708391
1980390
1980391
1981274
1983910
1983911
1983912
1983913
1983914
1983915
1983916
1983917
1983918
1650391
1651682
1651815
1653391
1655180
1655181
1656197
1656214
1656261
1656391
1570391
1571390
1571391
1571634
1571636
1571652
1572904
1572905
1572906
1572907
1572940
1573740
1573851
1573852
1573853
1573854
1573855
1573856
1573857
1573858
1573859
1840390
1840391
1843623
1843624
1843625
1843840
1843841
1843910
1843911
1843912
1843913
1843914
1843915
1843916
1843917
1843918
1843919
1810389
1810391
1813446
1813571
1813720
1813721
1813731
1814391
1815307
1520390
1520391
1522580
1522581
1522582
1522583
1522584
1522585
1522586
1522587
1522588
1522589
1523677
1523678
1523679
1523870
1523871
1523872
1523873
1523874
1523900
1523901
1523902
1523903
1523904
1523910
1523911
1523912
1523913
1523914
1523915
1523916
1523917
1523918
1523919
1523970
1523971
1523972
1523973
1523974
1523975
1523976
1523977
1523978
1523979
1473854
1473862
1473881
1473884
1473891
1475661
1478325
1478326
1478327
1478328
1478329
1478350
1478351
1478352
1478353
1478354
1478390
1478391
1370389
1370391
1370768
1372145
1372146
1372147
1372148
1372149
1372315
1372316
1372317
1372318
1372319
1374950
1374951
1374952
1374953
1374959
1378260
1378261
1378262
1378263
1378264
1378265
1378266
1378267
1378268
1378269
1378270
1378271
1378272
1378273
1378274
1378275
1378276
1378277
1378278
1378279
1378280
1378281
1378282
1378283
1378284
1378285
1378286
1378287
1378288
1378289
1378391
1750389
1750390
1750391
1751664
1751665
1751666
1751667
1751668
1751669
1751684
1751685
1751686
1751687
1751688
1751689
1753015
1753016
1753017
1753018
1753019
1753045
1753046
1753047
1753820
1753821
1753822
1753890
1753891
1753910
1753911
1753912
1753913
1753914
1753915
1753916
1753917
1753918
1753919
1753982
1753990
1753991
1759633
1759634
1759635
1759636
1759637
1759638
1759639
1759640
1759641
1759642
1759643
1759644
1759770
1759771
1759772
1759773
1759774
1759775
1759776
1759777
1759778
1759779
1759790
1759791
1759792
1759793
1759794
1759795
1880385
1880390
1880391
1883900
1883901
1883902
1883903
1883904
1883905
1883906
1883907
1883908
1883909
1883910
1883911
1883912
1883913
1883914
1883915
1883916
1883917
1883918
1883919
1886034
1886475
1886476
1886477
1886478
1886479
1580391
1583890
1583891
1583892
1583893
1583894
1583895
1583896
1583897
1583898
1583899
1583910
1583911
1583912
1583913
1583914
1583915
1583916
1583917
1583918
1583919
1589300
1589301
1589302
1589303
1589304
1589305
1589306
1589307
1589308
1589309
1760390
1760391
1761355
1761360
1761361
1761362
1762450
1762451
1762452
1762967
1762968
1762969
1763045
1763046
1763047
1763480
1763481
1763482
1763483
1763484
1763485
1763486
1763487
1763488
1763489
1763740
1763741
1763820
1763821
1763822
1763890
1763891
1763892
1763893
1763894
1763910
1763911
1763912
1763913
1763915
1763916
1763918
1763919
1763990
1763991
1764440
1764441
1764442
1764443
1764444
1764445
1764446
1769870
1769871
1769872
1340390
1340391
1340399
1346240
1346241
1346242
1346243
1346244
1346245
1346246
1346247
1346248
1346249
1346280
1346281
1346282
1346283
1346284
1346285
1346286
1346287
1346288
1346289
1513800
1513801
1513802
1513803
1513804
1513805
1513806
1513807
1513808
1513809
1513880
1513881
1513882
1513883
1513884
1513885
1513886
1513910
1513911
1513912
1513913
1513914
1513915
1513916
1513917
1513918
1513919
1820390
1820391
1823685
1823686
1823687
1823688
1823689
1823900
1823901
1823902
1823903
1823904
1823905
1823906
1823907
1823908
1823909
1823910
1823911
1823912
1823913
1823914
1823915
1823916
1823917
1823918
1823919
1827270
1827271
1827272
1827273
1827274
1870390
1870391
1873910
1873911
1873912
1873913
1873914
1873915
1873916
1873917
1873918
1873919
1874975
1874976
1874977
1874978
1874979
1879000
1879001
1879002
1879003
1879004
1879020
1879021
1879022
1879023
1879024
1380039
1380391
1383890
1383891
1383892
1383893
1383894
1383910
1383911
1383912
1383913
1383914
1383915
1383916
1383917
1383918
1383919
1384950
1384951
1384952
1384953
1384959
1660389
1660390
1660391
1662791
1662792
1662793
1662794
1662795
1662796
1662797
1662798
1662799
1663888
1663900
1663910
1663911
1663912
1663913
1663914
1663915
1663916
1663917
1663918
1663919
1663944
1663945
1663946
1663947
1663978
1663979
1730389
1730391
1732921
1732929
1733473
1733489
1733551
1733563
1733910
1733911
1733912
1733913
1733915
1733916
1733917
1733918
1733919
1734490
1734491
1735251
1736469
1736591
1736592
1736593
1736594
1736595
1739587
1739631
1310361
1310389
1310391
1310399
1312405
1313716
1313717
1313718
1313791
1313792
1313793
1314043
1314044
1318312
1318313
1890389
1890391
1893913
1893914
1893915
1893916
1893917
1893918
1893919
1360344
1360389
1360391
1360849
1360863
1361391
1361985
1362387
1362391
1362985
1363391
1363962
1364391
1365391
1366391
1367391
1369391
1953592
1800389
1800391
1803702
1803704
1803912
1803913
1803917
1803918
1803919
1533391
1534391
1534613
1534614
1534615
1534616
1534617
1534618
1534619
1534655
1560391
1563910
1563911
1563912
1563913
1563914
1563915
1563916
1563917
1563918
1563919
1566060
1566430
1567082
1567085
1567086
1567087
1567088
1567090
1567093
1567094
1567095
1567096
1567098
1567099
1567260
1569062
1569063
1850390
1850391
1853015
1853016
1853017
1853018
1853019
1853045
1853046
1853047
1853740
1853741
1853890
1853891
1853910
1853911
1853912
1853913
1853914
1853915
1853916
1853917
1853918
1853919
1853982
1853983
1853984
1856705
1856706
1856707
1856708
1856709
1856982
1856983
1780381
1780391
1781490
1783721
1783722
1783800
1783801
1783802
1783803
1783804
1783807
1783910
1783911
1783918
1783919
1788498
1788499
1789672
1990391
1993900
1993901
1993910
1993911
1993912
1993914
1993915
1993916
1993917
1993918
1994391
1994934
1994936
1712200
1712231
1712232
1712233
1712234
1712235
1712236
1712237
1712238
1712239
1712240
1712241
1712865
1712866
1712867
1712868
1712869
1712890
1712891
1712892
1712893
1713391
1715391
1716391
1717158
1717159
1717360
1717391
1717449
1717503
1717504
1717505
1717506
1717507
1717508
1717509
1718389
1718390
1718391
1718434
1718435
1718436
1718437
1718500
1719391
1330389
1330391
1332389
1332391
1333391
1334361
1334362
1334391
1334678
1334679
1335391
1338391
1338409
1339385
1339386
1339387
1339388
1339389
1300765
1301750
1301751
1302758
1302765
1304391
1306940
1306941
1306942
1306943
1306944
1306945
1306946
1306947
1306948
1306949
1308367
1308368
1308383
1308384
1390389
1390391
1393813
1393814
1393815
1393816
1393817
1393818
1393819
1393910
1393911
1393912
1393913
1393914
1393915
1393916
1393917
1393918
1393919
1394965
1394966
1394967
1394968
1394969
1671298
1671299
1671648
1860389
1860391
1861492
1861493
1861494
1862389
1862391
1862587
1862588
1863890
1863891
1863910
1863911
1863912
1863913
1863914
1863915
1863916
1863917
1863918
1863919
1863990
1863991
1869775
1869776
1550390
1550391
1551407
1551408
1551470
1551471
1551472
1551473
1551474
1551475
1551476
1551477
1551478
1551479
1551774
1551775
1551776
1551777
1551778
1551779
1551850
1553890
1553891
1553892
1553893
1553894
1553895
1553896
1553897
1553898
1553899
1553910
1553911
1553912
1553913
1553914
1553915
1553916
1553917
1553918
1553919
1556560
1556561
1556562
1556563
1623912
1500391
1503650
1503651
1503652
1503653
1503654
1503910
1503911
1503912
1503913
1503914
1503915
1503916
1503917
1503918
1503919
1509370
1509371
1509372
1509373
1509374
1830060
1830061
1830062
1830063
1830064
1830390
1830391
1830397
1831725
1831726
1831727
1831728
1831729
1833680
1833681
1833682
1833683
1833684
1833685
1833686
1833687
1833688
1833689
1833910
1833911
1833912
1833913
1833914
1833915
1833916
1833917
1833918
1833919
1833970
1833971
1833972
1833973
1833974
1833975
1833976
1833977
1833978
1833979
1834820
1834821
1834822
1834823
1834824
1834825
1834826
1834827
1350347
1350391
1350767
1351381
1351382
1352318
1352319
1352320
1352321
1352334
1352335
1352336
1352337
1352391
1356910
1356911
1356912
1356913
1356914
1356915
1356916
1356917
1356918
1356919
1359850
1359851
1359852
1359853
1359854
1452344
1452345
1452346
1452347
1454216
1454865
1458520
1458521
1458522
1458523
1458524
1458525
1458526
1458527
1458531
1458532
1458533
1458534
1458535
1458536
1590391
1593810
1593811
1593812
1593813
1593814
1593815
1593816
1593817
1593818
1593819
1593910
1593911
1593912
1593913
1593914
1593915
1593916
1593917
1593918
1593919
1597870
1597871
1597872
1597873
1597874
1597875
1597876
1597877
1597878
1597879
1599370
1599371
1599372
1599373
1599374
1599375
1599376
1599377
1599378
1599379
1770389
1770391
1771921
1771998
1772493
1773709
1773733
1773737
1773910
1773914
1773915
1773916
1773917
1773941
1773949
1773951
1773952
1774640
1774641
1774647
1774692
1774944
1776164
1776165
1776168
1777210
1777217
1777218
1777284
1779659
1779662
1779668
1779687
