1535299
1800975
1809575
1809715
1809745
1890975
1893565
1894685
1899745
1361975
1364975
1330975
1850975
1859705
1780075
1780975
1784836
1788782
1789965
1789975
1560975
1569535
1990975
1999745
1390975
1399745
1550975
1860975
1869785
1309971
1452865
1454605
1459545
1459555
1459655
1770975
1773096
1779477
1779704
1779705
1779741
1590975
1500975
1989715
1650975
1846704
1846705
1846715
1846719
1572235
1910975
1479705
1479768
1880975
1889725
1889734
1889735
1889736
1520975
1810975
1814634
1814635
1819468
1819469
1819749
1820975
1829725
1829726
1760975
1769705
1769767
1580975
1730975
1739455
1739705
1313915
1870975
1660975
1389715
1389755
