1860909
1869090
1869091
1869092
1869093
1869094
1550909
1399976
1399977
1303134
1303135
1304057
1309513
1590909
1599905
1599906
1779499
1779780
1779909
1351997
1356550
1356551
1356577
1357958
1357959
1450960
1450961
1450962
1450963
1450964
1452789
1454554
1500909
1502283
1502620
1502621
1830909
1801680
1801681
1809584
1809689
1809759
1809771
1809779
1809784
1809909
1809979
1530990
1535268
1364992
1367996
1367997
1893578
1899776
1899777
1899976
1899977
1331909
1331971
1334549
1336482
1336909
1336983
1339907
1339909
1339972
1569909
1788122
1850900
1850909
1859059
1510909
1519961
1519962
1820909
1580909
1589938
1760909
1769146
1769909
1769988
1769989
1311909
1313977
1313981
1315038
1315039
1319977
1739768
1739769
1739786
1739909
1380999
1389943
1389944
1660909
1870909
1874268
1874269
1879960
1879961
1879962
1879963
1570091
1570092
1570904
1570909
1571492
1571903
1573908
1573909
1840909
1844966
1844967
1980909
1320909
1323909
1328909
1880909
1889085
1889292
1750909
1470907
1470909
1479956
1479957
1479958
1479959
1377901
1377902
1811681
1811682
1811683
1812909
1812919
1814087
1815487
1816779
1520907
1520909
1529973
1529974
1529975
