1810034
1810035
1810341
1810342
1810343
1810346
1810351
1813493
1813494
1813495
1813507
1813510
1813511
1813512
1813513
1813514
1813515
1813516
1813517
1813518
1813519
1813524
1813528
1813537
1813538
1813546
1813547
1813553
1813556
1520340
1520341
1520343
1520346
1520351
1523400
1523401
1523402
1523403
1523404
1523405
1523406
1523407
1523408
1523409
1523410
1523411
1523412
1523413
1523414
1523415
1523416
1523417
1523418
1523419
1523424
1523425
1523426
1523510
1523511
1523512
1523513
1523514
1523515
1523516
1523517
1523518
1523519
1523534
1523535
1523536
1523537
1523538
1523539
1529661
1880341
1880351
1883410
1883411
1883412
1883413
1883414
1883415
1883416
1883417
1883418
1883419
1883480
1883481
1883482
1883483
1883484
1883485
1883486
1883487
1883488
1883489
1883510
1883511
1883512
1883513
1883514
1883515
1883516
1883517
1883518
1883519
1883534
1883535
1883536
1883537
1883538
1883539
1750343
1750344
1750345
1750346
1750351
1751810
1751811
1751812
1751813
1751814
1751815
1751816
1751817
1751818
1751819
1753510
1753511
1753512
1753513
1753514
1753515
1753516
1753517
1753518
1753519
1758290
1758291
1758292
1758293
1758294
1758295
1758296
1758297
1758298
1758299
1370050
1370051
1370054
1370351
1370358
1373400
1373401
1373402
1373403
1373404
1375310
1375311
1375312
1375313
1375314
1375315
1375316
1375317
1375318
1375319
1375347
1375348
1375349
1375480
1375481
1375482
1375483
1375484
1375485
1375486
1375487
1375488
1375489
1470341
1470351
1471780
1471781
1473510
1473511
1473512
1473513
1473514
1473515
1473530
1473531
1473532
1473533
1473534
1473535
1473536
1473537
1473538
1473539
1476524
1476638
1476639
1479715
1479716
1479717
1479718
1479719
1479720
1479721
1479722
1700026
1700027
1700029
1700131
1700348
1700349
1700350
1700351
1700353
1700354
1700355
1700356
1700643
1700900
1700901
1700902
1701820
1701821
1701822
1701823
1701824
1701825
1701826
1701827
1701828
1702350
1702351
1702352
1702353
1702354
1702355
1702356
1702357
1702358
1702359
1703050
1703051
1703052
1703053
1703054
1703055
1703056
1703058
1703059
1703060
1703061
1703062
1703063
1703064
1703065
1703908
1703909
1703910
1703911
1703912
1703913
1703914
1703915
1703916
1703917
1703918
1703919
1703920
1703921
1703922
1703923
1703924
1703925
1703926
1703927
1704900
1704901
1704902
1704903
1704904
1704905
1704906
1704907
1704908
1704909
1704910
1704911
1704912
1704913
1704914
1704915
1704916
1705167
1705279
1705351
1705536
1705582
1705628
1705675
1705772
1707301
1707302
1707303
1707304
1707305
1707306
1707309
1708351
1708352
1708353
1708354
1708355
1708356
1708358
1708359
1709300
1709301
1709303
1709304
1709305
1709306
1709307
1709308
1910340
1910341
1910342
1910343
1910344
1910345
1910346
1910347
1910351
1913501
1913502
1913503
1913510
1913511
1913512
1913513
1913514
1913515
1913516
1913517
1913521
1913522
1913523
1913531
1913532
1913533
1913541
1913542
1913543
1913550
1913551
1913552
1913561
1913562
1913563
1913571
1913572
1913573
1320341
1320351
1320980
1320981
1320982
1322351
1322364
1323341
1323351
1323360
1323361
1323362
1323363
1323364
1323365
1323366
1323367
1323368
1323369
1328351
1328361
1328362
1329351
1329371
1329374
1329381
1329388
1329390
1329391
1329451
1570341
1570351
1571350
1571351
1571352
1573501
1573502
1573503
1573504
1573505
1573506
1573510
1573511
1573512
1573513
1573514
1573515
1573516
1573517
1573518
1573519
1573521
1573522
1573523
1573524
1573551
1573552
1573561
1573562
1573563
1573564
1573565
1840351
1840650
1840651
1840652
1840653
1840654
1840655
1840656
1840657
1840658
1840659
1843402
1843411
1843412
1843413
1843414
1843430
1843431
1843432
1843433
1843434
1843435
1843436
1843437
1843438
1843439
1843510
1843511
1843512
1843513
1843514
1843515
1843516
1843517
1843518
1843519
1844240
1844241
1844242
1844243
1844244
1844245
1844246
1844247
1844248
1844249
1844250
1844251
1844253
1844254
1844255
1844256
1844257
1844258
1844259
1844260
1844261
1844262
1844263
1844264
1844265
1844266
1844267
1844268
1844269
1844270
1844271
1844272
1844273
1844274
1844275
1844276
1844277
1844278
1844279
1844280
1844281
1844282
1844283
1844284
1844285
1844286
1844287
1844288
1844289
1844290
1844291
1844292
1844293
1844294
1844295
1844296
1844297
1844298
1844299
1849071
1849072
1849073
1849074
1849076
1849077
1849078
1849079
1849430
1849431
1849432
1849433
1849434
1849435
1849436
1849437
1849438
1849439
1849845
1849846
1849847
1849848
1650151
1650351
1651184
1651351
1651381
1651382
1651492
1651590
1651892
1652851
1653351
1653760
1653761
1653763
1655250
1655251
1655961
1655991
1656130
1656147
1656150
1656351
1980341
1980351
1981539
1983400
1983401
1983402
1983403
1983404
1983440
1983441
1983442
1983443
1983444
1983450
1983451
1983452
1983453
1983490
1983491
1983508
1983509
1988851
1380340
1380341
1380343
1380345
1380346
1380349
1383404
1383411
1383413
1383414
1383415
1383416
1383420
1383421
1383422
1383423
1383424
1383450
1383451
1383452
1383453
1383454
1383455
1383456
1383457
1383458
1383459
1383460
1383461
1383462
1383463
1383464
1383465
1383466
1383467
1383468
1383469
1383510
1383511
1383512
1383513
1383514
1383515
1383516
1383517
1383518
1383519
1660340
1660341
1660342
1660343
1660344
1660345
1660346
1660351
1663400
1663401
1663501
1663510
1663511
1663512
1663513
1663514
1663515
1663516
1663517
1663518
1663519
1663600
1663601
1663602
1663603
1663604
1663605
1663606
1663607
1663608
1663609
1663611
1663660
1663661
1663662
1663663
1663664
1663665
1663666
1663667
1663668
1663669
1665460
1665461
1665462
1665463
1665464
1665465
1665466
1665467
1665468
1665469
1665660
1665661
1665662
1665663
1665664
1665665
1665666
1665667
1665668
1665669
1665670
1665671
1665672
1665673
1665674
1665675
1665676
1665677
1665678
1665679
1665680
1665681
1665682
1665683
1665684
1665685
1665686
1665687
1665688
1665689
1870340
1870341
1870343
1870346
1870351
1873410
1873411
1873412
1873413
1873414
1873415
1873416
1873417
1873418
1873419
1873453
1873454
1873455
1873456
1873457
1873458
1873459
1873480
1873481
1873482
1873483
1873484
1873485
1873486
1873487
1873488
1873489
1873490
1873491
1873492
1873510
1873511
1873512
1873513
1873514
1873515
1873516
1873517
1873518
1873519
1873536
1873537
1873538
1873539
1310000
1310001
1310011
1310014
1310341
1310343
1310344
1310351
1311100
1311104
1311105
1311106
1311107
1311108
1311109
1313300
1313301
1313302
1319100
1319104
1319105
1319106
1319107
1319108
1319109
1730341
1730343
1730344
1730351
1733501
1733510
1733581
1971351
1340340
1340341
1340343
1340345
1340346
1340351
1340369
1345310
1345311
1345312
1345313
1345314
1345315
1345316
1345317
1345318
1345319
1345340
1345341
1345342
1345343
1345344
1345345
1345346
1345347
1346680
1346681
1346682
1346683
1346684
1346685
1346686
1346687
1348530
1348531
1348532
1348533
1348534
1348535
1348536
1348537
1348538
1580340
1580341
1580343
1580346
1580351
1583400
1583401
1583402
1583403
1583404
1583405
1583406
1583407
1583410
1583411
1583412
1583413
1583414
1583415
1583416
1583417
1583418
1583419
1583510
1583511
1583512
1583513
1760341
1760351
1763510
1763511
1763512
1763513
1763514
1763515
1763516
1763517
1763518
1763519
1763533
1763534
1763535
1763536
1763537
1763538
1763539
1763567
1763568
1763569
1763570
1763571
1763572
1763656
1763657
1763658
1763659
1763660
1763661
1763662
1763663
1763664
1763665
1763666
1763667
1763668
1763669
1763670
1763671
1763672
1763673
1763674
1763675
1763676
1763677
1763678
1763679
1763680
1763681
1763682
1763683
1763684
1763685
1763686
1763687
1763688
1763689
1763690
1763691
1763692
1763693
1763694
1763695
1763696
1763697
1763698
1763699
1765080
1765081
1765082
1765083
1765084
1765085
1765086
1765087
1765088
1765089
1769600
1769601
1769602
1769603
1769604
1769605
1769606
1769607
1769608
1769609
1769610
1769611
1510340
1510341
1510343
1510346
1510351
1511030
1511031
1511032
1511033
1511034
1511035
1511036
1511037
1511038
1511039
1511040
1511041
1511042
1513508
1513509
1513510
1513511
1513512
1513513
1513514
1513515
1513516
1513517
1513518
1513519
1820341
1820351
1823400
1823401
1823402
1823403
1823404
1823405
1823406
1823407
1823408
1823409
1823410
1823411
1823412
1823413
1823414
1823415
1823416
1823417
1823418
1823419
1823510
1823511
1823512
1823513
1823514
1823515
1823516
1823517
1823518
1823519
1990340
1990341
1990343
1990346
1990351
1993491
1993492
1993494
1993495
1993496
1993497
1993498
1993499
1993510
1993511
1993512
1993513
1993514
1993515
1993516
1993517
1993518
1993519
1993524
1993525
1993526
1993531
1993532
1993534
1993535
1993536
1993537
1993538
1993539
1993551
1993564
1993565
1993566
1993567
1993584
1993585
1993586
1560340
1560341
1560343
1560346
1560351
1563496
1563497
1563498
1563499
1563510
1563511
1563512
1563513
1563514
1563515
1563516
1563517
1563518
1563519
1563536
1563537
1563538
1563539
1569830
1569831
1569832
1569833
1569834
1569840
1569841
1569855
1569856
1569857
1569858
1569859
1780351
1783510
1783511
1783512
1783513
1783514
1783515
1783516
1783517
1783518
1783519
1783560
1783561
1783562
1783563
1783564
1783602
1783603
1783604
1783605
1783620
1783621
1783622
1783623
1783624
1783660
1783661
1783662
1783663
1783664
1786720
1789120
1789121
1789122
1789123
1789124
1789781
1850346
1850351
1853400
1853439
1853441
1853443
1853456
1853457
1853460
1853461
1853462
1853463
1853464
1853465
1853466
1853467
1853468
1853469
1853475
1853510
1853511
1853512
1853513
1853514
1853515
1853516
1853517
1853518
1853519
1853620
1853621
1853622
1853623
1853624
1853625
1853626
1853627
1853628
1853629
1853630
1853631
1853632
1853633
1853634
1853635
1853636
1853637
1853638
1853639
1853660
1853661
1853662
1853663
1853664
1853665
1853666
1853667
1853668
1853669
1853680
1853681
1853682
1853683
1853684
1853685
1853686
1853687
1853688
1853689
1330340
1330341
1330343
1330346
1330351
1331341
1331343
1331351
1332740
1332741
1332743
1332746
1332751
1333340
1333341
1333343
1333346
1333351
1335341
1335343
1335351
1336341
1336343
1336344
1336351
1337421
1338341
1338343
1338351
1339340
1339341
1339343
1339351
1712900
1712901
1712902
1712903
1712904
1712905
1712906
1712907
1712908
1712909
1712910
1712911
1712912
1712913
1712914
1712915
1712916
1713350
1713351
1713353
1713354
1713356
1713357
1713358
1713359
1713680
1713681
1713682
1713683
1713684
1713685
1713686
1713687
1713688
1713689
1713690
1713691
1713692
1713693
1713694
1713695
1713696
1713697
1713698
1713699
1713890
1713891
1713892
1713893
1713895
1713896
1713897
1713899
1715351
1715353
1716351
1717351
1718350
1718351
1718356
1718357
1718358
1718359
1719350
1719351
1719357
1719358
1719359
1719780
1719781
1719782
1719783
1719784
1719785
1719786
1719787
1719788
1719789
1360351
1360353
1360355
1360356
1360358
1361341
1361344
1361345
1361346
1361347
1361348
1361351
1362061
1362341
1362345
1362346
1362347
1362351
1362360
1362361
1362362
1362363
1362364
1362365
1362366
1362367
1363341
1363344
1363345
1363347
1363351
1364341
1364345
1364346
1364347
1364351
1364360
1364361
1364366
1364369
1365340
1365341
1365351
1365360
1365364
1365365
1365366
1365368
1366351
1366361
1950351
1951140
1958154
1958155
1958156
1958157
1958158
1958159
1890340
1890341
1890343
1890346
1890351
1893510
1893511
1893512
1893513
1893514
1893515
1893518
1893519
1800340
1800341
1800343
1800346
1800351
1803510
1803511
1803512
1803513
1803514
1803515
1803516
1803517
1803518
1803519
1530341
1530351
1533102
1533300
1533301
1533341
1533342
1533343
1533351
1533360
1533361
1533364
1533365
1533366
1533368
1534065
1534066
1534067
1534068
1534069
1534070
1534071
1534340
1534341
1534342
1534343
1534348
1534351
1536451
1536461
1536471
1536481
1536483
1536491
1536492
1536493
1536494
1536496
1538340
1538341
1538343
1538346
1538351
1538361
1538674
1538681
1538688
1538699
1538851
1539251
1539261
1539262
1539263
1500340
1500341
1500343
1500346
1500351
1503400
1503401
1503402
1503403
1503404
1503405
1503406
1503407
1503408
1503409
1503410
1503411
1503412
1503413
1503414
1503415
1503416
1503417
1503418
1503419
1503440
1503441
1503442
1503510
1503511
1503512
1503513
1503514
1503515
1503516
1503517
1503518
1503519
1503568
1503569
1830341
1830351
1833470
1833471
1833472
1833473
1833474
1833475
1833476
1833477
1833478
1833479
1833510
1833511
1833512
1833513
1833514
1833515
1833516
1833517
1833518
1833519
1623510
1623512
1590340
1590341
1590343
1590346
1590351
1593404
1593410
1593411
1593412
1593413
1593414
1593415
1593510
1593511
1593512
1593513
1593514
1593515
1593561
1593562
1770340
1770341
1770343
1770346
1770351
1773492
1773494
1773510
1773511
1773512
1773513
1773514
1773515
1773516
1773517
1773518
1773519
1773527
1773534
1773535
1773536
1773537
1773557
1773561
1773564
1773574
1773575
1450160
1450161
1450162
1450163
1450164
1450165
1450166
1450167
1450168
1450169
1452271
1452273
1452281
1452291
1452293
1452296
1453095
1453096
1453272
1453273
1453274
1453290
1453291
1453292
1453293
1453294
1453295
1453296
1453297
1453298
1453299
1454180
1454181
1454190
1454191
1350350
1350351
1350354
1350971
1350973
1351351
1351360
1351361
1351362
1351363
1351364
1354611
1354630
1354631
1354632
1354633
1354634
1354635
1354636
1354637
1354638
1354639
1354640
1354641
1354642
1354643
1354644
1354645
1354646
1354647
1354671
1354672
1359313
1359314
1359315
1359316
1359317
1359318
1359319
1720050
1720051
1720052
1720053
1720054
1720055
1720056
1720057
1720058
1720059
1720060
1720061
1720062
1720063
1720064
1720065
1720066
1720067
1720068
1720069
1300700
1300701
1300702
1300703
1300704
1300707
1300708
1300709
1301070
1301530
1301534
1301537
1301538
1301540
1301544
1301547
1301548
1302700
1302701
1302702
1302703
1302704
1302707
1302708
1302709
1303348
1303800
1303808
1306800
1306804
1306807
1306808
1307350
1307351
1307352
1307353
1307354
1307355
1307356
1307357
1307358
1307359
1308031
1309900
1309904
1309905
1309906
1309907
1309908
1309909
1860341
1860344
1860345
1860346
1860347
1860348
1860351
1861351
1863430
1863431
1863432
1863433
1863434
1863435
1863436
1863437
1863438
1863439
1863440
1863441
1863443
1863451
1863510
1863511
1863512
1863513
1863514
1863515
1863516
1863517
1863518
1863519
1863528
1863529
1863541
1863544
1863557
1863558
1863559
1863579
1863610
1863611
1863612
1863613
1863614
1863615
1863616
1863617
1863618
1863619
1863660
1863661
1863662
1863663
1863664
1863665
1863666
1863667
1863668
1863669
1863680
1863681
1863682
1863683
1863684
1863685
1863686
1863687
1863688
1863689
1863690
1863691
1863692
1863693
1863694
1863695
1863696
1863697
1863698
1863699
1864931
1864932
1864951
1550344
1550345
1550346
1550347
1550348
1550351
1550360
1550361
1550362
1550363
1550364
1550365
1550366
1550367
1550368
1550369
1551300
1551301
1551302
1551303
1551304
1551305
1551306
1551307
1551308
1551309
1551325
1551326
1551327
1551328
1551329
1551336
1551340
1551341
1551342
1551343
1551344
1551345
1551346
1551347
1551351
1551360
1551361
1551362
1551363
1551364
1551365
1551366
1551367
1551368
1551369
1551380
1551381
1551382
1551383
1551384
1551385
1551386
1551387
1551388
1551389
1552500
1552501
1552502
1552503
1552504
1552505
1552506
1552507
1552508
1552509
1552540
1552541
1552542
1552543
1552544
1552545
1552546
1552547
1552548
1552549
1553400
1553401
1553402
1553403
1553404
1553405
1553406
1553407
1553408
1553409
1553445
1553446
1553447
1553448
1553449
1553510
1553511
1553512
1553513
1553514
1553515
1553516
1553517
1553518
1553519
1553535
1553536
1553537
1553538
1553539
1553600
1553601
1553602
1553603
1553604
1553605
1553606
1553607
1553608
1553609
1553630
1553631
1553632
1553633
1553634
1553650
1553651
1553652
1553653
1553654
1553655
1553656
1553657
1553658
1553659
1553660
1553661
1553662
1553663
1553664
1553665
1553666
1553667
1553668
1553669
1553680
1553681
1553682
1553683
1553684
1553685
1553686
1553687
1553688
1553689
1553690
1553691
1553692
1553693
1553694
1553695
1553696
1553697
1553698
1553699
1558178
1558181
1558182
1558183
1558184
1558185
1558188
1558210
1558211
1558212
1390034
1390035
1390340
1390341
1390343
1390346
1390351
1393404
1393411
1393413
1393414
1393415
1393416
1393420
1393421
1393422
1393423
1393424
1393450
1393451
1393452
1393453
1393454
1393455
1393456
1393457
1393458
1393459
1393460
1393461
1393462
1393463
1393464
1393465
1393466
1393510
1393511
1393512
1393513
1393514
1393515
1393516
1393517
1393518
1393519
1399420
1399421
1399422
1399423
1399424
1399425
1399426
1399427
1399428
1399429
1671340
1671341
1671342
1671343
1671344
1671345
1671346
1671347
1671348
1671351
1672340
1672341
1672342
1672343
1672344
1672345
1672346
1672347
1672348
1672351
1672820
1672821
1672822
1672823
1672824
1672825
1672826
1672827
1672828
1672829
1672850
1672851
1672852
1672853
1672854
1672855
1672856
1672857
1672858
1672859
1672860
1672861
1672862
1672863
1673340
1673341
1673342
1673343
1673344
1673345
1673346
1673347
1673348
1673351
1674340
1674351
