1800472
1804720
1804721
1804722
1804723
1804724
1804725
1804726
1804727
1804728
1804729
1530472
1532672
1532690
1532691
1532692
1533272
1533292
1533293
1533472
1533550
1533551
1533552
1533559
1534422
1535289
1535490
1535491
1535495
1535496
1535497
1537472
1537487
1537488
1538472
1538484
1538485
1538486
1538487
1538972
1539100
1539101
1539102
1539103
1539120
1539121
1539472
1890472
1894720
1894721
1894722
1894723
1894724
1894725
1894726
1894727
1894728
1894729
1894771
1894772
1894773
1360472
1361472
1361482
1362472
1362482
1362483
1363472
1364472
1364482
1364483
1364487
1365472
1365484
1365487
1366402
1366403
1366406
1366407
1366472
1366473
1366477
1366484
1366487
1367472
1367473
1367477
1368472
1369472
1712575
1712576
1712577
1712578
1712579
1712580
1712581
1712582
1712583
1712584
1712585
1712586
1712587
1712588
1712589
1713472
1713487
1713488
1713489
1715804
1716804
1717803
1717804
1717805
1717806
1717807
1717808
1717809
1718876
1718878
1718879
1719470
1719472
1719473
1719474
1330472
1331472
1331484
1331485
1331486
1332717
1332718
1332719
1333717
1333718
1333719
1334707
1334708
1334709
1334717
1334718
1334719
1335472
1335486
1338472
1338484
1338485
1338486
1339472
1560472
1564720
1564721
1564722
1564723
1564724
1564725
1564726
1564727
1564728
1564729
1566130
1566131
1566132
1566133
1566134
1566135
1566136
1566137
1566138
1566139
1566140
1566141
1566142
1566143
1566144
1566145
1566146
1566147
1566148
1566149
1566150
1566151
1566152
1566153
1566154
1566155
1566156
1566157
1566158
1566159
1566160
1566161
1566162
1566163
1566164
1566165
1566166
1566167
1566168
1566169
1569090
1569098
1569472
1850472
1850492
1854720
1854721
1854722
1854723
1854724
1854725
1854726
1854727
1854728
1854729
1858610
1858611
1858612
1858613
1858614
1858615
1858616
1858617
1858618
1858619
1780067
1780472
1780487
1780492
1781402
1781412
1781420
1781422
1781423
1781428
1781437
1784724
1784727
1784728
1784729
1784742
1784872
1788767
1789722
1990472
1994712
1996902
1997552
1997562
1999762
1390047
1390472
1394720
1394721
1394722
1394723
1394724
1394725
1394726
1394727
1394728
1394729
1394832
1394842
1394852
1394872
1394873
1394882
1394892
1671470
1671472
1671473
1671484
1671485
1672472
1672488
1672489
1672780
1672781
1672782
1672783
1672784
1672785
1672786
1672787
1672788
1672789
1672804
1672807
1672808
1672809
1673472
1860472
1861472
1861483
1861484
1864720
1864721
1864722
1864723
1864724
1864728
1864798
1864799
1864825
1864826
1864827
1864846
1864847
1864848
1864849
1864860
1864861
1864862
1864863
1864864
1868610
1868611
1868612
1868613
1868614
1868615
1868616
1868617
1868618
1868619
1869740
1869741
1550472
1550489
1554010
1554011
1554012
1554013
1554014
1554015
1554016
1554017
1554018
1554019
1554020
1554021
1554022
1554023
1554024
1554025
1554026
1554027
1554028
1554029
1554085
1554086
1554087
1554088
1554089
1554720
1554721
1554722
1554723
1554724
1554725
1554726
1554727
1554728
1554729
1554730
1554731
1554732
1554733
1554734
1554810
1554811
1554812
1554813
1554814
1556125
1556126
1556127
1556128
1556129
1556131
1556132
1556133
1556134
1556135
1556136
1556137
1556138
1556139
1556140
1556141
1556142
1556143
1556144
1556145
1556146
1556147
1556148
1556149
1556150
1556151
1556152
1556153
1556154
1556155
1556156
1556157
1556158
1556159
1559830
1559831
1559832
1559833
1559834
1559835
1559836
1559837
1559838
1559839
1559840
1559841
1559842
1559843
1559844
1559845
1559846
1559847
1559848
1559849
1300095
1300954
1300955
1300956
1301504
1301505
1301506
1301515
1301516
1301524
1301525
1301526
1301955
1301956
1302043
1302954
1302955
1302956
1303046
1303047
1303048
1303049
1303955
1303956
1303957
1303958
1308021
1308022
1308153
1308154
1308472
1308844
1308845
1308856
1350062
1351472
1351489
1450260
1450261
1450262
1450263
1450264
1450265
1450266
1450267
1450268
1450269
1450272
1452490
1452491
1452492
1452493
1452494
1453481
1453482
1454322
1454323
1454332
1459173
1459174
1459175
1590472
1592442
1592444
1593492
1594702
1594708
1594712
1594718
1594722
1594723
1594732
1594752
1594762
1594942
1594948
1770472
1770484
1770486
1774703
1774704
1774705
1774720
1774721
1774722
1774723
1774724
1774835
1774836
1774837
1500472
1502470
1502471
1502472
1502473
1502474
1502475
1502476
1502477
1502478
1502479
1503470
1503471
1503472
1503473
1503474
1503475
1503476
1504470
1504471
1504472
1504493
1504494
1504495
1504496
1504497
1504498
1504499
1504720
1504721
1504722
1504723
1504724
1504740
1504815
1504816
1504817
1504819
1504920
1504921
1504922
1504923
1504924
1504925
1504926
1504927
1504928
1504929
1504930
1504931
1504932
1504933
1504934
1504935
1504936
1504937
1504938
1830472
1834720
1834721
1834722
1834723
1834724
1834725
1834726
1834727
1834728
1834729
1834780
1834781
1834782
1834783
1834784
1980472
1980492
1981568
1984719
1984720
1984721
1984722
1984723
1984772
1984773
1984778
1984779
1988862
1989672
1650472
1650733
1651472
1651861
1651865
1652472
1653472
1655472
1570472
1571472
1571489
1573472
1575472
1576472
1576490
1576491
1576492
1576493
1576494
1576495
1576496
1576497
1577123
1577124
1577125
1577126
1577127
1577128
1577129
1577472
1840472
1840488
1841432
1844712
1844723
1844724
1844725
1910472
1914712
1914720
1320472
1321472
1321490
1321491
1321492
1321493
1321494
1321495
1321496
1322470
1322471
1322472
1322485
1322486
1322487
1323472
1323480
1323481
1324512
1324513
1327472
1327486
1328470
1328471
1328472
1328480
1329472
1329486
1329691
1329692
1329693
1700472
1700473
1700474
1701475
1701476
1701477
1702472
1702473
1702474
1702475
1702646
1702647
1702648
1704570
1704571
1704572
1704573
1704574
1704575
1704576
1704577
1704578
1704579
1704580
1704581
1704582
1704583
1704584
1704585
1704586
1704587
1704588
1704589
1705224
1705433
1705434
1705435
1705436
1705437
1705786
1708475
1708476
1708477
1708478
1708479
1474712
1474720
1474721
1474722
1474723
1474724
1474725
1474726
1474727
1474728
1478472
1479472
1479482
1479492
1370472
1370473
1372212
1372213
1373472
1373480
1373992
1373997
1374720
1374721
1374722
1374723
1374724
1374725
1374726
1374727
1374728
1374729
1374800
1374801
1374802
1374803
1374820
1374821
1374822
1374823
1374824
1374825
1374826
1374827
1374828
1374829
1375402
1375412
1378942
1378952
1378962
1378972
1750472
1750488
1750489
1754720
1754721
1754722
1754723
1754724
1754725
1754726
1754727
1754728
1754729
1754780
1754781
1754782
1754783
1754784
1754785
1754786
1754787
1754788
1754789
1880472
1884720
1884721
1884722
1884723
1884724
1884725
1884726
1884727
1884728
1884729
1884812
1884813
1810472
1810488
1810489
1814720
1814721
1814722
1814723
1814724
1814725
1814726
1814727
1814728
1814729
1814735
1814736
1814737
1814749
1814792
1814793
1814794
1814795
1814796
1814797
1814832
1520472
1524720
1524721
1524722
1524723
1524724
1524725
1524726
1524727
1524728
1524729
1510472
1512480
1512481
1512482
1512483
1512484
1512485
1512486
1512487
1512488
1512489
1514472
1514720
1514721
1514722
1514723
1514724
1514725
1514726
1514727
1514728
1514729
1514820
1514821
1514822
1514823
1514824
1514899
1514930
1514931
1514932
1514933
1514934
1514935
1514936
1514937
1514938
1514939
1517490
1517491
1517492
1517493
1517494
1517495
1517496
1517497
1517498
1517499
1518479
1820472
1820485
1824720
1824721
1824722
1824723
1824724
1824725
1824726
1824727
1824728
1824729
1824802
1824815
1824816
1580472
1584708
1584720
1584721
1584722
1584723
1584724
1584725
1584726
1584727
1584728
1584729
1584763
1584764
1584765
1584769
1584779
1584820
1584821
1584822
1584823
1584824
1584825
1584826
1584827
1584828
1584829
1584860
1584861
1584862
1584863
1584864
1584866
1584867
1584868
1584869
1584879
1584880
1584881
1584882
1584883
1584884
1584886
1584887
1584888
1584920
1584921
1584922
1584923
1584924
1584925
1584926
1584927
1584928
1584929
1584946
1584947
1584948
1584949
1760472
1760489
1761472
1761482
1768472
1345132
1347472
1347482
1347492
1347497
1347498
1347499
1348472
1348852
1348853
1730472
1730485
1730489
1731438
1731439
1313472
1313489
1314240
1314241
1314242
1314243
1314244
1314261
1314263
1314264
1314526
1314527
1315472
1317120
1317121
1317122
1317123
1317124
1317125
1317126
1317127
1317128
1317129
1317143
1317144
1317145
1317146
1317147
1317148
1319069
1319070
1319071
1319072
1319073
1319074
1319075
1319144
1319145
1319146
1319147
1319148
1319149
1870472
1874710
1874712
1874720
1874721
1874722
1874723
1874724
1874725
1874726
1874727
1874728
1874729
1874741
1874742
1874824
1874825
1874826
1874827
1874828
1380472
1380477
1384720
1384721
1384722
1384723
1384724
1384725
1384726
1384727
1384728
1384729
1384738
1384739
1384800
1384801
1384802
1384820
1384821
1384822
1384823
1384824
1384825
1384826
1384827
1384828
1384829
1384842
1384852
1384853
1384862
1384863
1384872
1384873
1384882
1384883
1384892
1660472
1660490
1660491
1660492
1660493
1660494
1660495
1660496
1660497
1660498
1660499
1664720
1664721
1664722
1664723
1664724
1664725
1664726
1664727
1664728
1664729
1664770
1664771
1664772
1664774
