1990744
1991844
1997440
1997441
1997442
1997443
1997444
1997445
1997446
1997447
1997448
1997449
1997689
1850744
1856919
1856920
1856921
1856922
1857044
1857440
1857441
1857447
1857448
1857449
1787224
1787293
1787294
1787390
1787391
1787776
1788697
1560744
1561608
1561609
1567440
1567441
1567442
1567443
1567444
1567445
1567446
1567447
1567448
1567449
1569744
1330744
1331744
1331964
1332724
1333724
1334874
1334964
1336584
1336744
1337897
1338744
1339744
1953619
1956884
1361744
1362744
1363744
1890744
1897440
1897441
1897442
1897443
1897444
1897445
1897446
1897447
1897448
1897449
1530744
1534324
1534444
1534844
1534849
1536436
1536437
1536438
1536744
1536766
1536767
1536768
1536769
1537744
1538744
1800744
1807440
1807441
1807442
1807443
1807444
1807445
1807446
1807447
1807448
1807449
1807566
1830744
1837429
1837440
1837441
1837442
1837443
1837444
1500744
1507440
1507441
1507442
1507443
1507444
1507445
1507446
1507447
1507448
1507449
1770744
1771174
1774264
1774265
1774266
1775264
1775265
1776920
1776921
1776944
1777440
1777441
1777442
1777443
1777444
1777445
1777446
1777447
1777448
1777449
1777598
1590740
1590744
1597440
1597441
1597442
1597443
1597444
1452744
1453744
1454518
1457377
1458789
1458790
1458791
1458792
1351744
1357440
1357441
1357442
1357443
1357444
1357445
1357446
1357447
1357448
1357449
1726744
1303675
1303676
1303744
1308540
1308541
1550744
1557685
1557686
1557687
1557688
1557689
1558054
1558055
1558056
1558057
1558058
1558059
1558060
1558061
1558064
1860744
1860844
1861393
1862744
1867440
1867441
1867442
1867443
1867444
1867447
1390744
1397440
1397441
1397442
1397443
1397444
1397445
1397446
1397447
1397448
1397449
1520744
1527440
1527441
1527442
1527443
1527444
1527445
1527446
1527447
1527448
1527449
1810744
1814330
1817440
1817444
1817446
1817447
1817448
1817449
1750744
1758013
1758044
1758144
1758165
1758244
1880744
1886726
1886727
1886728
1886729
1887440
1887441
1887442
1887443
1887444
1887445
1887446
1887447
1887448
1887449
1889069
1889744
1370744
1376217
1376218
1376219
1378744
1378794
1378795
1378796
1378797
1378934
1470744
1478640
1478641
1478642
1478643
1478644
1320744
1321264
1321744
1323744
1325744
1327222
1329744
1329855
1910744
1910844
1917440
1917441
1917442
1917443
1917444
1917445
1917446
1917447
1917448
1917449
1840744
1847440
1847441
1847442
1847443
1847444
1847445
1847446
1847447
1847448
1847449
1847838
1847839
1570744
1571744
1572749
1980744
1981341
1984816
1987354
1987355
1989190
1989226
1989227
1989228
1989229
1989425
1989645
1651181
1651744
1660744
1661882
1667000
1667001
1667002
1667003
1667004
1667005
1667006
1667007
1667044
1380744
1870744
1877451
1877452
1877453
1877454
1879749
1879750
1879751
1879752
1879753
1310024
1310714
1310744
1311744
1313523
1317044
1317421
1317424
1730744
1730844
1734265
1734266
1734267
1734268
1734269
1734744
1736944
1737440
1737441
1737442
1737443
1737444
1737445
1737446
1737449
1737599
1737779
1739726
1739727
1739728
1739729
1340744
1346744
1346789
1346919
1348744
1348784
1760744
1765244
1768051
1580744
1587440
1587441
1587442
1587443
1587444
1587445
1587446
1587447
1587448
1587449
1589744
1820744
1822955
1822956
1822957
1510744
1517440
1517441
1517442
1517443
1517444
1517445
1517446
1517447
1517448
1517449
