1530812
1532812
1532857
1532858
1532859
1535140
1537826
1537829
1537841
1537853
1537854
1537855
1539018
1539772
1801115
1801116
1804046
1804049
1804811
1806492
1808073
1808074
1808075
1808076
1808144
1808145
1808953
1808954
1808955
1808956
1809025
1809026
1809048
1809631
1361812
1362812
1364812
1367839
1368433
1368434
1368435
1369609
1369833
1890812
1894288
1898015
1898016
1898120
1898121
1898122
1898123
1898124
1898125
1898126
1898127
1898128
1898129
1330812
1332073
1332075
1333073
1333075
1334073
1334075
1335003
1335049
1337817
1339844
1991540
1991541
1991542
1991545
1993095
1993418
1993854
1994076
1994077
1994078
1995096
1995097
1996060
1996061
1996062
1996119
1996130
1996131
1996132
1996133
1996134
1996135
1996136
1996137
1996138
1996139
1998184
1998185
1998186
1998187
1998188
1998189
1998190
1998191
1998192
1998250
1850839
1858206
1858296
1858297
1858298
1858343
1858417
1858426
1780828
1780829
1780839
1784480
1784481
1784482
1784483
1788252
1788253
1788310
1788311
1788312
1560812
1568220
1568221
1569299
1550808
1550809
1550839
1552080
1558316
1558317
1558318
1558319
1558390
1558391
1558392
1860839
1868390
1868391
1868392
1868394
1868396
1868397
1868398
1868399
1390812
1398015
1398016
1398120
1398121
1398122
1398123
1398124
1398125
1398126
1398127
1398128
1398129
1726093
1930812
1300646
1300647
1303561
1303562
1306016
1308437
1308650
1308651
1309611
1309646
1309647
1771346
1771390
1771391
1772343
1773897
1773898
1774288
1774328
1774509
1774802
1776117
1776492
1777551
1777837
1777855
1778039
1778040
1778041
1778156
1778184
1778185
1778190
1779036
1779037
1779040
1590832
1590842
1592822
1592823
1598390
1598391
1598392
1598393
1598394
1598405
1598406
1598407
1598408
1598409
1598444
1598445
1452839
1453835
1453836
1453837
1453838
1453839
1454573
1350806
1351832
1351833
1354144
1354145
1354182
1354183
1354184
1354196
1354197
1354716
1354717
1354718
1354719
1354846
1354847
1355096
1355097
1355163
1355164
1355193
1355194
1356836
1356837
1830835
1830836
1830837
1830838
1830839
1838390
1838391
1838392
1838393
1838394
1838395
1838396
1838397
1838398
1838399
1838455
1838456
1838457
1838458
1838459
1839836
1839837
1839875
1839876
1839877
1839878
1839879
1508280
1508281
1508282
1508283
1508284
1848390
1848391
1848392
1848393
1848394
1848395
1848396
1848397
1848398
1848399
1570046
1570047
1570055
1570056
1570057
1570058
1570059
1570839
1572976
1576060
1576061
1576062
1980839
1981293
1984856
1984857
1988222
1988223
1988224
1988225
1988226
1651513
1651839
1700839
1320839
1321949
1321990
1321991
1321992
1910839
1914072
1914073
1914074
1915096
1915097
1916060
1916061
1916062
1918015
1918016
1918120
1918121
1918122
1918123
1918124
1918125
1918126
1918127
1918128
1918129
1918390
1918391
1918392
1918393
1918394
1919875
1919876
1919877
1919878
1919879
1750839
1880812
1880839
1888125
1888126
1888127
1888128
1888129
1888242
1888243
1888244
1888665
1888666
1888667
1888668
1888669
1379589
1472685
1472686
1478076
1478077
1478078
1478079
1478090
1478091
1478092
1478093
1478094
1478095
1478096
1478097
1478098
1478099
1478144
1478145
1528200
1528201
1528202
1528203
1528204
1528205
1528206
1528207
1528208
1528209
1528390
1528391
1528392
1528393
1528394
1528395
1528396
1528397
1528398
1528399
1528410
1528411
1528412
1528413
1528414
1528485
1528486
1528487
1528488
1528489
1811135
1811136
1811177
1811368
1811369
1811370
1811371
1811372
1811373
1811374
1811677
1811678
1812342
1812343
1814431
1816008
1818039
1818100
1818101
1818102
1818103
1818104
1818105
1818835
1819041
1819042
1819043
1822798
1822799
1822880
1822881
1822882
1822883
1822884
1824448
1824449
1828390
1828391
1828392
1828393
1828394
1828395
1828396
1828397
1828398
1828399
1828400
1828401
1828402
1828403
1828404
1828405
1828406
1828407
1828408
1828409
1828490
1828491
1828492
1828493
1828494
1828495
1828496
1828497
1828498
1828499
1518135
1518136
1518137
1518138
1518139
1518142
1518143
1518392
1518393
1518394
1518395
1518396
1518397
1518398
1518399
1519610
1519611
1519612
1519613
1519614
1340402
1340839
1341920
1341921
1341922
1343854
1344003
1345813
1345814
1345845
1760839
1762837
1762839
1768309
1580839
1588350
1588351
1588352
1588353
1588354
1588355
1588356
1588357
1588358
1588359
1588390
1588391
1588392
1588393
1588394
1588395
1588396
1588397
1588398
1588399
1589225
1589226
1589227
1589228
1589229
1310839
1310840
1311814
1311815
1315442
1315443
1315874
1315875
1318354
1318355
1318356
1319472
1319473
1319822
1319823
1319824
1319887
1731162
1733688
1734438
1734439
1734524
1734525
1734526
1734527
1734528
1734529
1734817
1736909
1736910
1736911
1738032
1738173
1739629
1739882
1660839
1380812
1388120
1388121
1388122
1388123
1388124
1388125
1388126
1388127
1388128
1388129
1878090
1878091
1878092
1878093
1878094
1878095
1878096
1878097
1878098
1878099
1878120
1878121
1878122
1878123
1878124
1878125
1878126
1878127
1878128
1878129
1878345
1878346
1878347
1878348
1878349
1878490
1878491
1878492
1878493
1878494
