1525920
1525921
1525922
1525923
1525924
1525925
1525926
1525927
1525928
1525929
1526020
1526021
1526022
1526023
1526024
1528020
1528021
1528022
1528023
1528024
1528025
1528026
1528027
1528028
1528029
1810055
1810056
1810592
1810608
1810609
1810690
1810693
1810695
1810696
1810697
1810698
1812071
1812072
1812073
1812074
1812075
1812076
1812077
1812078
1814408
1814409
1814410
1814411
1814412
1814413
1814414
1814415
1814416
1814612
1814950
1814951
1814952
1815007
1815008
1815009
1815010
1815011
1815012
1815013
1815015
1815016
1815017
1815034
1815035
1815036
1815037
1815038
1815039
1815040
1815088
1815089
1815090
1815928
1815929
1815988
1815989
1750592
1750606
1750607
1750608
1750609
1750692
1755902
1755930
1755931
1755932
1880505
1880506
1880507
1880592
1885000
1885001
1885002
1885003
1885004
1885005
1885006
1885007
1885008
1885009
1885015
1885016
1885017
1885018
1885019
1885030
1885031
1885032
1885033
1885034
1885050
1885051
1885052
1885053
1885054
1885055
1885056
1885057
1885058
1885059
1885920
1885921
1885922
1885923
1885924
1885925
1885926
1885927
1885928
1885929
1886000
1886001
1886002
1886003
1886004
1886005
1886006
1886007
1886008
1886009
1887640
1887641
1887642
1887643
1887644
1470005
1470006
1470007
1470008
1470009
1475920
1475921
1475922
1475923
1475924
1475925
1475926
1475927
1475928
1475929
1475975
1475976
1475977
1475978
1475979
1476000
1476001
1476002
1476003
1476004
1372087
1372088
1372089
1377465
1377466
1377467
1377468
1377469
1377992
1377993
1377994
1377995
1377996
1377997
1377998
1377999
1379925
1379926
1379927
1379928
1379929
1379973
1379974
1379975
1379976
1379977
1379978
1379979
1379984
1700506
1700507
1700508
1700509
1700592
1700593
1700594
1700596
1700597
1700598
1700599
1700690
1700691
1701570
1701571
1701572
1701573
1701574
1701575
1701576
1701577
1701578
1701579
1701580
1701581
1702080
1702081
1702082
1702083
1702084
1702085
1702086
1702087
1702088
1702089
1702090
1702091
1702092
1702093
1702094
1702095
1702096
1702097
1702098
1702099
1704049
1704050
1704051
1704052
1705019
1705050
1705051
1705054
1705064
1705074
1705084
1705088
1705094
1705099
1705131
1705352
1705354
1705509
1705620
1705684
1705722
1705771
1705822
1706143
1706144
1706145
1706146
1706147
1706148
1706149
1706150
1706151
1706152
1706153
1706154
1706155
1706156
1706157
1706158
1706159
1706160
1706161
1706162
1706163
1706164
1706165
1706166
1706167
1707540
1707541
1708190
1708194
1708582
1708583
1708584
1708585
1708586
1708587
1708588
1708589
1320592
1321501
1321502
1321591
1321592
1321594
1322503
1322507
1322508
1322592
1322596
1323500
1323592
1325506
1325590
1325594
1325598
1327500
1327502
1327504
1327592
1327602
1327696
1328592
1328597
1329078
1329592
1910502
1910592
1840500
1840501
1840502
1840503
1840504
1840505
1840506
1840507
1840508
1840509
1845000
1845001
1845002
1845003
1845004
1845025
1845026
1845027
1845028
1845029
1845920
1845921
1845922
1845923
1845924
1845925
1845926
1845927
1845928
1845929
1570592
1571060
1571061
1571062
1571063
1571064
1571065
1571066
1571067
1571068
1571069
1571150
1571151
1571152
1571153
1571154
1571155
1571156
1571157
1571158
1571159
1574050
1575070
1575071
1575072
1575073
1575074
1575075
1575076
1575077
1575078
1575079
1575920
1575921
1575922
1575923
1575924
1575925
1575926
1575927
1575928
1575929
1579495
1579496
1579497
1579498
1579499
1983541
1983565
1983566
1983567
1983568
1983569
1984052
1985915
1985916
1985917
1985918
1985919
1985920
1985921
1985922
1985923
1985924
1985925
1985926
1985927
1985928
1985929
1985942
1989040
1989666
1989667
1989668
1650142
1650301
1650592
1650622
1650641
1651182
1651319
1651867
1652088
1652131
1652152
1652159
1652178
1652592
1653892
1655094
1655594
1655924
1656599
1657088
1657135
1657177
1660592
1665912
1665913
1665914
1665915
1665916
1665917
1665918
1665919
1665945
1380059
1380062
1380600
1380601
1380602
1380603
1380604
1380605
1380606
1380607
1380608
1380609
1385000
1385001
1385002
1385003
1385004
1385005
1385006
1385007
1385008
1385009
1385990
1385991
1385992
1385993
1385994
1385995
1385996
1385997
1385998
1385999
1386010
1386011
1386012
1386013
1386014
1386015
1386016
1386017
1386018
1386019
1386040
1386041
1386042
1386043
1386044
1386045
1386046
1386047
1386048
1386049
1870592
1875020
1875021
1875022
1875023
1875024
1875025
1875026
1875027
1875028
1875029
1875090
1875091
1875092
1875093
1875094
1875920
1875921
1875922
1875923
1875924
1875925
1875926
1875927
1875928
1875929
1310143
1311059
1311092
1311093
1312336
1312337
1312338
1312339
1312407
1312408
1312409
1312445
1315920
1315921
1315922
1315923
1315925
1315926
1315927
1316390
1316399
1316487
1316488
1316489
1317825
1317827
1317835
1319407
1319408
1319409
1730592
1730600
1730601
1730602
1733870
1733871
1733872
1733873
1733874
1733875
1733876
1733877
1733878
1733879
1734621
1734622
1734623
1734624
1734625
1734626
1734962
1735000
1735001
1735002
1735003
1735004
1735080
1735081
1735082
1735083
1735084
1735085
1735086
1735087
1735088
1735089
1735923
1735924
1735925
1735926
1735927
1735928
1735929
1735944
1735945
1735946
1735947
1735987
1735988
1735989
1340060
1340061
1340062
1340063
1340064
1340065
1340066
1340067
1340068
1340069
1340070
1340071
1340072
1340073
1340074
1340075
1340076
1340077
1340078
1340079
1345900
1345901
1345902
1345903
1345904
1345920
1345921
1345922
1345923
1345924
1345925
1345926
1345927
1345928
1345929
1760505
1760506
1760507
1760508
1760509
1760592
1765914
1765915
1765916
1767998
1768920
1768921
1768932
1768933
1768945
1768946
1768994
1580590
1580591
1580592
1580593
1580594
1585920
1585921
1585922
1585923
1585924
1585925
1585926
1585927
1585928
1585929
1586070
1586071
1586072
1586073
1586074
1586075
1586076
1586077
1586078
1586079
1588020
1588021
1588022
1588023
1588024
1588025
1588026
1588027
1588028
1588029
1820590
1820591
1820592
1820593
1820594
1820595
1820596
1820597
1820598
1820599
1820605
1820606
1820607
1820608
1820609
1825070
1825071
1825072
1825073
1825074
1825075
1825076
1825077
1825078
1825079
1825080
1825081
1825082
1825083
1825084
1825085
1825086
1825087
1825088
1825089
1825920
1825921
1825922
1825923
1825924
1825925
1825926
1825927
1825928
1825929
1825940
1825941
1825942
1825943
1825944
1825945
1825946
1825947
1825948
1825949
1510595
1510596
1510597
1510598
1510599
1515920
1515921
1515922
1515923
1515924
1515925
1515926
1515927
1515928
1515929
1516000
1516001
1516002
1516003
1516004
1516005
1516006
1516007
1516008
1516009
1516070
1516071
1516072
1516073
1516074
1990592
1990600
1990601
1990602
1990603
1990604
1990605
1994270
1994271
1994272
1994273
1995926
1995927
1995928
1995929
1999681
1850592
1850691
1850692
1850693
1850695
1850696
1850697
1850699
1855866
1855867
1855902
1855903
1855920
1855921
1855922
1855923
1855925
1855926
1855927
1855928
1855929
1855930
1855931
1855932
1855944
1855962
1855963
1855964
1855965
1855966
1855967
1855968
1855969
1855975
1855976
1855977
1855978
1855979
1855980
1855981
1855982
1859353
1859354
1859364
1859641
1859642
1859643
1859644
1859657
1859658
1859659
1859660
1859661
1859662
1859685
1859686
1859687
1784270
1784271
1784272
1784273
1784274
1784275
1784276
1785010
1785011
1785012
1785013
1785014
1785015
1785016
1785050
1785051
1785052
1785053
1785054
1785055
1785056
1785910
1785911
1785912
1785924
1785925
1785938
1785942
1785960
1785961
1785962
1785963
1785964
1785970
1785971
1785972
1785973
1785974
1785975
1785976
1785977
1785978
1785979
1788032
1789183
1789184
1789592
1560502
1560592
1560600
1560609
1560690
1560692
1560695
1560697
1565925
1565926
1565927
1565928
1565929
1565945
1565946
1565980
1565981
1565982
1565983
1565998
1566506
1566592
1566598
1569592
1330600
1330601
1330602
1330603
1330604
1330605
1331370
1331384
1331385
1331386
1332830
1332831
1332832
1332840
1332841
1332875
1332876
1332877
1332878
1332879
1333836
1333845
1333846
1334043
1334837
1334838
1334839
1335837
1335838
1335839
1336504
1336590
1336592
1337592
1337692
1337698
1338592
1339404
1339405
1339406
1339501
1339502
1339503
1339505
1339507
1339599
1712039
1712040
1712041
1712042
1712059
1713498
1713574
1713592
1715592
1716266
1716582
1716583
1716585
1716586
1716587
1716588
1716589
1716590
1716592
1717260
1717261
1717262
1717266
1717588
1717590
1717592
1718592
1718599
1719493
1719498
1719504
1719508
1719509
1719590
1719592
1719593
1719597
1719598
1719599
1950592
1951543
1952419
1952420
1952421
1952422
1952423
1952424
1953342
1953451
1955920
1955921
1955923
1955925
1955926
1955927
1955928
1955929
1955942
1957760
1360090
1360091
1360092
1360093
1360094
1360095
1360096
1360097
1360600
1360601
1360602
1360603
1360604
1360605
1360606
1360607
1360608
1360609
1360690
1360691
1360692
1360693
1360694
1361600
1361601
1361602
1361603
1361604
1361605
1361606
1362500
1362501
1364600
1364601
1364602
1364603
1365600
1365601
1365602
1365603
1366600
1366601
1366602
1366603
1366604
1366605
1366606
1366607
1366608
1366609
1369500
1369501
1369502
1369503
1369504
1369690
1369691
1369692
1369693
1369694
1369695
1369696
1369697
1369698
1369699
1890020
1890021
1890022
1890023
1890592
1890600
1890601
1890602
1890603
1890604
1890605
1895000
1895001
1895002
1895003
1895004
1895005
1895006
1895007
1895008
1895009
1895010
1895011
1895012
1895013
1895014
1895015
1895016
1895017
1895018
1895019
1895920
1895921
1895922
1895923
1895924
1895925
1895926
1895927
1895928
1895929
1896510
1896511
1896512
1896513
1896514
1896515
1896516
1896517
1896518
1896519
1896542
1896580
1896581
1896582
1896583
1896584
1896585
1896592
1530502
1530504
1530592
1530600
1530609
1530692
1530698
1533752
1534592
1534598
1535902
1535920
1535921
1535922
1535923
1535924
1535925
1535926
1535927
1535928
1535929
1535931
1535932
1535933
1535934
1535935
1535940
1535941
1535942
1535943
1535944
1535945
1535984
1535986
1535987
1535988
1535989
1539202
1539203
1539204
1539242
1539442
1539445
1539446
1539447
1539448
1539592
1539614
1539620
1539621
1539622
1539623
1539624
1539625
1539626
1539627
1539628
1800502
1800592
1800600
1800601
1800602
1802070
1802071
1802072
1802073
1802074
1802075
1802076
1802077
1803000
1803001
1803002
1803003
1803004
1803005
1803006
1803007
1803008
1803009
1803010
1803011
1803012
1803013
1803014
1803015
1803016
1803017
1803018
1803019
1803020
1803021
1803022
1803023
1803024
1803025
1803026
1803027
1803028
1803029
1803030
1803031
1804620
1804621
1804622
1804623
1804624
1804625
1804626
1804627
1804628
1804629
1804630
1804631
1804632
1804642
1805000
1805001
1805002
1805003
1805004
1805005
1805006
1805007
1805008
1805009
1805010
1805011
1805012
1805481
1805482
1805920
1805921
1805922
1805923
1805924
1805925
1805926
1805927
1805928
1805929
1805980
1805981
1805982
1805983
1805984
1805985
1805986
1805987
1805988
1805989
1806090
1806091
1806092
1806093
1806094
1806095
1806096
1806097
1806098
1806099
1806440
1806441
1806442
1806443
1806444
1806445
1806446
1806447
1806448
1806449
1806450
1806451
1806592
1835020
1835021
1835022
1835023
1835024
1835025
1835026
1835027
1835028
1835029
1835920
1835921
1835922
1835923
1835924
1835925
1835926
1835927
1835928
1835929
1835970
1835971
1835972
1835973
1835974
1506070
1506071
1506072
1506073
1506074
1506075
1506076
1506077
1506078
1506079
1508030
1508031
1508032
1508033
1508034
1770008
1770467
1770468
1770592
1770600
1770601
1770602
1772086
1772087
1772088
1774402
1774403
1774604
1775000
1775001
1775043
1775058
1775059
1775060
1775061
1775062
1775063
1775064
1775065
1775066
1775920
1775921
1775922
1775926
1775927
1775928
1595920
1595921
1595922
1595923
1595924
1595925
1595926
1595927
1595928
1595929
1595934
1595935
1595936
1595937
1595938
1595939
1595944
1595945
1596020
1596021
1596022
1596023
1596024
1596025
1596026
1596027
1596028
1596029
1596035
1596036
1596037
1596038
1596039
1596080
1596081
1596082
1596083
1596084
1598075
1598076
1598077
1598078
1598079
1598080
1598081
1598082
1598083
1598084
1598085
1598086
1598087
1598088
1598089
1598090
1598091
1598092
1598093
1598094
1598095
1598096
1598097
1598098
1598099
1598580
1598581
1598582
1598583
1598584
1598585
1598586
1598587
1598588
1598589
1351596
1351597
1355920
1355921
1355922
1355923
1355924
1355925
1355926
1355927
1355947
1355948
1355949
1359950
1359951
1359952
1359953
1359954
1359990
1359991
1359992
1452581
1452582
1452592
1453571
1453573
1453574
1453598
1453599
1454402
1454413
1454414
1454943
1454944
1454945
1458270
1458271
1458272
1458273
1458274
1458275
1458276
1458277
1458278
1458279
1726823
1726843
1300390
1300391
1300392
1300393
1300394
1300397
1300398
1300399
1301039
1301591
1301592
1301593
1301594
1301595
1302390
1302391
1302392
1302393
1302394
1302397
1302398
1302399
1303084
1303087
1303088
1303089
1304300
1304304
1304592
1304597
1305520
1305521
1305522
1305523
1305524
1305543
1305550
1305551
1305587
1305592
1306243
1306244
1306303
1306304
1306305
1306306
1306307
1306308
1306309
1307480
1307481
1307482
1307483
1307484
1307485
1307486
1307487
1307488
1307489
1550592
1550692
1860502
1860592
1860600
1860609
1860692
1864960
1864961
1864962
1864963
1864964
1864965
1864966
1864967
1864968
1864969
1864992
1864993
1864998
1864999
1865000
1865001
1865002
1865003
1865004
1865010
1865011
1865012
1865013
1865014
1865015
1865016
1865017
1865018
1865019
1865042
1865043
1865044
1865080
1865081
1865920
1865921
1865922
1865923
1865924
1865925
1865926
1865927
1865928
1865929
1869562
1869563
1869567
1869568
1869569
1671205
1671206
1671207
1671266
1671270
1671271
1671272
1671273
1671274
1671275
1671276
1671277
1671278
1671279
1671592
1672592
1673592
1674013
1674014
1674015
1674016
1674017
1674018
1674019
1674020
1674021
1674022
1390060
1390600
1390601
1390602
1390603
1390604
1390605
1395000
1395001
1395002
1395003
1395004
1395005
1395006
1395007
1395008
1395009
1395010
1395011
1395012
1395013
1395014
1395015
1395016
1395017
1395018
1395019
1395920
1395921
1395922
1395923
1395924
1395925
1395926
1395927
1395928
1395929
