1671530
1672530
1673530
1673703
1673704
1673705
1673706
1673707
1673708
1673709
1673740
1673741
1673742
1673743
1673770
1673771
1673772
1673773
1673774
1673775
1675618
1675630
1675636
1675650
1390530
1390540
1395300
1395301
1395302
1395303
1395304
1395305
1395306
1395307
1395308
1395309
1395400
1395401
1395402
1395403
1395404
1395405
1395406
1395407
1395408
1395409
1550530
1550540
1550640
1550641
1550642
1550653
1550654
1550655
1550656
1550660
1550661
1550662
1555010
1555011
1555012
1555013
1555014
1555015
1555016
1555017
1555018
1555019
1555073
1555074
1555075
1555076
1555077
1555078
1555200
1555201
1555202
1555203
1555204
1555205
1555206
1555207
1555208
1555209
1555230
1555231
1555232
1555233
1555234
1555235
1555236
1555237
1555238
1555239
1555300
1555301
1555302
1555303
1555304
1555305
1555306
1555307
1555308
1555309
1555401
1555452
1555453
1555456
1555458
1556200
1556201
1556202
1556203
1556204
1556205
1556206
1556207
1556208
1556209
1556270
1556271
1556272
1556273
1556274
1556275
1556276
1556277
1556278
1556279
1556280
1556281
1556400
1556401
1556402
1558940
1558941
1558942
1558943
1558944
1558945
1558946
1558947
1860530
1860540
1860544
1861529
1861530
1861547
1861548
1861549
1865300
1865301
1865302
1865303
1865304
1865305
1865306
1865307
1865308
1865309
1866150
1866151
1866152
1866153
1866154
1866155
1866156
1866157
1866158
1866159
1867853
1867854
1867855
1867856
1867857
1867858
1867859
1867860
1300179
1301269
1301296
1302051
1302064
1302179
1303455
1306153
1306154
1306155
1306156
1306157
1306158
1306159
1308148
1308269
1350530
1350890
1350898
1351530
1351860
1356130
1356131
1356132
1356133
1356134
1356135
1356136
1356137
1356138
1356139
1356385
1356386
1356387
1356388
1356389
1357300
1357301
1357302
1357303
1357304
1357305
1357306
1357307
1357308
1357309
1358300
1358301
1358302
1358303
1358304
1358305
1358306
1358307
1358308
1358309
1452530
1452540
1454352
1454760
1457000
1457356
1457357
1457358
1457769
1458575
1458576
1458577
1458578
1458579
1770530
1770540
1775300
1775301
1775302
1775303
1775304
1775305
1775306
1775307
1775308
1775309
1776328
1776329
1590530
1590540
1590804
1591004
1591012
1595300
1595301
1595302
1595303
1595304
1595305
1595306
1595307
1595472
1596302
1596440
1596441
1596442
1596443
1596444
1596460
1596461
1596462
1596463
1596464
1596465
1596466
1596467
1596468
1596469
1596530
1596544
1596550
1596565
1596566
1596567
1596568
1596569
1596580
1596581
1596582
1596583
1596584
1596585
1596586
1596587
1596588
1596589
1596677
1599091
1599092
1599093
1599094
1599095
1599096
1599097
1623472
1623627
1623628
1623629
1623630
1623631
1623634
1623637
1623640
1623642
1623644
1623645
1623646
1623650
1830056
1830057
1830058
1830059
1830530
1830540
1831540
1832540
1835300
1835301
1835302
1835303
1835304
1835305
1835306
1835307
1835308
1835309
1835400
1835401
1835402
1835403
1835404
1835405
1835406
1835407
1835408
1835409
1836400
1836401
1836402
1836403
1836404
1836405
1836406
1836407
1836408
1836409
1836600
1836601
1836602
1836603
1836604
1836605
1836606
1836607
1836608
1836609
1836900
1836901
1836902
1836903
1836904
1836905
1836906
1836907
1836908
1836909
1836910
1836911
1836912
1836913
1836914
1836915
1837540
1500530
1500540
1502010
1502011
1502012
1502013
1502014
1502015
1502016
1502017
1502018
1502019
1502020
1502021
1502022
1502023
1502024
1502025
1502026
1502027
1502028
1502029
1502040
1502041
1502042
1502043
1502044
1502045
1502046
1502047
1502048
1502049
1502050
1502051
1502052
1502053
1502054
1502055
1502056
1502057
1505300
1505301
1505302
1505303
1505304
1505305
1505306
1505307
1505308
1505309
1505400
1505401
1505402
1505403
1505404
1505405
1505406
1505407
1505408
1505409
1505465
1505466
1505467
1505468
1505469
1506344
1506345
1506346
1506347
1506348
1506349
1506500
1506501
1506502
1506503
1506504
1506505
1506506
1506507
1506508
1506509
1506530
1506540
1509260
1509820
1509821
1509822
1509823
1509830
1509831
1509832
1509833
1509834
1509835
1509836
1509837
1509838
1509839
1530530
1530540
1531530
1531540
1531560
1531561
1531562
1531563
1531564
1531565
1531566
1531567
1531568
1531569
1531848
1531849
1533530
1533540
1534530
1537610
1537611
1537612
1537613
1537614
1537686
1537693
1537694
1800530
1800540
1805300
1805301
1805302
1805303
1805304
1805305
1805306
1805307
1805308
1805309
1805448
1805449
1805457
1806328
1806329
1890530
1890540
1895300
1895301
1895302
1895303
1895304
1895307
1895308
1895309
1895475
1895476
1895477
1895478
1895479
1896305
1950540
1360530
1361530
1361540
1362530
1362540
1364530
1364540
1365530
1365540
1366530
1366540
1366860
1367530
1367540
1367860
1368530
1368540
1369530
1369540
1330530
1330540
1332620
1332621
1333620
1333621
1334620
1334621
1335530
1335540
1335620
1335621
1336530
1336540
1337530
1337540
1338530
1338540
1339530
1339540
1339620
1339621
1850530
1850540
1855300
1855301
1855302
1855303
1855305
1855306
1855307
1855308
1855440
1855441
1855442
1780530
1780540
1780600
1780601
1780602
1780603
1780604
1780605
1780606
1780607
1780608
1780609
1785200
1785210
1785230
1785240
1785280
1785287
1785288
1785289
1785290
1785291
1785292
1785293
1785294
1785300
1785301
1785302
1785303
1785304
1785305
1785306
1785307
1785308
1785309
1785400
1785401
1785402
1785403
1785404
1785405
1785406
1785407
1785408
1785409
1786040
1786067
1786149
1786170
1786171
1786172
1786173
1786174
1786175
1786176
1786177
1786178
1786179
1786218
1786219
1786400
1786401
1786402
1786403
1786404
1786405
1786406
1786407
1786408
1786409
1786500
1786501
1786502
1786503
1786504
1786511
1786530
1786540
1786669
1789530
1789540
1560530
1560540
1561500
1561510
1561514
1561520
1561530
1561540
1561550
1561560
1561570
1561580
1561590
1565300
1565301
1565302
1565303
1565304
1565305
1565306
1565307
1565308
1565309
1565348
1566616
1566618
1566650
1566662
1566684
1566691
1566821
1566822
1566823
1566824
1566825
1566829
1569819
1990530
1990540
1995300
1995301
1995302
1995303
1995304
1995305
1995306
1995307
1995308
1995309
1995400
1995401
1995402
1995444
1995445
1996300
1996301
1996302
1996303
1996304
1996372
1996373
1996374
1996390
1996391
1996392
1996990
1996991
1820530
1820540
1820640
1825300
1825301
1825302
1825303
1825304
1825305
1825306
1825307
1825308
1825309
1825400
1825401
1825402
1825403
1825404
1825405
1825406
1825407
1825408
1825409
1826400
1826401
1826402
1826403
1826404
1826405
1826406
1826407
1826408
1826409
1826500
1826501
1826502
1826503
1826504
1826505
1826506
1826507
1826508
1826509
1826530
1826540
1826580
1826581
1826582
1826640
1510530
1510540
1510630
1510640
1515300
1515301
1515302
1515303
1515304
1515305
1515306
1515307
1515308
1515309
1515440
1516300
1516301
1516302
1516303
1516304
1516305
1516306
1516307
1516308
1516309
1516530
1516540
1516973
1516974
1516975
1516976
1516977
1516978
1516979
1519245
1519246
1519247
1760530
1760540
1761520
1761521
1761522
1761523
1761524
1761525
1761526
1761527
1761528
1761529
1761530
1761550
1761551
1761552
1761553
1761554
1761555
1761556
1761557
1761558
1761559
1761560
1761561
1761562
1761563
1761564
1766030
1766031
1766032
1766135
1766137
1766138
1766140
1766141
1766142
1766143
1766144
1766145
1766146
1766147
1766148
1766149
1766930
1766931
1766932
1768650
1768651
1768652
1768653
1769446
1769447
1580530
1580540
1580670
1580671
1580672
1580673
1580674
1580675
1580676
1580677
1580678
1580679
1580699
1585300
1585301
1585302
1585303
1585304
1585305
1585306
1585307
1585308
1585309
1585400
1585401
1585402
1585403
1585404
1585405
1585406
1585407
1585408
1585409
1586324
1586349
1586441
1586442
1586443
1586444
1586460
1586461
1586462
1586463
1586464
1586465
1586466
1586467
1586468
1586469
1586500
1586501
1586502
1586503
1586504
1586505
1586506
1586507
1586508
1586509
1586510
1586511
1586512
1586513
1586514
1586515
1586516
1586517
1586530
1586566
1586567
1586568
1586569
1586580
1586581
1586582
1586583
1586584
1586585
1586586
1586587
1586588
1586589
1586610
1586639
1589866
1589867
1589868
1589869
1589895
1340223
1340224
1340225
1340530
1340540
1340600
1340601
1340602
1340603
1340604
1340605
1344055
1344155
1344255
1344355
1344455
1344556
1344655
1344755
1344756
1344855
1344955
1345544
1345545
1345588
1345598
1345599
1346500
1346501
1346502
1346503
1346504
1346530
1347500
1347501
1347502
1347503
1347504
1347530
1730530
1730540
1735380
1735465
1736226
1736227
1310530
1310540
1314530
1315307
1315308
1315309
1315684
1316530
1317339
1317349
1317605
1317610
1317611
1317620
1317621
1318155
1318156
1318157
1318158
1318159
1318406
1318407
1318408
1318409
1870530
1870540
1875300
1875301
1875302
1875303
1875304
1875305
1875306
1875307
1875308
1875309
1875400
1875401
1875402
1875403
1875404
1875405
1875406
1875407
1875408
1875409
1876450
1876451
1876452
1876500
1876501
1876502
1876503
1876504
1876505
1876530
1876540
1876900
1876901
1876902
1876903
1876904
1876905
1876906
1876907
1876908
1876909
1660530
1660540
1660630
1665220
1665221
1665222
1665223
1665224
1665300
1665301
1665302
1665303
1665304
1665305
1665306
1665307
1665308
1665309
1665430
1665431
1665432
1665433
1668812
1668813
1668814
1380530
1385300
1385301
1385302
1385303
1385304
1385305
1385306
1385307
1385308
1385309
1385400
1385401
1385402
1385403
1385404
1385405
1385406
1385407
1385408
1385409
1386970
1386971
1386972
1386973
1386974
1386975
1386976
1386977
1386978
1386979
1980530
1980540
1981249
1981487
1981946
1981955
1981956
1981957
1981958
1981959
1985300
1985301
1985302
1985303
1985304
1985305
1985306
1985307
1985308
1985309
1986100
1986101
1986102
1986103
1986104
1986105
1986106
1986107
1986108
1986160
1986161
1986162
1986163
1986164
1986165
1986166
1986167
1986168
1986169
1986240
1986241
1986300
1986301
1986302
1986303
1650178
1650207
1650307
1650327
1650530
1650540
1650678
1650688
1650789
1650849
1650950
1650990
1650998
1651148
1651264
1651265
1651268
1651336
1651387
1651394
1651407
1651409
1651530
1651587
1651588
1651589
1651780
1652163
1652261
1652264
1652265
1652266
1652269
1652303
1652304
1652385
1652386
1652396
1652530
1652540
1652569
1652580
1652595
1652624
1652659
1652676
1652733
1652755
1652937
1652938
1652957
1652966
1652985
1652991
1653030
1653043
1653050
1653091
1653124
1653125
1653148
1653209
1653210
1653291
1653346
1653486
1653530
1653559
1653560
1653568
1653630
1653785
1653799
1653819
1653823
1653830
1653876
1653878
1655000
1655012
1655015
1655030
1655040
1655049
1655240
1655245
1655300
1655301
1655302
1655303
1655304
1655305
1655306
1655307
1655308
1655309
1655400
1655401
1655402
1655403
1655404
1655405
1655406
1655407
1655408
1655409
1655530
1655685
1655693
1655698
1655699
1655751
1655752
1655764
1655827
1655835
1655890
1655891
1655893
1655901
1655930
1655934
1656003
1656026
1656052
1656053
1656070
1656080
1656246
1656247
1656248
1656404
1656502
1656503
1656506
1656509
1656530
1656800
1656806
1656807
1656809
1656821
1656823
1656827
1656838
1656853
1656855
1656856
1656857
1656871
1656875
1656879
1656893
1656897
1656903
1656908
1656909
1656925
1656970
1656971
1656972
1656973
1656974
1656975
1656976
1656977
1656979
1657183
1657186
1657198
1657205
1657210
1657216
1657223
1657246
1657249
1657263
1657275
1657283
1657299
1657309
1657356
1657363
1657366
1657382
1657386
1657500
1657502
1657503
1657505
1657508
1657514
1657530
1657540
1657547
1657586
1657615
1657693
1840530
1840540
1845300
1845301
1845302
1845303
1845304
1845305
1845306
1845307
1845308
1845309
1845400
1845401
1845402
1845403
1845404
1845405
1845406
1845407
1845408
1845409
1846235
1846236
1846237
1846238
1846239
1846390
1846391
1846392
1846393
1846394
1846395
1846396
1846397
1846398
1846399
1846400
1846401
1846402
1846403
1846404
1570530
1570540
1570640
1571530
1571540
1572530
1572540
1572570
1572571
1572600
1572601
1572602
1572603
1572604
1575300
1575301
1575302
1575303
1575304
1575305
1575306
1575307
1575308
1575309
1576400
1576401
1576402
1576403
1576404
1576405
1576406
1576407
1576408
1576409
1320530
1322530
1322540
1323530
1325530
1325540
1325620
1325621
1325643
1325663
1325664
1325892
1325893
1327530
1327540
1328530
1328540
1328705
1328749
1328790
1328791
1328792
1328793
1328794
1329019
1329034
1329530
1329540
1329649
1910530
1910540
1915300
1915301
1915302
1915303
1915304
1915305
1915306
1915307
1915308
1915309
1915342
1915343
1915384
1915385
1916302
1916303
1916342
1700040
1700530
1701057
1701059
1701120
1701121
1701122
1701140
1701141
1702120
1702121
1470530
1470540
1475300
1475301
1475302
1475303
1475304
1475305
1475306
1475307
1475308
1475309
1476800
1476801
1476802
1476803
1476804
1476805
1476806
1476807
1476808
1476809
1476975
1476976
1476977
1476978
1476979
1370530
1372390
1377496
1377497
1377498
1377499
1379145
1379146
1379147
1379148
1379149
1379300
1379301
1379302
1379303
1379304
1750530
1750540
1751530
1751540
1751565
1751566
1751567
1751568
1751569
1751570
1751571
1751572
1751573
1751574
1751575
1751576
1751577
1751578
1751579
1752850
1752851
1752852
1752853
1752854
1752855
1752856
1752857
1752858
1752859
1754574
1754575
1754576
1754577
1755300
1755301
1755302
1755303
1755304
1755305
1755306
1755307
1755308
1755309
1755400
1755401
1755402
1755403
1755404
1755405
1755406
1755407
1755408
1755409
1755410
1755411
1755530
1755540
1756019
1756050
1756051
1756052
1756053
1756054
1756055
1756056
1756057
1756058
1756059
1756308
1756309
1756370
1756371
1756372
1756373
1756374
1756375
1756376
1756377
1756378
1756379
1756750
1756751
1756752
1756753
1756754
1756755
1756756
1756757
1756758
1756759
1756760
1758827
1758828
1758829
1880530
1880540
1881530
1881600
1881601
1881602
1881603
1881604
1881605
1881606
1881607
1881608
1881609
1885300
1885301
1885302
1885303
1885304
1885305
1885306
1885307
1885308
1885309
1885400
1885401
1885402
1885403
1885404
1885405
1885406
1885407
1885408
1885409
1886500
1886501
1886502
1886503
1886504
1886505
1886506
1886507
1886508
1886509
1886530
1886540
1886660
1888838
1888839
1520530
1520540
1520640
1520648
1521530
1521540
1524402
1524403
1524404
1524405
1524406
1525300
1525301
1525302
1525303
1525304
1525305
1525306
1525307
1525308
1525309
1525400
1525401
1525402
1525403
1525404
1525405
1525406
1525407
1525408
1525409
1525440
1526400
1526401
1526402
1526403
1526404
1526405
1526406
1526407
1526408
1526409
1526440
1526500
1526501
1526502
1526503
1526504
1526505
1526506
1526507
1526508
1526509
1526530
1526540
1526541
1526580
1526640
1526699
1526900
1526901
1526902
1526903
1526904
1526905
1526906
1526907
1526908
1526909
1527500
1527501
1527502
1527503
1527504
1527505
1527506
1527507
1527508
1527509
1527530
1527540
1528870
1528871
1528872
1810530
1810540
