1550450
1550451
1550457
1550460
1550461
1550462
1550463
1550465
1550466
1554500
1554501
1554504
1554505
1554510
1554511
1554512
1554513
1554514
1554515
1554516
1554517
1554518
1554519
1554525
1554526
1554533
1554534
1554543
1554544
1554545
1554546
1554547
1554548
1554549
1554554
1554556
1554557
1554558
1554559
1554595
1554596
1554597
1554598
1554599
1554600
1554601
1554602
1554603
1554604
1554605
1554606
1554607
1554608
1554609
1554610
1554611
1554612
1554613
1554614
1554615
1554616
1554617
1554618
1554619
1554620
1554621
1554622
1554630
1554631
1554632
1554633
1554634
1554635
1554636
1554637
1554638
1554639
1554640
1554641
1554642
1554643
1554644
1554645
1554646
1554647
1554648
1554649
1554650
1554651
1554652
1554653
1554660
1554661
1554662
1554663
1554664
1554665
1554666
1554667
1554668
1554669
1556180
1556181
1556182
1556183
1556184
1556185
1556186
1556187
1556188
1556189
1559085
1559086
1559087
1559088
1559089
1860360
1860361
1860365
1860366
1860450
1860451
1860460
1860461
1861450
1861451
1864404
1864405
1864406
1864407
1864408
1864409
1864500
1864501
1864502
1864503
1864504
1864505
1864506
1864507
1864508
1864509
1864510
1864511
1864512
1864513
1864514
1864517
1864518
1864519
1864600
1864601
1864602
1864603
1864604
1864605
1864606
1864607
1864608
1864609
1864610
1864611
1864612
1864613
1864614
1864615
1864616
1864617
1864618
1864619
1864620
1864621
1864622
1864623
1864624
1864625
1864626
1864627
1864628
1864629
1864630
1864631
1864632
1864633
1864634
1864635
1864636
1864637
1864638
1864639
1864650
1864651
1864652
1864653
1864654
1864655
1864656
1864657
1864658
1864659
1864664
1868670
1868671
1868672
1868673
1868674
1868675
1868676
1868677
1868678
1868679
1868680
1868681
1868682
1868683
1868684
1868685
1868686
1868687
1868688
1868689
1671450
1671451
1671460
1671461
1671462
1671463
1671465
1671466
1671860
1671861
1671862
1671863
1671864
1671865
1671866
1671867
1671868
1671869
1671870
1671871
1671872
1671873
1671874
1671875
1671876
1671877
1671878
1671879
1671880
1671881
1671882
1671883
1671884
1671885
1671886
1671887
1671888
1671889
1671900
1671901
1671902
1671903
1671904
1671905
1671906
1671907
1671908
1671909
1671920
1671921
1671922
1671923
1671924
1671925
1671926
1671927
1671928
1671929
1671960
1671961
1671962
1671963
1671964
1671965
1671966
1671967
1671968
1671969
1671970
1671971
1671972
1671973
1671974
1671975
1671976
1671977
1671978
1671979
1671980
1671981
1671982
1671983
1671984
1671985
1671986
1671987
1671988
1671989
1671990
1671991
1671992
1671993
1671994
1671995
1671996
1671997
1671998
1671999
1672000
1672001
1672002
1672003
1672004
1672005
1672006
1672007
1672008
1672009
1672010
1672011
1672014
1672024
1672034
1672040
1672041
1672042
1672043
1672044
1672045
1672046
1672047
1672048
1672049
1672054
1672064
1672074
1672084
1672094
1672104
1672140
1672141
1672142
1672143
1672144
1672145
1672146
1672147
1672148
1672149
1672450
1672451
1672460
1672461
1672462
1672463
1672465
1672466
1673450
1673451
1673460
1673461
1673462
1673463
1673465
1673466
1674290
1674291
1674292
1674293
1674294
1674295
1674296
1674297
1674298
1674299
1674300
1674301
1674302
1674303
1674304
1674305
1674306
1674307
1674308
1674309
1674320
1674321
1674322
1674323
1674324
1674325
1674326
1674451
1675651
1390036
1390048
1390360
1390361
1390365
1390366
1390450
1390451
1390460
1390461
1390463
1390464
1390465
1390466
1390480
1390481
1393600
1393601
1393602
1393603
1393604
1393605
1393606
1393607
1393608
1393609
1393610
1393611
1393612
1393613
1393614
1393615
1393616
1393617
1393618
1393619
1393620
1393621
1393622
1393623
1393624
1393625
1393626
1393627
1393628
1393629
1393630
1393631
1393632
1393633
1393634
1393635
1393636
1393637
1393638
1393639
1393640
1393641
1393642
1393643
1393644
1393645
1393646
1393647
1393648
1393649
1393650
1393651
1393652
1393653
1393654
1393655
1393656
1393657
1393658
1393659
1393660
1393661
1393662
1393663
1393664
1393665
1393666
1393667
1393668
1393669
1394500
1394501
1394502
1394503
1394504
1394505
1394506
1394507
1394508
1394509
1394510
1394511
1394512
1394513
1394514
1394515
1394516
1394517
1394518
1394519
1394563
1394564
1394565
1394566
1394567
1394568
1394569
1394600
1394601
1394602
1394603
1394604
1394605
1394606
1394607
1394608
1394609
1394610
1394611
1394612
1394613
1394614
1394615
1394616
1394617
1394618
1394619
1394749
1394800
1394801
1394802
1394803
1394804
1394805
1394806
1394883
1300098
1300970
1300971
1300972
1300980
1300984
1300985
1300986
1300987
1300999
1301098
1301900
1301901
1301970
1301971
1301972
1302970
1302971
1302972
1302980
1302984
1302985
1302986
1302987
1302999
1303000
1303001
1303002
1303003
1303004
1303005
1303006
1303007
1303008
1303009
1303996
1303997
1303998
1303999
1304510
1304511
1304512
1304513
1304514
1304515
1304516
1304517
1304518
1304519
1305426
1305427
1305428
1305429
1305900
1305901
1305902
1305903
1306970
1306971
1306972
1306986
1306987
1306988
1306989
1307450
1307451
1307452
1307453
1307454
1307455
1307456
1307457
1307458
1307459
1308970
1308971
1308972
1308998
1308999
1309143
1309144
1309145
1309170
1309171
1309172
1309186
1309187
1309188
1309189
1770360
1770361
1770364
1770366
1770451
1771331
1774510
1774511
1774512
1774513
1774514
1774515
1774516
1774517
1774518
1774519
1774536
1774560
1774561
1774562
1774563
1774564
1774565
1774566
1774567
1774568
1774569
1775881
1775882
1775888
1776651
1776652
1776653
1776654
1776655
1776656
1776657
1776658
1776659
1778886
1778887
1779998
1590450
1590451
1590460
1590461
1590483
1594500
1594501
1594502
1594503
1594504
1594505
1594506
1594507
1594508
1594509
1594510
1594511
1594512
1594513
1594514
1594515
1594516
1594517
1594518
1594519
1594545
1594546
1594566
1594567
1594568
1594569
1594576
1594577
1594578
1594579
1594593
1594594
1594595
1594596
1594597
1594598
1594599
1594600
1594601
1594602
1594603
1594604
1594605
1594606
1594607
1594608
1594609
1594638
1594639
1350360
1350361
1350362
1350363
1350364
1350365
1350366
1350367
1350368
1350450
1350451
1350480
1350481
1350484
1351483
1450540
1450541
1450542
1450543
1450544
1450545
1450546
1450547
1450548
1450549
1450550
1450551
1450552
1450553
1450554
1450555
1450556
1450557
1450558
1450559
1452450
1452451
1452460
1452461
1452462
1452463
1452465
1452466
1452476
1452477
1452478
1452479
1453470
1453471
1453472
1453473
1454300
1454301
1454305
1454306
1454307
1960451
1830450
1830451
1830455
1830461
1830462
1830463
1832450
1832451
1832460
1832461
1834500
1834501
1834502
1834503
1834504
1834505
1834506
1834507
1834508
1834509
1834510
1834511
1834512
1834513
1834514
1834515
1834516
1834517
1834518
1834519
1834523
1834530
1834531
1834532
1834533
1834534
1834535
1834536
1834537
1834538
1834539
1834548
1834549
1834570
1834571
1834572
1834573
1834574
1834575
1834576
1834578
1834579
1834600
1834601
1834602
1834603
1834604
1834605
1834606
1834607
1834608
1834609
1834610
1834611
1834612
1834613
1834614
1834615
1834616
1834617
1834618
1834619
1834620
1834621
1834622
1834623
1834624
1834625
1834626
1834627
1834628
1834629
1834650
1834651
1834652
1834653
1834654
1834655
1834656
1834657
1834658
1834659
1834850
1834851
1834852
1834853
1834854
1834855
1834856
1834857
1834858
1834859
1834860
1834861
1834862
1834863
1834864
1834865
1834866
1834867
1834868
1834869
1500450
1500451
1500452
1500454
1500460
1500461
1500462
1500463
1500464
1500465
1500466
1500467
1500468
1500469
1504500
1504501
1504502
1504503
1504504
1504505
1504506
1504507
1504508
1504509
1504510
1504511
1504512
1504513
1504514
1504515
1504516
1504517
1504518
1504519
1504526
1504527
1504528
1504529
1504534
1504535
1504536
1504537
1504538
1504539
1504542
1504543
1504544
1504545
1504546
1504547
1504548
1504549
1504558
1504559
1504562
1504563
1504564
1504565
1504566
1504567
1504568
1504569
1504580
1504581
1504582
1504583
1504584
1504585
1504586
1504600
1504601
1504602
1504603
1504604
1504605
1504606
1504607
1504608
1504609
1504610
1504611
1504612
1504613
1504614
1504615
1504616
1504617
1504618
1504619
1504665
1504666
1504667
1504668
1504669
1504670
1504671
1504672
1504673
1504674
1504675
1504676
1504677
1504678
1504679
1504680
1504681
1504830
1504831
1508460
1508461
1508462
1508463
1508464
1508465
1508466
1508467
1508468
1508469
1622100
1622101
1622102
1622104
1622106
1622107
1622108
1622461
1622753
1530360
1530361
1530364
1530365
1530366
1530450
1530451
1530460
1530461
1530463
1530464
1530465
1530466
1530480
1530481
1530484
1532661
1532662
1532664
1532666
1533111
1533180
1533188
1533194
1533198
1534450
1534451
1800360
1800361
1800364
1800365
1800366
1800450
1800451
1800460
1800461
1800463
1800465
1800466
1804406
1804450
1804500
1804501
1804502
1804503
1804504
1804505
1804506
1804507
1804508
1804509
1804510
1804511
1804512
1804513
1804514
1804515
1804516
1804517
1804518
1804519
1804536
1804537
1804547
1804556
1804562
1804564
1804565
1804566
1808870
1808874
1808877
1808878
1360360
1360361
1360362
1360363
1360364
1360365
1360366
1360367
1360368
1360450
1360451
1360480
1360481
1360484
1360488
1361360
1361361
1361362
1361363
1361364
1361365
1361366
1361367
1361450
1361451
1361483
1362450
1362451
1362460
1362461
1362473
1363360
1363361
1363362
1363363
1363364
1363365
1363366
1363367
1363368
1363369
1363450
1363451
1363460
1363461
1363473
1363480
1363481
1363488
1364450
1364451
1364456
1364457
1364458
1364460
1364461
1364464
1365450
1365451
1365452
1365453
1365454
1365455
1365456
1365457
1365458
1365459
1365460
1365461
1365462
1365463
1365464
1365465
1365466
1365467
1365468
1365469
1365483
1366450
1366451
1366457
1366460
1366461
1366483
1367450
1367451
1367460
1367461
1367462
1367463
1367464
1367465
1367466
1367467
1367468
1367469
1368450
1368451
1368455
1368457
1368460
1368461
1368462
1368463
1368465
1368466
1369450
1369451
1369455
1369461
1369462
1369465
1890360
1890361
1890365
1890366
1890450
1890451
1890460
1890461
1890463
1890465
1890466
1890480
1890481
1890488
1894450
1894451
1894460
1894461
1894463
1894465
1894466
1894500
1894501
1894502
1894503
1894504
1894505
1894506
1894507
1894508
1894509
1894510
1894511
1894563
1894564
1894565
1894566
1894567
1894568
1894569
1894600
1894601
1894602
1894603
1894604
1894605
1894606
1894607
1894608
1894609
1894610
1894611
1894612
1894613
1894614
1894615
1894616
1894617
1894618
1894619
1330360
1330361
1330364
1330365
1330366
1330450
1330451
1330460
1330461
1330463
1330464
1330465
1330466
1330480
1330481
1330484
1331360
1331361
1331362
1331363
1331364
1331365
1331366
1331367
1331368
1331369
1331450
1331451
1331460
1331461
1332930
1332931
1332940
1332941
1332951
1333930
1333931
1333940
1333941
1333951
1334930
1334931
1334940
1334941
1334951
1335100
1335101
1335110
1335111
1335120
1335121
1335127
1335128
1335130
1335131
1335140
1335141
1335160
1335161
1335168
1335170
1335171
1335178
1335180
1335181
1335188
1335190
1335191
1335198
1335250
1335251
1335450
1335451
1335951
1335970
1335971
1335972
1335984
1335985
1335986
1335987
1335998
1335999
1338450
1338451
1338460
1338461
1338465
1338466
1339450
1339451
1339460
1339461
1900366
1900450
1710693
1710701
1712400
1712401
1712402
1712403
1712404
1712405
1712406
1712407
1712408
1712409
1712410
1712411
1712412
1712413
1712414
1712415
1712416
1712417
1712418
1712419
1712420
1712421
1712422
1712423
1712424
1712425
1712426
1712427
1712428
1712429
1712430
1712431
1712432
1712433
1712434
1712435
1712436
1712437
1712438
1712451
1713450
1713451
1713452
1713453
1713455
1713456
1713457
1713458
1715170
1715174
1715184
1715188
1715450
1715451
1715452
1715453
1715455
1715456
1715457
1715458
1716170
1716174
1716176
1716177
1716178
1716179
1716180
1716181
1716182
1716183
1716184
1716185
1716186
1716187
1716188
1716189
1716450
1716451
1716452
1716453
1716455
1716456
1716457
1716458
1717170
1717171
1717172
1717173
1717175
1717176
1717177
1717178
1717179
1717180
1717181
1717182
1717183
1717185
1717186
1717187
1717188
1717189
1717451
1718171
1718174
1718176
1718177
1718178
1718179
1718180
1718181
1718182
1718183
1718184
1718185
1718186
1718187
1718188
1718189
1718450
1718451
1718452
1718453
1718454
1718455
1718456
1718457
1718458
1719450
1719451
1719452
1719453
1719454
1990360
1990361
1990365
1990366
1990450
1990451
1990460
1990461
1990463
1990465
1990466
1990480
1990481
1991750
1991751
1991752
1991753
1991754
1991755
1991756
1991757
1991758
1991759
1991760
1991761
1991762
1991763
1991764
1991765
1991766
1994594
1996960
1996961
1996962
1996963
1996964
1996965
1996966
1996967
1996968
1996969
1996970
1996971
1996972
1996975
1999070
1999071
1999072
1999073
1999074
1999075
1999076
1999077
1999078
1999079
1850360
1850361
1850362
1850363
1850364
1850365
1850366
1850367
1850368
1850369
1850450
1850451
1850460
1850461
1850465
1850466
1854500
1854501
1854510
1854511
1854512
1854513
1854514
1854515
1854516
1854517
1854518
1854519
1854550
1854551
1854552
1854553
1854554
1854555
1854556
1854557
1854558
1854559
1854562
1854563
1854565
1854566
1854580
1854581
1854582
1854583
1854584
1854585
1854586
1854587
1854588
1854589
1854600
1854601
1854602
1854603
1854604
1854605
1854606
1854607
1854608
1854609
1854616
1854617
1854622
1854623
1854624
1854625
1854629
1854651
1854652
1854653
1854654
1854655
1854661
1854673
1854680
1854683
1854685
1854688
1855664
1855665
1855666
1855667
1855668
1855669
1780050
1780051
1780052
1780053
1780054
1780055
1780056
1780057
1780058
1780059
1780450
1780451
1780460
1780461
1780462
1780463
1780464
1780465
1780466
1784500
1784501
1784510
1784512
1784513
1784514
1784515
1784516
1784517
1784518
1784519
1784520
1784525
1784529
1784530
1784534
1784542
1784555
1784560
1784561
1784562
1784563
1784564
1784565
1784566
1784567
1784568
1784569
1788400
1788401
1788402
1788403
1788404
1788405
1788406
1788407
1788408
1788409
1788420
1788700
1789170
1789700
1560360
1560361
1560364
1560365
1560366
1560450
1560451
1560460
1560461
1560466
1560480
1560481
1563600
1563601
1563602
1563603
1563604
1563605
1563606
1563607
1563608
1563609
1563610
1563611
1563612
1563613
1563614
1563615
1563616
1563617
1563618
1563619
1563630
1563631
1563632
1563633
1563670
1563680
1563681
1563682
1563683
1564500
1564501
1564502
1564503
1564504
1564505
1564506
1564507
1564508
1564509
1564510
1564511
1564512
1564513
1564514
1564515
1564516
1564517
1564518
1564519
1564563
1564564
1564565
1564566
1564567
1564568
1564569
1566345
1566359
1566360
1566367
1566370
1566372
1566375
1566377
1566380
1566381
1566382
1566385
1566387
1567287
1567291
1569450
1569451
1569960
1569961
1569966
1820450
1820451
1820460
1820461
1824500
1824501
1824502
1824503
1824504
1824505
1824506
1824507
1824508
1824509
1824510
1824511
1824512
1824513
1824514
1824515
1824516
1824517
1824518
1824519
1824600
1824601
1824602
1824603
1824604
1824605
1824606
1824607
1824608
1824609
1824610
1824611
1824612
1824613
1824614
1824615
1824616
1824617
1824618
1824619
1824640
1824641
1824642
1824643
1824644
1824645
1824647
1824648
1824650
1824651
1824652
1824653
1824654
1824655
1824656
1824657
1824658
1824659
1824660
1824661
1824662
1824663
1824664
1824665
1824680
1824681
1824682
1824685
1824686
1824687
1824688
1824689
1824696
1824697
1824900
1824901
1824902
1824903
1824904
1824905
1824906
1824907
1824908
1824909
1824910
1824911
1824912
1824913
1824914
1824915
1824916
1824917
1824918
1824919
1824920
1824921
1824944
1824945
1824946
1824947
1824950
1824951
1824970
1824971
1824972
1824973
1824974
1824975
1824976
1824977
1824978
1824979
1510450
1510451
1510452
1510453
1510454
1510455
1510456
1510457
1510458
1510459
1510460
1510461
1510462
1510463
1510464
1510465
1510466
1510467
1510468
1510469
1510483
1511450
1511451
1511452
1511453
1511454
1511455
1511456
1511457
1511458
1511459
1511460
1511461
1511462
1511463
1511464
1511465
1511466
1511467
1511468
1511469
1512450
1512451
1512452
1512453
1512454
1512455
1512456
1512457
1512458
1512459
1512460
1512461
1512462
1512463
1512464
1512465
1512466
1512467
1512468
1512469
1513450
1513451
1513452
1513453
1513454
1513455
1513456
1513457
1513458
1513459
1513460
1513461
1513462
1513463
1513464
1513465
1514500
1514501
1514502
1514503
1514504
1514505
1514506
1514507
1514508
1514509
1514510
1514511
1514512
1514513
1514514
1514515
1514516
1514517
1514518
1514519
1514600
1514601
1514602
1514603
1514604
1514605
1514606
1514607
1514608
1514609
1514610
1514611
1514612
1514625
1514626
1514627
1514628
1514629
1514638
1514639
1514640
1514641
1514642
1514643
1514644
1514645
1514646
1514647
1514660
1514661
1514662
1514663
1514664
1514679
1514684
1514689
1514700
1514898
1344070
1344170
1344270
1760360
1760361
1760362
1760363
1760364
1760365
1760366
1760367
1760368
1760369
1760450
1760451
1760460
1760461
1760466
1761450
1761451
1761460
1761461
1761462
1761463
1761465
1761466
1764500
1764501
1764502
1764503
1764504
1764505
1764506
1764507
1764508
1764509
1764510
1764511
1764512
1764513
1764514
1764516
1764517
1764518
1764519
1764545
1764554
1764555
1764565
1764576
1764577
1764578
1764579
1764624
1764625
1764628
1764629
1764630
1764633
1764636
1764637
1764639
1764662
1764666
1764667
1764668
1764880
1764881
1764882
1764883
1764884
1764885
1764886
1764887
1764888
1764889
1764890
1764891
1764892
1764893
1764894
1764895
1764896
1764897
1764898
1764899
1764943
1764946
1764947
1764948
1580450
1580451
1580460
1580461
1580462
1580463
1580466
1584500
1584501
1584502
1584503
1584504
1584510
1584511
1584512
1584513
1584514
1584600
1584601
1584602
1584603
1584604
1584605
1584606
1584607
1584608
1584609
1584610
1584611
1584612
1584613
1584614
1584615
1584630
1584631
1584632
1584633
1584634
1584635
1584636
1584637
1584638
1584639
1584650
1584651
1584652
1584653
1584654
1584655
1584656
1584657
1584658
1584659
1584660
1584661
1584662
1584663
1584673
1584680
1584681
1584682
1310080
1310081
1310083
1310084
1310085
1310087
1310088
1310090
1310091
1310093
1310095
1310096
1310097
1310150
1310151
1310156
1310158
1310160
1310161
1310166
1310400
1310401
1310405
1310407
1310408
1310450
1310451
1310460
1310461
1310462
1310463
1310465
1310466
1311450
1311451
1311460
1311461
1311530
1311531
1311540
1311541
1311545
1311550
1311551
1311555
1311560
1311561
1312450
1312451
1312590
1312591
1312592
1312598
1313450
1313451
1313664
1313665
1313666
1313667
1313668
1313669
1313674
1313675
1313676
1314450
1314451
1314460
1314461
1314462
1314950
1314951
1314960
1314961
1315450
1315451
1315980
1315984
1315985
1315986
1315987
1316341
1316342
1316343
1316344
1316366
1316367
1316368
1316369
1319450
1319451
1319944
1319945
1319946
1319947
1319948
1319949
1319950
1319951
1319952
1319953
1319954
1319955
1319956
1319957
1319958
1730360
1730361
1730364
1730365
1730366
1730450
1730451
1734567
1738271
1738274
1738276
1738277
1738280
1738284
1738286
1738288
1739060
1739061
1660360
1660361
1660362
1660363
1660364
1660365
1660366
1660367
1660368
1660369
1660450
1660451
1664500
1664501
1664502
1664503
1664504
1664505
1664506
1664507
1664508
1664509
1664510
1664511
1664512
1664513
1664514
1664515
1664516
1664517
1664518
1664519
1664520
1664521
1664522
1664523
1664524
1664525
1664526
1664527
1664528
1664529
1664530
1664531
1664532
1664533
1664534
1664535
1664600
1664601
1664602
1664603
1664604
1664605
1664606
1664607
1664608
1664609
1664610
1664611
1664612
1664613
1664614
1664615
1664616
1664617
1664618
1664619
1664660
1664661
1664662
1664663
1664664
1664665
1664666
1664667
1664668
1664669
1664689
1664699
1380045
1380046
1380364
1380450
1380451
1380452
1380453
1380454
1380455
1380456
1380457
1380458
1380459
1380460
1380461
1380462
1380463
1380473
1383600
1383601
1383602
1383603
1383604
1383605
1383606
1383607
1383608
1383609
1383610
1383611
1383612
1383613
1383614
1383615
1383616
1383617
1383618
1383619
1384500
1384501
1384502
1384503
1384504
1384505
1384506
1384507
1384508
1384509
1384510
1384511
1384512
1384513
1384514
1384515
1384516
1384517
1384518
1384519
1389570
1389571
1389572
1389573
1389574
1389575
1389576
1389577
1389578
1389579
1389580
1389581
1389582
1389583
1389584
1870450
1870451
1870460
1870461
1870462
1870463
1870465
1870466
1871450
1871451
1871460
1871461
1871470
1872420
1872449
1872450
1872451
1872459
1872460
1872461
1872462
1872463
1872465
1874500
1874501
1874502
1874503
1874504
1874505
1874506
1874507
1874508
1874509
1874510
1874511
1874512
1874513
1874514
1874515
1874516
1874517
1874518
1874519
1874567
1874568
1874569
1874570
1874571
1874572
1874573
1874574
1874575
1874576
1874577
1874578
1874579
1874582
1874583
1874584
1874585
1874586
1874587
1874600
1874601
1874602
1874603
1874604
1874605
1874606
1874607
1874610
1874611
1874612
1874613
1874614
1874615
1874616
1874617
1874618
1874619
1874638
1874639
1874642
1874643
1874644
1874645
1874646
1874647
1874648
1874669
1840388
1840389
1840400
1840401
1840402
1840403
1840404
1840405
1840406
1840407
1840408
1840409
1840440
1840441
1840442
1840443
1840444
1840445
1840446
1840447
1840448
1840449
1840450
1840451
1840466
1844500
1844501
1844502
1844503
1844504
1844505
1844506
1844507
1844508
1844509
1844510
1844511
1844512
1844513
1844514
1844515
1844516
1844517
1844518
1844519
1844565
1844566
1844567
1844568
1844569
1844570
1844571
1844572
1844573
1844574
1844575
1844576
1844577
1844578
1844579
1844585
1844586
1844587
1844588
1844589
1844590
1844591
1844592
1844593
1844594
1844595
1844596
1844597
1844598
1844599
1844600
1844601
1844602
1844603
1844604
1844605
1844606
1844607
1844608
1844609
1844610
1844611
1844612
1844613
1844614
1844615
1844616
1844617
1844618
1844619
1844620
1844621
1844622
1844623
1844624
1844625
1844626
1844627
1844628
1844629
1844630
1844631
1844632
1844633
1844634
1844635
1844636
1844637
1844638
1844639
1849100
1849101
1849102
1849103
1849104
1849105
1849106
1849107
1849109
1849110
1570450
1570451
1570460
1570461
1571450
1571451
1571458
1571460
1573450
1573451
1573460
1573461
1575450
1575451
1575457
1575460
1575461
1576450
1576451
1576457
1576460
1576461
1576517
1576518
1576519
1576550
1576551
1576552
1576553
1576554
1576555
1576556
1576557
1576558
1576559
1576591
1576592
1576593
1576594
1577450
1577451
1577460
1577461
1577607
1577608
1577609
1577620
1577621
1577622
1577623
1577624
1577625
1577626
1577627
1577628
1577629
1577630
1577631
1577632
1577633
1577634
1577635
1577636
1577637
1577638
1577639
1577640
1577641
1577642
1577643
1577644
1577645
1577646
1577647
1577648
1577649
1577660
1577661
1577662
1577663
1577664
1577665
1577666
1577667
1577668
1577669
1577670
1577671
1577672
1577673
1577674
1577675
1577676
1577677
1577678
1577679
1577680
1577681
1577682
1577683
1577684
1577685
1577686
1577687
1577688
1577689
1577690
1577691
1577692
1577693
1577694
1577695
1577696
1577697
1577698
1577699
1980450
1980451
1980460
1980461
1980466
1981550
1984501
1984502
1984503
1984504
1984506
1984507
1984509
1984510
1984512
1984516
1984517
1984518
1984519
1984525
1984526
1984546
1984547
1984548
1984549
1984586
1984587
1984588
1984600
1984601
1984602
1984603
1984604
1984605
1984606
1984607
1984608
1984609
1984610
1984611
1984612
1984613
1984614
1984615
1984616
1984617
1984618
1984619
1984621
1984622
1984623
1984624
1984640
1984641
1984642
1984643
1984644
1988984
1988986
1988987
1988988
1988998
1988999
1650011
1650089
1650123
1650149
1650194
1650344
1650360
1650361
1650365
1650366
1650388
1650450
1650451
1650741
1650747
1650864
1651055
1651095
1651141
1651166
1651448
1651450
1651451
1651465
1651577
1651700
1651708
1651709
1651966
1651976
1652000
1652147
1652167
1652190
1652211
1652288
1652344
1652351
1652359
1652388
1652450
1652451
1652460
1652483
1652497
1652643
1652904
1652924
1652945
1652992
1652993
1652994
1652995
1652997
1652998
1653001
1653002
1653003
1653005
1653006
1653007
1653008
1653009
1653033
1653071
1653084
1653202
1653236
1653255
1653300
1653344
1653345
1653450
1653451
1653460
1653461
1653466
1653585
1653600
1653601
1653602
1653603
1653610
1653611
1653612
1653636
1653641
1653663
1653664
1653668
1653669
1653675
1653677
1653866
1653881
1653883
1653886
1653887
1653889
1653919
1655042
1655067
1655069
1655111
1655147
1655148
1655149
1655450
1655451
1655556
1655557
1655668
1655678
1655679
1655870
1655871
1655873
1655886
1655909
1656153
1656159
1656161
1656206
1656319
1656340
1656341
1656342
1656343
1656365
1656444
1656450
1656451
1656471
1656544
1656561
1656567
1656662
1656688
1656741
1656742
1656743
1656781
1656783
1656784
1656786
1656804
1656818
1656841
1656843
1656944
1656955
1657002
1657003
1657011
1657012
1657023
1657044
1657046
1657047
1657048
1657049
1657055
1657056
1657057
1657058
1657059
1657060
1657065
1657066
1657067
1657068
1657069
1657071
1657072
1657073
1657074
1657075
1657076
1657077
1657078
1657079
1657080
1657128
1657180
1657190
1657305
1657355
1657451
1657459
1657461
1657473
1657480
1657491
1657517
1657570
1657678
1657734
1657771
1657789
1657889
1657890
1657891
1700450
1700451
1700452
1700453
1700454
1700455
1700456
1700457
1700458
1700460
1701450
1701451
1701452
1701453
1701454
1701455
1701456
1701457
1701458
1701459
1701887
1701888
1701889
1702444
1702445
1702446
1702447
1702448
1702449
1702450
1702451
1702452
1702453
1702454
1702455
1702456
1702457
1702458
1702459
1702460
1702461
1702462
1702463
1702464
1702465
1702466
1702467
1702468
1702469
1702949
1703651
1703652
1703653
1703654
1703655
1703656
1703657
1703658
1703659
1703660
1703661
1703662
1703663
1703664
1703665
1703666
1703667
1703668
1703669
1703670
1703671
1703672
1703673
1703674
1703675
1704400
1704401
1704402
1704403
1704404
1704405
1704406
1704407
1704408
1704409
1704410
1704411
1704412
1704413
1704414
1704415
1704416
1704417
1704418
1704419
1704420
1704421
1704422
1704423
1704424
1704425
1704426
1704427
1704428
1704429
1704430
1704431
1704432
1704433
1704434
1704435
1704436
1704437
1704438
1704439
1704440
1704441
1704442
1704443
1704444
1704445
1704446
1704447
1704448
1704449
1704450
1704451
1704452
1704453
1704454
1704455
1704456
1704457
1704458
1704489
1705025
1705087
1705164
1705168
1705174
1705191
1705209
1705260
1705376
1705535
1705575
1705586
1705622
1705686
1705738
1705753
1705857
1706715
1706716
1706717
1706718
1706719
1706720
1706721
1706722
1706723
1706724
1706725
1706726
1706727
1706728
1706729
1706730
1706731
1706732
1706733
1706734
1706735
1706736
1706737
1707450
1707451
1707452
1707453
1707454
1707455
1707456
1707457
1707458
1707459
1707460
1707461
1707462
1707463
1707464
1707465
1707466
1707467
1707468
1707469
1708450
1708451
1709450
1709451
1709452
1709453
1709454
1709455
1709456
1709457
1709458
1709459
1709630
1709631
1709632
1709633
1709634
1709635
1709636
1709637
1709638
1709639
1320450
1320451
1320457
1320460
1320461
1320462
1320463
1320465
1320466
1320652
1320653
1320654
1320655
1320656
1320657
1320658
1320659
1320664
1320665
1320666
1320667
1320668
1320669
1320674
1320675
1320676
1321280
1321281
1321290
1321291
1321292
1321293
1321450
1321451
1321460
1321461
1322450
1322451
1322460
1322461
1323450
1323451
1323465
1323466
1323495
1323496
1323497
1323498
1323499
1324450
1324451
1324452
1324453
1324454
1324455
1324456
1324457
1324458
1324460
1324461
1324462
1324463
1324464
1324465
1324466
1324467
1324468
1325150
1325151
1325160
1325161
1325866
1325867
1326350
1326351
1326354
1326355
1326360
1326361
1326362
1326363
1326366
1326367
1326368
1326369
1327450
1327451
1327460
1327461
1327462
1327463
1328400
1328401
1328450
1328451
1328460
1328461
1328462
1328463
1328499
1329870
1329878
1910360
1910361
1910364
1910366
1910450
1910451
1910460
1910461
1910465
1914510
1914511
1914512
1914513
1750360
1750361
1750362
1750363
1750364
1750365
1750366
1750367
1750368
1750369
1750450
1750451
1750460
1750461
1750466
1751950
1751951
1751952
1751953
1751954
1751955
1751956
1751957
1751958
1751959
1754510
1754511
1754512
1754513
1754514
1754523
1754524
1754525
1754526
1754527
1754548
1754549
1754550
1754551
1754552
1754553
1754554
1754555
1754556
1754557
1754558
1754559
1754568
1754569
1754580
1754581
1754582
1754583
1754584
1754585
1754586
1754587
1754588
1754589
1754638
1754639
1754641
1754642
1754643
1754644
1754645
1754646
1754647
1754648
1754649
1754650
1754651
1754652
1754653
1754654
1754655
1754656
1754657
1754658
1754659
1754660
1754661
1754662
1754663
1754664
1754665
1754666
1754667
1754668
1754669
1754680
1754681
1754682
1754683
1754684
1754685
1754686
1754687
1754688
1754689
1759730
1759731
1759732
1759733
1759734
1759735
1759736
1759737
1759738
1759739
1759740
1759741
1759742
1759743
1759744
1759745
1759746
1759747
1759748
1759749
1880040
1880041
1880042
1880043
1880044
1880045
1880046
1880047
1880048
1880049
1880450
1880451
1880460
1880461
1880462
1880463
1880465
1880466
1880483
1880487
1881450
1881451
1884500
1884501
1884502
1884503
1884504
1884505
1884506
1884507
1884508
1884509
1884510
1884511
1884512
1884513
1884514
1884515
1884516
1884517
1884518
1884519
1884555
1884556
1884557
1884558
1884559
1884561
1884562
1884563
1884564
1884572
1884575
1884576
1884577
1884578
1884579
1884587
1884588
1884589
1884600
1884601
1884602
1884603
1884604
1884605
1884606
1884607
1884608
1884609
1884610
1884611
1884612
1884613
1884614
1884615
1884616
1884617
1884618
1884619
1884641
1884642
1884643
1884644
1884645
1884675
1884676
1884677
1884678
1884679
1884681
1884682
1884683
1884691
1884692
1884693
1470080
1470081
1470082
1470083
1470084
1470085
1470086
1470087
1470088
1470089
1470450
1470451
1470460
1470461
1474510
1474511
1474512
1474513
1474514
1474515
1474516
1474517
1474518
1474519
1474570
1474571
1474572
1474573
1474574
1474575
1474576
1474577
1474578
1474579
1474580
1474581
1474582
1474583
1474584
1474590
1474591
1474592
1474593
1474594
1474595
1476535
1478450
1478451
1478460
1478461
1479450
1479451
1479460
1479461
1479800
1479801
1479802
1370360
1370361
1370362
1370363
1370364
1370365
1370366
1370367
1370368
1370450
1370451
1370480
1370481
1370484
1370488
1374500
1374501
1374502
1374503
1374504
1374505
1374506
1374507
1374508
1374509
1374510
1374511
1374512
1374513
1374514
1374515
1374516
1374517
1374518
1374519
1376340
1376341
1376342
1376343
1376344
1376680
1376681
1376682
1376683
1376684
1376685
1376686
1376687
1376688
1376689
1376690
1376691
1376692
1376693
1376694
1376695
1376696
1376697
1376698
1376699
1379600
1379601
1379602
1379603
1379604
1379605
1379606
1379607
1379608
1379609
1379610
1379611
1379612
1379613
1379614
1379615
1379616
1379617
1379618
1379619
1379620
1379621
1379622
1379623
1379660
1379661
1379662
1379663
1379664
1379665
1379666
1379667
1379668
1379669
1379670
1379671
1379672
1379673
1379674
1379675
1379676
1379677
1379678
1379679
1379680
1379681
1379682
1379683
1520450
1520451
1520460
1520461
1520462
1520463
1520465
1520466
1520467
1520469
1520483
1524460
1524461
1524462
1524463
1524464
1524465
1524466
1524467
1524468
1524469
1524470
1524471
1524472
1524473
1524474
1524475
1524476
1524477
1524500
1524501
1524502
1524503
1524504
1524505
1524506
1524507
1524508
1524509
1524510
1524511
1524512
1524513
1524514
1524515
1524516
1524517
1524518
1524519
1524560
1524561
1524570
1524571
1524585
1524660
1524661
1524662
1524663
1524664
1524665
1524666
1524667
1524668
1524669
1524670
1524671
1524672
1524673
1524674
1524675
1524676
1524677
1524678
1524679
1524680
1524830
1524831
1810044
1810045
1810360
1810361
1810363
1810364
1810365
1810366
1810367
1810368
1810369
1810450
1810451
1810460
1810461
1810462
1814510
1814511
1814512
1814513
1814514
1814515
1814516
1814517
1814518
1814519
1814534
1814550
1814551
1814556
1814557
1814558
1814559
1814560
1814561
1814562
1814563
1814564
1814565
1814566
1814567
1814568
1814569
1818271
1818274
1818280
1818281
