1880432
1884320
1884321
1884322
1884323
1884324
1884325
1884326
1884327
1884328
1884329
1884420
1884421
1884422
1884423
1884424
1884425
1884426
1884427
1884428
1884429
1750432
1750442
1751990
1751991
1751992
1751995
1470432
1474312
1474370
1474371
1474372
1474373
1474374
1474375
1474376
1474377
1474378
1474379
1479440
1479441
1479442
1479443
1479444
1479445
1479446
1479447
1479448
1479449
1370430
1370431
1370432
1370434
1370440
1370441
1370442
1370444
1374320
1374321
1374322
1374323
1374324
1374325
1374326
1374327
1374328
1374329
1374420
1374421
1374422
1374423
1374424
1374425
1374426
1374427
1374428
1374429
1374440
1374441
1374442
1374443
1374444
1374445
1374446
1374447
1374448
1374449
1374460
1374461
1374462
1374463
1374464
1374465
1374466
1374467
1374468
1374469
1810432
1810442
1810447
1810449
1814312
1814362
1814363
1814365
1819870
1520432
1524320
1524321
1524322
1524323
1524324
1524325
1524326
1524327
1524328
1524329
1570432
1571432
1571442
1575440
1575441
1575442
1575443
1575444
1575445
1575446
1575447
1575448
1575449
1840432
1844320
1844321
1844322
1844323
1844324
1844325
1844326
1844327
1844328
1844329
1844400
1844401
1844402
1844403
1844404
1844405
1844406
1844407
1844408
1844409
1700432
1701438
1701439
1701440
1701441
1701442
1701443
1701444
1702420
1702421
1703756
1703757
1703758
1703759
1703760
1704500
1704501
1704502
1704503
1704504
1704505
1704506
1704507
1704508
1704509
1704510
1704511
1704512
1704513
1704514
1704515
1704516
1704517
1704518
1704519
1320432
1321432
1322432
1322442
1323432
1324400
1324401
1324402
1324403
1324404
1324420
1324421
1324422
1324423
1324432
1325182
1325252
1325253
1325254
1325255
1325256
1325257
1325258
1325259
1327432
1327440
1327441
1327442
1327443
1327444
1327445
1327446
1327447
1327448
1327449
1327820
1327821
1327822
1329432
1329440
1329441
1329442
1329443
1329444
1329445
1329446
1329447
1329448
1329449
1310432
1312430
1312431
1312432
1312434
1312571
1312572
1312584
1312588
1313432
1313440
1313441
1313442
1313444
1314432
1314763
1314773
1314774
1314775
1314776
1314777
1315432
1315954
1315955
1315957
1315966
1315970
1316690
1316691
1316692
1316693
1316694
1316695
1316696
1316697
1316698
1316699
1317432
1317923
1317924
1317925
1317926
1317927
1318075
1318076
1319432
1319606
1319607
1319608
1319609
1319621
1319622
1319623
1319624
1730432
1734380
1734383
1380440
1380441
1380442
1380444
1384320
1384321
1384322
1384323
1384324
1384325
1384326
1384327
1384328
1384329
1384420
1384421
1384422
1384423
1384424
1384425
1384426
1384427
1384428
1384429
1384460
1384461
1384462
1384463
1384464
1384465
1384466
1384467
1384468
1384469
1389420
1389421
1389422
1389423
1389424
1389425
1389426
1389427
1389428
1389429
1389470
1389471
1389472
1870432
1874320
1874321
1874322
1874323
1874324
1874325
1874326
1874327
1874328
1874329
1874420
1874421
1874422
1874423
1874424
1874425
1874426
1874427
1874428
1874429
1510432
1512430
1512431
1512432
1512433
1512434
1512435
1512436
1512437
1512438
1512439
1512440
1512441
1512442
1512443
1512444
1512445
1512446
1512447
1512448
1512449
1514320
1514321
1514322
1514323
1514324
1514325
1514326
1514327
1514328
1514329
1514420
1514421
1514422
1514423
1514424
1514425
1514426
1514427
1514428
1514429
1514430
1514431
1514432
1514433
1514434
1514435
1514436
1514437
1514438
1514439
1820432
1824320
1824321
1824322
1824323
1824324
1824325
1824326
1824327
1824328
1824329
1340465
1340466
1340467
1340468
1340469
1580432
1584320
1584321
1584322
1584323
1584324
1584325
1584326
1584327
1584328
1584329
1584420
1584421
1584422
1584423
1584424
1584425
1584426
1584427
1584428
1584429
1588620
1588621
1588622
1588623
1588624
1588625
1588626
1588627
1588628
1588629
1760432
1760442
1761432
1761442
1764320
1764321
1764322
1764323
1764324
1764325
1764326
1764327
1764328
1764329
1764420
1764421
1764422
1764423
1764424
1764425
1764426
1764427
1764428
1764429
1764961
1764962
1767832
1330440
1330441
1330442
1330444
1331432
1331436
1331437
1332142
1332150
1332432
1332440
1332441
1332442
1332444
1333150
1333160
1333161
1333162
1333170
1333171
1333172
1334150
1334151
1334154
1335151
1335312
1335322
1335328
1335432
1336432
1336440
1336441
1336442
1336444
1336452
1336459
1336462
1338432
1338440
1338441
1338442
1339432
1339440
1339441
1339442
1710907
1710925
1710938
1713432
1715432
1716065
1716067
1716068
1716069
1716432
1717060
1717061
1717062
1717063
1717065
1717067
1717068
1717069
1717432
1990432
1560432
1564320
1564321
1564322
1564323
1564324
1564325
1564326
1564327
1564328
1564329
1564358
1564359
1564390
1564391
1564392
1564393
1564394
1564395
1564396
1566210
1566211
1566212
1566213
1566214
1566215
1566216
1566217
1568890
1568891
1568892
1568893
1568894
1568895
1568896
1568897
1568898
1568899
1569432
1569951
1569959
1780432
1780801
1780802
1780803
1789612
1850432
1850442
1850447
1854320
1854321
1854322
1854323
1854324
1854325
1854326
1854327
1854328
1854329
1800432
1804320
1804322
1804325
1804326
1804332
1804342
1804346
1804356
1804362
1804372
1804382
1804392
1530432
1532632
1533070
1533071
1533072
1533073
1533074
1533075
1533076
1533077
1535460
1535461
1535462
1360446
1360447
1361075
1361076
1361432
1361442
1362072
1362073
1362074
1362075
1362076
1362432
1362442
1363060
1363061
1363062
1363063
1363064
1363065
1363432
1363442
1364432
1364442
1364447
1365432
1365442
1365445
1365446
1365449
1366432
1366442
1366444
1367432
1367441
1367442
1368979
1368986
1368987
1368988
1368989
1369432
1369442
1890432
1890442
1894320
1894321
1894322
1894323
1894324
1894325
1894326
1894327
1894328
1894329
1894350
1894351
1894352
1894353
1894354
1894355
1894383
1894386
1894387
1590432
1594320
1594321
1594322
1594323
1594324
1594325
1594326
1594327
1594328
1594329
1594420
1594421
1594422
1594423
1594424
1594425
1594426
1594427
1594428
1594429
1594790
1594791
1594792
1594793
1594794
1594795
1594796
1594797
1594798
1594799
1594840
1594841
1594842
1594843
1594844
1594845
1594846
1594847
1594848
1594849
1594850
1594851
1594852
1594853
1594854
1594855
1594856
1594857
1594858
1594859
1594860
1594861
1594862
1594863
1594864
1594865
1594866
1594867
1594868
1594869
1598110
1598111
1598112
1598113
1598114
1598115
1598116
1598117
1598118
1598119
1598120
1598121
1598122
1598123
1598124
1598125
1598126
1598127
1598128
1598129
1770432
1776681
1776687
1776780
1776784
1776786
1776791
1776792
1350090
1350098
1350099
1350438
1350475
1350476
1350477
1350478
1351432
1351442
1351444
1351445
1357850
1357851
1357852
1357853
1357854
1357855
1357856
1357857
1357858
1357859
1359620
1359621
1359622
1359623
1359624
1359625
1359626
1359627
1359628
1359629
1359630
1359631
1359632
1359633
1359634
1359635
1359636
1359637
1359638
1359639
1450505
1450506
1450507
1450508
1450509
1452178
1452180
1452181
1452182
1452183
1452184
1454142
1500432
1504320
1504321
1504322
1504323
1504324
1504325
1504326
1504327
1504328
1504329
1504420
1504421
1504422
1504423
1504424
1504425
1504426
1504427
1504428
1504429
1504460
1504461
1504462
1504463
1504464
1504465
1504466
1504467
1504468
1504469
1830432
1834320
1834321
1834322
1834323
1834324
1834325
1834326
1834327
1834328
1834329
1623279
1623280
1623282
1623284
1860432
1860447
1860448
1860449
1862651
1862673
1862674
1862675
1862990
1862991
1862992
1862993
1862994
1862995
1862996
1862997
1862998
1862999
1864320
1864321
1864322
1864323
1864324
1864325
1864326
1864327
1864471
1864472
1864473
1868420
1868421
1868422
1868423
1868425
1868432
1868630
1868631
1868632
1868655
1868656
1868657
1868658
1868659
1550432
1550602
1550603
1552650
1552651
1552652
1552653
1552654
1552655
1552656
1552657
1554302
1554303
1554304
1554305
1554320
1554321
1554322
1554323
1554324
1554325
1554342
1554343
1556730
1556731
1556732
1556733
1556734
1556735
1556736
1556737
1556738
1556739
1556740
1556741
1556742
1556743
1556744
1556745
1556746
1556747
1556748
1556749
1556750
1556751
1556752
1556753
1556754
1556755
1556756
1556757
1556758
1556820
1556821
1556822
1556823
1556824
1556825
1556826
1556827
1556828
1556829
1556830
1556831
1556832
1556833
1556834
1556835
1556836
1556837
1556838
1556839
1556840
1556841
1556842
1556843
1556844
1556845
1556846
1556847
1556848
1556849
1558400
1558401
1558402
1558403
1558404
1558405
1558406
1558407
1558408
1558409
1559006
1559007
1559008
1559009
1559013
1559014
1559060
1559061
1559062
1559063
1559064
1559065
1559077
1390440
1390441
1390442
1390444
1394320
1394321
1394322
1394323
1394324
1394325
1394326
1394327
1394328
1394329
1394420
1394421
1394422
1394423
1394424
1394425
1394426
1394427
1394428
1394429
1394460
1394461
1394462
1394463
1394464
1394465
1394466
1394467
1394468
1394469
1672307
1672309
1300915
1300916
1300917
1300918
1301915
1301916
1301917
1301924
1301925
1301926
1301927
1302915
1302916
1302917
1302918
1303915
1303916
1303917
1303924
1303925
1303926
1303927
1304130
1304131
1304132
1304133
1304134
1304135
1304432
1306915
1306916
1306917
1306918
1307970
1307971
1307972
1307973
1307974
1307975
1307976
1307977
1307978
1307979
1308915
1308916
1308917
1308918
1308924
1308945
1308946
1308947
1308948
1308949
