1330857
1331047
1331070
1331077
1331247
1331248
1331447
1332967
1333967
1336857
1336867
1337857
1337965
1338517
1338557
1339857
1713857
1715857
1716857
1717857
1717859
1717920
1717921
1990857
1998447
1998507
1998517
1998537
1998547
1998557
1780846
1780847
1780848
1780849
1780857
1780860
1780861
1780862
1780863
1784420
1784421
1784422
1784423
1784424
1784425
1784426
1784427
1788537
1788538
1788539
1788630
1788631
1788632
1788633
1788634
1788635
1788636
1788637
1789857
1850857
1858547
1858563
1858565
1858667
1560857
1567097
1568547
1568570
1568571
1568572
1568573
1568574
1568575
1568576
1568577
1568578
1568579
1568591
1568592
1568807
1569277
1530857
1532907
1532917
1532927
1532937
1532947
1532957
1532967
1532977
1532987
1532997
1533857
1533867
1533868
1533957
1534857
1800857
1807600
1807601
1807602
1807603
1807604
1807605
1807606
1807607
1807608
1807609
1807610
1807611
1807612
1807613
1807614
1807615
1807616
1807617
1807618
1807619
1808366
1808367
1808427
1808437
1808570
1808571
1808572
1808573
1808574
1808575
1808576
1808577
1808578
1808579
1362857
1363815
1363816
1363817
1363818
1363819
1363857
1364857
1365857
1366857
1367857
1368857
1369853
1369854
1369855
1369856
1369857
1890857
1893448
1893449
1898445
1898446
1898447
1898448
1898470
1898471
1898472
1898473
1898474
1898475
1898476
1898477
1898478
1898479
1898535
1898536
1898587
1898588
1898589
1770857
1771667
1771807
1778487
1778497
1778507
1778517
1778570
1778571
1778574
1778575
1778576
1778578
1778579
1590257
1590258
1590259
1590265
1590266
1590267
1590857
1593470
1593471
1593472
1593473
1593474
1593475
1593476
1593477
1593478
1593479
1598543
1598544
1598545
1598546
1598547
1598548
1452567
1454387
1454397
1459374
1459375
1459376
1459377
1459378
1459379
1350857
1351857
1359570
1359571
1359572
1359573
1359574
1359575
1359576
1359577
1359578
1359579
1830857
1830867
1833415
1833416
1833417
1833418
1833419
1833420
1833421
1833422
1833423
1833424
1833425
1833426
1833427
1833428
1833429
1838603
1838604
1838605
1838606
1838607
1838608
1838609
1838610
1838611
1838612
1838613
1838614
1838615
1838616
1838617
1838618
1838619
1838620
1838621
1838622
1838623
1838624
1838625
1838626
1838627
1838628
1838629
1838630
1838631
1838632
1838633
1838634
1838635
1838636
1839690
1839691
1839692
1839693
1839694
1839695
1839696
1839697
1839698
1839699
1500857
1508530
1508531
1508532
1508533
1508534
1508535
1508536
1508537
1508538
1508539
1508570
1508571
1508572
1508573
1508574
1508575
1508576
1508577
1508578
1508579
1508580
1508581
1508625
1508630
1508631
1508632
1508633
1508634
1508635
1508636
1508637
1508638
1508639
1508650
1550857
1551931
1551932
1551933
1551934
1551935
1551936
1551937
1551970
1551971
1551972
1551973
1551974
1551975
1551976
1551977
1551978
1551979
1558547
1558554
1558557
1558567
1558570
1558571
1558572
1558573
1558574
1558575
1558576
1558577
1558578
1558579
1559793
1559794
1559795
1559796
1559932
1559933
1559934
1559935
1559936
1559937
1559938
1860857
1868533
1868534
1868547
1868551
1868570
1868571
1868572
1868573
1868574
1868575
1868576
1868577
1868578
1868579
1390857
1398447
1398455
1398456
1398457
1398458
1398459
1398470
1398471
1398472
1398473
1398474
1398475
1398476
1398477
1398478
1398479
1398535
1398536
1398587
1398588
1398589
1930857
1933856
1938007
1938017
1938557
1939117
1939506
1939520
1939521
1939525
1939529
1939531
1939532
1939533
1939534
1939535
1939536
1939537
1939538
1939539
1301706
1303554
1304854
1304855
1304957
1308786
1309682
1309687
1309857
1880857
1884860
1884861
1884862
1884863
1884864
1888570
1888571
1888572
1888573
1888574
1888575
1888576
1888577
1888578
1888579
1888670
1888671
1888672
1888673
1888674
1888675
1888676
1888677
1888678
1888679
1750857
1758427
1758437
1758447
1758496
1758497
1758498
1758499
1758525
1758526
1758527
1758528
1758529
1758530
1758532
1758533
1758541
1758548
1758562
1758563
1758564
1758565
1758566
1758567
1758568
1758607
1758617
1758627
1758637
1758650
1758651
1758652
1758653
1758654
1758655
1758656
1758657
1758658
1758659
1758660
1758661
1758662
1758663
1758664
1758665
1758666
1758667
1758668
1758669
1758670
1758671
1758672
1758697
1758740
1758774
1758775
1758776
1758777
1758778
1758779
1758780
1758781
1758782
1758783
1758857
1758881
1758882
1758883
1758884
1758885
1758886
1758887
1758888
1758889
1370857
1372150
1372151
1372152
1372158
1372159
1376585
1376586
1376587
1376588
1376589
1470857
1472760
1472761
1472762
1472763
1472764
1472765
1472766
1472767
1472768
1472769
1472860
1472861
1472862
1472863
1472864
1472865
1472866
1472867
1472868
1472869
1478517
1478530
1478531
1478532
1478533
1478610
1478611
1478612
1478613
1478614
1478615
1478616
1478617
1478618
1520857
1528460
1528461
1528462
1528463
1528464
1528465
1528466
1528467
1528468
1528469
1528565
1528566
1528567
1528568
1528569
1528570
1528571
1528572
1528573
1528574
1528575
1528576
1528577
1528578
1528579
1528650
1528651
1528652
1528653
1528654
1528655
1528656
1528657
1528658
1528659
1810857
1814357
1814620
1814621
1814622
1814623
1814624
1814625
1814626
1814627
1814628
1814629
1815317
1818417
1818426
1818427
1818430
1818431
1818432
1818433
1818440
1818441
1818442
1818443
1818444
1818570
1818571
1818572
1818573
1818574
1818575
1818576
1818577
1818578
1818807
1818817
1818857
1819817
1819818
1819819
1840857
1848460
1848461
1848462
1848463
1848464
1848465
1848466
1848467
1848468
1848469
1848570
1848571
1848572
1848573
1848574
1848575
1848576
1848577
1848578
1848579
1848580
1848581
1848582
1848583
1848584
1848640
1848641
1848642
1848643
1848644
1848645
1848646
1848647
1848648
1848649
1848650
1848651
1848652
1848653
1848654
1848655
1848656
1848657
1848658
1848659
1570857
1570867
1571857
1571867
1572174
1572175
1572176
1576139
1576140
1576141
1576142
1576143
1576144
1576145
1576146
1576147
1577270
1577271
1577272
1577273
1577274
1577275
1577276
1577277
1577278
1577279
1650157
1650658
1650809
1650810
1650857
1651857
1652054
1652613
1652790
1652795
1652796
1652797
1652798
1980857
1980860
1980861
1980862
1980863
1980864
1980865
1980866
1980867
1980868
1980869
1981531
1981660
1981661
1981662
1981663
1981664
1981665
1981666
1981667
1981668
1981669
1981670
1981671
1981672
1981673
1981674
1981675
1981676
1981677
1981678
1981679
1984040
1984041
1984042
1984043
1984044
1984045
1984046
1984047
1984048
1984049
1988550
1988551
1988552
1988553
1988554
1988555
1988556
1988557
1988558
1988559
1988677
1988690
1988691
1988692
1988693
1988694
1988695
1988696
1988697
1988698
1988699
1700857
1701860
1701861
1701862
1320857
1320858
1320859
1323852
1323857
1323858
1910857
1918507
1918547
1311646
1311647
1311857
1312367
1315827
1319517
1319527
1730857
1738427
1738507
1738527
1738532
1738537
1738578
1738857
1660857
1668387
1668397
1668477
1668487
1668497
1668507
1668517
1668527
1668547
1668585
1668586
1668587
1668588
1668589
1668794
1668795
1388570
1388571
1388572
1388573
1388574
1388575
1388576
1388577
1388578
1388579
1870857
1874490
1874491
1874492
1874493
1874494
1874850
1874851
1874852
1874853
1874854
1874855
1874856
1874857
1874858
1874859
1878570
1878571
1878572
1878573
1878574
1878575
1878576
1878577
1878578
1878579
1878645
1878646
1878647
1878648
1878649
1878650
1878651
1878652
1878653
1878654
1878655
1878656
1878657
1878658
1878659
1879830
1879831
1879832
1879833
1879834
1879835
1879836
1879837
1879838
1879839
1820857
1821255
1821256
1821257
1821258
1821259
1821260
1821261
1821262
1821263
1821264
1821265
1821266
1821267
1821268
1821269
1821270
1821271
1821272
1821273
1821274
1821275
1821276
1821277
1821278
1821279
1821280
1821281
1821282
1821283
1823075
1823076
1823077
1823078
1823079
1823080
1823081
1823082
1823083
1823084
1823085
1823086
1823087
1823088
1823089
1823090
1823091
1823092
1823093
1823094
1823095
1823096
1823097
1823098
1823099
1828570
1828571
1828572
1828573
1828574
1828575
1828576
1828577
1828578
1828579
1828670
1828671
1828672
1828673
1828674
1828675
1828676
1828677
1828678
1828679
1510857
1511750
1511751
1511752
1511753
1511754
1511755
1511756
1511757
1511758
1511759
1511760
1511761
1511762
1511763
1511764
1511765
1511766
1511767
1511768
1511769
1512148
1512149
1512150
1512151
1512152
1512153
1512154
1518605
1518606
1518607
1518608
1518609
1518610
1518611
1518612
1518613
1518614
1518615
1518616
1518617
1518618
1518619
1760857
1767897
1768405
1768407
1768410
1768416
1768417
1768517
1768527
1580857
1588519
1588520
1588521
1588522
1588523
1588524
1588525
1588526
1588527
1588528
1588529
1588530
1588531
1588585
1588586
1588587
1588588
1588589
