1991620
1991621
1991622
1991623
1991624
1991625
1991626
1991627
1991628
1991629
1991630
1991631
1991632
1991633
1991634
1991635
1991636
1991637
1991638
1991639
1991640
1991641
1991642
1991643
1991644
1991645
1991646
1991647
1991648
1991649
1994537
1999100
1999101
1999102
1999103
1999104
1999105
1560910
1561910
1561950
1561951
1561952
1561953
1561954
1561955
1561956
1561957
1561958
1561959
1566710
1566711
1566712
1566713
1566714
1566715
1566716
1566717
1566718
1566719
1566720
1566721
1566722
1566723
1566724
1566725
1566726
1566727
1566728
1566729
1569100
1569101
1569102
1569103
1569104
1569105
1569106
1569107
1569108
1569109
1782990
1784760
1784770
1786730
1786820
1786830
1786850
1786860
1786870
1330910
1331090
1331910
1332530
1333530
1333540
1333541
1333542
1333543
1334744
1335910
1336910
1336911
1336912
1337910
1337930
1337940
1337952
1338910
1339910
1339920
1360910
1360914
1360921
1361910
1361918
1362910
1362918
1363673
1363674
1363683
1363689
1364910
1364918
1365910
1366910
1368910
1368918
1959120
1890910
1896654
1896655
1896656
1896657
1899100
1899101
1899102
1899103
1899104
1899105
1899200
1899201
1899202
1899203
1899204
1899205
1899206
1899207
1899208
1899209
1530910
1531900
1531901
1531902
1531903
1531904
1531905
1531906
1531907
1531908
1533220
1533221
1533610
1533611
1534910
1534918
1535311
1535312
1535313
1535314
1535315
1500910
1500918
1502910
1502919
1502930
1502944
1502950
1502960
1509100
1509104
1509106
1509110
1509134
1509135
1509138
1509142
1509180
1590910
1590926
1590927
1592910
1592920
1592921
1592924
1592925
1592928
1592929
1592935
1592936
1592937
1592946
1592947
1592962
1592963
1592974
1592976
1592978
1592986
1592987
1599100
1599101
1599102
1599103
1599104
1599108
1599109
1599124
1599128
1599135
1599136
1599137
1599147
1599181
1599184
1599188
1599190
1350910
1357100
1357101
1357102
1357103
1357104
1357105
1357106
1357107
1357108
1357109
1357275
1357276
1357277
1357278
1357279
1452680
1452681
1452690
1300844
1300854
1300855
1300856
1302070
1302071
1302072
1302073
1302074
1302075
1302076
1302077
1302078
1302079
1302844
1302854
1302855
1303854
1303855
1306034
1306035
1306036
1306044
1308766
1308767
1308768
1308769
1309294
1309295
1309296
1309297
1309298
1309299
1309810
1309811
1860910
1860920
1868197
1868198
1868199
1869100
1869101
1869102
1869103
1869104
1869105
1869106
1869107
1869108
1869109
1550910
1552910
1559100
1559101
1559102
1559103
1559104
1559105
1559106
1559107
1559108
1559109
1559200
1559201
1559202
1559203
1559204
1559205
1559206
1559207
1559208
1559209
1559210
1559211
1559212
1559213
1559214
1559215
1559216
1559217
1559218
1559219
1559614
1559615
1559645
1559646
1559647
1559670
1559671
1559672
1559673
1559674
1559675
1559676
1559677
1559678
1559679
1390910
1399100
1399101
1399102
1399103
1399104
1399105
1399200
1399201
1399202
1399203
1399204
1399205
1399206
1399207
1399208
1399209
1671910
1671918
1672848
1520910
1522910
1522940
1522949
1522950
1522958
1522960
1522970
1522971
1522980
1522990
1522991
1524900
1524910
1528920
1528930
1528931
1528940
1528949
1529100
1529101
1529102
1529103
1529104
1529105
1529106
1529107
1529108
1529109
1529110
1529140
1529180
1529190
1750291
1750292
1880910
1889100
1889101
1889102
1889103
1889104
1889105
1889106
1889107
1889108
1889109
1889140
1889150
1889158
1889180
1889181
1470910
1479100
1370020
1370910
1372050
1372059
1372070
1375970
1375971
1375972
1375983
1375984
1375985
1375986
1377255
1377256
1377257
1377258
1377259
1377260
1377261
1377262
1910910
1914460
1914537
1914538
1919100
1919180
1919181
1919182
1919183
1919184
1320190
1320191
1320192
1320193
1320910
1322000
1322790
1322794
1322795
1323910
1325900
1325901
1325902
1325903
1325904
1325905
1325910
1327910
1327950
1327951
1327952
1327953
1327954
1327955
1327956
1327957
1327958
1327959
1328910
1328940
1328941
1571040
1571910
1571920
1572190
1981521
1988890
1989080
1989090
1989094
1989100
1989101
1989102
1989103
1989104
1989105
1989106
1989107
1989108
1989109
1989490
1989870
1380091
1380910
1380914
1389100
1389101
1389102
1389103
1389104
1389105
1389106
1389107
1389108
1389109
1389147
1389148
1389149
1389200
1389201
1389202
1389203
1389204
1389205
1389206
1389207
1389208
1389209
1389290
1389291
1389292
1389293
1389294
1389295
1389296
1389297
1389298
1389299
1870001
1870002
1870003
1870004
1870005
1870006
1870007
1870008
1870009
1870910
1871720
1871721
1871722
1871723
1871724
1871725
1871726
1871727
1871728
1871729
1871740
1871754
1872910
1872940
1872980
1874030
1874034
1874050
1874059
1874060
1874070
1879100
1879101
1879102
1879103
1879104
1879105
1879106
1879107
1879108
1879109
1879140
1879150
1879151
1879188
1879190
1879194
1310960
1310961
1310962
1310963
1314910
1315230
1315231
1315232
1315233
1315234
1318623
1318624
1318625
1318626
1319630
1319631
1340293
1340910
1342970
1346850
1346851
1346852
1346853
1346855
1346856
1346857
1346891
1347404
1347408
1347409
1347425
1347426
1347427
1347454
1347455
1347458
1347460
1347461
1347462
1348440
1348449
1348456
1348457
1348486
1348487
1348806
1348807
1348816
1348817
1348840
1348849
1580910
1582914
1582918
1582944
1582948
1582951
1582952
1582980
1582994
1582995
1582998
1587740
1587761
1589100
1589110
1589135
1589140
1589150
1589159
1589165
1510910
1511490
1512910
1512930
1512940
1512953
1512961
1512962
1512974
1512978
1512979
1512980
1512995
1519100
1519101
1519102
1519103
1519104
1519105
1519106
1519107
1519108
1519109
1519180
1519197
