1311787
1311788
1311789
1311797
1312527
1312536
1312537
1312538
1312539
1313374
1313375
1313376
1313377
1313397
1313402
1315579
1315599
1317081
1317084
1317097
1317774
1317775
1317776
1317779
1317797
1318452
1318453
1318454
1319797
1730707
1730797
1734664
1734667
1734668
1734677
1737010
1737011
1737012
1737013
1737014
1737047
1737070
1737071
1737072
1737073
1737074
1737075
1737076
1737077
1737078
1737079
1737970
1737971
1737972
1737973
1737974
1737975
1737976
1737977
1737978
1737979
1660707
1660797
1667907
1380357
1380358
1380707
1380797
1387070
1387071
1387072
1387073
1387074
1387075
1387076
1387077
1387078
1387079
1387970
1387971
1387972
1387973
1387974
1387975
1387976
1387977
1387978
1387979
1870707
1870797
1872010
1872011
1872012
1872047
1872070
1872071
1872072
1872073
1872074
1872075
1872076
1872077
1872078
1872079
1872080
1872081
1872082
1872083
1872085
1872086
1872087
1872088
1872089
1877048
1877049
1877070
1877071
1877072
1877073
1877074
1877075
1877076
1877077
1877078
1877079
1877087
1877097
1877902
1877903
1877904
1877905
1877906
1877907
1877908
1877909
1877970
1877971
1877972
1877973
1877974
1877975
1877976
1877977
1877978
1877979
1879787
1879797
1820707
1820797
1821492
1821493
1821494
1821495
1821496
1821497
1821498
1821499
1827000
1827001
1827002
1827003
1827004
1827005
1827006
1827007
1827008
1827009
1827070
1827071
1827072
1827073
1827074
1827075
1827076
1827077
1827078
1827079
1827097
1827970
1827971
1827972
1827973
1827974
1827975
1827976
1827977
1827978
1827979
1829669
1829670
1829671
1829672
1829673
1829674
1829675
1829676
1829677
1829678
1829679
1829686
1829687
1829688
1829689
1829699
1510707
1510797
1517015
1517016
1517017
1517018
1517019
1517060
1517061
1517062
1517063
1517064
1517070
1517071
1517072
1517073
1517074
1517075
1517076
1517077
1517078
1517079
1517905
1517906
1517907
1517908
1517909
1517970
1517971
1517972
1517973
1517974
1517975
1517976
1517977
1517978
1517979
1518020
1518021
1518022
1518023
1518024
1518025
1518026
1518027
1518028
1518029
1340707
1340797
1342654
1342655
1343707
1343797
1347945
1347946
1347947
1347948
1347949
1347970
1347971
1347972
1347973
1347974
1347975
1347976
1347977
1347978
1347979
1347990
1347991
1347992
1347993
1347994
1347995
1347996
1347997
1347998
1347999
1760707
1760797
1767907
1767917
1767918
1767927
1767930
1767932
1767933
1767935
1767936
1767937
1767938
1767939
1767940
1767942
1767943
1767945
1767946
1767947
1767948
1767949
1768797
1580707
1580797
1587004
1587070
1587071
1587072
1587073
1587074
1587943
1587970
1587971
1587972
1587973
1587974
1587975
1587976
1587977
1587978
1587979
1880707
1880797
1881644
1881645
1881646
1881647
1881648
1881649
1882786
1882787
1882788
1882797
1887010
1887011
1887012
1887013
1887014
1887048
1887049
1887070
1887071
1887072
1887073
1887074
1887075
1887076
1887077
1887078
1887079
1887088
1887097
1887970
1887971
1887972
1887973
1887974
1887975
1887976
1887977
1887978
1887979
1889797
1750704
1750706
1750707
1750797
1757907
1757910
1757912
1757913
1757914
1757915
1757916
1757917
1757918
1757919
1757920
1757922
1757923
1757924
1757925
1757926
1757927
1757928
1757929
1757930
1757931
1757932
1757933
1757934
1757935
1757936
1757937
1757938
1757939
1370702
1370707
1370797
1375580
1375581
1376390
1376391
1376392
1376393
1376394
1376395
1376396
1376397
1376398
1376399
1376630
1376631
1376632
1376633
1376634
1376635
1376636
1376637
1376638
1376639
1376770
1376771
1376772
1376773
1376774
1376775
1376776
1376777
1376778
1376779
1470707
1470797
1471745
1471746
1471747
1471748
1471749
1471750
1471751
1471752
1471753
1471754
1471755
1471756
1471757
1471758
1471759
1477080
1477081
1477082
1477083
1477090
1477091
1477092
1477093
1477970
1477971
1477972
1477973
1477974
1477975
1477976
1477977
1477978
1477979
1477992
1477993
1477994
1477995
1477996
1479640
1479668
1479669
1479670
1479671
1479672
1479673
1479674
1479675
1479676
1479677
1479678
1479679
1479787
1479797
1520707
1520797
1521610
1521611
1521612
1521613
1521614
1521615
1521616
1521617
1521618
1521619
1527060
1527061
1527062
1527063
1527064
1527065
1527066
1527067
1527068
1527069
1527070
1527071
1527072
1527073
1527074
1527075
1527076
1527077
1527078
1527079
1527970
1527971
1527972
1527973
1527974
1527975
1527976
1527977
1527978
1527979
1529770
1529771
1529772
1529773
1529774
1529775
1529776
1529777
1529778
1529779
1529780
1529781
1529782
1529783
1529784
1529785
1529786
1529787
1529788
1529789
1529797
1810707
1810797
1814667
1814668
1814669
1814677
1814679
1816077
1816214
1816215
1816216
1816217
1816218
1816219
1816605
1816606
1816607
1816608
1816609
1817010
1817011
1817012
1817013
1817014
1817047
1817048
1817049
1817067
1817068
1817069
1817070
1817071
1817072
1817073
1817074
1817075
1817076
1817077
1817078
1817079
1817270
1817271
1817272
1817273
1817274
1817275
1817276
1817277
1817278
1817279
1817407
1817408
1817409
1817896
1817897
1817898
1817899
1817906
1817907
1817908
1817909
1817970
1817971
1817972
1817973
1817974
1817975
1817976
1817977
1817978
1817979
1817996
1817997
1840797
1846030
1846031
1846032
1846033
1846034
1846035
1846036
1846037
1846038
1846039
1847018
1847019
1847040
1847041
1847042
1847043
1847044
1847045
1847046
1847047
1847048
1847049
1847070
1847071
1847072
1847073
1847074
1847075
1847076
1847077
1847078
1847079
1847970
1847971
1847972
1847973
1847974
1847975
1847976
1847977
1847978
1847979
1847980
1847981
1847982
1847983
1847984
1847985
1847986
1847987
1570797
1571707
1571708
1571797
1572774
1572775
1572776
1572777
1572778
1577070
1577071
1577072
1577073
1577074
1577075
1577076
1577077
1577078
1577079
1577080
1577081
1577082
1577083
1577084
1577085
1577086
1577087
1577088
1577089
1577900
1577901
1577902
1577903
1577904
1577905
1577906
1577907
1577908
1577909
1577970
1577971
1577972
1577973
1577974
1577975
1577976
1577977
1577978
1577979
1577986
1577987
1577988
1577989
1650797
1651338
1651797
1980797
1981508
1987032
1987033
1987034
1987035
1987036
1987037
1987038
1987039
1987040
1987041
1987042
1987043
1987044
1987045
1987070
1987071
1987072
1987073
1987074
1987075
1987076
1987077
1987078
1987079
1987080
1987081
1987082
1987083
1987084
1987085
1988048
1988049
1988050
1988051
1988052
1988053
1988054
1988055
1988056
1988057
1988058
1988076
1988077
1988078
1700795
1700796
1700797
1701690
1701691
1701692
1701693
1701694
1702796
1702797
1704490
1707720
1707721
1707722
1707723
1707724
1707725
1707726
1707727
1320707
1320797
1321707
1321797
1323707
1323766
1323767
1323768
1323769
1323797
1324705
1324707
1324777
1324779
1324787
1324789
1324790
1324797
1325704
1325707
1325797
1326301
1326306
1326307
1326397
1910708
1910709
1910797
1914217
1914218
1914219
1914700
1914701
1914702
1914703
1914704
1914705
1914706
1914707
1914708
1914709
1917054
1917055
1917900
1917901
1917902
1917903
1917904
1917905
1917906
1917907
1917908
1917909
1917970
1917971
1917972
1917973
1917974
1917975
1917976
1917977
1917978
1917979
1770707
1770797
1774664
1774667
1774668
1777010
1777011
1777012
1777013
1777014
1777070
1777071
1777072
1777073
1777074
1777075
1777076
1777077
1777078
1777079
1777970
1777971
1777972
1777973
1777974
1777975
1777976
1777977
1777978
1777979
1590707
1590797
1597000
1597001
1597002
1597003
1597004
1597005
1597006
1597007
1597008
1597009
1597010
1597011
1597012
1597013
1597014
1597015
1597016
1597017
1597018
1597019
1597070
1597071
1597072
1597073
1597074
1597075
1597076
1597077
1597078
1597079
1597080
1597081
1597082
1597083
1597084
1597085
1597086
1597087
1597088
1597089
1597090
1597091
1597092
1597093
1597094
1597095
1597096
1597097
1597098
1597099
1597970
1597971
1597972
1597973
1597974
1597975
1597976
1597977
1597978
1597979
1597980
1597981
1597982
1597983
1597984
1597985
1597986
1452657
1452667
1452669
1454447
1454457
1457027
1458335
1458336
1458337
1458338
1458339
1350707
1350797
1351707
1351797
1357665
1357666
1357667
1357668
1357669
1357670
1357671
1357672
1357673
1357674
1357675
1357676
1357677
1357678
1357679
1830707
1830797
1831797
1836540
1836541
1836542
1836543
1837040
1837041
1837042
1837043
1837044
1837045
1837046
1837047
1837048
1837049
1837070
1837071
1837072
1837073
1837074
1837075
1837076
1837077
1837078
1837079
1837080
1837081
1837082
1837083
1837084
1837085
1837086
1837087
1837088
1837089
1837094
1837095
1837096
1837097
1837098
1837099
1837970
1837971
1837972
1837974
1837975
1837976
1837977
1837978
1837979
1837980
1837981
1837982
1837984
1837985
1837986
1837987
1837988
1837989
1839787
1839797
1500704
1500705
1500706
1500707
1500708
1500709
1500797
1507015
1507016
1507017
1507018
1507019
1507070
1507071
1507072
1507073
1507074
1507075
1507076
1507077
1507078
1507079
1507970
1507971
1507972
1507973
1507974
1507975
1507976
1507977
1507978
1507979
1508356
1508357
1508358
1508359
1508370
1508371
1508372
1508373
1508374
1508375
1508376
1508377
1508378
1508379
1508390
1508391
1508392
1508393
1508394
1550702
1550703
1550704
1550705
1550706
1550707
1550708
1550709
1550797
1557000
1557001
1557002
1557003
1557004
1557005
1557006
1557007
1557008
1557009
1557010
1557011
1557012
1557946
1557947
1557948
1557949
1557970
1557971
1557972
1557973
1557974
1557975
1557976
1557977
1557978
1557979
1557985
1557986
1557987
1557988
1557989
1557999
1860707
1860709
1860797
1867970
1867971
1867972
1867973
1867974
1867975
1867976
1867977
1867978
1867979
1671797
1672797
1673797
1390707
1390797
1397010
1397011
1397012
1397013
1397014
1397070
1397071
1397072
1397073
1397074
1397075
1397076
1397077
1397078
1397079
1397970
1397971
1397972
1397973
1397974
1397975
1397976
1397977
1397978
1397979
1937999
1302624
1303320
1303321
1303322
1303323
1303324
1303325
1303326
1303327
1303328
1304497
1304797
1309707
1309716
1309717
1309724
1309730
1309731
1309732
1309733
1309734
1330707
1330797
1331707
1331708
1331797
1331946
1331947
1331948
1331949
1332007
1332017
1333013
1333014
1333015
1333016
1333017
1333018
1334004
1334017
1336177
1336707
1336797
1338707
1338797
1339707
1339797
1713706
1713707
1713708
1713709
1713797
1715290
1715291
1715292
1715797
1715847
1715848
1715849
1716294
1716797
1716840
1717797
1718287
1718289
1718290
1718291
1718292
1718294
1718784
1718797
1718840
1719797
1990707
1990797
1991466
1991467
1991468
1991469
1991470
1991471
1991472
1991473
1991474
1991475
1991476
1991477
1991478
1991479
1991794
1991795
1991796
1991797
1991798
1991799
1994214
1994217
1994218
1994219
1997017
1997047
1997070
1997071
1997072
1997073
1997074
1997075
1997076
1997077
1997078
1997079
1997080
1997081
1997082
1997083
1997084
1997085
1997086
1997087
1997090
1997091
1997092
1997093
1997094
1997095
1997096
1997097
1997098
1997943
1997945
1997946
1997970
1997971
1997972
1997973
1997974
1997975
1997976
1997977
1997978
1997979
1997981
1997982
1997983
1997984
1780797
1780887
1780888
1784650
1784651
1784652
1784653
1784654
1784655
1784656
1784657
1784658
1784659
1787005
1787006
1787007
1787008
1787009
1787010
1787011
1787012
1787013
1787014
1787015
1787016
1787017
1787018
1787019
1787040
1787041
1787042
1787043
1787044
1787045
1787046
1787047
1787048
1787049
1787050
1787051
1787052
1787053
1787054
1787055
1787056
1787057
1787058
1787059
1787060
1787061
1787062
1787063
1787064
1787065
1787066
1787067
1787068
1787069
1787077
1787079
1787087
1787097
1787907
1787970
1787971
1787972
1787973
1787974
1787975
1787976
1787977
1787978
1787979
1787990
1787991
1787992
1787993
1787994
1787995
1787996
1787997
1787998
1787999
1788747
1789157
1789797
1850707
1850797
1857907
1857970
1857971
1857972
1857973
1857974
1857975
1857976
1857977
1857978
1857979
1560700
1560707
1560797
1567970
1567971
1567972
1567973
1567974
1567975
1567976
1567977
1567978
1567979
1569787
1569789
1569797
1530707
1530797
1534797
1535007
1535027
1535028
1535029
1535036
1535037
1535044
1535045
1537436
1537437
1538784
1538785
1538786
1538787
1538797
1539070
1539071
1539072
1539073
1539074
1539787
1539789
1539797
1800027
1800077
1800702
1800703
1800704
1800705
1800706
1800707
1800797
1804666
1804667
1804668
1804669
1804677
1804686
1804687
1807010
1807026
1807027
1807035
1807036
1807037
1807047
1807048
1807057
1807058
1807970
1807971
1807972
1807973
1807974
1807975
1807976
1807977
1807978
1807979
1360707
1360797
1361707
1361797
1362704
1362707
1362797
1364701
1364707
1364797
1365707
1365797
1366704
1366706
1366707
1366797
1367229
1367707
1367797
1368480
1368487
1368707
1368797
1369487
1369701
1369707
1369790
1369797
1369805
1369806
1369807
1369845
1369847
1369958
1890707
1890797
1894226
1894227
1894228
1894236
1894237
1897010
1897011
1897012
1897013
1897014
1897070
1897071
1897072
1897073
1897074
1897075
1897076
1897077
1897078
1897079
1897970
1897971
1897972
1897973
1897974
1897975
1897976
1897977
1897978
1897979
