1830676
1832672
1832677
1621498
1621565
1621568
1622550
1452089
1720151
1720162
1720165
1720179
1720560
1302402
1303064
1303065
1303069
1305318
1306339
1307501
1307503
1307504
1307507
1308336
1308338
1308406
1309335
1309337
1860967
1860968
1865670
1865671
1865672
1865673
1865674
1865676
1865677
1865678
1865679
1550567
1555151
1555153
1555155
1555158
1555193
1555194
1555195
1555196
1555197
1555198
1555199
1555525
1555526
1555527
1555528
1555529
1555614
1555615
1555616
1555617
1555670
1555671
1555672
1555673
1555674
1555675
1555676
1555677
1671199
1674003
1674004
1674005
1674006
1674007
1674008
1674009
1990567
1990967
1993019
1994463
1994464
1994465
1994466
1994467
1994468
1994469
1995671
1995672
1995673
1995674
1995675
1995676
1995677
1995678
1995679
1995690
1995695
1995696
1995697
1995698
1995699
1996590
1996591
1996592
1996593
1996594
1996595
1996596
1996597
1996599
1560567
1560967
1565680
1565681
1565682
1565683
1565684
1565685
1565686
1565687
1565688
1565689
1566567
1569567
1788015
1788461
1788466
1330967
1332927
1333567
1333568
1333917
1333927
1334567
1334568
1334904
1334917
1334927
1335567
1335568
1336567
1338567
1339567
1339967
1710054
1710056
1710057
1710058
1710059
1716550
1950567
1950568
1890567
1890568
1890967
1894929
1895675
1895676
1895677
1895678
1895679
1895680
1895681
1895682
1895683
1895684
1895685
1895686
1895687
1895688
1895689
1530567
1530967
1534567
1665590
1665591
1665592
1665593
1665594
1665595
1665596
1665597
1665598
1665599
1870567
1870987
1870988
1870989
1871220
1871221
1871222
1871223
1871224
1871225
1871226
1871227
1871228
1871229
1871243
1871493
1871494
1871543
1871544
1871567
1872667
1872668
1872669
1872670
1872671
1872672
1872673
1872674
1872675
1872676
1872677
1872678
1872679
1872680
1872681
1875670
1875671
1875672
1875673
1875674
1875675
1875676
1875677
1875678
1875679
1313547
1314567
1314568
1315567
1315568
1315670
1315671
1315672
1315673
1315674
1315675
1315676
1315677
1315678
1315679
1316767
1316768
1317010
1317017
1319540
1319541
1319567
1319568
1822610
1822612
1822644
1822690
1829734
1813333
1524994
1524995
1525614
1750567
1755583
1755584
1755590
1755591
1755592
1755593
1755594
1755595
1755596
1755597
1755598
1755599
1755690
1755691
1755692
1755693
1755694
1755695
1755696
1755697
1755699
1755708
1755809
1885671
1470567
1910567
1910967
1914267
1915670
1915671
1915672
1915673
1915674
1915675
1915676
1915677
1915678
1915679
1915690
1915691
1915692
1915693
1915694
1915695
1915696
1915697
1916547
1916548
1916549
1916559
1320567
1321567
1322567
1322587
1327567
1328567
1328568
1329567
1571567
1981080
1981081
1981346
1982659
1984001
1984002
1984027
1984028
1984188
1985623
1985667
1985670
1985671
1985672
1985673
1985674
1985675
1985676
1985677
1985678
1985679
1650035
1650672
1650858
1651072
1651226
1652582
1652605
1655672
1655676
1655975
1655978
