1520872
1524095
1528720
1528721
1810872
1818372
1818720
1818721
1818722
1818727
1818728
1818729
1818748
1880872
1884964
1884965
1884966
1884967
1884968
1884969
1886980
1886981
1886982
1886983
1886984
1886985
1886986
1886987
1888720
1888721
1888722
1888723
1888724
1888725
1888726
1888727
1888728
1888729
1750872
1758411
1758415
1758702
1758720
1758728
1758732
1758792
1758793
1470872
1473662
1473663
1478712
1478720
1478721
1478722
1478723
1478724
1370864
1370866
1376920
1376921
1376922
1376923
1376924
1703454
1703455
1703456
1703457
1705692
1707835
1707836
1707837
1707838
1707839
1320872
1321190
1323872
1910872
1914302
1914322
1914325
1914326
1916910
1918720
1918721
1918722
1918723
1918724
1918725
1918726
1918727
1918728
1918729
1918736
1918737
1918738
1918739
1918774
1918775
1918776
1918777
1918778
1918779
1918789
1918847
1840872
1846975
1846976
1846977
1846978
1846979
1848749
1848750
1848751
1848752
1848753
1848754
1848755
1570872
1571872
1572186
1575020
1575021
1575022
1575023
1575024
1575025
1575270
1575271
1575272
1575273
1575274
1575275
1575276
1575277
1575278
1575279
1575280
1575281
1575282
1575283
1575284
1575285
1575286
1575287
1575288
1575289
1650872
1651872
1980872
1980885
1981107
1981120
1981121
1981122
1981123
1981124
1981316
1982885
1986901
1986902
1986903
1986904
1986905
1986906
1986907
1986993
1986994
1986995
1986996
1986997
1986998
1986999
1988720
1988721
1988722
1988723
1988724
1988725
1988726
1988727
1988728
1988729
1660872
1668722
1668732
1668733
1668743
1380876
1388720
1388721
1388722
1388723
1388724
1388725
1388726
1388727
1388728
1388729
1870872
1872496
1872497
1872498
1872499
1876090
1876091
1876092
1876093
1876094
1876095
1876096
1878720
1878721
1878722
1878723
1878724
1878725
1878726
1878727
1878728
1878729
1310856
1310857
1310872
1311412
1311872
1315063
1315064
1315065
1317075
1317076
1318746
1318768
1318769
1730872
1738720
1738722
1738725
1738726
1738727
1340495
1340496
1340497
1340498
1340499
1346615
1346616
1760872
1768702
1580872
1581217
1581218
1581219
1581220
1582517
1587770
1587771
1587772
1587773
1587774
1587775
1587776
1587777
1587778
1587779
1588730
1588731
1588732
1588733
1588734
1588735
1588736
1588737
1588738
1588739
1589450
1589451
1589452
1589453
1589454
1589455
1589456
1589457
1589458
1589459
1820695
1820696
1820697
1820698
1820699
1821330
1821331
1821332
1821333
1821334
1821335
1821336
1821337
1821338
1821339
1828720
1828721
1828722
1828723
1828724
1828725
1828726
1828727
1828728
1828729
1512500
1512501
1512502
1512503
1512504
1512505
1512506
1512507
1512508
1512509
1512510
1512511
1512512
1512513
1512514
1512515
1512516
1512517
1512518
1512519
1512520
1512521
1512522
1512523
1512524
1512525
1512526
1512527
1512528
1512529
1518720
1518721
1518722
1518723
1518724
1518725
1518726
1518727
1518728
1518729
1519832
1519833
1519834
1519835
1519836
1519837
1519838
1519839
1990872
1991272
1991282
1991292
1991294
1991299
1994872
1994892
1994898
1998720
1998721
1998722
1998723
1998727
1998728
1998729
1998992
1999582
1999588
1999592
1780872
1784220
1784221
1784222
1784223
1784224
1784225
1784226
1784227
1786899
1786900
1786901
1786902
1786903
1786991
1787460
1787461
1787462
1787463
1787464
1787465
1850882
1858720
1858721
1560872
1568720
1568721
1568722
1568723
1568724
1568725
1568726
1569702
1330872
1331274
1331278
1332055
1332494
1332495
1333055
1336872
1337872
1338872
1339872
1713872
1715872
1716694
1716696
1716697
1716698
1716700
1716704
1716872
1717470
1717471
1717472
1717872
1718473
1718701
1718702
1718703
1718705
1719872
1360872
1360882
1361872
1361880
1361942
1362872
1364872
1365872
1890872
1898707
1898708
1898720
1898721
1898722
1898723
1898724
1530872
1533167
1533168
1533433
1534872
1536829
1536830
1536831
1536872
1536898
1536899
1538872
1538877
1539394
1539395
1539396
1539397
1539491
1539872
1800872
1808720
1808721
1808728
1808729
1830872
1831300
1831301
1831302
1831303
1831315
1831316
1831317
1831318
1831319
1831425
1831426
1831427
1831428
1831429
1838720
1838721
1838722
1838723
1838724
1838725
1838726
1838727
1838728
1508725
1508726
1508727
1508728
1508729
1509690
1509691
1509692
1509693
1509694
1509695
1509696
1509697
1770872
1778720
1778722
1778723
1778789
1590872
1591120
1591121
1591122
1591123
1591124
1591224
1591225
1591226
1591227
1591228
1591229
1591260
1591261
1591262
1591263
1591264
1591265
1591266
1591267
1596908
1596909
1598760
1598761
1598762
1598763
1598764
1350872
1350882
1352963
1352964
1352965
1352972
1352992
1357720
1357721
1357722
1357723
1357724
1357725
1357726
1357727
1357728
1357729
1357785
1357786
1357787
1357788
1357789
1452880
1453890
1453891
1453892
1453893
1453894
1454645
1301336
1301339
1301344
1303862
1308740
1308741
1309525
1309749
1309984
1309985
1550872
1558726
1558727
1558728
1558729
1860872
1860885
1868723
1868725
1868726
1868727
1868728
1868729
1390872
1398720
1398721
1398722
1398723
1398724
1398725
1398726
1398727
1398728
1398729
1398850
1398851
1398852
1398853
1398854
1398855
1398856
1398857
1398858
1398859
