1500394
1503640
1503641
1503642
1503643
1503644
1503680
1503681
1503682
1503683
1503684
1503940
1503941
1503942
1503943
1503944
1503945
1503946
1503947
1503948
1503949
1503990
1503991
1503992
1503993
1503994
1508315
1508316
1508317
1508318
1508319
1830394
1833610
1833611
1833612
1833613
1833614
1833615
1833616
1833617
1833649
1833650
1833651
1833652
1833653
1833654
1833655
1833656
1833657
1833658
1833659
1833940
1833941
1833942
1833943
1833944
1833945
1833946
1833947
1833948
1833949
1834832
1834833
1834834
1834835
1834836
1834837
1834838
1834839
1623941
1590394
1593600
1593601
1593602
1593603
1593604
1593605
1593606
1593607
1593608
1593609
1593690
1593691
1593692
1593693
1593694
1593695
1593696
1593697
1593698
1593699
1593860
1593861
1593862
1593863
1593864
1593865
1593866
1593867
1593868
1593869
1593940
1593941
1593942
1593943
1593944
1593945
1593946
1593947
1593948
1593949
1599320
1599321
1599322
1599323
1599324
1599325
1599326
1599327
1599328
1599329
1599415
1599416
1599417
1599418
1599419
1770387
1770394
1771622
1771623
1771624
1771625
1771627
1771628
1771911
1771912
1772496
1772497
1773721
1773752
1773753
1773930
1773931
1773932
1773939
1773945
1773946
1773958
1773959
1774045
1774046
1774474
1774943
1776167
1779650
1779651
1779652
1779653
1779688
1779779
1350394
1350768
1351387
1352310
1352311
1352312
1352313
1352338
1352339
1352368
1352369
1352394
1352570
1352571
1352572
1352573
1352574
1352575
1352576
1352577
1352578
1352579
1352620
1352621
1352622
1352623
1352624
1352625
1352626
1352627
1352628
1352629
1359220
1359221
1359222
1359223
1359224
1359225
1359226
1359227
1359228
1359229
1452351
1452352
1452353
1452354
1454218
1454867
1303390
1303391
1303392
1303393
1303394
1303395
1303396
1303397
1304394
1308428
1308429
1860387
1860388
1860394
1862394
1862570
1862571
1862572
1862573
1862574
1863805
1863806
1863807
1863808
1863809
1863940
1863941
1863942
1863943
1863944
1863945
1863946
1863947
1863948
1863949
1550394
1551434
1551440
1551441
1551442
1551443
1551444
1551445
1551446
1551460
1551461
1551462
1551463
1551670
1551671
1551672
1551673
1551674
1551675
1551676
1551677
1551678
1551679
1551740
1551741
1551742
1551743
1551744
1551745
1551746
1551747
1551748
1551749
1551800
1551801
1551802
1551803
1551804
1551805
1551806
1551807
1551808
1551809
1551810
1551811
1551812
1551813
1551814
1551815
1551816
1551817
1551818
1551819
1551840
1551841
1551842
1551843
1551844
1551845
1551846
1551847
1551848
1551849
1553860
1553861
1553862
1553863
1553864
1553865
1553866
1553867
1553868
1553869
1553940
1553941
1553942
1553943
1553944
1553945
1553946
1553947
1553948
1553949
1556583
1556584
1556585
1556586
1556587
1390387
1390394
1393804
1393805
1393806
1393807
1393808
1393809
1393940
1393941
1393942
1393943
1393944
1393945
1393946
1393947
1393948
1393949
1394995
1394996
1394997
1394998
1394999
1671138
1671139
1671394
1671825
1671826
1671827
1671828
1671829
1672378
1672390
1672391
1672394
1672397
1672399
1673378
1673390
1673391
1673394
1673397
1673399
1674110
1674111
1674112
1674113
1674114
1674115
1674116
1674117
1674118
1674119
1674120
1674121
1674122
1674123
1674124
1674125
1674126
1674127
1674128
1674129
1674394
1990387
1990394
1991327
1991328
1991329
1991330
1991332
1991333
1991334
1991335
1991336
1991337
1991338
1991339
1991340
1991341
1993769
1993940
1993941
1993942
1993943
1993944
1993947
1993948
1993977
1993978
1993979
1993982
1994394
1560394
1563800
1563801
1563802
1563803
1563804
1563805
1563806
1563807
1563808
1563809
1563940
1563941
1563942
1563943
1563944
1563945
1563946
1563947
1563948
1563949
1564995
1564996
1564997
1564998
1564999
1566433
1566434
1567083
1567084
1567089
1569081
1569082
1780394
1781480
1781481
1781482
1781483
1781484
1781485
1781486
1781487
1781488
1781489
1783725
1783726
1783940
1783941
1783942
1783943
1783944
1783945
1783946
1783947
1783948
1783949
1788660
1788857
1789676
1789690
1789691
1789692
1789693
1789694
1789695
1789696
1789697
1789698
1789699
1850394
1853860
1853861
1853862
1853863
1853864
1853865
1853866
1853867
1853868
1853962
1853963
1853964
1853970
1853971
1853972
1853973
1853974
1853975
1853976
1853977
1853978
1853979
1856767
1856830
1856831
1859534
1859535
1859536
1859537
1859538
1859553
1859554
1859555
1330387
1330394
1332387
1332394
1333394
1334394
1334683
1334684
1334685
1335384
1335385
1335386
1335394
1338394
1339390
1339391
1339392
1339393
1339394
1710484
1710489
1710620
1710626
1710633
1712341
1712342
1712343
1712344
1712345
1712346
1712347
1712348
1712349
1712350
1712351
1712352
1712353
1712354
1712355
1713394
1715394
1716367
1716368
1716369
1716380
1716381
1716394
1716466
1716467
1716468
1716469
1716504
1717394
1718361
1718362
1718367
1718394
1719394
1360387
1360394
1360841
1360842
1360861
1361394
1361989
1362394
1362989
1363394
1363985
1364394
1364397
1365394
1366304
1366394
1367340
1367341
1367342
1367343
1367344
1367355
1367356
1367357
1367358
1367359
1367385
1367386
1367387
1367388
1367394
1368394
1369394
1952495
1952496
1955558
1955559
1890387
1890394
1893940
1893941
1893942
1893943
1893944
1893945
1893946
1893947
1893948
1893949
1893960
1893961
1893962
1800387
1800394
1803723
1803724
1803725
1803726
1803763
1803765
1803766
1803949
1803952
1803953
1530390
1530394
1533387
1533388
1533389
1533394
1534394
1534604
1534605
1534606
1534607
1534608
1534609
1380394
1383860
1383861
1383862
1383863
1383864
1383865
1383866
1383867
1383868
1383869
1383940
1383941
1383942
1383943
1383944
1383945
1383946
1383947
1383948
1383949
1384940
1384941
1384942
1384943
1384944
1384945
1384946
1660394
1663889
1663895
1663896
1663897
1663898
1663899
1663901
1663902
1663903
1663904
1663905
1663906
1663907
1663908
1663909
1663940
1664987
1664988
1664989
1665000
1665001
1665002
1665003
1665004
1665005
1665006
1665007
1665008
1665009
1665010
1668411
1668412
1668413
1668414
1668415
1668416
1668417
1668418
1668419
1669623
1669624
1669625
1669626
1669627
1669628
1669629
1669670
1669671
1669672
1669673
1669674
1669675
1669676
1669677
1669678
1669679
1870394
1873610
1873611
1873612
1873613
1873614
1873615
1873616
1873617
1873618
1873619
1873620
1873621
1873622
1873623
1873624
1873880
1873881
1873882
1873883
1873884
1873885
1873886
1873887
1873888
1873889
1873940
1873941
1873942
1873943
1873944
1873945
1873946
1873947
1873948
1873949
1873975
1873976
1873977
1873978
1873979
1874920
1874921
1874922
1874923
1874924
1874925
1874926
1874927
1874928
1874929
1310387
1310394
1313744
1313745
1313746
1313747
1313765
1313766
1313767
1313768
1313769
1314064
1314065
1314066
1314820
1314821
1314822
1314823
1314824
1314825
1314826
1314827
1314828
1314829
1318322
1318323
1319360
1319361
1319362
1319363
1319364
1730387
1730394
1732923
1732924
1732925
1732926
1732927
1733476
1733530
1733560
1733561
1733562
1733594
1733941
1733942
1733943
1733944
1733945
1733946
1733947
1733948
1733949
1734484
1734494
1736468
1736596
1736597
1739580
1739581
1340385
1340386
1340387
1340388
1340389
1340394
1346000
1346001
1346002
1346003
1346004
1346005
1346006
1346007
1346008
1346009
1346130
1346131
1346132
1346133
1346134
1346135
1346136
1346137
1346138
1346139
1580394
1583620
1583621
1583622
1583623
1583624
1583625
1583626
1583627
1583628
1583629
1583860
1583861
1583862
1583863
1583864
1583865
1583866
1583867
1583868
1583869
1583940
1583941
1583942
1583943
1583944
1583945
1583946
1583947
1583948
1583949
1589050
1589051
1589052
1589053
1589054
1589055
1589056
1589057
1589058
1589059
1589360
1589361
1589362
1589363
1589364
1589365
1589366
1589367
1589368
1589369
1589670
1589671
1589672
1589673
1589674
1589675
1589676
1589677
1589678
1589679
1760394
1761327
1761328
1761329
1762931
1762932
1762963
1762964
1762980
1762981
1762982
1762983
1762984
1762985
1762986
1762987
1762988
1762989
1763350
1763351
1763352
1763353
1763354
1763355
1763356
1763357
1763358
1763359
1763390
1763391
1763392
1763393
1763394
1763395
1763396
1763397
1763436
1763437
1763438
1763439
1763477
1763478
1763805
1763806
1763807
1763808
1763809
1763860
1763861
1763862
1763863
1763864
1763865
1763866
1763867
1763868
1763940
1763941
1763942
1763943
1763944
1763945
1763946
1763947
1763948
1763949
1763970
1763971
1763972
1763973
1763974
1763975
1763976
1763977
1763978
1763979
1765762
1765763
1769835
1769836
1769858
1769859
1513820
1513821
1513822
1513823
1513824
1513825
1513826
1513827
1513828
1513829
1513830
1513831
1513832
1513833
1513834
1513835
1513836
1513837
1513838
1513839
1513940
1513941
1513942
1513943
1513944
1513945
1513946
1513947
1513948
1513949
1820394
1823630
1823631
1823632
1823633
1823634
1823845
1823846
1823847
1823848
1823849
1823890
1823891
1823892
1823893
1823894
1823895
1823896
1823897
1823898
1823899
1823940
1823941
1823942
1823943
1823944
1823945
1823946
1823947
1823948
1823949
1824070
1824071
1824072
1824073
1824074
1827280
1827281
1827282
1827283
1827284
1827285
1827286
1827287
1827288
1827289
1810387
1810394
1813470
1813575
1813576
1813726
1813736
1813768
1813769
1814394
1815303
1520394
1522495
1522496
1522497
1522498
1522499
1522570
1522571
1522572
1522573
1522574
1522575
1522576
1522577
1522578
1522579
1523845
1523846
1523847
1523848
1523849
1523875
1523876
1523877
1523878
1523879
1523880
1523881
1523882
1523883
1523884
1523885
1523886
1523887
1523888
1523889
1523940
1523941
1523942
1523943
1523944
1523945
1523946
1523947
1523948
1523949
1529000
1529001
1529002
1529003
1529004
1529005
1529006
1529007
1529008
1529009
1529060
1529061
1529062
1529063
1529064
1529065
1529066
1529067
1529068
1529069
1529475
1529476
1529477
1529478
1529479
1529495
1529496
1529497
1529498
1529499
1880386
1880394
1883830
1883831
1883832
1883833
1883834
1883835
1883836
1883837
1883838
1883839
1883940
1883941
1883942
1883943
1883944
1883945
1883946
1883947
1883948
1883949
1886033
1886430
1886431
1886432
1886433
1886434
1886435
1886436
1886437
1886438
1886439
1750394
1751347
1751348
1751349
1751350
1751351
1751352
1751353
1751378
1751379
1751380
1751398
1751399
1751600
1751601
1751602
1751603
1751604
1751605
1751606
1751873
1751874
1751875
1751876
1752820
1752821
1752823
1752824
1752825
1752826
1752827
1752828
1752829
1752830
1752831
1752832
1752833
1752834
1752835
1752836
1752837
1752838
1752839
1753030
1753031
1753032
1753033
1753805
1753806
1753807
1753808
1753809
1753860
1753861
1753862
1753863
1753864
1753865
1753866
1753867
1753868
1753940
1753941
1753942
1753943
1753944
1753945
1753946
1753947
1753948
1753949
1753970
1753971
1753972
1753973
1753974
1753975
1753976
1753977
1753978
1753979
1759110
1759111
1759112
1759113
1759114
1759115
1759116
1759117
1759118
1759119
1759120
1759121
1759122
1759123
1759124
1759125
1759126
1759127
1759128
1759129
1759476
1759477
1759478
1759479
1759480
1759610
1759611
1759612
1759613
1759614
1759615
1759616
1759617
1759618
1759619
1759645
1473809
1473859
1473880
1473894
1475664
1478394
1478425
1478426
1478427
1478428
1478429
1478870
1478871
1478872
1478873
1478874
1478875
1478876
1478877
1478878
1478879
1370082
1370387
1370394
1370762
1374739
1374940
1374941
1374942
1374943
1374944
1374945
1374946
1378120
1378121
1378122
1378123
1378124
1378125
1378126
1378127
1378128
1378129
1378394
1700386
1701300
1701301
1702185
1702186
1702187
1703636
1703637
1703638
1703639
1703640
1704317
1704318
1704319
1704320
1704321
1704322
1704323
1704324
1704325
1704326
1704327
1704328
1704329
1704330
1704331
1707162
1707163
1707394
1708394
1910394
1913940
1913941
1913942
1913945
1913946
1913947
1914394
1321330
1321331
1321332
1321333
1321334
1322394
1322395
1324337
1324338
1324346
1325375
1325376
1325377
1325378
1325379
1327116
1327117
1327160
1327161
1327162
1327163
1327164
1327165
1327166
1327167
1327168
1327169
1327300
1327301
1327394
1328300
1328301
1328394
1570380
1570381
1570382
1570383
1570384
1570385
1570386
1570387
1570388
1570389
1570394
1571394
1571638
1571639
1571674
1571675
1571676
1572928
1572929
1572930
1572931
1572948
1573750
1573751
1573752
1573860
1573861
1573862
1573863
1573864
1579280
1579663
1840394
1843600
1843601
1843626
1843800
1843801
1843802
1843803
1843804
1843805
1843806
1843807
1843808
1843809
1843810
1843811
1843812
1843813
1843814
1843815
1843816
1843817
1843818
1843819
1843844
1843940
1843941
1843942
1843943
1843944
1843945
1843946
1843947
1843948
1843949
1650012
1650016
1650394
1650502
1650881
1651238
1651691
1651692
1651693
1651695
1651697
1651698
1651801
1652006
1652628
1653394
1653480
1653502
1653507
1653940
1653945
1653946
1653947
1653948
1653949
1655074
1655078
1655087
1655279
1655510
1655512
1655637
1655723
1656175
1656394
1656410
1656425
1657686
1657708
1980394
1981265
1983601
1983901
1983902
1983903
1983904
1983905
1983906
1983907
1983940
1983941
1983942
1983943
1983944
1983945
1983946
1983947
1983948
1983949
1983993
