1320477
1320484
1320485
1320487
1321477
1321483
1321484
1321485
1322477
1323477
1323483
1323484
1324590
1324591
1327477
1327487
1327489
1328477
1328483
1328484
1328485
1329477
1329487
1329489
1329696
1910477
1910487
1914717
1701478
1701479
1701488
1701489
1980474
1980477
1980497
1981569
1984730
1984731
1984732
1984777
1988864
1989677
1650042
1650046
1650064
1650189
1650477
1651125
1651477
1651643
1651674
1651863
1652901
1652902
1653477
1655477
1655847
1655848
1655948
1657280
1840477
1841436
1570477
1570486
1570487
1570488
1570489
1570490
1570491
1570492
1570493
1570494
1570495
1570496
1570497
1570498
1570499
1571477
1571487
1573477
1573489
1575063
1575064
1575065
1575066
1575067
1575068
1575069
1575477
1576477
1577477
1520477
1520480
1524737
1524738
1524739
1524770
1524771
1524772
1524773
1524774
1524775
1524776
1524777
1524778
1524779
1524840
1524841
1524842
1524843
1524844
1524845
1524846
1524847
1524848
1524849
1810477
1810481
1814770
1814771
1814772
1814773
1814774
1814775
1814776
1814777
1814778
1814779
1814781
1814782
1814783
1814784
1814785
1814786
1814787
1814788
1814789
1814833
1814835
1814837
1370477
1372207
1372208
1372217
1372219
1373477
1373483
1373487
1374777
1374778
1374779
1375407
1375417
1378947
1378957
1378967
1378974
1378977
1474717
1474770
1474771
1474772
1474773
1474774
1474775
1474776
1474777
1474778
1474779
1474792
1474793
1474794
1474795
1474796
1474797
1474798
1474799
1476069
1478470
1478473
1478477
1478479
1479473
1479477
1479479
1479483
1479484
1479487
1479489
1479493
1479494
1479497
1479498
1479499
1750477
1750487
1880477
1884770
1884771
1884772
1884773
1884774
1884775
1884776
1884777
1884778
1884779
1760477
1760487
1761477
1764817
1768477
1768487
1580477
1580480
1580481
1580484
1580485
1580487
1580489
1584707
1584709
1584730
1584731
1584737
1584747
1584770
1584771
1584772
1584970
1584971
1584972
1584973
1584974
1584975
1584976
1584977
1584978
1584979
1589483
1589490
1589491
1589492
1589493
1589494
1589495
1589496
1589497
1589498
1589499
1345137
1347477
1347478
1347487
1347488
1347489
1348473
1348477
1820477
1820490
1820491
1820492
1820493
1820494
1824770
1824771
1824772
1824773
1824774
1824775
1824776
1824777
1824778
1824779
1824807
1824808
1824812
1824813
1824814
1824817
1824818
1824819
1824830
1824831
1824832
1824833
1824837
1824838
1510477
1513480
1513481
1513482
1513483
1513484
1513485
1513486
1513487
1513488
1513489
1513490
1513491
1513492
1513493
1513494
1514750
1514751
1514752
1514753
1514754
1514770
1514771
1514772
1514773
1514774
1514775
1514776
1514777
1514778
1514779
1514940
1514941
1514942
1514943
1514944
1514945
1514946
1514947
1514948
1514949
1514950
1514951
1514952
1514953
1514954
1514955
1514956
1514957
1514958
1514959
1514960
1514961
1514962
1514963
1514964
1514965
1514966
1514967
1514968
1514969
1514970
1514971
1514972
1514973
1514974
1514975
1514976
1514977
1514978
1514979
1870477
1874770
1874771
1874772
1874773
1874774
1874775
1874776
1874777
1874778
1874779
1660477
1664775
1664776
1664777
1664778
1664779
1384737
1384770
1384771
1384772
1384773
1384774
1384775
1384776
1384777
1384778
1384779
1384797
1384837
1384847
1384854
1384857
1384867
1384877
1384879
1730477
1730484
1730486
1731434
1731436
1739077
1311350
1311351
1311352
1311353
1312144
1312694
1313477
1313484
1313485
1313486
1313487
1313488
1314177
1315085
1315086
1315087
1315088
1315089
1315477
1317149
1319080
1319081
1319082
1319083
1319084
1319136
1319137
1890477
1894707
1894708
1894709
1894733
1894737
1894747
1894770
1894774
1894775
1894776
1894777
1894778
1894779
1894787
1952825
1360477
1361477
1361487
1362477
1362487
1363477
1364477
1365477
1366409
1530477
1532677
1532693
1532694
1532695
1532696
1532697
1532698
1532699
1533277
1533284
1533285
1533286
1533287
1533477
1533553
1533554
1533567
1534400
1534401
1534402
1534403
1534404
1535288
1535492
1535493
1535494
1535498
1535499
1537477
1537490
1537491
1537492
1537493
1537494
1537495
1537499
1538477
1538488
1538489
1538977
1538983
1538984
1538985
1538986
1538987
1538988
1538989
1539125
1539126
1539127
1539477
1800477
1804737
1804738
1804739
1804770
1804771
1804772
1804773
1804774
1804775
1804776
1804777
1804778
1804779
1804797
1804824
1804825
1804827
1804838
1804839
1850477
1850487
1850497
1854770
1854771
1854772
1854773
1854774
1854775
1854776
1854777
1854778
1854779
1854800
1854870
1854871
1854872
1854873
1854874
1854875
1854876
1780477
1780497
1781407
1781417
1781427
1781436
1781447
1784722
1784723
1784725
1784735
1784743
1784747
1784748
1784749
1784877
1788762
1789727
1560477
1562477
1564770
1564771
1564772
1564773
1564774
1564775
1564776
1564777
1564778
1564779
1564870
1564871
1564872
1564873
1564874
1564875
1564876
1564877
1564878
1564879
1566170
1566171
1566172
1566173
1566174
1566175
1566176
1566177
1566178
1566179
1566180
1566181
1566182
1566183
1566184
1566185
1566186
1566187
1566188
1566189
1566190
1566191
1566192
1566193
1566194
1566195
1566196
1566197
1566198
1566199
1569097
1569477
1990477
1994717
1996907
1997557
1997567
1999777
1330477
1331030
1331031
1331032
1331033
1331034
1331477
1332706
1332707
1333706
1333707
1334706
1335477
1338477
1338480
1339477
1300957
1301507
1301517
1301527
1301957
1302044
1302957
1303477
1304176
1308029
1308155
1308477
1308718
1308719
1671477
1671486
1671487
1671488
1671489
1672470
1672477
1672691
1672802
1673477
1390477
1394737
1394770
1394771
1394772
1394773
1394774
1394775
1394776
1394777
1394778
1394779
1394817
1394837
1394847
1394857
1394867
1394877
1394887
1550477
1550487
1554030
1554031
1554032
1554033
1554034
1554035
1554036
1554037
1554038
1554039
1554045
1554046
1554077
1554078
1554079
1554770
1554771
1554772
1554773
1554774
1554775
1554776
1554777
1554778
1554779
1554818
1554819
1554820
1554821
1554822
1554850
1554851
1554852
1554853
1554854
1554855
1554856
1554857
1554858
1554859
1554860
1554861
1554862
1554863
1554864
1554865
1554866
1554867
1554868
1554869
1556001
1556002
1556003
1556004
1556005
1556006
1556007
1556008
1556009
1556030
1556031
1556032
1556033
1556034
1556077
1556112
1556113
1556114
1556115
1559862
1559863
1559864
1559865
1559866
1559867
1559868
1559869
1559870
1559871
1559872
1559873
1559874
1559875
1559876
1559877
1559878
1559879
1559880
1559881
1559882
1559883
1559884
1860477
1860487
1861474
1861475
1861477
1861485
1861487
1864717
1864718
1864719
1864727
1864770
1864771
1864772
1864773
1864774
1864775
1864776
1864777
1864778
1864779
1864800
1864801
1864802
1864803
1864836
1864837
1864838
1864839
1864867
1864868
1864869
1868623
1868624
1868625
1868626
1621487
1622351
1622354
1830477
1834730
1834731
1834732
1834770
1834771
1834772
1834773
1834774
1834775
1834776
1834777
1500477
1503489
1504473
1504474
1504475
1504476
1504477
1504478
1504479
1504490
1504491
1504492
1504712
1504713
1504714
1504730
1504731
1504732
1504733
1504734
1504735
1504736
1504737
1504738
1504739
1504759
1504770
1504771
1504772
1504773
1504774
1504775
1504776
1504777
1504778
1504779
1504839
1504870
1504871
1504872
1504873
1504874
1504875
1504876
1504877
1504878
1504879
1504940
1504941
1504942
1504943
1504944
1504945
1504946
1504947
1504948
1504949
1504957
1504958
1504959
1504985
1504986
1504987
1504988
1504989
1450277
1450280
1450281
1450282
1450283
1452996
1452997
1452998
1452999
1454328
1454329
1454337
1459176
1459177
1459178
1459179
1350067
1351477
1351487
1770477
1770485
1770487
1770489
1774719
1774725
1774726
1774739
1774743
1774744
1774771
1774772
1774773
1774774
1590477
1592440
1592448
1592450
1592457
1592458
1593490
1593495
1593497
1593498
1594707
1594717
1594726
1594727
1594733
1594736
1594737
1594739
1594742
1594747
1594749
1594750
1594758
1594759
1594763
1594765
1594772
1594773
1594940
1594945
1594949
