1300065
1300153
1300154
1300155
1300278
1300655
1300656
1301165
1301166
1301167
1301168
1301169
1302153
1302154
1302155
1302278
1302655
1302656
1303166
1303167
1303168
1303169
1304646
1304647
1304648
1304649
1305360
1305361
1305362
1305363
1305364
1305365
1305366
1305367
1305368
1305369
1305470
1305471
1305472
1305473
1305474
1305475
1305476
1305477
1305478
1305479
1307070
1307071
1307072
1307073
1307074
1307075
1307076
1307077
1307078
1307079
1308143
1308144
1308145
1308165
1308166
1308167
1308168
1308169
1550536
1550636
1555360
1555361
1555362
1555363
1555364
1555365
1555366
1556360
1556361
1556463
1556464
1556465
1558360
1558963
1558964
1558965
1558966
1558967
1558968
1558969
1860536
1860636
1860645
1861508
1861509
1861536
1861590
1861591
1865360
1865364
1865365
1865366
1865470
1865471
1865472
1865473
1865474
1865486
1865487
1865488
1866045
1866060
1866061
1866062
1866063
1866064
1866065
1866066
1866067
1866068
1866069
1866360
1866361
1866362
1866363
1866364
1866365
1866366
1866367
1866368
1866369
1867800
1867801
1867802
1867803
1867804
1867805
1867806
1867807
1867808
1867809
1671536
1672536
1673495
1673496
1673497
1673498
1673499
1673536
1673687
1673688
1673689
1673690
1673691
1673692
1673693
1673694
1673695
1673696
1673697
1673698
1673699
1673700
1673701
1673702
1390536
1390636
1390646
1395360
1395361
1395362
1395363
1395364
1395365
1395366
1395367
1395368
1395369
1396360
1396361
1396362
1396363
1396364
1396365
1396366
1396367
1396368
1396369
1396460
1396461
1396462
1396463
1396464
1396465
1396466
1396467
1396468
1396469
1396470
1396471
1396472
1396473
1396474
1396475
1396476
1396477
1396478
1396479
1830536
1830636
1830646
1831544
1832544
1835360
1835361
1835362
1835363
1835364
1835365
1835366
1835367
1835368
1835369
1836360
1836361
1836362
1836363
1836364
1836365
1836366
1836367
1836368
1836369
1836460
1836461
1836462
1836463
1836464
1836465
1836466
1836467
1836468
1836469
1836560
1836561
1836562
1836563
1836564
1836565
1836566
1836567
1836568
1836569
1836630
1836631
1836632
1836633
1836634
1836635
1836636
1836637
1836638
1836639
1836650
1836651
1836652
1836653
1836654
1836655
1836656
1836657
1836658
1836659
1836960
1836961
1836962
1836963
1836964
1836965
1836966
1836967
1836968
1836969
1837544
1500536
1500636
1500646
1500656
1500660
1500661
1500662
1500663
1500664
1500665
1500666
1500667
1500668
1500669
1505360
1505361
1505362
1505363
1505364
1505365
1505366
1505367
1505368
1505369
1505440
1505441
1505442
1505443
1505444
1505445
1505446
1505447
1505448
1505449
1505457
1505483
1505484
1506343
1506360
1506361
1506362
1506363
1506364
1506365
1506366
1506367
1506368
1506369
1506440
1506441
1506442
1506443
1506444
1506445
1506446
1506447
1506448
1506449
1506460
1506461
1506462
1506463
1506464
1506465
1506466
1506467
1506468
1506469
1506536
1506560
1506561
1506562
1506563
1506564
1506565
1506566
1506567
1506568
1506569
1506636
1506670
1506960
1506961
1506962
1506963
1506964
1506965
1506966
1506967
1506968
1506969
1509493
1509494
1509495
1509496
1509497
1509498
1509499
1509509
1509510
1509511
1509512
1509513
1509514
1509515
1509516
1509517
1509518
1509519
1509520
1509521
1509522
1509523
1509524
1509525
1509526
1509527
1509528
1509529
1509817
1509818
1509819
1623602
1623605
1770536
1770636
1775360
1775361
1775362
1775363
1775364
1775365
1775366
1775367
1775368
1775369
1776318
1776319
1590536
1590636
1590800
1590801
1590802
1590803
1590805
1591005
1591011
1594975
1594976
1594978
1594985
1594986
1595360
1595361
1595362
1595363
1595364
1595365
1595366
1595367
1595368
1595369
1595440
1595441
1595442
1595443
1595444
1595445
1595446
1595447
1595448
1595449
1596340
1596341
1596342
1596343
1596344
1596345
1596346
1596347
1596360
1596361
1596362
1596363
1596364
1596365
1596366
1596367
1596368
1596369
1596403
1596404
1596430
1596431
1596432
1596433
1596434
1596456
1596457
1596458
1596459
1596490
1596502
1596503
1596504
1596505
1596506
1596507
1596508
1596509
1596536
1596578
1596607
1596608
1596609
1596610
1596611
1596612
1596613
1596614
1596615
1596616
1596617
1596618
1596619
1452516
1452517
1452518
1452519
1452536
1453527
1453528
1454348
1454375
1454376
1454377
1454766
1454785
1454786
1457330
1457331
1457332
1457756
1457757
1458587
1458588
1458589
1458590
1350536
1350646
1350647
1350649
1350896
1351536
1351540
1351636
1351638
1356140
1356141
1356142
1356143
1356144
1356260
1356261
1356262
1356263
1356264
1356265
1356266
1356267
1356268
1356269
1356360
1356361
1356362
1356363
1356364
1356365
1356366
1356367
1356368
1356369
1357360
1357361
1357362
1357363
1357364
1357365
1357366
1357367
1357368
1357369
1358360
1358361
1358362
1358363
1358364
1358365
1358366
1358367
1358368
1358369
1358915
1358916
1358917
1358918
1358919
1360536
1360636
1360646
1360647
1360895
1361536
1361636
1361646
1362536
1362636
1362646
1364536
1364636
1364646
1365536
1365636
1365646
1366536
1366636
1366866
1367536
1367636
1367866
1368536
1368636
1369536
1369636
1890536
1890636
1890646
1895360
1895361
1895362
1895363
1895364
1895365
1895366
1895367
1895368
1895369
1530536
1530636
1530646
1531440
1531441
1531442
1531443
1531444
1531445
1531524
1531525
1531526
1531536
1531890
1531891
1531892
1531893
1531894
1531895
1531896
1531897
1531898
1531899
1533123
1533536
1533636
1533646
1534536
1537636
1537646
1537668
1537669
1800536
1800646
1805360
1805361
1805362
1805363
1805364
1805365
1805366
1805367
1805368
1805369
1805440
1805441
1805459
1806326
1806327
1990536
1990636
1990646
1991258
1991259
1995332
1995333
1995334
1995335
1995360
1995361
1995362
1995363
1995364
1995365
1995366
1995367
1995368
1995369
1995416
1995417
1995418
1995446
1996308
1996309
1996344
1996396
1996994
1996995
1850536
1850636
1850645
1850647
1855360
1855361
1855362
1855363
1855364
1855365
1855366
1855367
1855368
1855369
1856069
1856305
1856306
1856307
1856360
1856361
1856362
1856363
1856364
1856365
1856366
1856367
1856368
1856369
1780536
1780636
1785206
1785218
1785236
1785246
1785257
1785258
1785276
1785286
1785360
1785361
1785362
1785363
1785364
1785365
1785366
1785367
1785368
1785369
1786022
1786023
1786024
1786025
1786026
1786027
1786028
1786029
1786046
1786068
1786069
1786120
1786121
1786122
1786123
1786124
1786125
1786126
1786127
1786128
1786129
1786146
1786360
1786361
1786362
1786363
1786364
1786365
1786366
1786367
1786368
1786369
1786440
1786441
1786442
1786443
1786444
1786445
1786446
1786447
1786448
1786449
1786536
1786560
1786561
1786562
1786563
1786564
1786565
1786566
1786567
1786568
1786569
1786599
1786667
1786716
1788836
1789536
1789636
1560536
1560636
1560646
1561020
1561022
1561023
1561028
1561058
1561059
1561060
1561061
1561062
1561063
1561064
1561526
1561536
1561556
1561566
1561576
1561586
1561596
1562162
1562166
1562410
1562411
1562412
1562413
1562414
1562415
1562416
1562417
1562418
1562419
1562420
1562421
1562422
1562423
1562424
1562435
1562436
1562870
1562871
1562872
1562873
1562874
1562875
1565341
1565342
1565343
1565344
1565345
1565346
1565347
1565360
1565361
1565362
1565363
1565364
1565365
1565366
1565367
1565368
1565369
1566246
1566247
1566248
1566249
1566256
1566606
1566623
1566646
1566656
1566674
1566688
1568420
1568421
1568422
1568423
1568424
1568425
1568426
1568427
1568428
1568429
1568430
1568431
1568432
1568433
1568434
1568435
1568436
1568437
1568438
1568439
1568440
1568441
1568442
1568443
1568444
1568445
1568446
1568447
1568448
1568449
1568914
1568915
1568916
1568917
1568918
1568919
1568920
1568921
1568922
1568923
1568924
1568925
1568926
1568927
1568928
1568980
1568981
1568982
1568983
1568984
1568985
1568986
1568987
1568988
1568989
1569236
1569825
1569826
1330536
1330636
1330646
1332524
1332525
1332526
1332636
1333524
1333525
1333526
1333636
1334129
1334524
1334525
1334526
1334636
1335536
1335636
1335670
1335671
1335672
1335673
1335674
1335675
1335676
1335677
1335678
1335679
1336144
1336145
1336153
1336154
1336155
1336156
1336157
1336536
1337104
1337105
1337106
1337107
1337108
1337109
1337144
1337145
1337536
1337636
1337646
1338536
1338636
1338646
1339536
1339636
1339646
1711490
1711495
1711519
1711529
1712567
1712568
1712569
1713536
1715536
1716536
1717168
1717169
1717530
1717533
1717534
1717536
1717538
1717540
1717541
1717542
1717543
1717544
1717545
1717546
1717600
1717601
1717602
1717603
1717605
1717606
1717607
1717608
1717609
1717610
1717611
1717612
1717613
1717615
1717616
1717617
1717618
1717619
1717670
1718536
1719445
1719446
1719447
1719448
1719449
1719460
1719461
1719462
1719536
1719603
1719605
1719606
1719607
1719608
1719609
1719610
1719611
1719612
1719613
1340226
1340536
1340646
1340647
1340660
1340661
1340662
1340663
1340664
1340665
1340666
1340667
1340668
1340669
1345560
1345561
1345562
1345563
1345564
1345565
1345566
1345567
1345568
1345569
1346536
1346565
1346566
1346567
1346568
1346569
1346570
1346571
1346572
1346573
1346846
1346847
1346848
1346849
1347536
1347565
1347566
1347567
1347568
1347569
1760536
1760636
1760646
1761536
1761547
1761548
1761549
1761636
1761670
1761671
1761672
1761673
1761674
1761675
1761676
1761677
1761678
1761679
1761680
1761681
1761682
1761683
1761684
1761685
1761686
1761687
1761688
1761689
1765369
1765802
1766071
1766072
1766073
1766075
1766077
1766360
1766361
1766362
1766363
1766364
1766365
1766366
1766367
1766716
1766717
1766718
1766719
1766740
1766741
1766742
1766743
1766744
1766745
1766746
1766747
1766748
1766749
1766900
1766901
1766902
1766903
1766904
1766905
1768590
1768591
1768592
1768593
1768594
1768595
1768596
1768597
1768598
1768599
1768636
1768646
1768647
1769430
1769431
1769432
1769433
1580536
1580636
1580646
1580647
1580648
1580649
1585360
1585361
1585362
1585363
1585364
1585365
1585366
1585367
1585368
1585369
1585440
1585441
1585442
1585443
1585444
1585445
1585446
1585447
1585448
1585449
1585488
1585489
1586325
1586326
1586327
1586328
1586329
1586341
1586342
1586343
1586360
1586361
1586362
1586363
1586364
1586365
1586366
1586367
1586368
1586369
1586430
1586431
1586432
1586433
1586440
1586456
1586457
1586458
1586459
1586536
1586611
1586612
1586613
1586614
1586615
1586616
1586617
1586618
1586619
1586640
1586650
1586651
1586652
1586653
1586654
1586655
1586656
1586657
1586658
1586659
1589893
1589894
1820536
1820636
1820644
1820645
1820646
1820647
1820648
1825360
1825361
1825362
1825363
1825364
1825365
1825366
1825367
1825368
1825369
1826360
1826361
1826362
1826363
1826364
1826365
1826366
1826367
1826368
1826369
1826440
1826441
1826442
1826443
1826444
1826445
1826446
1826447
1826448
1826449
1826460
1826461
1826462
1826463
1826464
1826465
1826466
1826467
1826468
1826469
1826536
1826560
1826561
1826562
1826563
1826564
1826565
1826566
1826567
1826568
1826569
1826636
1826646
1826660
1510536
1510544
1510636
1515360
1515361
1515362
1515363
1515364
1515365
1515366
1515367
1515368
1515369
1515445
1515446
1515447
1515448
1515449
1516360
1516361
1516362
1516363
1516364
1516365
1516366
1516367
1516368
1516369
1516536
1516544
1516560
1516561
1516562
1516563
1516564
1516565
1516566
1516567
1516568
1516569
1516636
1516646
1516940
1516941
1516942
1516943
1516944
1516945
1516946
1516947
1516948
1516949
1516950
1516951
1516952
1516953
1516954
1516955
1516956
1516957
1516958
1516959
1516960
1516961
1516962
1516963
1516964
1516965
1516966
1516967
1516968
1516969
1660536
1660636
1660637
1660638
1660639
1665283
1665284
1665285
1665286
1665287
1665288
1665360
1665361
1665362
1665363
1665364
1665365
1665366
1665367
1665368
1665369
1665405
1665406
1665407
1665408
1665409
1667844
1667845
1668810
1668811
1380536
1380636
1380646
1380647
1380649
1385360
1385361
1385362
1385363
1385364
1385365
1385366
1385367
1385368
1385369
1385440
1385441
1385442
1385443
1385444
1385445
1385446
1385447
1385448
1385449
1386360
1386361
1386362
1386363
1386364
1386365
1386366
1386367
1386368
1386369
1386460
1386461
1386462
1386463
1386464
1386465
1386466
1386467
1386468
1386469
1386960
1386961
1386962
1386963
1386964
1386965
1386966
1386967
1386968
1386969
1388470
1388471
1388481
1388482
1870536
1870544
1870636
1870646
1870650
1870651
1870652
1870653
1870654
1870655
1870656
1870657
1870658
1870659
1870667
1870668
1870669
1875360
1875361
1875362
1875363
1875364
1875365
1875366
1875367
1875368
1875369
1875440
1875441
1875442
1875443
1875444
1875445
1875446
1875447
1875448
1875449
1876360
1876361
1876362
1876363
1876364
1876365
1876366
1876367
1876368
1876369
1876460
1876461
1876462
1876463
1876464
1876465
1876466
1876467
1876468
1876469
1876470
1876471
1876472
1876473
1876474
1876475
1876510
1876511
1876512
1876513
1876514
1876515
1876516
1876517
1876518
1876519
1876536
1876560
1876561
1876562
1876563
1876564
1876565
1876566
1876567
1876568
1876569
1876570
1876571
1876572
1876573
1876574
1876575
1876576
1876577
1876578
1876579
1876636
1876646
1876689
1310536
1312716
1312717
1312718
1314536
1315360
1315361
1315362
1315363
1315364
1315365
1315366
1315367
1315368
1315369
1315646
1315696
1316526
1316536
1317310
1317311
1317312
1317313
1317314
1317315
1317316
1317606
1317636
1317646
1317670
1317671
1317672
1317673
1317674
1318165
1318166
1318167
1318168
1318169
1318883
1318884
1318885
1318886
1730536
1730636
1735340
1735360
1735361
1735362
1735365
1735366
1735367
1735368
1735369
1736206
1736207
1700536
1700546
1700655
1700925
1700926
1701154
1701155
1701156
1701157
1701158
1701159
1702175
1702176
1702177
1702178
1702179
1703032
1703033
1703034
1703035
1703036
1703896
1703897
1703898
1704800
1704801
1704802
1707536
1707634
1707635
1707636
1707637
1707638
1707639
1707646
1708536
1708650
1708651
1708652
1708653
1708654
1708655
1708656
1708657
1709624
1709625
1709626
1709627
1709628
1709629
1709648
1709649
1320536
1321068
1321073
1321074
1321075
1321076
1322073
1322074
1322075
1322076
1322536
1323536
1325536
1325636
1325646
1325806
1325807
1325808
1325809
1327536
1327636
1327646
1328010
1328011
1328012
1328013
1328014
1328015
1328016
1328017
1328018
1328019
1328034
1328070
1328071
1328072
1328073
1328074
1328075
1328076
1328077
1328078
1328079
1328536
1328747
1328748
1328765
1328766
1328767
1328768
1328769
1329015
1329536
1329636
1329646
1910044
1910045
1910536
1910636
1910646
1915344
1915360
1915361
1915362
1915363
1915364
1915365
1915366
1915367
1915368
1915369
1915449
1916300
1916301
1916312
1916343
1916347
1840536
1840636
1845360
1845361
1845362
1845363
1845364
1845365
1845366
1845367
1845368
1845369
1846220
1846221
1846222
1846223
1846224
1846305
1846306
1846307
1846360
1846361
1846362
1846363
1846364
1846365
1846366
1846367
1846368
1846369
1846460
1846461
1846462
1846463
1846464
1570536
1570544
1570630
1570636
1570646
1571536
1572506
1572536
1572562
1572563
1572564
1572565
1572566
1572567
1572576
1572605
1572606
1572607
1572636
1572646
1575360
1575361
1575362
1575363
1575364
1575365
1575366
1575367
1575368
1575369
1576240
1576241
1576242
1576243
1576244
1576245
1576246
1576247
1576248
1576249
1576250
1576251
1576252
1576253
1576254
1576255
1576256
1576257
1576258
1576259
1576260
1576261
1576262
1576263
1576264
1576265
1576266
1576267
1576268
1576269
1576300
1576301
1576302
1576303
1576304
1576305
1576306
1576307
1576308
1576309
1576360
1576361
1576362
1576363
1576364
1576365
1576366
1576367
1576368
1576369
1980536
1980621
1980622
1980623
1980624
1980625
1980636
1981174
1981175
1981176
1981177
1981178
1981179
1981246
1981484
1981941
1981942
1981961
1981962
1981963
1981964
1981965
1981981
1985360
1985361
1985362
1985363
1985364
1985365
1985366
1985367
1985368
1985369
1986130
1986131
1986132
1986133
1986134
1986246
1986260
1986261
1986262
1986263
1986264
1986265
1986266
1986267
1986268
1986269
1650305
1650397
1650536
1651036
1651356
1651460
1651463
1651491
1651536
1651880
1652258
1652268
1652376
1652503
1652508
1652512
1652513
1652523
1652536
1652920
1652936
1653078
1653231
1653358
1653365
1653367
1653368
1653536
1653561
1653562
1653596
1653645
1653646
1653730
1653731
1653735
1653736
1653738
1653768
1653811
1653836
1653860
1653873
1655011
1655036
1655165
1655283
1655284
1655285
1655289
1655360
1655361
1655362
1655363
1655364
1655365
1655366
1655367
1655368
1655369
1655536
1655735
1655736
1655743
1655758
1655836
1655837
1655839
1656076
1656086
1656096
1656420
1656508
1656536
1656703
1656713
1656946
1656960
1656961
1656963
1657008
1657086
1657106
1657126
1657385
1657536
1657630
1520536
1520544
1520630
1520636
1520646
1520698
1520699
1521536
1521636
1521646
1522440
1524440
1524441
1524442
1524443
1524444
1524445
1524446
1524447
1524448
1524449
1525360
1525361
1525362
1525363
1525364
1525365
1525366
1525367
1525368
1525369
1525441
1526360
1526361
1526362
1526363
1526364
1526365
1526366
1526367
1526368
1526369
1526442
1526443
1526444
1526445
1526460
1526461
1526462
1526463
1526464
1526465
1526466
1526467
1526468
1526469
1526536
1526544
1526545
1526560
1526561
1526562
1526563
1526564
1526565
1526566
1526567
1526568
1526569
1526581
1526630
1526636
1526646
1526661
1526960
1526961
1526962
1526963
1526964
1526965
1526966
1527536
1528881
1528882
1528883
1528899
1810536
1810636
1816207
1816208
1750536
1750636
1750646
1751520
1751521
1751522
1751523
1751524
1751536
1755360
1755361
1755362
1755363
1755364
1755365
1755366
1755367
1755368
1755369
1755536
1756011
1756012
1756060
1756061
1756062
1756063
1756064
1756065
1756066
1756067
1756068
1756069
1756248
1756249
1756360
1756361
1756362
1756363
1756364
1756365
1756366
1756367
1756368
1756369
1756400
1756401
1756402
1756403
1756404
1756405
1756406
1756407
1756408
1756409
1756730
1756731
1756732
1756733
1756734
1756735
1756736
1756737
1756738
1756739
1756954
1756955
1756956
1756957
1756958
1756959
1758360
1758361
1758362
1758363
1758364
1758365
1758366
1758367
1758368
1758369
1758370
1758371
1758830
1758831
1758832
1758833
1759460
1759461
1759462
1759463
1759464
1880536
1880636
1880646
1881536
1885360
1885361
1885362
1885363
1885364
1885365
1885366
1885367
1885368
1885369
1886303
1886304
1886360
1886361
1886362
1886363
1886364
1886365
1886366
1886367
1886368
1886369
1886536
1886614
1886617
1886618
1886619
1886636
1886646
1886664
1886670
1886671
1886672
1886673
1886674
1886675
1886676
1886677
1886678
1886679
1370536
1370646
1372194
1372195
1372196
1372197
1372198
1377494
1378080
1378081
1378082
1378083
1378084
1378085
1378086
1378087
1378088
1378089
1379160
1379161
1379162
1379163
1379164
1379165
1379166
1379167
1379168
1379169
1379185
1379186
1379187
1379188
1379189
1379260
1379261
1379262
1379263
1379264
1379265
1379266
1379267
1379268
1379269
1379360
1379361
1379362
1379363
1379364
1379365
1379366
1379367
1379368
1379369
1470536
1470646
1475360
1475361
1475362
1475363
1475364
1475365
1475366
1475367
1475368
1475369
1476342
1476343
1476344
1476345
1476346
1476347
1476348
1476349
1476380
1476381
1476382
1476383
1476384
1476385
1476386
1476387
1476388
1476389
1476844
1476845
1476846
1476847
1476848
1476849
1476860
1476861
1476862
1476863
1476864
1476865
1476866
1476867
1476868
1476869
