1330400
1330401
1330402
1330403
1330404
1330405
1330981
1330982
1330983
1330988
1331400
1331401
1331402
1331420
1331422
1331423
1331424
1332240
1332241
1332242
1332243
1332244
1332245
1332246
1332247
1332248
1332249
1332400
1332401
1332402
1332403
1332404
1332405
1332406
1332407
1332408
1332409
1333240
1333241
1333242
1333243
1333244
1333245
1333246
1333247
1333248
1333249
1334240
1334241
1334242
1334243
1334244
1334245
1334246
1334247
1334248
1334249
1335240
1335241
1335242
1335243
1335244
1335245
1335246
1335247
1335248
1335249
1335420
1335422
1335423
1335424
1335885
1335886
1335887
1335888
1337282
1337283
1338682
1338683
1338684
1338685
1338686
1338687
1338688
1338689
1339010
1339011
1339012
1339013
1339014
1339015
1339016
1339024
1339055
1339056
1339057
1339058
1339059
1711093
1711145
1712600
1712601
1712602
1712603
1712604
1712605
1712606
1712607
1712608
1712609
1712680
1712681
1712682
1712683
1712684
1712685
1712686
1712687
1712688
1712689
1712730
1712731
1712732
1712733
1712734
1712735
1712736
1712737
1712738
1712739
1712740
1712741
1712742
1712743
1712744
1712745
1712746
1712747
1712748
1712749
1712750
1712751
1712752
1712753
1712754
1712755
1712756
1712757
1712758
1712759
1712760
1712761
1712762
1712763
1712764
1712765
1712766
1712767
1712768
1712769
1712770
1712771
1712772
1712773
1712774
1712775
1712776
1712777
1712778
1713190
1713191
1713192
1713193
1713194
1713195
1713196
1713197
1713198
1713199
1713240
1713241
1713242
1713243
1713244
1713245
1713246
1713247
1713248
1713249
1713250
1713251
1713252
1713253
1713254
1713255
1713256
1713257
1713258
1713259
1713400
1713401
1713402
1713403
1713404
1713405
1713406
1713407
1713408
1713409
1713414
1713415
1715020
1715021
1715022
1715023
1715024
1715025
1715026
1715027
1715028
1715029
1715199
1715240
1715241
1715242
1715243
1715244
1715245
1715246
1715247
1715248
1715249
1715252
1716024
1716240
1716241
1716242
1716243
1716244
1716245
1716246
1716247
1716248
1716249
1717240
1717241
1717242
1717243
1717244
1717245
1717246
1717247
1717248
1717249
1717256
1717257
1717258
1717259
1718020
1718021
1718022
1718023
1718024
1718025
1718026
1718027
1718028
1718029
1718240
1718241
1718242
1718243
1718244
1718245
1718246
1718247
1718248
1718249
1718254
1719024
1719074
1719084
1719088
1719090
1719099
1719240
1719241
1719242
1719243
1719244
1719245
1719246
1719247
1719248
1719249
1719262
1719263
1719265
1719266
1719267
1719268
1719269
1719280
1719281
1719282
1719283
1719285
1719286
1719287
1719288
1719289
1719290
1719291
1719293
1719295
1719296
1719297
1719298
1990400
1990401
1990402
1990403
1990404
1990405
1990410
1990413
1990980
1990981
1990982
1990983
1990987
1990988
1990989
1997592
1997593
1999000
1999001
1999002
1999003
1999004
1999005
1999006
1999781
1999782
1999783
1999784
1560400
1560401
1560402
1560403
1560404
1560405
1560981
1560982
1560983
1560988
1564000
1564001
1564002
1564003
1564004
1564005
1564006
1564007
1564008
1564009
1564010
1564011
1564012
1564013
1564014
1564015
1564016
1564017
1564018
1564019
1564020
1564021
1564022
1564023
1564024
1564025
1564026
1564027
1564028
1564029
1564030
1564031
1564032
1564033
1564034
1564035
1564036
1564037
1564038
1564039
1564040
1564041
1564042
1564043
1564044
1564045
1564046
1564047
1564048
1564049
1564050
1564051
1564052
1564053
1564054
1564055
1564056
1564057
1564058
1564059
1564240
1566300
1566301
1566303
1566304
1566305
1566306
1566308
1566310
1566311
1566312
1566313
1566314
1566330
1566331
1566332
1566333
1566334
1566880
1566881
1566882
1566885
1566886
1566887
1566888
1566889
1569880
1569881
1569882
1569883
1569884
1780240
1780241
1780242
1780243
1780244
1780245
1780246
1780247
1780248
1780249
1782400
1782401
1782402
1782403
1782422
1782423
1782424
1782425
1782434
1782490
1782491
1782492
1782493
1782494
1782495
1782496
1782497
1782498
1782499
1784590
1784591
1784790
1788750
1789620
1850240
1850241
1850400
1850401
1850402
1850403
1850404
1850405
1850982
1850984
1850985
1850988
1851240
1851241
1851242
1851243
1851244
1851245
1851246
1851247
1851248
1851249
1852400
1852402
1852403
1852404
1852405
1852408
1852424
1852440
1852441
1852442
1852443
1852444
1852445
1852446
1852447
1852448
1852449
1852500
1852501
1852502
1852503
1852504
1852505
1852506
1852507
1852508
1852509
1852510
1852511
1852512
1852513
1852514
1852515
1852516
1852517
1852518
1852519
1852528
1852529
1854000
1854001
1854002
1854003
1854004
1854005
1854006
1854010
1854011
1854012
1854013
1854014
1854015
1854016
1854017
1854018
1854019
1854020
1854021
1854022
1854023
1854024
1854025
1854027
1854029
1854030
1854031
1854032
1854033
1854034
1854035
1854036
1854037
1854040
1854042
1854043
1854046
1854047
1854050
1854051
1854053
1854054
1854057
1854058
1854100
1854139
1800240
1800241
1800242
1800243
1800244
1800245
1800246
1800247
1800248
1800249
1800400
1800401
1800402
1804000
1804001
1804002
1804003
1804004
1804005
1804006
1804007
1804008
1804009
1804020
1804021
1804022
1804023
1804024
1804025
1804026
1804108
1804109
1804133
1804134
1804135
1804136
1804137
1804138
1804139
1530400
1530401
1530402
1530985
1530986
1530987
1530988
1530989
1532610
1532611
1532612
1532613
1533080
1533081
1533114
1533118
1533119
1535118
1538208
1538209
1538210
1538211
1538212
1360400
1360401
1360402
1360403
1360404
1360405
1360406
1360407
1360418
1360421
1360490
1360492
1360981
1360982
1360983
1360987
1360988
1360989
1361081
1361082
1361083
1361088
1361400
1361401
1361402
1361403
1361404
1361405
1362400
1362401
1362402
1362403
1362404
1362405
1362406
1362407
1362421
1362493
1364400
1364401
1364402
1364403
1364404
1364405
1364406
1364407
1364490
1364497
1364499
1365400
1365401
1365402
1365403
1365404
1365405
1365406
1365407
1365414
1365418
1365421
1365490
1365495
1365497
1365499
1366410
1366411
1366412
1366413
1366414
1366415
1366416
1366417
1366418
1366419
1367413
1367414
1367418
1367420
1367423
1367425
1367427
1367428
1369410
1369411
1369412
1369413
1369418
1369419
1953555
1953714
1890090
1890091
1890092
1890093
1890094
1890400
1890401
1890402
1890403
1890404
1890405
1890981
1890982
1890983
1890988
1894000
1894001
1894002
1894003
1894004
1894005
1894006
1894007
1894008
1894009
1894010
1894011
1894012
1894013
1894014
1894015
1894016
1894017
1894018
1894019
1894020
1894021
1894022
1894023
1894024
1894025
1894026
1894027
1894028
1894029
1894163
1894164
1894165
1590240
1590400
1590401
1590402
1590403
1590404
1590405
1590406
1590407
1590408
1590409
1590981
1590982
1590983
1590988
1594000
1594001
1594002
1594003
1594004
1594005
1594006
1594007
1594008
1594009
1594010
1594011
1594012
1594013
1594014
1594015
1594016
1594017
1594018
1594019
1594020
1594021
1594022
1594023
1594024
1594025
1594026
1594027
1594028
1594029
1594030
1594031
1594032
1594033
1594034
1594035
1594036
1594037
1594038
1594039
1594040
1594041
1594042
1594043
1594044
1594045
1594046
1594047
1594048
1594049
1594050
1594051
1594052
1594053
1594054
1594055
1594056
1594057
1594058
1594059
1594200
1594201
1594202
1594203
1594204
1594205
1594206
1594207
1594208
1594209
1594230
1594231
1594232
1594233
1594234
1594235
1594236
1594237
1594238
1594239
1599810
1599811
1599812
1599813
1599814
1599815
1599816
1599817
1599818
1599819
1599820
1599821
1599822
1599823
1599824
1599825
1599826
1599827
1599828
1599829
1599830
1599831
1599832
1599833
1599834
1599835
1599836
1599837
1599838
1599839
1599880
1599881
1599882
1599883
1599884
1599885
1599886
1599887
1599888
1599889
1770240
1770241
1770242
1770243
1770244
1770245
1770246
1770247
1770248
1770249
1770420
1770422
1770423
1770424
1770425
1774000
1774001
1774002
1774003
1774004
1774005
1774006
1774007
1774008
1774009
1774106
1774107
1774132
1774133
1774134
1774135
1774136
1774137
1774138
1774139
1774142
1774147
1774149
1774152
1774153
1774177
1774178
1774179
1774195
1774199
1774218
1774275
1774276
1774278
1779094
1779097
1779098
1779099
1350400
1350401
1350402
1350403
1350404
1350405
1350407
1350418
1350490
1350492
1350493
1350494
1350497
1350498
1350499
1351420
1351421
1351423
1351425
1351426
1351428
1351600
1351603
1351604
1351608
1351609
1355570
1355571
1355573
1355576
1355577
1355578
1355579
1355580
1355581
1355582
1355583
1355584
1355585
1355586
1355587
1355588
1355589
1359140
1359141
1359142
1359143
1359144
1359145
1359146
1359147
1359148
1359149
1359160
1359163
1359164
1359165
1359166
1359167
1359168
1359169
1450330
1450331
1450332
1450333
1450334
1450335
1450336
1450337
1450338
1450339
1450340
1450341
1450342
1450343
1450344
1450345
1450346
1450347
1450348
1450349
1450350
1450351
1450352
1450353
1450354
1450355
1450356
1450357
1450358
1450359
1450360
1450361
1450362
1450363
1450364
1450365
1450366
1450367
1450368
1450369
1450370
1450371
1450372
1450373
1450374
1450375
1450376
1450377
1450378
1450379
1450380
1450381
1450382
1450383
1450384
1450385
1450386
1450387
1450388
1450389
1450390
1450391
1450392
1450393
1450394
1450395
1450396
1450397
1450398
1450399
1450400
1450401
1450402
1450403
1450404
1450405
1450406
1450407
1452400
1452401
1452402
1452403
1452404
1452405
1452406
1452407
1452408
1452409
1453340
1453341
1453342
1453343
1453344
1453345
1453346
1453347
1453400
1453401
1453402
1453403
1453404
1453405
1453406
1453407
1453408
1453409
1453416
1453417
1453418
1453419
1453440
1453441
1453442
1454280
1454281
1454290
1454291
1457710
1457711
1457712
1457713
1457714
1457715
1457716
1457717
1457718
1457719
1500240
1500241
1500242
1500243
1500244
1500245
1500246
1500247
1500248
1500249
1500400
1500401
1500402
1500403
1500404
1500405
1500406
1500407
1500408
1500409
1500988
1504000
1504001
1504002
1504003
1504004
1504005
1504006
1504007
1504008
1504009
1504010
1504011
1504012
1504013
1504014
1504015
1504016
1504017
1504018
1504019
1504020
1504021
1504022
1504023
1504024
1504025
1504026
1504027
1504028
1504029
1504030
1504031
1504032
1504033
1504034
1504035
1504036
1504037
1504038
1504039
1504120
1504121
1504122
1504123
1504124
1504125
1504126
1504127
1504128
1504129
1830240
1830241
1830242
1830243
1830244
1830245
1830246
1830247
1830248
1830249
1830400
1830401
1830402
1830403
1830404
1830405
1830406
1830407
1830408
1830409
1830981
1830982
1830983
1830984
1830985
1830986
1830987
1830988
1830989
1834010
1834011
1834012
1834013
1834014
1834015
1834016
1834017
1834018
1834019
1834034
1834035
1834036
1834037
1834038
1834039
1834240
1834241
1834242
1834243
1834244
1834245
1834246
1834247
1834248
1834249
1622267
1622401
1860240
1860241
1860242
1860243
1860244
1860245
1860246
1860247
1860248
1860249
1860400
1860401
1860402
1860403
1860404
1860405
1860493
1860981
1860982
1860983
1860988
1862400
1862401
1862402
1862403
1862404
1862405
1862406
1862407
1862408
1862409
1862430
1862431
1862432
1862433
1862434
1862440
1862441
1864000
1864001
1864002
1864003
1864004
1864005
1864006
1864007
1864008
1864009
1864010
1864011
1864012
1864013
1864014
1864015
1864016
1864017
1864018
1864019
1864020
1864021
1864022
1864023
1864024
1864025
1864026
1864027
1864028
1864029
1864030
1864031
1864032
1864033
1864034
1864035
1864036
1864037
1864038
1864039
1864040
1864041
1864042
1864043
1864044
1864045
1864046
1864047
1864048
1864049
1864050
1864051
1864052
1864053
1864054
1864055
1864056
1864057
1864058
1864059
1864200
1864201
1864202
1864203
1864204
1864205
1864206
1864207
1864208
1864209
1869880
1869881
1869882
1869883
1869884
1869885
1869886
1869887
1869888
1869889
1550240
1550241
1550242
1550243
1550244
1550245
1550246
1550247
1550248
1550249
1550260
1550261
1550400
1550401
1550402
1550403
1550404
1550405
1550981
1550982
1550983
1550987
1550988
1552400
1552401
1552402
1552403
1552404
1552405
1552406
1552407
1552408
1552409
1552410
1552411
1552412
1552413
1552414
1552415
1552416
1552417
1552418
1552419
1552420
1552421
1552422
1552423
1552424
1552425
1552426
1552427
1552428
1552429
1552430
1552431
1552432
1552433
1552434
1552435
1552436
1552437
1552438
1552439
1552440
1552441
1552442
1552443
1552444
1552445
1552446
1552447
1552448
1552449
1552450
1552451
1552452
1552453
1552454
1554150
1554151
1554152
1554153
1554154
1554155
1554156
1554157
1554158
1554159
1554190
1554191
1554192
1554193
1554194
1554195
1554196
1554197
1554198
1554199
1554215
1554216
1554217
1554218
1554219
1554220
1554221
1554222
1554223
1554224
1554225
1554226
1554227
1554228
1554229
1555150
1555152
1555154
1555156
1555159
1556600
1556601
1556602
1556603
1556604
1556605
1556606
1556607
1556608
1556609
1556610
1556611
1556612
1556613
1556614
1556615
1556616
1556617
1556618
1556619
1556620
1556621
1556622
1556623
1556624
1390001
1390002
1390098
1390400
1390401
1390402
1390403
1390404
1390405
1390981
1390982
1390983
1390988
1394000
1394001
1394002
1394003
1394004
1394005
1394006
1394007
1394008
1394009
1394010
1394011
1394012
1394013
1394014
1394015
1394016
1394017
1394018
1394019
1394020
1394021
1394022
1394023
1394024
1394025
1394026
1394027
1394028
1394029
1394030
1394031
1394032
1394033
1394034
1394035
1394036
1394037
1394038
1394039
1394040
1394041
1394042
1394043
1394044
1394045
1394046
1394047
1394048
1394049
1394050
1394051
1394052
1394053
1394054
1394055
1394056
1394057
1394058
1394059
1399810
1399811
1399812
1399813
1399814
1399815
1399816
1399817
1399818
1399819
1399820
1399821
1399822
1399823
1399824
1399825
1399826
1399827
1399828
1399829
1399830
1399831
1399832
1399833
1399834
1399835
1399836
1399837
1399838
1399839
1399880
1399881
1399882
1399883
1399884
1399885
1399886
1399887
1399888
1399889
1672580
1672581
1672582
1672583
1672585
1672586
1672587
1672588
1672589
1672600
1672601
1672602
1672603
1672605
1672606
1672607
1672608
1672609
1672610
1672611
1672612
1672613
1672615
1672616
1672617
1672618
1672619
1672620
1672621
1672622
1672623
1672625
1672626
1672627
1672628
1672629
1672651
1672652
1672653
1672655
1672656
1672657
1672658
1672659
1672660
1672661
1672663
1672665
1672667
1672668
1672669
1672670
1672671
1672672
1672673
1672675
1673414
1673420
1673422
1673423
1673424
1673425
1673426
1673428
1674410
1674413
1674414
1674420
1674422
1674423
1674424
1674425
1674426
1674428
1720200
1720201
1720202
1720203
1720204
1720205
1720206
1720207
1720208
1720209
1720240
1720241
1720242
1720243
1720244
1720245
1720246
1720247
1720248
1720249
1727779
1300240
1300241
1300242
1300243
1300244
1300245
1300246
1300247
1300248
1300249
1301024
1301930
1301931
1301932
1301933
1301934
1301935
1301936
1301937
1301938
1301939
1302030
1302031
1302032
1302240
1302241
1302242
1302243
1302244
1302245
1302246
1302247
1302248
1302249
1303240
1303241
1303242
1303243
1303244
1303245
1303246
1303247
1303248
1303249
1304240
1304241
1304242
1304243
1304244
1306650
1306651
1306652
1306653
1306654
1306655
1306656
1306657
1306658
1306659
1306660
1306661
1306662
1306663
1306664
1306665
1306666
1306667
1306668
1306669
1306670
1306671
1306672
1306673
1306674
1306675
1306676
1306677
1306678
1306679
1307240
1307241
1307242
1307243
1307244
1307245
1307246
1307247
1307248
1307249
1307920
1307921
1307922
1307923
1307924
1307925
1307926
1307927
1307928
1307929
1308070
1308071
1308072
1308073
1308074
1308075
1308076
1308077
1308078
1308079
1308080
1308081
1308082
1308083
1308084
1308085
1308086
1308087
1308088
1308089
1308240
1308241
1308242
1308243
1308244
1308245
1308246
1308247
1308248
1308249
1309024
1309040
1880240
1880241
1880242
1880243
1880244
1880245
1880246
1880247
1880248
1880249
1880400
1880401
1880402
1880403
1880404
1880405
1880406
1880407
1880408
1880409
1880980
1880981
1880982
1880983
1880984
1880985
1880986
1880987
1880988
1880989
1884000
1884001
1884002
1884003
1884004
1884005
1884006
1884007
1884008
1884009
1884050
1884051
1884052
1884053
1884054
1884055
1884056
1884057
1884058
1884059
1884060
1884061
1884062
1884063
1884064
1884065
1884066
1884067
1884068
1884069
1884230
1884231
1884232
1884233
1884234
1884235
1884236
1884237
1884238
1884239
1884240
1884241
1884242
1884243
1884244
1884245
1884246
1884247
1884248
1884249
1884250
1884251
1884252
1884253
1884254
1884255
1884256
1884257
1884258
1884259
1750240
1750241
1750242
1750243
1750244
1750245
1750246
1750247
1750248
1750249
1750400
1750401
1750402
1750403
1750404
1750405
1750490
1750493
1751240
1751241
1751242
1751243
1751244
1751245
1751246
1751247
1751248
1751249
1752400
1752401
1752402
1752403
1752404
1752405
1752406
1752407
1752408
1752409
1752430
1752431
1752432
1752433
1752434
1752440
1752441
1752442
1752443
1752444
1752445
1752446
1752447
1752448
1752449
1754000
1754001
1754002
1754003
1754004
1754005
1754006
1754007
1754008
1754009
1754010
1754011
1754012
1754013
1754014
1754015
1754016
1754017
1754018
1754019
1754020
1754021
1754022
1754023
1754024
1754025
1754026
1754027
1754028
1754029
1754040
1754041
1754042
1754043
1754044
1754045
1754046
1754047
1754048
1754049
1754050
1754051
1754052
1754053
1754054
1754055
1754056
1754057
1754058
1754059
1754200
1754201
1754202
1754203
1754204
1754205
1754206
1754207
1754208
1754209
1754240
1754241
1754242
1754243
1754244
1754245
1754246
1754247
1754248
1754249
1470240
1470241
1470242
1470243
1470244
1470245
1470246
1470247
1470400
1470401
1470402
1470403
1470404
1470405
1470406
1470407
1470408
1470409
1474000
1474001
1474002
1474003
1474004
1474005
1474006
1474007
1474008
1474009
1474040
1474041
1474042
1474043
1474044
1474130
1474131
1474132
1474133
1474134
1474150
1474151
1474152
1474153
1474154
1474155
1474156
1474157
1474158
1474159
1476529
1476530
1476531
1477890
1477891
1477892
1477893
1477894
1477895
1477896
1477897
1477898
1477899
1370000
1370001
1370002
1370003
1370004
1370005
1370400
1370401
1370402
1370403
1370404
1370405
1370981
1370982
1370983
1370984
1370985
1370988
1374000
1374001
1374002
1374003
1374004
1374005
1374006
1374007
1374008
1374009
1374010
1374011
1374014
1374015
1374016
1374018
1374019
1374040
1374041
1374042
1374043
1374045
1374046
1374047
1374048
1374049
1374050
1374051
1374052
1374053
1374054
1374055
1374056
1374057
1374058
1374059
1810040
1810041
1810240
1810241
1810242
1810243
1810244
1810245
1810246
1810247
1810248
1810249
1810400
1810401
1810402
1810413
1810988
1814100
1814101
1814102
1814103
1814104
1814173
1814174
1814175
1520400
1520401
1520402
1520403
1520404
1520405
1520406
1520407
1520408
1520409
1524179
1524180
1524181
1524182
1524183
1524184
1524200
1524201
1524202
1524203
1524204
1524205
1524206
1524207
1524208
1524209
1524240
1524241
1524242
1524243
1524244
1524245
1524246
1524247
1524248
1524249
1570240
1570241
1570242
1570243
1570244
1570245
1570246
1570247
1570248
1570249
1571050
1571051
1571052
1571053
1571054
1571055
1571056
1571057
1571058
1571059
1571230
1571231
1571232
1571233
1571234
1571240
1571241
1571242
1571243
1571244
1571245
1571246
1571247
1571248
1571249
1571400
1571401
1573400
1573401
1573402
1573403
1573404
1573405
1573406
1573407
1573408
1573409
1574040
1579470
1579471
1579472
1579473
1579474
1579475
1579476
1579477
1579478
1579479
1840240
1840241
1840242
1840243
1840244
1840245
1840246
1840247
1840248
1840249
1840600
1840601
1840602
1840603
1840604
1840605
1840606
1840607
1840608
1840609
1842480
1842481
1842482
1842483
1842484
1842487
1842488
1842489
1842490
1842491
1842493
1844140
1844141
1844142
1844143
1844144
1844145
1844146
1844147
1844148
1844149
1844150
1844151
1844152
1844153
1844154
1844155
1844156
1844157
1844158
1844159
1844160
1844161
1844162
1844163
1844164
1844165
1844166
1844167
1844168
1844169
1844170
1844171
1844172
1844173
1844174
1844175
1844176
1844177
1844178
1844179
1844180
1844181
1844182
1844183
1844184
1844185
1844186
1844187
1844188
1844189
1844190
1844191
1844192
1844193
1844194
1844195
1844196
1844197
1844198
1844199
1849029
1849030
1849031
1849032
1849034
1849035
1849036
1849037
1849038
1849039
1650024
1650240
1650241
1650242
1650243
1650244
1650245
1650246
1650247
1650248
1650249
1650289
1650466
1650481
1651024
1651292
1651520
1651848
1651992
1652022
1652024
1652068
1652272
1652400
1652649
1652650
1653024
1653249
1653324
1653385
1653499
1653813
1653824
1653911
1653914
1655050
1980240
1980241
1980242
1980243
1980244
1980245
1980246
1980247
1980248
1980249
1980410
1980413
1980425
1980426
1981358
1981880
1981881
1981882
1981883
1981884
1981885
1981886
1981887
1981888
1981889
1982400
1982401
1982402
1982403
1982404
1982410
1982413
1982440
1982441
1982442
1982450
1982451
1982452
1982453
1982454
1982455
1982456
1982457
1982458
1982459
1700240
1700241
1700242
1700243
1700244
1700245
1700246
1700247
1700248
1700249
1700414
1700415
1700416
1700417
1700418
1700419
1701400
1701401
1701402
1701403
1701404
1701405
1701406
1701407
1701408
1701409
1701410
1702400
1702401
1702402
1702403
1702404
1702405
1702406
1702407
1702408
1702409
1702410
1702480
1702481
1702482
1702483
1702484
1702485
1702486
1702767
1703801
1703802
1703803
1703804
1703805
1703806
1703807
1703808
1703809
1703810
1703811
1703812
1703813
1703814
1703815
1703816
1703817
1703818
1703819
1703820
1703821
1703822
1703823
1703824
1703825
1704600
1704601
1704602
1704603
1704604
1704605
1704606
1704607
1704608
1704609
1704610
1704611
1704612
1704613
1704614
1704615
1704616
1704617
1704618
1704619
1704620
1704621
1704622
1704623
1704624
1704625
1704626
1704627
1704628
1704629
1704730
1704731
1704732
1704733
1704734
1704735
1704736
1704737
1704738
1704739
1704777
1705015
1705042
1705175
1705267
1705353
1705400
1705401
1705402
1705403
1705404
1705405
1705406
1705407
1705408
1705409
1705410
1705411
1705412
1705524
1705556
1705564
1705598
1705617
1705670
1705749
1705760
1705788
1705789
1705859
1705884
1705885
1706987
1706988
1706989
1706990
1706991
1706992
1706993
1706994
1706995
1706996
1706997
1706998
1706999
1707068
1707069
1707240
1707241
1707242
1707243
1707244
1707245
1707246
1707247
1707248
1707249
1707400
1707401
1707402
1707403
1707404
1707405
1707406
1707407
1707408
1707409
1708240
1708241
1708242
1708243
1708244
1708245
1708246
1708247
1708248
1708249
1709240
1709241
1709242
1709243
1709244
1709245
1709246
1709247
1709248
1709249
1910240
1910241
1910242
1910243
1910244
1910245
1910246
1910247
1910248
1910249
1910424
1910425
1320400
1320401
1320402
1320403
1320404
1321423
1321424
1321425
1321426
1322423
1322424
1322425
1322426
1323400
1323401
1323402
1323403
1323404
1323660
1323661
1323662
1323663
1323664
1323665
1323666
1323667
1323880
1323881
1323882
1323883
1323884
1323885
1323886
1323887
1323888
1323889
1325270
1325271
1325272
1325273
1325280
1325281
1325282
1325283
1325284
1325285
1325286
1325287
1325288
1325289
1327424
1327425
1328424
1328425
1328426
1328428
1310985
1310986
1310987
1310988
1310989
1312420
1312421
1312422
1312423
1312424
1312425
1312426
1312540
1312541
1312542
1312543
1312544
1313020
1313021
1313022
1313023
1313024
1313025
1313026
1313027
1313028
1313029
1313420
1313422
1313423
1313424
1314780
1314781
1314782
1314783
1314980
1314981
1314982
1314983
1314984
1314985
1316660
1316661
1316662
1316663
1316664
1316665
1316666
1316667
1316668
1316669
1316670
1316671
1316672
1316673
1316674
1316675
1316676
1316677
1316678
1316679
1319000
1319001
1319002
1319003
1319004
1319005
1319006
1319007
1319008
1319009
1319420
1319422
1319423
1319424
1730240
1730241
1730242
1730245
1730246
1730247
1730248
1730249
1730987
1730988
1730989
1734100
1734101
1734102
1734103
1734104
1734105
1734108
1734113
1380004
1380005
1380006
1380024
1380400
1380401
1380402
1380403
1380404
1380405
1380406
1380407
1380421
1380490
1380497
1380498
1380499
1384000
1384001
1384002
1384003
1384004
1384005
1384006
1384007
1384008
1384009
1384010
1384011
1384012
1384013
1384014
1384015
1384016
1384017
1384018
1384019
1384020
1384021
1384022
1384023
1384024
1384025
1384026
1384027
1384028
1384029
1384030
1384031
1384032
1384033
1384034
1384035
1384036
1384037
1384038
1384039
1384040
1384041
1384042
1384043
1384044
1384045
1384046
1384047
1384048
1384049
1384050
1384051
1384052
1384053
1384054
1384055
1384056
1384057
1384058
1384059
1384200
1384201
1384202
1384203
1384204
1384205
1384206
1384207
1384208
1384209
1388910
1388911
1388912
1388913
1388914
1388915
1388916
1388917
1388918
1388919
1388920
1388921
1388922
1388923
1388924
1388925
1388926
1388927
1388928
1388929
1388930
1388931
1388932
1388933
1388934
1388935
1388936
1388937
1388938
1388939
1388980
1388981
1388982
1388983
1388984
1388985
1388986
1388987
1388988
1388989
1389790
1389791
1389792
1389793
1389794
1389795
1389796
1389797
1389798
1389799
1389810
1389811
1389812
1389813
1389814
1389815
1389816
1389817
1389818
1389819
1389880
1389881
1389882
1389883
1389884
1389885
1389886
1389887
1389888
1389889
1660240
1660241
1660242
1660243
1660244
1660245
1660246
1660247
1660248
1660249
1660400
1660401
1660402
1660403
1660404
1660405
1660410
1660413
1660423
1660980
1660981
1660982
1660983
1660984
1660985
1660986
1660987
1660988
1660989
1662400
1662401
1662402
1662403
1662404
1662405
1662406
1662407
1662408
1662409
1664000
1664001
1664002
1664003
1664004
1664005
1664006
1664007
1664008
1664009
1664010
1664011
1664012
1664013
1664014
1664015
1664016
1664017
1664018
1664019
1664020
1664021
1664022
1664023
1664024
1664025
1664026
1664027
1664028
1664029
1664030
1664031
1664032
1664033
1664034
1664035
1664036
1664037
1664038
1664039
1664040
1664041
1664042
1664043
1664044
1664045
1664046
1664047
1664048
1664049
1664050
1664051
1664052
1664053
1664054
1664055
1664056
1664057
1664058
1664059
1664200
1664201
1664202
1664203
1664204
1664205
1664206
1664207
1664208
1664209
1664240
1664241
1664242
1664243
1664244
1664245
1664246
1664247
1664248
1664249
1870400
1870401
1870402
1870403
1870404
1870405
1870406
1870407
1870408
1870409
1874000
1874001
1874002
1874003
1874004
1874005
1874006
1874007
1874008
1874009
1874200
1874240
1874241
1874242
1874243
1874244
1874245
1874246
1874247
1874248
1874249
1510240
1510400
1510401
1510402
1510403
1510404
1514000
1514001
1514002
1514003
1514004
1514005
1514006
1514007
1514008
1514009
1514010
1514011
1514012
1514013
1514014
1514015
1514016
1514017
1514018
1514019
1514020
1514021
1514022
1514023
1514024
1514025
1514026
1514027
1514028
1514029
1514200
1514201
1514202
1514203
1514204
1514205
1514206
1514207
1514208
1514209
1514250
1514251
1514252
1514253
1514254
1514255
1514256
1514257
1514258
1514259
1820240
1820241
1820242
1820243
1820244
1820245
1820246
1820247
1820248
1820249
1820400
1820401
1820402
1820403
1820404
1820405
1820406
1820407
1820408
1820409
1824000
1824001
1824002
1824003
1824004
1824005
1824006
1824007
1824008
1824009
1824010
1824011
1824012
1824013
1824014
1824015
1824016
1824017
1824018
1824019
1824020
1824021
1824022
1824023
1824024
1824025
1824026
1824027
1824028
1824029
1824030
1824031
1824032
1824033
1824034
1824035
1824036
1824037
1824038
1824039
1824040
1824041
1824042
1824043
1824044
1824045
1824046
1824047
1824048
1824049
1344238
1344338
1346400
1346401
1346402
1346403
1346404
1347810
1347811
1347812
1347813
1347814
1347815
1347816
1347817
1347818
1347819
1347820
1347821
1347822
1347823
1347824
1347825
1347826
1347827
1347828
1347829
1347830
1347831
1347832
1347833
1347834
1347835
1347836
1347837
1347838
1347839
1347880
1347881
1347882
1347883
1347884
1347885
1347886
1347887
1347888
1347889
1580240
1580241
1580242
1580243
1580244
1580245
1580246
1580247
1580248
1580249
1580400
1580401
1580402
1580403
1580404
1580405
1580406
1580407
1580408
1580409
1580988
1584000
1584001
1584002
1584003
1584004
1584005
1584006
1584007
1584008
1584009
1584010
1584011
1584012
1584013
1584014
1584015
1584016
1584017
1584018
1584019
1584020
1584021
1584022
1584023
1584024
1584025
1584026
1584027
1584028
1584029
1584030
1584031
1584032
1584033
1584034
1584035
1584036
1584037
1584038
1584039
1584040
1584041
1584042
1584043
1584044
1584045
1584046
1584047
1584048
1584049
1584050
1584051
1584052
1584053
1584054
1584055
1584056
1584057
1584058
1584059
1760240
1760241
1760242
1760243
1760244
1760245
1760246
1760247
1760248
1760249
1760400
1760401
1760402
1760403
1760404
1760405
1760980
1760981
1760982
1760983
1760984
1760987
1760988
1760989
1761240
1761241
1761242
1761243
1761244
1761245
1761246
1761247
1761248
1761249
1761400
1761401
1761402
1761403
1761404
1761405
1762400
1762401
1762402
1762403
1762404
1762405
1762406
1762407
1762408
1762409
1762410
1762413
1764000
1764001
1764002
1764003
1764004
1764005
1764006
1764007
1764008
1764009
1764010
1764011
1764012
1764013
1764014
1764015
1764016
1764017
1764018
1764019
1764020
1764021
1764022
1764023
1764024
1764025
1764026
1764027
1764028
1764029
1764043
1764044
1764054
1764055
1764130
1764131
1764132
1764133
1764134
1764200
1764201
1764202
1764203
1764204
1764205
1764206
1764207
1764208
1764209
1764245
1764247
1764248
1764249
1769660
1769661
1769662
1769663
1769664
1769665
1769666
1769667
1769668
1769669
