1750375
1750387
1751344
1751345
1751655
1751656
1751657
1751658
1751659
1751660
1751661
1751662
1751663
1752720
1752721
1752722
1752723
1752724
1752725
1752726
1752727
1752728
1752729
1752750
1752751
1753050
1753080
1753081
1753082
1753083
1753084
1753085
1753086
1753087
1753088
1753089
1753090
1753091
1753092
1753093
1753094
1753095
1753096
1753097
1753098
1753099
1753442
1753750
1753751
1753752
1753753
1753754
1753755
1753756
1753757
1753758
1753759
1753827
1753828
1753829
1753869
1754924
1754925
1755490
1755491
1755492
1755493
1755494
1755495
1755496
1755497
1755498
1755499
1758952
1758953
1758954
1758955
1758956
1759470
1759471
1759472
1880361
1880375
1880383
1880384
1883750
1883751
1883752
1883753
1883754
1883755
1883756
1883757
1883758
1883759
1883848
1883849
1884890
1884891
1884892
1884893
1884894
1886028
1473805
1473870
1473875
1473897
1475675
1478300
1478301
1478302
1478303
1478304
1478305
1478306
1478307
1478308
1478309
1478375
1370075
1370340
1370375
1372185
1372186
1372187
1372188
1372189
1373375
1373376
1373377
1373378
1373379
1373390
1373391
1373392
1373393
1373394
1374954
1374955
1374956
1374957
1374958
1378105
1378106
1378107
1378108
1378109
1378180
1378181
1378182
1378183
1378184
1378185
1378186
1378187
1378188
1378189
1378240
1378241
1378242
1378243
1378244
1378245
1378246
1378247
1378248
1378249
1378320
1378321
1378322
1378323
1378324
1378325
1378326
1378327
1378328
1378329
1378375
1810375
1810390
1813445
1813475
1813563
1813734
1813758
1813759
1520375
1522480
1522481
1522482
1522483
1522484
1522500
1522501
1522502
1522503
1522504
1523750
1523751
1523752
1523753
1523754
1523755
1523756
1523757
1523758
1523759
1523820
1523821
1523822
1523823
1523824
1523825
1523826
1523827
1523828
1523829
1529075
1529076
1529077
1529078
1529079
1570375
1571375
1571653
1571654
1571655
1571656
1573753
1573754
1573755
1573756
1573757
1573758
1573759
1573815
1573816
1573817
1573818
1573819
1573849
1573899
1840375
1843631
1843750
1843751
1843752
1843753
1843754
1843755
1843756
1843757
1843758
1843759
1843845
1843846
1843850
1843851
1980375
1981272
1983750
1983751
1983752
1983753
1983754
1983755
1983756
1983757
1650375
1650692
1650698
1650875
1651134
1651158
1651159
1651279
1651283
1651375
1651657
1651663
1651813
1652010
1652575
1652637
1652879
1653375
1653378
1653496
1653509
1653521
1653750
1653751
1653756
1653757
1653758
1653759
1655075
1655076
1655079
1655562
1655675
1656151
1656192
1656375
1656381
1657375
1657705
1701306
1701307
1702183
1702184
1703303
1704304
1704305
1704306
1704307
1704308
1704309
1704310
1704311
1704312
1704313
1704314
1704315
1704316
1707375
1707388
1707389
1708375
1708484
1910375
1913731
1913750
1913751
1913752
1913753
1913754
1913755
1913756
1913757
1913758
1913759
1913982
1914375
1321380
1321381
1321382
1321383
1321384
1321385
1323370
1323371
1323372
1323373
1323374
1323375
1324316
1324317
1324318
1327140
1327141
1327142
1327143
1327144
1327145
1327146
1327147
1327148
1327149
1327375
1327388
1327389
1328305
1328306
1328375
1329092
1329503
1310175
1310365
1310375
1313750
1313751
1313752
1313753
1313774
1313775
1313776
1314054
1318332
1318333
1318334
1318335
1319404
1730375
1730390
1732499
1732628
1732629
1732939
1732949
1733520
1733521
1733522
1733523
1733524
1733750
1733751
1733752
1733753
1733754
1733755
1733756
1733757
1733758
1733759
1733907
1733908
1734465
1734475
1736463
1739632
1380375
1380390
1383750
1383751
1383752
1383753
1383754
1383755
1383756
1383757
1383758
1383759
1384954
1384955
1384956
1384957
1384958
1660375
1663750
1663751
1663752
1663753
1663754
1663755
1663756
1663757
1663758
1663759
1663845
1663846
1663847
1663867
1669248
1669249
1669250
1669251
1669252
1669253
1669254
1669255
1669256
1669690
1669691
1669692
1669693
1669694
1669695
1669696
1669697
1669698
1669699
1870375
1873750
1873751
1873752
1873753
1873754
1873755
1873756
1873757
1873758
1873759
1873890
1873891
1873892
1873893
1873894
1874960
1874961
1874962
1874963
1874964
1874965
1874966
1874967
1874968
1874969
1876890
1876891
1876892
1876893
1876894
1876895
1876896
1876897
1876898
1876899
1510375
1513690
1513691
1513692
1513693
1513694
1513695
1513696
1513697
1513698
1513699
1513750
1513751
1513752
1513753
1513754
1513755
1513756
1513757
1513758
1513759
1820375
1823660
1823661
1823662
1823663
1823664
1823665
1823666
1823667
1823668
1823669
1823750
1823751
1823752
1823753
1823754
1823755
1823756
1823757
1823758
1823759
1823970
1823971
1823972
1823973
1823974
1823975
1823976
1823977
1823978
1823979
1340375
1340930
1340931
1340932
1340933
1340934
1340945
1340946
1340947
1340948
1340949
1346110
1346111
1346112
1346113
1346114
1346115
1346116
1346117
1346118
1346119
1346120
1346121
1346122
1346123
1346124
1346125
1346126
1346127
1346128
1346129
1580375
1580390
1583690
1583691
1583692
1583693
1583694
1583695
1583696
1583697
1583698
1583699
1583750
1583751
1583752
1583753
1583754
1583755
1583756
1583757
1583758
1583759
1588670
1588671
1588672
1588673
1588674
1588675
1588676
1588677
1588678
1588679
1589340
1589341
1589342
1589343
1589344
1589345
1589346
1589347
1589348
1589349
1760375
1762453
1762454
1762455
1762456
1762457
1762458
1762459
1762460
1762945
1762946
1762947
1762965
1762966
1763746
1763747
1763750
1763751
1763752
1763753
1763754
1763755
1763756
1763757
1763758
1763759
1763827
1763828
1763829
1763869
1764469
1765631
1769826
1769827
1769828
1330375
1330390
1332375
1332390
1333375
1333390
1334375
1334390
1334399
1334400
1334671
1334672
1334673
1335375
1338375
1338390
1338399
1338405
1338406
1339375
1339376
1339377
1339378
1339379
1710601
1710607
1712318
1712319
1712320
1712321
1712322
1712323
1712324
1712325
1712326
1712327
1712328
1712329
1712340
1713375
1715375
1716375
1716390
1716397
1716500
1716501
1716502
1717364
1717375
1718375
1718468
1718469
1719375
1719385
1990375
1991342
1991343
1991375
1993750
1993751
1993752
1993754
1993755
1993756
1993757
1993758
1993759
1993902
1993903
1993904
1993905
1993906
1993907
1993908
1993909
1560375
1561730
1561731
1561732
1561733
1561734
1561735
1561736
1561737
1561738
1561739
1563750
1563751
1563752
1563753
1563754
1563755
1563756
1563757
1563758
1563759
1563865
1563866
1563867
1563868
1563869
1563995
1563996
1563997
1563998
1563999
1564945
1564946
1564947
1564948
1564949
1566422
1566423
1569071
1569072
1850375
1850397
1853746
1853747
1853750
1853751
1853752
1853753
1853754
1853755
1853756
1853757
1853758
1853759
1853869
1780375
1781497
1783706
1783755
1783756
1783757
1783758
1783759
1783938
1783939
1783958
1783959
1788492
1788493
1789682
1800375
1800390
1803758
1803759
1533375
1533390
1534375
1534387
1534388
1534647
1534648
1534649
1360375
1360390
1360762
1361375
1361982
1362375
1362981
1363375
1363980
1364375
1365375
1366309
1366375
1367375
1368375
1369375
1952960
1953591
1955556
1890375
1890390
1893750
1893751
1893752
1893753
1893754
1893755
1893756
1893757
1893758
1893759
1590375
1590390
1593750
1593751
1593752
1593753
1593754
1593755
1593756
1593757
1593758
1593759
1593890
1593891
1593892
1593893
1593894
1593895
1593896
1593897
1593898
1593899
1599350
1599351
1599352
1599353
1599354
1599355
1599356
1599357
1599358
1599359
1599400
1599401
1599402
1599403
1599404
1770375
1770390
1771906
1771907
1772499
1773082
1773485
1773486
1773708
1773754
1773755
1773756
1773783
1773787
1773902
1773927
1773928
1773940
1774464
1774634
1774635
1774690
1777280
1777281
1778818
1778819
1779677
1960375
1350341
1350342
1350375
1350762
1351375
1352326
1352327
1352375
1352535
1352536
1352537
1352538
1352539
1356955
1356956
1356957
1356958
1356959
1359215
1359216
1359217
1359218
1359219
1452325
1452326
1452327
1454213
1454861
1458435
1458436
1458437
1458438
1458439
1500375
1500390
1503685
1503686
1503687
1503688
1503689
1503750
1503751
1503752
1503753
1503754
1503755
1503756
1503757
1503758
1503759
1503880
1503881
1503882
1503883
1503884
1503885
1503886
1503887
1503888
1503889
1509375
1509376
1509377
1509378
1509379
1509380
1509381
1509382
1509383
1509384
1509385
1509386
1509387
1509388
1509389
1830375
1831760
1831761
1831762
1831763
1831764
1831765
1831766
1831767
1831768
1831769
1833750
1833751
1833752
1833753
1833754
1833755
1833756
1833757
1833758
1833759
1834808
1834809
1623490
1623492
1623754
1623756
1623757
1623759
1623919
1860375
1860390
1861375
1861490
1862536
1862537
1862540
1863750
1863751
1863752
1863753
1863754
1863755
1863756
1863757
1863758
1863759
1863973
1863974
1550375
1551600
1551601
1551602
1551603
1551604
1551605
1551606
1551607
1551608
1551609
1551784
1551785
1551786
1553750
1553751
1553752
1553753
1553754
1553755
1553756
1553757
1553758
1553759
1553978
1553979
1556533
1390375
1390390
1393750
1393751
1393752
1393753
1393754
1393755
1393756
1393757
1393758
1393759
1393865
1393866
1393867
1393995
1393996
1394945
1394946
1394947
1394948
1394949
1671133
1671134
1671375
1671788
1671802
1671803
1671805
1671806
1671807
1671808
1671809
1671820
1671821
1671822
1671823
1672375
1673375
1674130
1674131
1674132
1674133
1674134
1674135
1674146
1674147
1674148
1674149
1674150
1674375
1301755
1301756
1301757
1302756
1302757
1304303
1304375
1304479
1304691
1306445
1306446
1306447
1306448
1306449
1307170
1307171
1307172
1307173
1307174
1307175
1307176
1307177
1307178
1307179
1308375
1308704
1308705
1308706
