1750734
1750747
1752635
1752636
1752637
1757080
1757081
1757082
1757083
1757084
1757085
1757086
1757087
1757088
1757089
1757090
1757091
1757092
1757093
1757094
1757095
1757096
1757097
1757098
1757099
1757340
1757341
1757342
1757343
1757344
1757345
1757346
1757347
1757348
1757349
1757470
1757471
1757472
1757473
1757474
1757475
1757476
1757477
1757478
1757479
1757890
1757891
1757892
1757893
1757894
1757895
1757896
1757897
1757898
1757899
1757960
1757961
1757962
1757963
1757964
1757965
1757966
1757967
1757968
1757969
1758020
1758021
1758022
1758023
1758024
1758025
1758026
1758027
1758028
1758029
1758034
1758047
1758147
1758168
1758169
1758234
1758247
1880734
1881705
1882180
1882181
1882182
1882183
1882184
1882191
1882192
1882193
1882194
1886747
1886748
1886749
1887340
1887341
1887342
1887343
1887344
1887345
1887346
1887347
1887348
1887349
1889025
1889026
1889027
1889028
1889029
1470734
1477304
1477340
1477341
1477342
1477343
1477344
1478645
1478646
1478930
1478931
1478932
1478933
1478934
1478935
1478936
1478937
1478938
1478939
1370734
1370747
1372382
1372383
1372384
1376240
1376241
1376242
1376243
1376244
1376245
1376246
1376247
1376248
1378640
1378641
1378642
1378643
1378644
1378645
1378646
1378647
1378648
1378649
1378734
1378770
1378771
1378772
1378773
1378935
1378936
1378937
1378938
1378939
1520050
1520051
1520052
1520053
1520054
1520055
1520056
1520057
1520058
1520059
1520070
1520071
1520072
1520073
1520074
1520734
1521135
1521136
1521137
1521138
1521139
1521140
1521141
1521142
1521143
1521144
1521145
1521146
1521147
1521148
1521149
1521180
1521181
1521182
1521183
1521184
1521185
1521186
1521187
1521188
1521189
1527340
1527341
1527342
1527343
1527344
1527345
1527346
1527347
1527348
1527349
1810734
1810747
1814336
1814337
1814338
1814339
1815274
1816388
1816928
1816934
1816944
1817340
1817341
1817342
1817343
1817344
1817345
1817346
1817347
1817348
1817349
1817582
1817583
1817584
1817585
1817586
1817587
1817588
1818896
1818897
1840734
1847268
1847269
1847340
1847341
1847342
1847343
1847344
1847345
1847346
1847347
1847348
1847349
1847800
1847801
1847802
1847803
1847804
1570734
1571734
1571758
1572744
1572745
1577340
1577341
1577342
1577343
1577344
1577345
1577346
1577347
1577348
1577349
1980734
1980741
1981331
1987340
1987341
1987342
1987343
1987344
1987345
1989187
1989188
1989189
1989200
1989201
1989202
1989203
1989204
1989205
1989206
1989207
1989208
1989237
1989238
1989239
1989440
1989441
1989442
1989632
1989633
1650586
1650611
1650734
1651734
1652031
1652038
1653032
1653037
1700733
1700734
1701815
1701816
1701817
1701818
1701819
1705707
1706811
1706812
1706813
1706814
1708079
1708740
1708741
1708742
1708743
1708744
1708745
1320304
1320305
1320306
1320307
1320308
1320309
1320734
1321268
1321269
1321734
1323734
1325734
1327221
1327230
1327231
1327232
1327233
1327234
1329734
1329857
1329858
1329863
1910734
1910747
1916531
1916532
1916533
1916534
1917340
1917341
1917342
1917343
1917344
1917345
1917346
1917347
1917348
1917349
1917670
1917671
1917672
1917673
1917674
1917675
1917676
1917677
1917678
1917679
1310026
1310034
1310704
1310724
1310734
1311734
1311754
1313504
1313518
1313534
1314230
1314231
1314232
1314233
1314234
1314235
1314236
1314237
1314238
1314239
1317033
1317034
1318716
1318720
1318723
1318724
1318730
1318733
1318734
1730734
1734374
1734700
1734701
1734702
1734703
1734704
1734705
1734706
1734707
1734708
1734709
1734734
1736936
1736937
1736938
1736939
1737341
1737342
1737343
1737344
1737345
1737346
1737347
1737348
1737349
1737785
1737786
1737820
1737821
1737822
1737823
1737824
1738210
1738211
1738212
1738213
1738214
1738215
1738216
1738217
1738218
1738219
1739720
1739721
1739722
1739734
1739879
1660734
1660747
1667034
1667047
1667091
1667092
1667093
1667094
1667095
1667096
1667097
1667098
1667099
1667340
1667341
1667342
1667343
1667344
1667345
1667346
1667347
1667348
1667349
1667444
1667445
1667470
1667471
1667472
1667473
1667474
1668190
1668191
1668192
1668193
1668194
1668610
1668611
1668612
1668613
1668614
1380734
1380747
1387340
1387341
1387342
1387343
1387344
1387345
1387346
1387347
1387348
1387349
1387560
1387561
1387562
1387563
1387564
1387565
1387566
1387567
1387568
1387569
1387570
1387571
1387572
1387573
1387574
1387575
1387576
1387577
1387578
1387579
1870734
1871140
1871141
1871142
1871143
1871144
1871145
1871146
1871147
1871148
1871149
1877340
1877341
1877342
1877343
1877344
1877345
1877346
1877347
1877348
1877349
1877421
1877422
1877423
1877424
1877425
1820734
1821600
1821601
1821602
1821603
1821604
1821605
1821606
1821607
1821608
1821609
1822920
1822921
1822922
1822923
1822924
1822925
1822926
1822927
1822928
1822929
1827340
1827341
1827342
1827343
1827344
1827345
1827346
1827347
1827348
1827349
1827470
1827471
1827472
1827473
1827474
1827475
1827476
1827477
1827478
1827479
1510734
1511540
1511541
1511542
1511543
1511544
1511545
1511546
1511547
1511548
1511549
1511680
1511681
1511682
1511683
1511684
1511685
1511686
1511687
1511688
1511689
1517340
1517341
1517342
1517343
1517344
1517345
1517346
1517347
1517348
1517349
1519740
1519741
1519742
1519743
1519744
1519745
1519746
1519747
1519748
1519749
1340734
1346734
1346774
1346775
1346776
1346777
1346910
1346911
1346912
1346913
1348734
1348754
1348794
1971994
1972224
1760734
1760747
1765247
1765256
1765257
1765258
1765259
1767326
1767327
1767328
1767329
1767470
1767471
1767472
1767473
1767474
1767475
1767476
1767477
1767478
1767479
1767888
1768026
1768027
1768028
1768034
1768040
1768041
1580734
1587340
1587341
1587342
1587343
1587344
1587345
1587346
1587347
1587348
1587349
1587470
1587471
1587472
1587473
1587474
1587475
1587476
1587477
1587478
1587479
1588640
1588641
1588642
1588643
1588644
1588645
1588646
1588647
1588648
1588649
1589734
1330734
1330747
1331734
1331747
1332734
1333254
1333734
1334134
1334254
1334724
1334734
1334864
1335724
1335734
1336588
1336734
1336747
1337804
1337894
1338734
1338747
1339734
1339747
1339767
1712098
1712099
1713734
1713741
1713742
1713743
1715734
1716734
1716738
1717130
1717734
1718734
1719734
1719736
1719737
1719746
1719747
1990734
1990747
1990844
1991816
1991834
1991848
1991849
1991860
1991861
1991862
1991863
1991864
1991865
1991866
1991867
1991868
1991869
1995870
1995871
1995872
1995873
1995874
1995875
1995876
1995877
1995878
1995879
1995890
1995891
1995892
1995893
1995898
1995899
1997340
1997341
1997342
1997343
1997344
1997345
1997346
1997347
1997348
1997349
1997470
1997471
1997472
1997473
1997474
1997475
1997476
1997477
1997478
1997479
1997674
1997675
1997676
1997677
1997678
1997679
1850734
1850747
1856902
1857046
1857047
1857089
1857090
1857091
1857092
1857093
1857094
1857340
1857341
1857342
1857343
1857344
1857345
1857346
1857347
1857348
1857349
1857376
1857377
1857470
1857471
1857472
1857473
1859341
1859342
1859343
1859344
1859345
1859346
1780734
1787210
1787211
1787212
1787213
1787214
1787261
1787262
1787263
1787264
1787265
1787266
1787267
1787268
1787269
1787340
1787341
1787342
1787343
1787344
1787345
1787346
1787347
1787348
1787349
1787772
1788690
1788691
1789734
1560734
1560747
1561606
1561607
1561630
1561631
1561632
1561664
1561665
1561667
1561668
1561669
1561670
1561671
1567340
1567341
1567342
1567343
1567344
1567345
1567346
1567470
1567471
1567472
1567473
1567474
1567475
1567476
1567477
1567478
1567479
1567540
1567541
1567542
1567543
1567544
1567545
1567546
1567547
1567548
1567549
1569734
1569747
1530734
1530747
1534304
1534334
1534442
1534734
1534834
1536424
1536425
1536426
1536705
1536706
1536707
1536708
1536709
1536734
1536747
1537734
1537747
1538600
1538601
1538602
1538603
1538604
1538605
1538606
1538607
1538608
1538609
1538734
1538747
1800734
1800747
1807340
1807341
1807342
1807343
1807344
1807345
1807346
1807347
1807348
1807349
1807587
1807588
1807589
1953617
1360734
1361734
1361747
1361844
1362734
1363734
1363844
1364734
1364747
1365734
1365747
1366744
1366745
1890734
1890747
1890844
1893210
1893211
1894200
1894201
1894202
1894498
1894499
1897340
1897341
1897342
1897343
1897344
1897345
1897346
1897347
1897348
1897349
1897470
1897471
1897472
1897473
1897474
1897475
1897476
1897477
1897478
1897479
1897540
1897541
1897542
1897543
1897544
1897545
1897546
1770028
1770029
1770734
1771164
1772614
1772615
1772616
1774254
1774965
1774966
1775276
1775277
1776934
1777099
1777340
1777341
1777342
1777343
1777344
1777345
1777346
1777347
1777348
1777349
1777560
1777561
1777562
1777563
1777564
1590734
1597338
1597339
1597340
1597341
1597342
1597343
1597344
1597345
1597346
1597347
1597348
1597349
1350734
1351734
1354850
1354851
1354852
1357477
1357478
1357479
1357510
1357511
1357512
1357513
1357514
1357515
1357523
1357524
1357525
1357526
1357527
1357528
1357529
1452734
1452747
1452754
1453747
1454509
1454513
1458785
1458786
1458787
1458788
1459734
1830734
1837340
1837341
1837342
1837343
1837344
1837345
1837346
1837347
1837348
1837349
1837470
1837471
1837472
1837473
1837474
1837475
1837476
1837477
1837478
1837479
1839740
1839741
1839742
1839743
1839770
1839771
1839772
1839773
1839774
1839775
1839776
1839777
1839778
1839779
1500734
1507340
1507341
1507342
1507343
1507344
1507345
1507346
1507347
1507348
1507349
1507470
1507471
1507472
1507473
1507474
1507475
1507476
1507477
1507478
1507479
1509600
1509601
1509602
1509603
1509604
1509605
1509606
1509607
1509608
1509609
1550734
1550747
1557090
1557091
1557092
1557093
1557094
1557095
1557096
1557097
1557098
1557099
1557340
1557341
1557342
1557343
1557344
1557345
1557346
1557347
1557348
1557349
1557470
1557471
1557472
1557473
1557474
1557475
1557476
1557477
1557478
1557479
1557540
1557541
1557542
1557543
1557544
1557545
1557546
1557547
1557548
1557549
1557550
1557551
1557552
1557553
1557554
1557555
1557556
1557557
1557670
1557671
1557672
1557673
1557674
1558021
1558022
1558023
1558024
1558025
1558026
1558027
1558028
1558029
1558030
1558031
1558032
1558033
1558034
1558168
1558169
1860734
1860747
1862734
1862747
1862765
1862766
1862767
1862768
1862769
1867047
1867341
1867344
1867470
1867471
1867472
1867473
1867474
1867475
1867476
1867477
1867478
1867479
1868457
1868458
1868459
1869200
1869201
1869202
1869203
1869204
1869205
1869206
1869207
1869208
1869209
1869234
1671734
1672164
1672165
1672166
1672167
1672168
1672169
1672732
1672734
1673734
1674280
1674281
1674282
1390734
1390747
1390844
1397340
1397341
1397342
1397343
1397344
1397345
1397346
1397470
1397471
1397472
1397473
1397474
1397475
1397476
1397477
1397478
1397479
1397540
1397541
1397542
1397543
1397544
1397545
1397546
1397547
1397548
1397549
1726734
1300734
1300746
1301618
1301619
1301716
1301717
1301734
1302734
1302746
1303734
1304724
1305405
1305406
1305505
1305506
1308724
1308734
