1360773
1360783
1361773
1361783
1361786
1362773
1362783
1362786
1363512
1363513
1363514
1363515
1363516
1363517
1363518
1363519
1364773
1364783
1364786
1364943
1365773
1365783
1365786
1365963
1366773
1366783
1366786
1366943
1366946
1367773
1367783
1367786
1368773
1368783
1368786
1953599
1890773
1890783
1893477
1893478
1893479
1893480
1893481
1893482
1897730
1897731
1897732
1897733
1897734
1897735
1897736
1897737
1897738
1897739
1897830
1897831
1897832
1897833
1897834
1897835
1897836
1897837
1897838
1897839
1897864
1897865
1897866
1897867
1897868
1897869
1800773
1800783
1800787
1800788
1807473
1807483
1807484
1807675
1807676
1807677
1807678
1807679
1807730
1807731
1807732
1807733
1807734
1807735
1807736
1807737
1807738
1807739
1807830
1807831
1807832
1807833
1807834
1807835
1807836
1807837
1807838
1807839
1807840
1807841
1807842
1807843
1807844
1807845
1807846
1530773
1534773
1990773
1990783
1994310
1994311
1999790
1999791
1999792
1999793
1999794
1999795
1999796
1999797
1560773
1560783
1567621
1567624
1567633
1567634
1567637
1567639
1567706
1567707
1567708
1567709
1567730
1567731
1567732
1567733
1567734
1567735
1567736
1567737
1567738
1567739
1567830
1567831
1567832
1567833
1567834
1567835
1567836
1567837
1567838
1567839
1569773
1850773
1850783
1852980
1852981
1852982
1857730
1857731
1857732
1857733
1857734
1857735
1857736
1857737
1857738
1857739
1857943
1857944
1858983
1858994
1859323
1859327
1859328
1859329
1859391
1859392
1859393
1780770
1780773
1784000
1784001
1784002
1784031
1784032
1784033
1784034
1784035
1784048
1784049
1784050
1784051
1784052
1784053
1784054
1787730
1787731
1787732
1787733
1787734
1787735
1787736
1787830
1788041
1789110
1789773
1330773
1330783
1331763
1331773
1331783
1332163
1332173
1332473
1332483
1334753
1334756
1334763
1336753
1336763
1336773
1336783
1337706
1337730
1337731
1337732
1337733
1337734
1338773
1339363
1339773
1339783
1715090
1715091
1715092
1715093
1715095
1715096
1715097
1715098
1716070
1716071
1716072
1718094
1718095
1718096
1718097
1718098
1718099
1300594
1300595
1300693
1301485
1301486
1302594
1302595
1302693
1303683
1303693
1307760
1307761
1307762
1307763
1307764
1307765
1307766
1307767
1307768
1307769
1308673
1308773
1308793
1309773
1309793
1860773
1860783
1864899
1867730
1867731
1867732
1867733
1867734
1867735
1867736
1867737
1867738
1867739
1550773
1550783
1557730
1557731
1557732
1557733
1557734
1557735
1557736
1557737
1557738
1557739
1557740
1557741
1557742
1557743
1557744
1557745
1557746
1557747
1557748
1557749
1557834
1557835
1557836
1557837
1557838
1557839
1390773
1390783
1397730
1397731
1397732
1397733
1397734
1397735
1397736
1397737
1397738
1397739
1397830
1397831
1397832
1397833
1397834
1397835
1397836
1397837
1397838
1397839
1671773
1672773
1500773
1500783
1507730
1507731
1507732
1507733
1507734
1507735
1507736
1507737
1507830
1507831
1507832
1507833
1507834
1507835
1507836
1507837
1507838
1507839
1507892
1507893
1507894
1507895
1507896
1507897
1507898
1507899
1830773
1837630
1837631
1837632
1837633
1837634
1837635
1837636
1837637
1837638
1837639
1837730
1837731
1837732
1837733
1837734
1837735
1837736
1837737
1837738
1837739
1837807
1837808
1837809
1837830
1837831
1837832
1837833
1837834
1837835
1837836
1837837
1837838
1837839
1590773
1590783
1590784
1590787
1590788
1594937
1594938
1597707
1597708
1597709
1597730
1597731
1597732
1597733
1597734
1597735
1597736
1597737
1597738
1597739
1597740
1597741
1597742
1597743
1597744
1597800
1597801
1597802
1597803
1597804
1597805
1599467
1599468
1770773
1770783
1773667
1773668
1773669
1775850
1775851
1777470
1777471
1777483
1777484
1777608
1777609
1777627
1777628
1777629
1777646
1777647
1777650
1777651
1777652
1777730
1777731
1777732
1777733
1777734
1777735
1777736
1777737
1777738
1777739
1452763
1452773
1453769
1454523
1459115
1459116
1459117
1459118
1459119
1459749
1459760
1459761
1350773
1350783
1351753
1351763
1351773
1351783
1351786
1355703
1355713
1355723
1355727
1355733
1355736
1355740
1355743
1355753
1355756
1355763
1355766
1355773
1355783
1355793
1355803
1355813
1355823
1355833
1355843
1359703
1359713
1359716
1359730
1359731
1359732
1359733
1700034
1700035
1701298
1701299
1705179
1706479
1706480
1706481
1706482
1706483
1708703
1708704
1708705
1708706
1708707
1708708
1708709
1910773
1910783
1914290
1914291
1914292
1914293
1914294
1914295
1914296
1914297
1914298
1914299
1914420
1914421
1914422
1914423
1914424
1914425
1914426
1914427
1914428
1914429
1914430
1914431
1914432
1914433
1914434
1914435
1914436
1914437
1914438
1914439
1916750
1916751
1916752
1916753
1916754
1916755
1916756
1916757
1916758
1916759
1916760
1916761
1916762
1916763
1916764
1916765
1916766
1916767
1916768
1916769
1916770
1916771
1916772
1916773
1916774
1916775
1916776
1916777
1916778
1916779
1916780
1916781
1916782
1916783
1916784
1916785
1916786
1916787
1916788
1916789
1916790
1916791
1916792
1916793
1916794
1916795
1916796
1916797
1916798
1916799
1917730
1917731
1917732
1917733
1917734
1917735
1917736
1917737
1917738
1917739
1917830
1917831
1917832
1917833
1917834
1917835
1917836
1917837
1917838
1917839
1320773
1320783
1321143
1321150
1321153
1321154
1321159
1321773
1321783
1323773
1323783
1326373
1326383
1329773
1329783
1329923
1329927
1329943
1329947
1329963
1570773
1571773
1572373
1572383
1572398
1577730
1577731
1577732
1577733
1577734
1577735
1577736
1577737
1577738
1577739
1840673
1840773
1847730
1847731
1847732
1847733
1847734
1847735
1847736
1847737
1847738
1847739
1980773
1980787
1981386
1987703
1987730
1987731
1987732
1987733
1987734
1987739
1989770
1989771
1989772
1989773
1989778
1989779
1650650
1650773
1651773
1810773
1810783
1815478
1815479
1816965
1816966
1816967
1816968
1816969
1817260
1817261
1817262
1817263
1817264
1817265
1817266
1817267
1817268
1817269
1817415
1817416
1817417
1817418
1817419
1817631
1817632
1817633
1817635
1817636
1817640
1817641
1817642
1817730
1817731
1817732
1817733
1817734
1817735
1817736
1817737
1817738
1817739
1817830
1817831
1817832
1817833
1817834
1817835
1817836
1817837
1817838
1817839
1817870
1817871
1817872
1817873
1817874
1520773
1520783
1524078
1524079
1527730
1527731
1527732
1527733
1527734
1527735
1527736
1527737
1527738
1527739
1527773
1527776
1527779
1529580
1529581
1529582
1529583
1529584
1529585
1529586
1529587
1529588
1529589
1529590
1529591
1529592
1529593
1529594
1529595
1529596
1529597
1529598
1529599
1529600
1529601
1529602
1529680
1529681
1750773
1752672
1752673
1752674
1757725
1757728
1757730
1757773
1757819
1757822
1757823
1757824
1757825
1880773
1880783
1887730
1887731
1887732
1887733
1887734
1887735
1887736
1887737
1887738
1887739
1887830
1887831
1887832
1887833
1887834
1887835
1887836
1887837
1887838
1887839
1887842
1887843
1888843
1889773
1889781
1889783
1370773
1370783
1373730
1373731
1373732
1373733
1373734
1373735
1373736
1373737
1373738
1373739
1373770
1373771
1373772
1373773
1373774
1376803
1376813
1376823
1376833
1376843
1376853
1376870
1376871
1376872
1376873
1376874
1376890
1376891
1376892
1378803
1378813
1378823
1378833
1378843
1378853
1378854
1378856
1378857
1378858
1378859
1378863
1378873
1378874
1470773
1470783
1473630
1473631
1473632
1473633
1477713
1477732
1477733
1477734
1477735
1477740
1479584
1479585
1479586
1479587
1479588
1479589
1479590
1479591
1479592
1479593
1479594
1479595
1479596
1479597
1479598
1479599
1479600
1479601
1479602
1479603
1479604
1479605
1479773
1344383
1344384
1345730
1345731
1345732
1345733
1345734
1345735
1345736
1345737
1345738
1345739
1345765
1345766
1345767
1345768
1345769
1347125
1347126
1347127
1347128
1347129
1347130
1347131
1347132
1347133
1347134
1347135
1347136
1347137
1347138
1347139
1348130
1348131
1348132
1348133
1348134
1348135
1348136
1348137
1348138
1348139
1580773
1580783
1587700
1587701
1587702
1587703
1587704
1587830
1587831
1587832
1587833
1587834
1587835
1587836
1587837
1587838
1587839
1760773
1760783
1767694
1767695
1767696
1767703
1767777
1767778
1767779
1768733
1768734
1768743
1768753
1768773
1768780
1768781
1510773
1510783
1517730
1517731
1517732
1517733
1517734
1517735
1517736
1820773
1820783
1827630
1827631
1827632
1827633
1827634
1827635
1827636
1827637
1827638
1827639
1827669
1827730
1827731
1827732
1827733
1827734
1827735
1827736
1827737
1827738
1827739
1827830
1827831
1827832
1827833
1827834
1827835
1827836
1827837
1827838
1827839
1829000
1829001
1829002
1829003
1829004
1829005
1829006
1829007
1829008
1829009
1829010
1829011
1829012
1829013
1829014
1829015
1829016
1380773
1380783
1387730
1387731
1387732
1387733
1387734
1387735
1387736
1387737
1387738
1387739
1387830
1387831
1387832
1387833
1387834
1387835
1387836
1387837
1387838
1387839
1660773
1667483
1667712
1667713
1667714
1667715
1667716
1667717
1667718
1870773
1870783
1877505
1877506
1877730
1877731
1877732
1877733
1877734
1877735
1877736
1877737
1877738
1877739
1877830
1877831
1877832
1877833
1877834
1877835
1877836
1877837
1877838
1877839
1877883
1877885
1310043
1310053
1310059
1311473
1311763
1311773
1312343
1312353
1313263
1313264
1313273
1313283
1313293
1313297
1315253
1315257
1315258
1315259
1315263
1319763
1319764
1319773
1730773
1730783
1734426
1734427
1737483
1737620
1737621
1737622
1737623
1737624
1737648
1737649
1737730
1737731
1737732
1737733
1737734
1737735
1737736
1737737
1737738
1737739
