1310795
1310796
1310797
1310798
1310799
1311055
1311056
1311069
1311594
1312327
1312328
1312329
1312406
1315933
1315944
1315945
1316386
1316485
1316486
1317454
1317455
1317456
1317465
1317805
1317806
1317813
1317819
1317823
1317824
1319440
1319441
1319442
1319443
1319444
1730594
1732668
1732669
1733800
1733801
1734627
1734628
1734630
1734631
1734632
1734950
1734964
1735010
1735011
1735012
1735013
1735903
1735904
1735905
1735906
1735907
1735908
1735909
1735940
1735941
1735942
1735950
1739650
1660594
1660603
1665911
1665920
1665921
1665930
1380856
1380857
1380858
1380859
1385020
1385021
1385022
1385023
1385024
1385025
1385026
1385027
1385028
1385029
1385980
1385981
1385982
1385983
1385984
1385985
1385986
1385987
1385988
1385989
1386090
1386091
1386092
1386093
1386094
1386095
1386096
1386097
1386098
1386099
1870594
1875000
1875001
1875002
1875003
1875004
1875005
1875006
1875007
1875008
1875009
1876050
1876051
1876052
1876053
1876054
1876055
1876056
1876057
1876058
1876059
1820600
1820601
1820602
1820603
1820604
1825050
1825051
1825052
1825053
1825054
1510590
1510591
1510592
1510593
1510594
1516020
1516021
1516022
1516023
1516024
1516025
1516026
1516027
1516028
1516029
1516045
1516046
1516047
1516048
1516049
1345905
1345906
1345907
1345908
1345909
1760594
1767996
1768923
1768939
1768965
1768990
1586000
1586001
1586002
1586003
1586004
1586005
1586006
1586007
1586008
1586009
1588030
1588031
1588032
1588033
1588034
1589205
1589206
1589207
1589208
1589209
1750594
1750605
1750690
1750698
1755904
1755908
1755928
1755929
1755933
1755934
1755935
1880504
1880594
1885090
1885091
1885092
1885093
1885094
1885095
1885096
1885097
1885098
1885099
1370605
1370606
1370607
1370608
1370609
1379900
1379901
1379960
1379961
1379962
1379963
1379964
1379965
1379966
1379967
1379968
1379969
1475940
1475941
1475942
1475943
1475944
1475945
1475946
1475947
1475948
1475949
1476010
1476011
1476012
1476013
1476014
1520590
1520591
1520592
1520593
1520594
1520595
1520596
1520597
1520598
1520599
1526025
1526026
1526027
1526028
1526029
1526090
1526091
1526092
1526093
1526094
1526095
1526096
1526097
1526098
1526099
1810057
1810594
1812098
1812099
1814613
1814964
1815028
1815029
1815043
1815044
1815045
1815065
1815066
1815900
1815901
1815902
1815903
1815905
1815906
1815907
1815910
1815911
1815912
1815938
1815939
1815940
1815941
1815942
1815943
1815944
1815951
1845015
1845016
1845017
1845018
1845019
1845940
1845941
1845942
1845943
1845944
1845945
1845946
1845947
1845948
1845949
1571507
1571508
1571509
1575935
1575936
1575937
1575938
1575939
1575990
1575991
1575992
1575993
1575994
1980592
1980593
1983530
1983531
1983532
1983533
1983543
1984054
1985935
1985936
1985937
1985938
1985939
1985944
1989033
1989042
1989669
1650334
1650336
1650594
1651378
1651869
1652579
1652583
1652594
1655092
1655098
1655590
1655592
1655593
1657099
1657111
1657171
1704045
1704046
1704047
1707544
1707598
1707599
1708191
1708192
1708193
1708195
1320594
1321505
1321508
1322506
1322509
1323507
1323508
1323594
1325501
1327594
1327692
1328509
1329083
1329593
1910504
1910594
1770504
1770594
1770694
1772082
1772083
1772084
1772085
1774605
1775033
1775034
1775035
1775036
1775044
1775901
1775902
1775949
1775956
1775957
1775958
1775959
1775980
1775981
1775982
1775983
1775984
1595940
1595941
1595942
1595943
1596050
1596051
1596052
1596053
1596054
1598034
1598035
1598036
1452584
1452585
1454406
1454419
1458285
1458286
1458287
1458288
1458289
1351404
1351405
1351592
1351593
1355938
1355939
1355980
1355981
1355982
1359900
1359901
1359902
1359945
1359946
1359947
1359948
1359949
1359955
1359985
1359986
1359987
1359988
1359989
1835040
1835041
1835042
1835043
1835044
1835900
1835901
1835902
1835903
1835904
1839600
1839601
1839602
1839603
1839604
1839605
1839606
1839607
1839608
1839609
1506030
1506031
1506032
1506033
1506034
1506035
1506036
1506037
1506038
1506039
1508010
1508011
1508012
1508013
1508014
1508015
1508016
1508017
1508018
1508019
1508035
1508036
1508037
1508038
1508039
1550594
1550699
1860501
1860594
1860690
1865020
1865021
1865022
1865023
1865024
1865025
1865026
1865027
1865028
1865041
1865945
1865946
1865947
1865948
1865949
1671238
1671239
1671246
1671247
1671248
1671249
1671260
1671261
1671262
1671263
1671265
1671594
1672594
1673594
1390504
1390594
1395070
1395071
1395072
1395073
1395074
1395075
1395076
1395077
1395078
1395079
1395950
1395951
1395952
1395953
1395954
1395955
1395956
1395957
1395958
1395959
1300385
1300386
1301590
1301596
1301597
1301598
1301599
1302385
1302386
1303081
1303082
1303083
1303085
1303086
1304594
1304690
1305530
1305531
1305568
1305569
1305594
1306213
1306214
1306215
1306229
1330504
1330594
1331395
1331396
1332836
1332837
1332882
1332883
1332884
1333850
1333851
1333852
1334048
1334049
1334830
1334831
1334832
1335851
1335852
1335853
1336593
1336594
1337505
1337506
1337594
1337695
1338594
1338690
1338691
1338692
1339594
1712035
1712036
1712037
1713584
1713594
1715264
1715594
1716263
1716265
1716267
1716268
1716269
1716580
1716581
1716594
1717594
1718594
1719497
1719503
1719505
1719506
1719594
1990504
1990594
1995947
1995948
1995949
1995950
1995951
1995952
1995953
1995954
1995955
1995956
1995957
1995958
1995959
1850500
1850505
1850506
1850594
1855855
1855933
1855938
1855939
1856792
1856793
1859350
1859454
1859455
1859690
1859691
1859692
1859693
1859694
1859695
1859696
1859958
1784290
1784291
1784292
1785020
1785021
1785022
1785066
1785067
1785068
1785069
1785900
1785916
1785917
1785922
1785932
1785940
1788030
1789189
1789594
1560501
1560594
1565939
1565954
1565955
1565956
1565957
1565958
1565959
1566503
1566581
1569594
1530594
1530606
1533750
1534593
1535904
1535977
1535978
1535979
1535980
1535981
1537594
1537597
1537598
1539594
1539615
1539616
1800504
1800594
1802060
1802061
1803032
1803033
1803034
1803035
1803036
1803037
1803038
1803039
1803900
1803901
1803902
1803903
1803904
1803905
1803906
1803907
1803908
1803909
1804644
1805049
1805050
1805051
1805052
1805053
1805054
1805055
1805056
1805057
1805058
1805059
1805944
1805945
1805950
1805951
1805952
1805953
1805954
1805955
1805956
1805957
1805958
1805959
1805974
1805975
1805990
1805991
1805992
1805993
1805994
1805995
1805996
1805997
1806044
1806045
1806046
1806594
1950017
1950018
1950019
1360750
1360751
1360752
1360753
1360754
1361593
1361598
1361599
1362690
1362691
1362692
1362693
1364698
1364699
1365698
1365699
1366690
1366691
1366692
1366693
1366694
1890504
1890594
1895070
1895071
1895072
1895073
1895074
1895075
1895076
1895077
1895078
1895079
1895950
1895951
1895952
1895953
1895954
1895955
1895956
1895957
1895958
1895959
1896544
1896556
1896557
1896558
1896559
1896588
1896589
1896594
