1340344
1340354
1340365
1340366
1345320
1345321
1345322
1345323
1345324
1345325
1345326
1345327
1345328
1345329
1346688
1346689
1348546
1348547
1348548
1348549
1760344
1760354
1763494
1763495
1763496
1763497
1763498
1763499
1763540
1763541
1763542
1763543
1763544
1765280
1765281
1765282
1765283
1765284
1765285
1765286
1765287
1765288
1765289
1769616
1769617
1769626
1580344
1580354
1583503
1583504
1583505
1583540
1583541
1583542
1583543
1583544
1583545
1583546
1583547
1583548
1820344
1820354
1823440
1823441
1823442
1823443
1823444
1823445
1823446
1823447
1823448
1823449
1823540
1823541
1823542
1823543
1823544
1823545
1823546
1823547
1823548
1823549
1510344
1510354
1511060
1511061
1511062
1511063
1511064
1511065
1511066
1511067
1511068
1511069
1513540
1513541
1513542
1513543
1660354
1663420
1663421
1663422
1663423
1663424
1663425
1663426
1663427
1663428
1663429
1663504
1663540
1663541
1663542
1663543
1663544
1663545
1663546
1663547
1663548
1663549
1663614
1663640
1663641
1663642
1663643
1663644
1663645
1663646
1663647
1663648
1663649
1665455
1665456
1665457
1665458
1383408
1383418
1383441
1383480
1383481
1383482
1383483
1383484
1383485
1383486
1383540
1383541
1383542
1383543
1383544
1383545
1383546
1383547
1383548
1383549
1870344
1870354
1873440
1873441
1873442
1873443
1873444
1873445
1873446
1873447
1873448
1873540
1873541
1873542
1873543
1873544
1310013
1310018
1310354
1311101
1311103
1313304
1313321
1313330
1313331
1313344
1313468
1315281
1315288
1315291
1319101
1319114
1730345
1730354
1733504
1733515
1733584
1703931
1703932
1703933
1703934
1703935
1320344
1320354
1320988
1322354
1322366
1323300
1323301
1323302
1323303
1323304
1323305
1323344
1323354
1328354
1328366
1329354
1329380
1329454
1329466
1910354
1913540
1840354
1840496
1840497
1840498
1843408
1843409
1843472
1843473
1843474
1843475
1843476
1843477
1843540
1843541
1843542
1843543
1843544
1843545
1843546
1843547
1843548
1843549
1570250
1570251
1570252
1570253
1570254
1570255
1570256
1570257
1570258
1570259
1570344
1570354
1571354
1572164
1573540
1573546
1573547
1573548
1573549
1650354
1651039
1651354
1651592
1651595
1652809
1652837
1653054
1653354
1653430
1653540
1653541
1653542
1653543
1653544
1653545
1653546
1653547
1653548
1653549
1653553
1653754
1653764
1655964
1656145
1656354
1657354
1980344
1980354
1981543
1983425
1983426
1983427
1983454
1983455
1983456
1983457
1983495
1983506
1988854
1520344
1520354
1523435
1523440
1523441
1523442
1523443
1523444
1523445
1523446
1523447
1523448
1523449
1523540
1523541
1523542
1523543
1523544
1523545
1523546
1523547
1523548
1523549
1529664
1810354
1813525
1813532
1813533
1813536
1813540
1813541
1813544
1813548
1813549
1880344
1880354
1883540
1883541
1883542
1883543
1883544
1883545
1883546
1883547
1883548
1883549
1750342
1750354
1753494
1753495
1753496
1753497
1753498
1753499
1753540
1753541
1753542
1753543
1753544
1753630
1370055
1370354
1375340
1375341
1375342
1375343
1375344
1375345
1375346
1470344
1470354
1471785
1471786
1473540
1473541
1473542
1473543
1473544
1473545
1473546
1473547
1473548
1473549
1479728
1479729
1479730
1300705
1300706
1301533
1301543
1302705
1302706
1303343
1303803
1306803
1309653
1309663
1309753
1309763
1550354
1551354
1551399
1552510
1552511
1552512
1552513
1552514
1553440
1553441
1553442
1553443
1553444
1553498
1553499
1553540
1553541
1553542
1553543
1553544
1553545
1553546
1553547
1553548
1553549
1553635
1553636
1553637
1553638
1553639
1558175
1558176
1558177
1558240
1558241
1558242
1558243
1558286
1558287
1558288
1558289
1860354
1861354
1863444
1863484
1863485
1863486
1863487
1863488
1863505
1863506
1863507
1863508
1863509
1863540
1863565
1863566
1863568
1863607
1863608
1863609
1864933
1864934
1864935
1864953
1864954
1671354
1672354
1673354
1674354
1390344
1390354
1393408
1393418
1393441
1393540
1393541
1393542
1393543
1393544
1393545
1393546
1393547
1393548
1393549
1399455
1399456
1399457
1399458
1399459
1830344
1830354
1830680
1830681
1830682
1830683
1830684
1830685
1830686
1830687
1830688
1830689
1833540
1833541
1833542
1833543
1833544
1833545
1833546
1833547
1833548
1833549
1500344
1500354
1503464
1503465
1503466
1503467
1503468
1503469
1503560
1503561
1503562
1503563
1503564
1503565
1503566
1503567
1623540
1623541
1770344
1770354
1773540
1773541
1773542
1773543
1773544
1773545
1773546
1773547
1773548
1773549
1773587
1590344
1590354
1593408
1593440
1593441
1593442
1593443
1593540
1593541
1593542
1593543
1593544
1593545
1593546
1593547
1593548
1593563
1593564
1593565
1593566
1593567
1593568
1593569
1452274
1452284
1452294
1453190
1453191
1453192
1453193
1453194
1454184
1454194
1350974
1351354
1351368
1354614
1354622
1354623
1354624
1354663
1354664
1354673
1354674
1359306
1359307
1359308
1359309
1359310
1359311
1359312
1360354
1361064
1361354
1362066
1362354
1363348
1363354
1364348
1364354
1365354
1366344
1366354
1366364
1890344
1890354
1893540
1893541
1893544
1893545
1893546
1530344
1530354
1533305
1533344
1533354
1534079
1534080
1534081
1534082
1534344
1534346
1534354
1536454
1536464
1536474
1536488
1538344
1538354
1538364
1538684
1538694
1538854
1539254
1539268
1800344
1800354
1803540
1803541
1803542
1803543
1803544
1803545
1803546
1803547
1803548
1803549
1803568
1990344
1990354
1993540
1993541
1993542
1993543
1780354
1783540
1783541
1783542
1783543
1783544
1783554
1783555
1783570
1783571
1783580
1783581
1783584
1783587
1783588
1783589
1783612
1783613
1783635
1783648
1783649
1783650
1783678
1783679
1783680
1786727
1789784
1850340
1850341
1850342
1850343
1850344
1850345
1850347
1850348
1850354
1853425
1853426
1853427
1853428
1853429
1853444
1853540
1853541
1853542
1853543
1853544
1853545
1853546
1853547
1853548
1853549
1853647
1853649
1853652
1853654
1853656
1853690
1853691
1853692
1853693
1853694
1853695
1560344
1560354
1563540
1563541
1563542
1563543
1563544
1563545
1563546
1563547
1563548
1563549
1569835
1569842
1330344
1330354
1331344
1331354
1332744
1332754
1333344
1333354
1335344
1335354
1336354
1338344
1338354
1339344
1339354
1711790
1711792
