1990537
1990547
1991262
1991263
1995330
1995331
1995370
1995371
1995372
1995373
1995374
1995375
1995376
1995377
1995378
1995379
1995423
1995424
1995425
1995447
1996378
1996379
1996393
1996394
1996395
1850537
1850547
1855370
1855371
1855372
1855373
1855374
1855375
1855376
1855377
1855416
1856240
1856242
1856243
1856427
1856428
1856429
1859520
1859521
1859522
1859523
1859637
1780537
1780547
1780637
1785207
1785219
1785237
1785247
1785277
1785285
1785370
1785371
1785372
1785373
1785374
1785375
1785376
1785377
1785378
1785379
1785470
1785471
1785472
1785473
1785474
1785475
1785476
1785477
1785478
1785479
1786014
1786015
1786016
1786017
1786018
1786019
1786047
1786130
1786131
1786132
1786133
1786134
1786135
1786136
1786137
1786138
1786147
1786457
1786458
1786459
1786470
1786471
1786472
1786473
1786474
1786475
1786476
1786477
1786478
1786479
1786520
1786521
1786537
1786547
1786550
1786551
1786570
1786571
1786572
1786573
1786574
1786575
1786576
1786577
1786578
1786579
1786717
1788837
1789537
1789547
1789637
1560537
1560547
1561537
1561547
1561557
1561567
1561587
1561597
1562408
1562409
1565370
1565371
1565372
1565373
1565374
1565375
1565376
1565377
1565378
1565379
1566607
1566617
1566624
1566657
1566675
1566692
1566813
1566814
1568974
1568975
1568976
1568977
1568978
1568979
1569809
1330537
1330547
1332517
1332518
1332519
1334120
1334121
1334517
1334518
1334519
1335510
1335511
1335512
1335513
1335514
1335515
1335516
1335517
1335518
1335519
1335537
1335547
1336537
1336547
1337120
1337121
1337122
1337123
1337124
1337125
1337537
1337547
1338537
1338547
1339537
1339547
1712516
1712537
1712538
1712539
1712540
1712541
1712542
1712543
1712544
1712545
1712546
1712547
1712548
1712549
1712550
1712551
1712552
1712553
1712554
1712556
1712557
1712558
1712559
1712560
1712561
1712562
1712563
1712564
1712565
1712566
1713537
1715537
1716537
1717537
1717547
1717548
1717549
1717604
1717614
1717671
1717672
1717673
1717674
1717675
1717677
1717678
1717679
1717680
1717681
1717682
1717683
1717684
1717685
1717686
1717687
1717689
1718537
1719537
1719540
1719541
1719542
1719543
1719544
1719545
1719546
1719676
1719677
1719678
1719679
1719680
1719681
1953389
1360537
1360547
1360891
1361537
1361547
1362537
1362547
1362647
1363940
1363941
1363942
1363943
1363944
1364537
1364547
1365537
1365547
1366537
1366547
1366637
1366867
1367537
1367547
1367637
1367867
1368537
1368547
1368637
1369537
1369547
1369637
1890537
1890547
1895372
1895373
1895374
1895375
1895376
1895377
1895378
1895379
1895405
1895406
1895407
1895408
1895409
1530537
1530547
1531517
1531518
1531519
1531537
1531547
1531817
1531818
1531819
1531840
1531841
1531842
1533537
1533547
1533992
1534537
1534540
1537630
1537650
1537651
1537652
1537653
1537654
1537655
1537656
1537657
1800537
1800547
1805370
1805371
1805372
1805373
1805374
1805375
1805376
1805377
1805378
1805379
1805452
1805455
1806318
1806319
1806323
1806325
1830537
1830547
1831547
1832547
1835370
1835371
1835372
1835373
1835374
1835375
1835376
1835377
1835378
1835379
1835470
1835471
1835472
1835473
1835474
1835475
1835476
1835477
1835478
1835479
1836470
1836471
1836472
1836473
1836474
1836475
1836476
1836477
1836478
1836479
1836671
1836672
1836673
1836674
1836675
1836676
1836677
1836678
1836679
1836970
1836971
1836972
1836973
1836974
1836975
1836976
1836977
1836978
1836979
1836980
1836981
1836982
1836983
1836984
1836985
1836986
1836987
1836988
1836989
1837547
1500537
1500547
1500647
1500657
1502070
1502071
1502072
1502073
1502074
1502075
1502076
1502077
1502078
1502079
1505370
1505371
1505372
1505373
1505374
1505375
1505376
1505377
1505378
1505379
1505470
1505471
1505472
1505473
1505474
1505475
1505476
1505477
1505478
1505479
1505485
1505486
1505487
1505488
1506370
1506371
1506372
1506373
1506374
1506375
1506376
1506377
1506378
1506379
1506470
1506471
1506472
1506473
1506474
1506475
1506476
1506477
1506478
1506479
1506537
1506547
1506637
1506970
1506971
1506972
1506973
1506974
1506975
1506976
1506977
1506978
1506979
1509261
1509262
1509263
1509264
1509265
1509266
1509267
1509268
1509269
1509270
1509271
1509272
1509273
1509274
1509275
1509276
1509277
1509278
1509279
1621685
1621686
1621687
1621689
1623430
1623475
1770537
1770547
1775339
1775370
1775371
1775372
1775373
1775374
1775375
1775376
1775377
1775378
1775379
1590537
1590547
1591000
1591001
1595345
1595346
1595347
1595348
1595349
1595370
1595371
1595372
1595373
1595374
1595470
1595471
1596303
1596304
1596305
1596306
1596370
1596371
1596372
1596373
1596374
1596375
1596376
1596377
1596378
1596379
1596410
1596411
1596412
1596413
1596414
1596472
1596473
1596474
1596475
1596476
1596510
1596537
1596547
1596570
1596571
1596572
1596573
1596978
1596979
1596997
1599872
1599873
1350537
1350547
1350638
1350897
1351537
1351547
1351865
1351867
1356240
1356241
1356242
1356243
1356270
1356271
1356272
1356273
1356274
1356275
1356276
1356277
1356278
1356279
1356370
1356371
1356372
1356373
1356374
1356375
1356376
1356377
1356378
1356379
1358370
1358371
1358372
1358373
1358374
1358375
1358376
1358377
1358378
1358379
1452520
1452521
1452522
1452537
1452547
1453529
1454349
1454378
1454767
1454787
1454788
1457343
1457344
1457345
1457758
1458570
1458571
1458572
1458573
1458574
1300178
1301260
1301261
1301262
1301263
1301264
1301265
1301292
1301293
1302050
1302067
1302068
1302069
1302178
1304407
1304408
1304409
1305370
1305371
1305372
1305373
1305374
1305375
1305376
1305377
1305378
1305379
1305495
1305496
1305497
1305498
1305499
1308262
1308263
1550537
1550547
1550637
1555070
1555071
1555072
1555370
1555371
1555372
1555373
1555374
1555375
1555376
1555377
1555440
1555443
1555444
1555470
1556227
1556228
1556229
1556230
1556231
1556232
1556233
1556234
1556235
1556236
1556237
1556238
1556239
1556311
1556312
1556313
1556314
1556315
1556316
1556317
1556318
1556319
1556346
1556347
1556348
1556349
1556370
1556371
1556372
1556373
1556374
1556375
1556376
1556377
1556378
1556379
1556403
1556404
1556470
1556471
1556472
1556473
1556474
1556475
1556476
1558870
1558871
1558872
1558873
1558874
1558875
1558876
1558877
1558878
1558879
1558970
1558971
1558972
1558973
1558974
1558975
1558976
1558977
1558978
1558979
1860537
1860547
1860647
1861368
1861369
1861537
1861592
1865367
1865368
1865370
1865371
1865372
1865373
1865374
1865375
1865376
1865377
1865378
1865379
1865477
1865478
1865479
1866047
1866070
1866071
1866072
1866073
1866075
1866076
1867870
1867871
1867872
1867873
1867874
1867875
1867876
1867879
1671537
1672537
1672548
1672549
1673405
1673406
1673407
1673408
1673409
1673440
1673441
1673442
1673443
1673444
1673445
1673446
1673447
1673448
1673449
1673509
1673537
1673545
1673547
1673548
1673549
1673580
1673581
1673582
1673583
1673584
1673585
1673586
1673587
1673588
1673589
1673600
1673601
1673602
1673603
1673604
1673605
1673606
1673607
1673608
1673609
1673610
1673611
1673612
1673613
1673614
1673615
1673616
1673617
1673618
1673619
1673789
1673800
1673862
1673863
1673865
1673872
1673873
1673875
1673876
1673877
1673878
1675637
1675687
1390537
1390547
1395370
1395371
1395372
1395373
1395374
1395375
1395376
1395377
1395378
1395379
1395470
1395471
1395472
1395473
1395474
1395475
1395476
1395477
1395478
1395479
1396370
1396371
1396372
1396373
1396374
1396375
1396376
1396377
1396378
1396379
1396490
1396491
1396492
1396493
1396494
1396495
1396496
1396497
1396498
1396499
1520537
1520547
1520637
1520647
1520670
1520671
1520672
1520673
1520674
1520675
1520676
1520677
1520678
1520679
1521537
1521547
1525370
1525371
1525372
1525373
1525374
1525375
1525376
1525377
1525378
1525379
1525470
1525471
1525472
1525473
1525474
1525475
1525476
1525477
1525478
1525479
1526370
1526371
1526372
1526373
1526374
1526375
1526376
1526377
1526378
1526379
1526470
1526471
1526472
1526473
1526474
1526475
1526476
1526477
1526478
1526479
1526537
1526547
1526570
1526571
1526572
1526573
1526574
1526575
1526576
1526577
1526578
1526579
1526587
1526637
1526647
1526940
1526941
1526970
1526971
1526972
1526973
1526974
1526975
1526976
1526977
1526978
1526979
1527537
1527547
1527572
1527573
1527574
1527575
1527576
1527577
1810537
1810547
1816203
1816204
1816205
1750537
1750547
1751537
1751547
1754670
1754671
1754672
1754673
1754674
1755370
1755371
1755372
1755373
1755374
1755375
1755376
1755377
1755378
1755379
1755537
1755547
1755710
1755711
1755712
1755713
1755714
1755715
1755716
1755717
1755718
1755719
1755730
1755731
1755732
1755733
1755734
1755735
1756017
1756018
1756070
1756071
1756072
1756073
1756074
1756075
1756076
1756077
1756078
1756079
1756200
1756201
1756202
1756203
1756204
1756205
1756206
1756207
1756208
1756209
1756210
1756211
1756212
1756213
1756214
1756215
1756216
1756217
1756218
1756219
1756220
1756221
1756222
1756223
1756224
1756225
1756226
1756227
1756228
1756229
1756270
1756271
1756272
1756273
1756274
1756275
1756276
1756277
1756278
1756279
1756410
1756411
1756412
1756413
1756414
1756415
1756416
1756417
1756418
1756419
1756420
1756421
1756422
1756423
1756424
1756425
1756426
1756427
1756428
1756429
1756430
1756431
1756761
1756850
1756851
1756852
1756853
1756854
1756855
1756856
1756857
1756858
1756859
1756860
1756861
1756862
1756863
1756864
1756865
1756866
1756867
1756868
1756869
1756870
1756871
1756872
1756873
1756874
1756875
1756876
1756877
1756878
1756879
1756880
1756881
1756882
1756883
1756884
1758800
1758801
1758802
1759440
1759441
1759442
1759443
1759444
1759445
1759446
1759447
1759448
1759449
1880537
1880547
1881537
1885370
1885371
1885372
1885373
1885374
1885375
1885376
1885377
1885378
1885379
1885470
1885471
1885472
1885473
1885474
1885475
1885476
1885477
1885478
1885479
1886370
1886371
1886372
1886373
1886374
1886375
1886376
1886377
1886378
1886379
1886537
1886547
1470537
1470547
1470637
1471770
1471771
1471772
1471773
1471774
1471775
1471776
1471777
1471778
1471779
1475370
1475371
1475372
1475373
1475374
1475375
1475376
1475377
1475378
1475379
1476370
1476371
1476372
1476373
1476374
1476375
1476376
1476377
1476378
1476379
1476870
1476871
1476872
1476873
1476874
1476875
1476876
1476877
1476878
1476879
1370537
1370547
1372190
1372191
1379170
1379171
1379172
1379173
1379174
1379175
1379176
1379177
1379178
1379179
1379230
1379231
1379232
1379233
1379234
1379235
1379236
1379237
1379238
1379239
1379375
1379376
1379377
1379378
1379379
1700537
1700538
1700665
1701123
1701124
1701125
1701126
1701142
1701143
1703037
1703038
1703039
1703040
1703041
1703899
1703900
1703901
1704803
1704804
1704805
1704806
1704807
1704808
1704809
1704810
1704811
1704812
1704813
1704814
1704815
1704816
1704817
1704818
1704819
1704820
1704821
1704822
1704823
1704824
1704825
1704826
1704827
1704828
1704829
1704830
1704831
1704832
1704833
1704834
1704835
1704836
1704837
1704838
1704839
1704840
1704841
1704842
1705697
1707537
1707538
1707627
1707628
1707629
1707630
1707631
1707632
1707633
1707647
1708537
1708538
1709622
1709623
1320537
1321049
1321079
1322079
1322080
1322081
1322537
1322547
1323537
1325537
1325547
1325800
1325801
1325802
1325803
1325804
1325805
1327537
1327547
1328003
1328004
1328005
1328006
1328007
1328008
1328009
1328049
1328537
1328547
1328720
1328721
1328722
1328723
1328724
1328725
1328726
1328727
1328728
1328729
1329030
1329537
1329547
1910047
1910048
1910537
1910547
1915370
1915371
1915372
1915373
1915374
1915375
1915376
1915377
1915378
1915379
1916308
1916309
1916314
1916345
1916346
1840537
1840547
1840637
1845370
1845371
1845372
1845373
1845374
1845375
1845376
1845377
1845378
1845379
1845470
1845471
1845472
1845473
1845474
1845475
1845476
1845477
1845478
1845479
1846210
1846211
1846212
1846213
1846214
1846370
1846371
1846372
1846373
1846374
1846375
1846376
1846377
1846378
1846379
1846470
1846471
1846472
1846473
1846474
1570537
1570547
1570647
1571537
1571547
1572507
1572517
1572537
1572547
1572590
1572591
1572592
1572593
1572594
1572658
1572659
1575370
1575371
1575372
1575373
1575374
1575375
1575376
1575377
1575378
1575379
1576370
1576371
1576372
1576373
1576374
1576375
1576376
1576377
1576378
1576379
1980537
1980547
1980626
1980627
1980637
1981184
1981185
1981186
1981187
1981188
1981189
1981251
1981489
1981903
1981904
1981905
1981906
1981907
1981908
1981909
1985370
1985371
1985372
1985373
1985374
1985375
1985376
1985377
1985378
1985379
1986117
1986118
1986119
1986247
1986270
1986271
1986272
1986273
1986274
1986275
1986276
1986277
1986278
1986279
1650060
1650174
1650183
1650329
1650330
1650343
1650529
1650537
1650547
1650565
1650588
1650637
1650868
1650869
1650877
1650995
1651110
1651112
1651168
1651174
1651209
1651244
1651255
1651282
1651366
1651537
1651586
1651786
1652093
1652378
1652537
1652675
1652683
1652693
1653085
1653093
1653117
1653149
1653155
1653157
1653196
1653197
1653208
1653213
1653218
1653296
1653420
1653537
1653571
1653579
1653737
1653837
1653867
1653923
1653928
1655370
1655371
1655372
1655373
1655374
1655375
1655376
1655377
1655378
1655379
1655537
1655674
1655728
1655729
1655936
1655953
1655957
1655958
1656023
1656072
1656073
1656083
1656093
1656155
1656158
1656242
1656243
1656249
1656377
1656478
1656537
1656637
1656817
1657013
1657120
1657166
1657197
1657211
1657242
1657244
1657255
1657256
1657269
1657278
1657323
1657333
1657338
1657350
1657367
1657377
1657387
1657422
1657426
1657497
1657506
1657526
1657537
1657553
1657559
1660537
1660547
1665370
1665371
1665372
1665373
1665374
1665375
1665376
1665377
1665378
1665379
1665437
1665438
1665439
1667846
1667847
1667848
1667849
1667890
1667891
1667892
1667893
1667894
1668800
1668801
1668802
1668803
1668804
1668805
1668806
1668807
1380537
1380547
1385370
1385371
1385372
1385373
1385374
1385375
1385376
1385377
1385378
1385379
1385470
1385471
1385472
1385473
1385474
1385475
1385476
1385477
1385478
1385479
1386370
1386371
1386372
1386373
1386374
1386375
1386376
1386377
1386378
1386379
1388472
1388473
1870537
1870547
1875370
1875371
1875372
1875373
1875374
1875375
1875376
1875377
1875378
1875379
1875470
1875471
1875472
1875473
1875474
1875475
1875476
1875477
1875478
1875479
1876476
1876477
1876478
1876479
1876537
1876547
1876680
1876681
1876682
1876683
1876684
1876685
1876686
1876687
1876688
1310537
1310547
1314537
1315370
1315371
1315372
1315373
1315374
1315375
1315376
1315377
1315378
1315379
1316517
1316518
1316519
1316537
1316547
1317317
1317318
1317319
1317345
1317617
1317618
1317619
1317675
1317676
1317677
1317678
1317679
1318130
1318131
1318132
1318133
1318134
1318146
1318147
1318880
1318881
1318882
1730537
1730547
1735363
1735364
1736214
1736215
1736216
1340227
1340228
1340537
1340547
1340626
1340627
1340628
1340629
1340683
1345537
1345547
1345558
1345559
1346537
1346547
1346577
1346578
1346579
1347537
1347547
1347575
1347576
1347577
1347578
1347579
1760537
1760547
1761537
1761544
1761545
1761637
1761650
1761651
1761652
1761653
1761654
1761655
1761656
1761657
1761658
1761659
1761690
1761691
1761692
1761693
1761694
1761695
1761696
1761697
1761698
1761699
1765375
1766014
1766015
1766016
1766017
1766018
1766019
1766130
1766131
1766133
1766134
1766210
1766211
1766212
1766213
1766214
1766215
1766216
1766217
1766218
1766219
1766220
1766221
1766222
1766223
1766224
1766225
1766226
1766227
1766228
1766229
1766230
1766231
1766232
1766233
1766234
1766906
1766907
1766908
1766909
1766910
1766911
1768450
1768451
1768452
1768453
1768454
1768455
1768456
1768457
1768458
1768459
1768460
1768461
1768462
1768463
1768464
1768465
1768466
1768467
1768468
1768469
1768610
1768611
1768612
1768613
1768614
1768615
1768616
1768617
1768618
1768619
1769434
1769435
1769436
1769437
1580537
1580547
1582007
1585370
1585371
1585372
1585373
1585374
1585375
1585376
1585377
1585378
1585379
1585461
1585462
1585470
1585471
1585472
1585473
1585474
1585475
1585476
1585477
1585478
1585479
1586370
1586371
1586372
1586373
1586374
1586375
1586410
1586411
1586412
1586413
1586414
1586454
1586455
1586537
1586570
1586571
1586572
1586605
1586606
1586607
1586608
1586609
1589860
1589861
1589862
1589863
1589864
1589865
1589878
1820537
1820547
1825370
1825371
1825372
1825373
1825374
1825375
1825376
1825377
1825378
1825379
1825470
1825471
1825472
1825473
1825474
1825475
1825476
1825477
1825478
1825479
1826470
1826471
1826472
1826473
1826474
1826475
1826476
1826477
1826478
1826479
1826537
1826547
1826676
1826677
1826678
1826679
1826680
1826681
1826682
1826683
1826684
1826685
1826686
1826687
1826688
1826689
1510537
1510547
1510637
1510647
1510670
1510671
1510672
1510673
1510674
1510675
1510676
1510677
1510678
1510679
1515370
1515371
1515372
1515373
1515374
1515375
1515376
1515377
1515378
1515379
1515470
1515471
1515472
1515473
1515474
1515475
1515476
1515477
1515478
1515479
1516370
1516371
1516372
1516373
1516374
1516375
1516376
1516377
1516378
1516379
1516537
1516547
1516637
1516640
1516647
1516670
1516671
1516672
1516673
1516674
1516675
1516676
1516677
1516678
1516679
1516970
1519241
1519242
1519243
1519244
