1703259
1703260
1703261
1703262
1705092
1910810
1910838
1911900
1911901
1911902
1914038
1914039
1914040
1914041
1915060
1915061
1915062
1915063
1915064
1915065
1915066
1918010
1918011
1918100
1918101
1918102
1918103
1918104
1918105
1918106
1918107
1918108
1918109
1918380
1918381
1918382
1918384
1320838
1321947
1321985
1321986
1321987
1321988
1321989
1322833
1322841
1325846
1325847
1328135
1328136
1328137
1328138
1328139
1570820
1570821
1570822
1570823
1570824
1570838
1572980
1572981
1577550
1577551
1577552
1577553
1577554
1577555
1577556
1577557
1577558
1577559
1840818
1840819
1848380
1848381
1848382
1848383
1848384
1848385
1848386
1848387
1848388
1848389
1651503
1651838
1652138
1652753
1656138
1980810
1980838
1981285
1982788
1982789
1988147
1988148
1988149
1988150
1988151
1988152
1988153
1988154
1988155
1988156
1811150
1811151
1811358
1811359
1811360
1811361
1811362
1811793
1811794
1812185
1814250
1814251
1814432
1814812
1816019
1816130
1816131
1816132
1816133
1816134
1816135
1816136
1818038
1818114
1818171
1819005
1819006
1819007
1819008
1819009
1819044
1819045
1819046
1819047
1819048
1819049
1819050
1819051
1522848
1522849
1528145
1528146
1528147
1528148
1528149
1528280
1528281
1528282
1528283
1528284
1528285
1528286
1528287
1528288
1528289
1528380
1528381
1528382
1528383
1528384
1528385
1528386
1528387
1528388
1528389
1880810
1880838
1882850
1882851
1882852
1882853
1882854
1882855
1882856
1882857
1882858
1882859
1888085
1888086
1888087
1888088
1888089
1888100
1888101
1888102
1888103
1888104
1888105
1888106
1888107
1888108
1888109
1750838
1370090
1370091
1370810
1377820
1377821
1377822
1377823
1377824
1377825
1377826
1377827
1377828
1377829
1377840
1377841
1377842
1377843
1379590
1379591
1472657
1472658
1472659
1478100
1478101
1478102
1478103
1478104
1478105
1478106
1478107
1478108
1478109
1340814
1340838
1341900
1341901
1341902
1341903
1341904
1344014
1345849
1345896
1345897
1345898
1345899
1580838
1588146
1588147
1588340
1588341
1588342
1588343
1588344
1588360
1588361
1588362
1588363
1588364
1588365
1588366
1588367
1588368
1588369
1588380
1588381
1588382
1588383
1588384
1588385
1588386
1588387
1588388
1588389
1588425
1588426
1588427
1588428
1588429
1589246
1589247
1589248
1589285
1589286
1589287
1589288
1589289
1760838
1768308
1768314
1518100
1518101
1518102
1518103
1518104
1518105
1518106
1518107
1518108
1518109
1518365
1518366
1518367
1518368
1518369
1518380
1518381
1518382
1518383
1518384
1518385
1518386
1518387
1518388
1518389
1519632
1519633
1519634
1519635
1519636
1519637
1519638
1519639
1822710
1822711
1822712
1822713
1822714
1822715
1822716
1822717
1822718
1822719
1824441
1828050
1828051
1828052
1828053
1828054
1828055
1828056
1828057
1828058
1828059
1828100
1828101
1828102
1828103
1828104
1828105
1828106
1828107
1828108
1828109
1828380
1828381
1828382
1828383
1828384
1828385
1828386
1828387
1828388
1828389
1828422
1828423
1828424
1828425
1828426
1828427
1828428
1828429
1380810
1388100
1388101
1388102
1388103
1388104
1388105
1388106
1388107
1388108
1388109
1389020
1389021
1389022
1389023
1389024
1389025
1389026
1389027
1389028
1389029
1660838
1668309
1668321
1872800
1872801
1872802
1872803
1872804
1872805
1872806
1872807
1872808
1872809
1878100
1878101
1878102
1878103
1878104
1878105
1878106
1878107
1878108
1878109
1878380
1878381
1878382
1878383
1878384
1878385
1878386
1878387
1878388
1878389
1310821
1310822
1310838
1310841
1311810
1311811
1311812
1311813
1315447
1315448
1315449
1315844
1315866
1315867
1315868
1315869
1318342
1318398
1318399
1319484
1319485
1319815
1319827
1319828
1319829
1319888
1319889
1731156
1731157
1731158
1731159
1731180
1731181
1731182
1731183
1731184
1731185
1731332
1731333
1731334
1731335
1731336
1731337
1731338
1731339
1731340
1731341
1734028
1734029
1734177
1734178
1734179
1734180
1734181
1736485
1736556
1736557
1736558
1736559
1736900
1736901
1736902
1736903
1738021
1738022
1738023
1739816
1360810
1361810
1362807
1362810
1364810
1365810
1365815
1365816
1365817
1366830
1366831
1367838
1368960
1368961
1368962
1368963
1368964
1368965
1368966
1369619
1369818
1369819
1950007
1890810
1890902
1894289
1898010
1898011
1898100
1898101
1898102
1898103
1898104
1898105
1898106
1898107
1898108
1898109
1899020
1899021
1899022
1899023
1899024
1899025
1899026
1899027
1899028
1899029
1800828
1801105
1801106
1801610
1801611
1801612
1801613
1801614
1801615
1801616
1804040
1804807
1804808
1804862
1804863
1804897
1808492
1808493
1809000
1809001
1809002
1809003
1809004
1809005
1809072
1809073
1809074
1809075
1809076
1809077
1809078
1809079
1809620
1809621
1530810
1530825
1530826
1530827
1530902
1532810
1532869
1534810
1537810
1537811
1538667
1538668
1538669
1538846
1539013
1539014
1539015
1994970
1994971
1994972
1994973
1994974
1995060
1995061
1995062
1995063
1995064
1995065
1995066
1998100
1998101
1998102
1998103
1998104
1998105
1998106
1998107
1998108
1998109
1998166
1998167
1998168
1998240
1998241
1998242
1560810
1560902
1567698
1568010
1568011
1568100
1568101
1568102
1569297
1780838
1782898
1782899
1784475
1784476
1786704
1788280
1788281
1788282
1788336
1788337
1788338
1788339
1788344
1788847
1850838
1851570
1851574
1851575
1851576
1851577
1858270
1858271
1858272
1858273
1858380
1330810
1330902
1332085
1332086
1332087
1333085
1333086
1333087
1334085
1334086
1334087
1335004
1335058
1335059
1335080
1337813
1337814
1338812
1338813
1339848
1713838
1715838
1716838
1717142
1717148
1717811
1717812
1717813
1717838
1726085
1300643
1300644
1300645
1301819
1302645
1303824
1303825
1303826
1303827
1303828
1303829
1306010
1306011
1306012
1308438
1308818
1308820
1308834
1309286
1309610
1309628
1309629
1309643
1309644
1309645
1930810
1860810
1860811
1860838
1868340
1868346
1868347
1868363
1868364
1868375
1868376
1868377
1868380
1868381
1868382
1868383
1868384
1868385
1868386
1868387
1868388
1868389
1550836
1550837
1550838
1558338
1558339
1558380
1558381
1558382
1558383
1558384
1390810
1390902
1398010
1398011
1398100
1398101
1398102
1398103
1398104
1398105
1398106
1398107
1398108
1398109
1399020
1399021
1399022
1399023
1399024
1399025
1399026
1399027
1399028
1399029
1671838
1672838
1673819
1673832
1673838
1500832
1500833
1500834
1500835
1500836
1500837
1500838
1500839
1830840
1830841
1830842
1830843
1830844
1834970
1834971
1834972
1834973
1834974
1834975
1834976
1834977
1834978
1834979
1838060
1838061
1838062
1838063
1838064
1838065
1838066
1838067
1838068
1838069
1838380
1838381
1838382
1838383
1838384
1838385
1838386
1838387
1838388
1838389
1592830
1592831
1598290
1598291
1598292
1598293
1598294
1598380
1598381
1598382
1598383
1598384
1598490
1598491
1598492
1598493
1598494
1770907
1770908
1770909
1771146
1771371
1771372
1771640
1771641
1771642
1772185
1772650
1772651
1772652
1772653
1772654
1772989
1773685
1773833
1773834
1773835
1773886
1773887
1774026
1774289
1774428
1774437
1774506
1774507
1776012
1776030
1776035
1776036
1776040
1776046
1776097
1776110
1776143
1777843
1778021
1778022
1778023
1778024
1778038
1778099
1778136
1778137
1778138
1778140
1778141
1779010
1779011
1779012
1779013
1452823
1452838
1453800
1453801
1453802
1453830
1453831
1453832
1453833
1453834
1454568
1454875
1350800
1350801
1350802
1351826
1351827
1354170
1354171
1354700
1354701
1354702
1354703
1354704
1354705
1354706
1354707
1354708
1354709
1354825
1354826
1355060
1355061
1355062
1355063
1355064
1355065
1355066
1356820
1356821
1356822
1356823
1356840
1356841
