1500160
1500992
1502289
1502629
1509920
1509921
1351994
1351995
1356556
1356557
1356572
1357915
1357916
1357917
1452782
1453792
1454546
1590992
1599948
1599949
1770992
1776747
1779942
1303131
1304053
1307049
1309403
1309508
1390003
1399970
1399971
1399972
1860992
1869095
1550992
1560992
1780992
1789992
1859054
1999048
1330992
1331992
1332565
1336495
1336496
1336992
1337972
1339492
1339992
1893585
1893586
1893587
1899770
1899771
1899772
1899970
1899971
1899972
1364998
1367750
1367751
1367752
1804084
1530992
1533798
1535269
1535270
1870992
1879912
1879926
1380992
1389954
1389955
1660992
1730992
1313992
1315037
1317992
1319992
1580992
1589928
1760992
1769912
1769992
1510992
1519995
1519997
1520992
1529932
1529933
1529942
1529981
1529982
1529983
1470992
1479905
1479906
1370992
1377906
1377908
1377909
1880992
1889902
1889962
1759992
1320900
1323902
1323975
1323992
1327992
1328992
1980992
1571909
1573973
1840980
1840981
1844994
1844996
