1890799
1897059
1897990
1897991
1897992
1897993
1897994
1897995
1897996
1897997
1897998
1897999
1360799
1361799
1362799
1363590
1363591
1363592
1363593
1363594
1363595
1363596
1364799
1365799
1366799
1367799
1368485
1368489
1368799
1369799
1369844
1369849
1800799
1804679
1807990
1807991
1807992
1807993
1807994
1807995
1807996
1807997
1807998
1807999
1530709
1530799
1534799
1535009
1535019
1538799
1539799
1560704
1560799
1567990
1567991
1567992
1567993
1567994
1567995
1567996
1567997
1567998
1567999
1569799
1850799
1857903
1857926
1857969
1780799
1780889
1787089
1787099
1787909
1788749
1789159
1789799
1990709
1990799
1997049
1997099
1997997
1997998
1997999
1716298
1717290
1717291
1717292
1717848
1718198
1718280
1718297
1718298
1718799
1330799
1331709
1331799
1331939
1332009
1334016
1336174
1336179
1336799
1338799
1339799
1300629
1303056
1303629
1304499
1304799
1308619
1309709
1309719
1309735
1390799
1397059
1397990
1397991
1397992
1397993
1397994
1397995
1397996
1397997
1397998
1397999
1671799
1672799
1673799
1860799
1867016
1867019
1867990
1867991
1867992
1867993
1867994
1867995
1867996
1867997
1867998
1867999
1550799
1557028
1557029
1557990
1557991
1557992
1557993
1557994
1557995
1557996
1557997
1557998
1500799
1507990
1507991
1507992
1507993
1507994
1507995
1507996
1507997
1507998
1507999
1508388
1508389
1508399
1830709
1830799
1831799
1837090
1837091
1837092
1837093
1837959
1839789
1839799
1452659
1454449
1454459
1457029
1458310
1458311
1458312
1458313
1458314
1350799
1351799
1357643
1357644
1357645
1590799
1593285
1593286
1593287
1593288
1593289
1597920
1597921
1597922
1597923
1597924
1597925
1597926
1597927
1597928
1597929
1597940
1597941
1597942
1597943
1597944
1597945
1597946
1597947
1597948
1597949
1770799
1777990
1777991
1777992
1777993
1777994
1777995
1777996
1777997
1777998
1777999
1910799
1917990
1917991
1917992
1917993
1917994
1917995
1917996
1917997
1917998
1917999
1320799
1321709
1321799
1323759
1323799
1324799
1325799
1326399
1708840
1708841
1708842
1708843
1980799
1981515
1987048
1987049
1987090
1987091
1987092
1988079
1988665
1988666
1988667
1988668
1570799
1571799
1572770
1572779
1577945
1577946
1579805
1579806
1579807
1579808
1579809
1840788
1840789
1840799
1846040
1846041
1846042
1846043
1846044
1847990
1847991
1847992
1847993
1847994
1847995
1847996
1847997
1847998
1847999
1810799
1817990
1817991
1817992
1817993
1817994
1817995
1520709
1520799
1527990
1527991
1527992
1527993
1527994
1527995
1527996
1527997
1529799
1370799
1375550
1375551
1375552
1375553
1376786
1376787
1376788
1376789
1470709
1470799
1477997
1477998
1477999
1479639
1479667
1479789
1479799
1750799
1757909
1880799
1882789
1882799
1887057
1887058
1887059
1887099
1887990
1887991
1887992
1887993
1887994
1887995
1887996
1887997
1887998
1887999
1889799
1580709
1580799
1587007
1587008
1587944
1587945
1587995
1587996
1587997
1760799
1767929
1768799
1340799
1342669
1343799
1347985
1347986
1510709
1510799
1517032
1517033
1517034
1517990
1517991
1517992
1517993
1517994
1517995
1517996
1517997
1517998
1517999
1820799
1827099
1827992
1827993
1827994
1827995
1827996
1827997
1827998
1827999
1829690
1829691
1829692
1829693
1870709
1870799
1872049
1872084
1877099
1877990
1877991
1877992
1879789
1879799
1380799
1387990
1387991
1387992
1387993
1387994
1387995
1387996
1387997
1387998
1387999
1660799
1730799
1734679
1737049
1737990
1737991
1737992
1737993
1737994
1737995
1737996
1737997
1737998
1737999
1311799
1312529
1313386
1313387
1313399
1313408
1313409
1315594
1315595
1315596
1315597
1317755
1317764
1317799
1318455
1319799
