1890799
1897059
1897990
1897991
1897992
1897993
1897994
1897995
1897996
1897997
1897998
1897999
1360799
1361799
1362799
1363590
1363591
1363592
1363593
1363594
1363595
1363596
1364799
1365799
1366799
1367799
1368485
1368489
1368799
1369799
1369844
1369849
1800799
1804679
1807990
1807991
1807992
1807993
1807994
1807995
1807996
1807997
1807998
1807999
1530709
1530799
1534799
1535009
1535019
1538799
1539799
1560704
1560799
1567990
1567991
1567992
1567993
1567994
1567995
1567996
1567997
1567998
1567999
1569799
1850799
1857903
1857926
1857969
1780799
1780889
1787089
1787099
1787909
1788749
1789159
1789799
1990709
1990799
1997049
1997099
1997997
1997998
1997999
1716298
1717290
1717291
1717292
1717848
1718198
1718280
1718297
1718298
1718799
1330799
1331709
1331799
1331939
1332009
1334016
1336174
1336179
1336799
1338799
1339799
1300629
1303056
1303629
1304499
1304799
1308619
1309709
1309719
1309735
1390799
1397059
1397990
1397991
1397992
1397993
1397994
1397995
1397996
1397997
1397998
1397999
1671799
1672799
1673799
1860799
1867016
1867019
1867990
1867991
1867992
1867993
1867994
1867995
1867996
1867997
1867998
1867999
1550799
1557028
1557029
1557990
1557991
1557992
1557993
1557994
1557995
1557996
1557997
1557998
1500799
1507990
1507991
1507992
1507993
1507994
1507995
1507996
1507997
1507998
1507999
1508388
1508389
1508399
1830709
1830799
1831799
1837090
1837091
1837092
1837093
1837959
1839789
1839799
1452659
1454449
1454459
1457029
1458310
1458311
1458312
1458313
1458314
1350799
1351799
1357643
1357644
1357645
1590799
1593285
1593286
1593287
1593288
1593289
1597920
1597921
1597922
1597923
1597924
1597925
1597926
1597927
1597928
1597929
1597940
1597941
1597942
1597943
1597944
1597945
1597946
1597947
1597948
1597949
1770799
1777990
1777991
1777992
1777993
1777994
1777995
1777996
1777997
1777998
1777999
1910799
1917990
1917991
1917992
1917993
1917994
1917995
1917996
1917997
1917998
1917999
1320799
1321709
1321799
1323759
1323799
1324799
1325799
1326399
1708840
1708841
1708842
1708843
1980799
1981515
1987048
1987049
1987090
1987091
1987092
1988079
1988665
1988666
1988667
1988668
1570799
1571799
1572770
1572779
1577945
1577946
1579805
1579806
1579807
1579808
1579809
1840788
1840789
1840799
1846040
1846041
1846042
1846043
1846044
1847990
1847991
1847992
1847993
1847994
1847995
1847996
1847997
1847998
1847999
1810799
1817990
1817991
1817992
1817993
1817994
1817995
1520709
1520799
1527990
1527991
1527992
1527993
1527994
1527995
1527996
1527997
1529799
1370799
1375550
1375551
1375552
1375553
1376786
1376787
1376788
1376789
1470709
1470799
1477997
1477998
1477999
1479639
1479667
1479789
1479799
1750799
1757909
1880799
1882789
1882799
1887057
1887058
1887059
1887099
1887990
1887991
1887992
1887993
1887994
1887995
1887996
1887997
1887998
1887999
1889799
1580709
1580799
1587007
1587008
1587944
1587945
1587995
1587996
1587997
1760799
1767929
1768799
1340799
1342669
1343799
1347985
1347986
1510709
1510799
1517032
1517033
1517034
1517990
1517991
1517992
1517993
1517994
1517995
1517996
1517997
1517998
1517999
1820799
1827099
1827992
1827993
1827994
1827995
1827996
1827997
1827998
1827999
1829690
1829691
1829692
1829693
1870709
1870799
1872049
1872084
1877099
1877990
1877991
1877992
1879789
1879799
1380799
1387990
1387991
1387992
1387993
1387994
1387995
1387996
1387997
1387998
1387999
1660799
1730799
1734679
1737049
1737990
1737991
1737992
1737993
1737994
1737995
1737996
1737997
1737998
1737999
1311799
1312529
1313386
1313387
1313399
1313408
1313409
1315594
1315595
1315596
1315597
1317755
1317764
1317799
1318455
1319799
1303052
1303053
1303054
1303329
1304496
1304796
1308616
1309706
1309714
1309722
1390072
1390706
1390796
1397044
1397045
1397046
1397060
1397061
1397062
1397063
1397064
1397065
1397066
1397067
1397068
1397069
1397960
1397961
1397962
1397963
1397964
1397965
1397966
1397967
1397968
1397969
1671796
1672796
1673796
1860706
1860796
1867960
1867961
1867962
1867963
1867964
1867965
1867966
1867967
1867968
1867969
1550796
1557960
1557961
1557962
1557963
1557964
1557965
1557966
1557967
1557968
1500796
1507060
1507061
1507062
1507063
1507064
1507065
1507066
1507067
1507068
1507069
1507960
1507961
1507962
1507963
1507964
1507965
1507966
1507967
1507968
1507969
1830706
1830796
1831796
1836549
1837008
1837009
1837060
1837061
1837062
1837063
1837064
1837065
1837066
1837067
1837068
1837069
1837967
1837968
1837969
1839786
1839796
1350796
1351706
1351796
1357660
1357661
1357662
1357663
1357664
1357680
1357681
1357682
1357683
1357684
1357685
1357686
1357687
1357688
1357689
1452656
1452666
1454446
1454456
1457026
1458325
1458326
1458327
1458328
1458329
1590706
1590796
1594960
1594961
1594962
1594963
1594964
1594965
1594966
1594967
1594968
1594969
1597020
1597021
1597022
1597023
1597024
1597960
1597961
1597962
1597963
1597964
1597965
1597966
1597967
1597968
1597969
1770706
1770796
1777060
1777061
1777062
1777063
1777064
1777065
1777066
1777067
1777068
1777069
1777960
1777961
1777962
1777963
1777964
1777965
1777966
1777967
1777968
1777969
1890706
1890796
1897044
1897045
1897046
1897060
1897061
1897062
1897063
1897064
1897065
1897066
1897067
1897068
1897069
1897960
1897961
1897962
1897963
1897964
1897965
1897966
1897967
1897968
1897969
1360796
1361706
1361796
1362796
1364706
1364796
1365706
1365796
1366796
1367796
1368486
1368706
1368796
1369486
1369706
1369796
1369846
1953455
1800026
1800073
1800076
1800796
1807046
1807056
1807960
1807961
1807962
1807963
1807964
1807965
1807966
1807967
1807968
1807969
1530706
1530796
1534796
1535006
1535033
1535034
1535035
1537427
1537428
1538776
1538777
1538796
1539079
1539786
1539796
1560706
1560796
1567960
1567961
1567962
1567963
1567964
1567965
1567966
1567967
1567968
1567969
1569786
1569796
1850706
1850796
1857960
1857961
1857962
1857963
1857966
1780796
1780886
1784647
1784648
1784649
1787002
1787003
1787004
1787035
1787036
1787037
1787038
1787039
1787076
1787086
1787096
1787906
1787960
1787961
1787962
1787963
1787964
1787965
1787966
1787967
1787968
1787969
1788746
1789156
1789796
1990706
1990796
1991464
1991465
1994216
1997016
1997046
1997060
1997061
1997062
1997063
1997064
1997065
1997066
1997067
1997068
1997069
1997960
1997961
1997962
1997963
1997967
1997968
1997969
1713796
1715796
1716796
1717796
1717842
1718283
1718796
1718841
1718842
1719796
1330706
1330796
1331704
1331706
1331796
1331933
1332006
1332016
1334006
1334014
1336176
1336706
1336796
1338704
1338796
1339706
1339796
1580706
1580796
1587940
1587941
1587942
1587960
1587961
1587962
1587963
1587964
1587965
1587966
1587967
1587968
1587969
1760706
1760796
1767906
1767916
1767926
1768796
1340706
1340796
1342656
1342657
1343706
1343796
1347904
1347905
1347906
1347907
1347908
1347909
1347960
1347961
1347962
1347963
1347964
1347965
1347966
1347967
1347968
1347969
1510706
1510796
1517065
1517066
1517067
1517068
1517069
1517080
1517081
1517082
1517083
1517084
1517085
1517086
1517087
1517088
1517089
1517960
1517961
1517962
1517963
1517964
1517965
1517966
1517967
1517968
1517969
1820796
1827096
1827960
1827961
1827962
1827963
1827964
1827965
1827966
1827967
1827968
1827969
1827980
1827981
1827982
1827983
1827990
1827991
1829660
1829661
1829662
1829663
1829664
1829665
1829666
1829667
1829668
1870256
1870266
1870706
1870796
1872046
1872064
1877040
1877041
1877046
1877047
1877060
1877061
1877062
1877063
1877064
1877065
1877066
1877067
1877068
1877069
1877086
1877096
1877960
1877961
1877962
1877963
1877964
1877965
1877966
1877967
1877968
1877969
1877993
1877994
1877995
1877996
1877997
1879786
1879796
1380796
1387960
1387961
1387962
1387963
1387964
1387965
1387966
1387967
1387968
1387969
1660796
1730706
1730796
1734676
1737046
1737960
1737961
1737962
1737963
1737964
1737965
1737966
1737967
1737968
1737969
1311786
1311796
1312526
1312534
1312535
1313367
1313368
1313369
1313396
1313406
1313407
1315584
1315585
1315586
1317096
1317760
1317761
1317762
1317796
1318469
1319789
1319796
1910796
1917052
1917960
1917961
1917962
1917963
1917964
1917965
1917966
1917967
1917968
1917969
1320706
1320796
1321706
1321796
1323706
1323796
1324706
1324796
1325796
1326396
1707170
1707171
1707172
1707173
1707174
1980707
1980708
1980709
1980796
1981513
1984148
1984149
1984159
1987028
1987029
1987030
1987031
1987060
1987061
1987062
1987063
1987064
1987065
1987066
1987067
1987068
1987069
1988037
1988074
1988075
1650796
1651796
1570796
1571706
1571796
1572760
1572761
1572762
1572769
1577060
1577061
1577062
1577063
1577064
1577065
1577066
1577067
1577068
1577069
1577916
1577917
1577918
1577919
1577960
1577961
1577962
1577963
1577964
1577965
1577966
1577967
1577968
1577969
1840796
1846020
1846021
1846022
1846023
1846024
1846025
1846026
1846027
1846028
1846029
1847060
1847061
1847062
1847063
1847064
1847065
1847066
1847067
1847068
1847069
1847960
1847961
1847962
1847963
1847964
1847965
1847966
1847967
1847968
1847969
1810706
1810796
1814676
1816076
1817046
1817060
1817061
1817062
1817063
1817064
1817065
1817066
1817406
1817960
1817961
1817962
1817963
1817964
1817965
1817966
1817967
1817968
1817969
1520706
1520796
1521623
1521624
1521628
1521629
1527006
1527016
1527045
1527046
1527047
1527048
1527049
1527960
1527961
1527962
1527963
1527964
1527965
1527966
1527967
1527968
1527969
1527980
1527981
1527982
1527983
1527984
1529796
1470706
1470796
1477074
1477075
1477076
1477965
1477966
1477967
1477968
1477969
1479641
1479662
1479663
1479664
1479665
1479666
1479786
1479796
1370706
1370796
1375540
1375541
1375542
1375543
1375544
1375545
1375546
1375547
1375548
1375549
1376620
1376621
1376622
1376623
1376624
1376625
1376626
1376627
1376628
1376629
1750796
1757906
1880706
1880796
1882776
1882777
1882778
1882779
1882780
1882796
1887060
1887061
1887062
1887063
1887064
1887065
1887066
1887096
1887960
1887961
1887962
1887963
1887964
1887965
1887966
1887967
1887968
1887969
1889796
1760705
1760795
1767905
1767915
1767925
1768795
1580705
1580795
1587950
1587951
1587952
1587953
1587954
1587955
1587956
1587957
1587958
1587959
1587988
1587989
1340705
1340795
1343705
1343795
1347950
1347951
1347952
1347953
1347954
1347955
1347956
1347957
1347958
1347959
1820702
1820703
1820704
1820705
1820706
1820795
1827050
1827051
1827052
1827053
1827054
1827055
1827056
1827057
1827058
1827059
1827060
1827061
1827062
1827063
1827064
1827095
1827900
1827901
1827902
1827903
1827950
1827951
1827952
1827953
1827954
1827955
1827956
1827957
1827958
1827959
1829640
1829641
1829650
1829651
1829652
1829653
1829654
1829655
1829656
1829657
1829658
1829659
1829694
1829695
1510705
1510795
1517050
1517051
1517052
1517053
1517054
1517055
1517056
1517057
1517058
1517059
1517950
1517951
1517952
1517953
1517954
1517955
1517956
1517957
1517958
1517959
1518050
1518051
1518052
1518053
1518054
1518055
1518056
1518057
1518058
1518059
1870705
1870795
1872001
1872002
1872003
1872004
1872045
1872050
1872051
1872052
1872053
1872060
1872061
1872062
1872063
1872065
1872066
1872067
1872068
1872069
1877013
1877014
1877015
1877044
1877045
1877050
1877051
1877052
1877053
1877054
1877055
1877056
1877057
1877058
1877059
1877085
1877089
1877095
1877950
1877951
1877952
1877953
1877954
1877955
1877956
1877957
1877958
1877959
1877985
1877998
1877999
1879785
1879795
1660795
1380795
1387050
1387051
1387052
1387053
1387054
1387055
1387056
1387057
1387058
1387059
1387950
1387951
1387952
1387953
1387954
1387955
1387956
1387957
1387958
1387959
1730705
1730795
1734665
1734675
1737050
1737051
1737052
1737053
1737054
1737055
1737056
1737057
1737058
1737059
1737950
1737951
1737952
1737953
1737954
1737955
1737956
1737957
1737958
1737959
1311795
1312525
1313378
1313379
1313385
1313395
1313400
1317083
1317085
1317095
1317756
1317757
1317758
1317795
1318466
1318467
1318468
1319785
1319786
1319787
1319795
1320705
1320795
1321705
1321795
1323705
1323709
1323765
1323795
1324775
1324795
1325705
1325795
1326305
1326390
1326395
1910795
1917950
1917951
1917952
1917953
1917954
1917955
1917956
1917957
1917958
1917959
1707728
1707729
1708727
1708728
1708729
1980704
1980705
1980706
1980795
1981511
1984156
1984157
1984158
1987024
1987025
1987026
1987027
1987050
1987051
1987052
1987053
1987054
1987055
1987056
1987057
1987058
1987059
1988072
1988073
1988660
1988661
1988662
1988663
1988664
1650795
1651795
1840795
1846010
1846011
1846012
1846013
1846014
1846015
1846016
1846017
1846018
1846019
1846045
1846046
1846047
1846048
1846049
1847050
1847051
1847052
1847053
1847054
1847055
1847056
1847057
1847058
1847059
1847950
1847951
1847952
1847953
1847954
1847955
1847956
1847957
1847958
1847959
1570795
1571705
1571795
1572753
1572754
1572755
1572756
1572757
1572758
1577050
1577051
1577052
1577053
1577054
1577055
1577056
1577057
1577058
1577059
1577090
1577091
1577092
1577093
1577094
1577095
1577096
1577097
1577098
1577099
1577950
1577951
1577952
1577953
1577954
1577955
1577956
1520705
1520795
1521620
1521621
1521622
1527005
1527015
1527040
1527041
1527042
1527043
1527044
1527950
1527951
1527952
1527953
1527954
1527955
1527956
1527957
1527958
1527959
1527985
1527986
1527987
1527988
1527989
1529795
1810705
1810795
1814664
1814665
1814674
1814675
1816075
1816220
1816221
1816222
1816223
1816224
1816602
1817045
1817050
1817051
1817052
1817053
1817054
1817055
1817056
1817057
1817058
1817059
1817295
1817296
1817297
1817298
1817405
1817894
1817895
1817950
1817951
1817952
1817953
1817954
1817955
1817956
1817957
1817958
1817959
1817998
1470705
1470795
1477084
1477085
1477094
1477095
1477955
1477956
1477957
1477958
1477959
1479650
1479651
1479652
1479653
1479654
1479655
1479656
1479657
1479658
1479659
1479785
1479795
1370700
1370705
1370795
1375582
1375583
1375584
1375585
1375586
1375587
1375588
1375589
1376640
1376641
1376642
1376643
1376644
1376750
1376751
1376752
1376753
1376754
1376755
1376756
1376757
1376758
1376759
1750705
1750795
1757905
1880705
1880795
1882781
1882782
1882783
1882784
1882785
1882795
1887050
1887051
1887052
1887053
1887054
1887055
1887056
1887095
1887950
1887951
1887952
1887953
1887954
1887955
1887956
1887957
1887958
1887959
1889795
1300626
1300627
1301445
1301446
1301447
1301448
1301449
1302626
1302627
1302628
1302629
1303626
1303627
1304495
1304795
1308615
1308617
1309705
1309715
1671795
1672795
1673795
1390705
1390795
1397050
1397051
1397052
1397053
1397054
1397055
1397056
1397057
1397058
1397950
1397951
1397952
1397953
1397954
1397955
1397956
1397957
1397958
1397959
1550700
1550795
1557025
1557026
1557027
1557030
1557031
1557032
1557033
1557034
1557035
1557036
1557037
1557038
1557904
1557905
1557906
1557907
1557908
1557909
1557943
1557944
1557945
1557950
1557951
1557952
1557953
1557954
1557955
1557956
1557957
1557958
1557959
1557982
1557983
1557984
1860705
1860795
1867950
1867951
1867952
1867953
1867954
1867955
1867956
1867957
1867958
1867959
1830705
1830795
1831795
1832290
1832291
1832292
1832293
1832294
1836547
1836548
1837050
1837051
1837052
1837053
1837054
1837055
1837056
1837057
1837058
1837059
1837905
1837906
1837907
1837908
1837909
1837910
1837911
1837912
1837951
1837952
1837953
1837954
1837955
1837956
1837957
1837958
1839785
1839795
1500795
1507050
1507051
1507052
1507053
1507054
1507055
1507056
1507057
1507058
1507059
1507950
1507951
1507952
1507953
1507954
1507955
1507956
1507957
1507958
1507959
1508385
1508386
1508387
1508395
1350705
1350795
1351705
1351795
1357615
1357616
1357617
1357618
1357619
1357650
1357651
1357652
1357653
1357654
1357655
1357656
1357657
1357658
1357659
1452655
1452665
1454445
1454455
1457025
1458315
1458316
1458317
1458318
1458319
1770705
1770795
1774665
1777050
1777051
1777052
1777053
1777054
1777055
1777056
1777057
1777058
1777059
1777950
1777951
1777952
1777953
1777954
1777955
1777956
1777957
1777958
1777959
1590705
1590795
1590940
1590941
1590942
1590943
1590944
1590945
1590946
1590947
1590948
1590949
1593280
1593281
1593282
1593283
1593284
1597025
1597026
1597027
1597050
1597051
1597052
1597053
1597054
1597055
1597056
1597057
1597058
1597059
1597950
1597951
1597952
1597953
1597954
1890705
1890795
1897050
1897051
1897052
1897053
1897054
1897055
1897056
1897057
1897058
1897950
1897951
1897952
1897953
1897954
1897955
1897956
1897957
1897958
1897959
1953076
1360705
1360795
1361705
1361795
1362705
1362795
1364705
1364795
1365705
1365795
1366705
1366795
1367227
1367228
1367705
1367795
1368705
1368795
1369705
1369795
1530705
1530795
1534795
1535005
1535031
1535032
1535048
1537426
1537435
1537439
1538779
1538789
1538795
1539078
1539785
1539795
1800025
1800074
1800075
1800079
1800795
1804664
1804665
1804675
1804685
1807045
1807055
1807950
1807951
1807952
1807953
1807954
1807955
1807956
1807957
1807958
1807959
1850705
1850795
1857934
1857964
1780795
1780885
1784640
1784641
1784642
1784643
1784644
1784645
1784646
1787030
1787031
1787032
1787033
1787034
1787075
1787085
1787095
1787905
1787950
1787951
1787952
1787953
1787954
1787955
1787956
1787957
1787958
1787959
1788745
1789155
1789795
1560705
1560795
1567950
1567951
1567952
1567953
1567954
1567955
1567956
1567957
1567958
1567959
1569785
1569795
1990705
1990795
1991604
1994215
1997015
1997045
1997050
1997051
1997052
1997053
1997054
1997055
1997056
1997057
1997058
1997059
1997950
1997957
1997958
1997959
1713795
1715795
1716291
1716292
1716293
1716795
1716849
1717294
1717795
1717840
1717841
1718783
1718795
1719795
1719847
1719848
1330705
1330795
1331795
1331934
1331935
1331936
1332005
1332015
1333019
1334005
1334009
1334015
1336175
1336705
1336795
1338705
1338795
1339705
1339795
1311787
1311788
1311789
1311797
1312527
1312536
1312537
1312538
1312539
1313374
1313375
1313376
1313377
1313397
1313402
1315579
1315599
1317081
1317084
1317097
1317774
1317775
1317776
1317779
1317797
1318452
1318453
1318454
1319797
1730707
1730797
1734664
1734667
1734668
1734677
1737010
1737011
1737012
1737013
1737014
1737047
1737070
1737071
1737072
1737073
1737074
1737075
1737076
1737077
1737078
1737079
1737970
1737971
1737972
1737973
1737974
1737975
1737976
1737977
1737978
1737979
1660707
1660797
1667907
1380357
1380358
1380707
1380797
1387070
1387071
1387072
1387073
1387074
1387075
1387076
1387077
1387078
1387079
1387970
1387971
1387972
1387973
1387974
1387975
1387976
1387977
1387978
1387979
1870707
1870797
1872010
1872011
1872012
1872047
1872070
1872071
1872072
1872073
1872074
1872075
1872076
1872077
1872078
1872079
1872080
1872081
1872082
1872083
1872085
1872086
1872087
1872088
1872089
1877048
1877049
1877070
1877071
1877072
1877073
1877074
1877075
1877076
1877077
1877078
1877079
1877087
1877097
1877902
1877903
1877904
1877905
1877906
1877907
1877908
1877909
1877970
1877971
1877972
1877973
1877974
1877975
1877976
1877977
1877978
1877979
1879787
1879797
1820707
1820797
1821492
1821493
1821494
1821495
1821496
1821497
1821498
1821499
1827000
1827001
1827002
1827003
1827004
1827005
1827006
1827007
1827008
1827009
1827070
1827071
1827072
1827073
1827074
1827075
1827076
1827077
1827078
1827079
1827097
1827970
1827971
1827972
1827973
1827974
1827975
1827976
1827977
1827978
1827979
1829669
1829670
1829671
1829672
1829673
1829674
1829675
1829676
1829677
1829678
1829679
1829686
1829687
1829688
1829689
1829699
1510707
1510797
1517015
1517016
1517017
1517018
1517019
1517060
1517061
1517062
1517063
1517064
1517070
1517071
1517072
1517073
1517074
1517075
1517076
1517077
1517078
1517079
1517905
1517906
1517907
1517908
1517909
1517970
1517971
1517972
1517973
1517974
1517975
1517976
1517977
1517978
1517979
1518020
1518021
1518022
1518023
1518024
1518025
1518026
1518027
1518028
1518029
1340707
1340797
1342654
1342655
1343707
1343797
1347945
1347946
1347947
1347948
1347949
1347970
1347971
1347972
1347973
1347974
1347975
1347976
1347977
1347978
1347979
1347990
1347991
1347992
1347993
1347994
1347995
1347996
1347997
1347998
1347999
1760707
1760797
1767907
1767917
1767918
1767927
1767930
1767932
1767933
1767935
1767936
1767937
1767938
1767939
1767940
1767942
1767943
1767945
1767946
1767947
1767948
1767949
1768797
1580707
1580797
1587004
1587070
1587071
1587072
1587073
1587074
1587943
1587970
1587971
1587972
1587973
1587974
1587975
1587976
1587977
1587978
1587979
1880707
1880797
1881644
1881645
1881646
1881647
1881648
1881649
1882786
1882787
1882788
1882797
1887010
1887011
1887012
1887013
1887014
1887048
1887049
1887070
1887071
1887072
1887073
1887074
1887075
1887076
1887077
1887078
1887079
1887088
1887097
1887970
1887971
1887972
1887973
1887974
1887975
1887976
1887977
1887978
1887979
1889797
1750704
1750706
1750707
1750797
1757907
1757910
1757912
1757913
1757914
1757915
1757916
1757917
1757918
1757919
1757920
1757922
1757923
1757924
1757925
1757926
1757927
1757928
1757929
1757930
1757931
1757932
1757933
1757934
1757935
1757936
1757937
1757938
1757939
1370702
1370707
1370797
1375580
1375581
1376390
1376391
1376392
1376393
1376394
1376395
1376396
1376397
1376398
1376399
1376630
1376631
1376632
1376633
1376634
1376635
1376636
1376637
1376638
1376639
1376770
1376771
1376772
1376773
1376774
1376775
1376776
1376777
1376778
1376779
1470707
1470797
1471745
1471746
1471747
1471748
1471749
1471750
1471751
1471752
1471753
1471754
1471755
1471756
1471757
1471758
1471759
1477080
1477081
1477082
1477083
1477090
1477091
1477092
1477093
1477970
1477971
1477972
1477973
1477974
1477975
1477976
1477977
1477978
1477979
1477992
1477993
1477994
1477995
1477996
1479640
1479668
1479669
1479670
1479671
1479672
1479673
1479674
1479675
1479676
1479677
1479678
1479679
1479787
1479797
1520707
1520797
1521610
1521611
1521612
1521613
1521614
1521615
1521616
1521617
1521618
1521619
1527060
1527061
1527062
1527063
1527064
1527065
1527066
1527067
1527068
1527069
1527070
1527071
1527072
1527073
1527074
1527075
1527076
1527077
1527078
1527079
1527970
1527971
1527972
1527973
1527974
1527975
1527976
1527977
1527978
1527979
1529770
1529771
1529772
1529773
1529774
1529775
1529776
1529777
1529778
1529779
1529780
1529781
1529782
1529783
1529784
1529785
1529786
1529787
1529788
1529789
1529797
1810707
1810797
1814667
1814668
1814669
1814677
1814679
1816077
1816214
1816215
1816216
1816217
1816218
1816219
1816605
1816606
1816607
1816608
1816609
1817010
1817011
1817012
1817013
1817014
1817047
1817048
1817049
1817067
1817068
1817069
1817070
1817071
1817072
1817073
1817074
1817075
1817076
1817077
1817078
1817079
1817270
1817271
1817272
1817273
1817274
1817275
1817276
1817277
1817278
1817279
1817407
1817408
1817409
1817896
1817897
1817898
1817899
1817906
1817907
1817908
1817909
1817970
1817971
1817972
1817973
1817974
1817975
1817976
1817977
1817978
1817979
1817996
1817997
1840797
1846030
1846031
1846032
1846033
1846034
1846035
1846036
1846037
1846038
1846039
1847018
1847019
1847040
1847041
1847042
1847043
1847044
1847045
1847046
1847047
1847048
1847049
1847070
1847071
1847072
1847073
1847074
1847075
1847076
1847077
1847078
1847079
1847970
1847971
1847972
1847973
1847974
1847975
1847976
1847977
1847978
1847979
1847980
1847981
1847982
1847983
1847984
1847985
1847986
1847987
1570797
1571707
1571708
1571797
1572774
1572775
1572776
1572777
1572778
1577070
1577071
1577072
1577073
1577074
1577075
1577076
1577077
1577078
1577079
1577080
1577081
1577082
1577083
1577084
1577085
1577086
1577087
1577088
1577089
1577900
1577901
1577902
1577903
1577904
1577905
1577906
1577907
1577908
1577909
1577970
1577971
1577972
1577973
1577974
1577975
1577976
1577977
1577978
1577979
1577986
1577987
1577988
1577989
1650797
1651338
1651797
1980797
1981508
1987032
1987033
1987034
1987035
1987036
1987037
1987038
1987039
1987040
1987041
1987042
1987043
1987044
1987045
1987070
1987071
1987072
1987073
1987074
1987075
1987076
1987077
1987078
1987079
1987080
1987081
1987082
1987083
1987084
1987085
1988048
1988049
1988050
1988051
1988052
1988053
1988054
1988055
1988056
1988057
1988058
1988076
1988077
1988078
1700795
1700796
1700797
1701690
1701691
1701692
1701693
1701694
1702796
1702797
1704490
1707720
1707721
1707722
1707723
1707724
1707725
1707726
1707727
1320707
1320797
1321707
1321797
1323707
1323766
1323767
1323768
1323769
1323797
1324705
1324707
1324777
1324779
1324787
1324789
1324790
1324797
1325704
1325707
1325797
1326301
1326306
1326307
1326397
1910708
1910709
1910797
1914217
1914218
1914219
1914700
1914701
1914702
1914703
1914704
1914705
1914706
1914707
1914708
1914709
1917054
1917055
1917900
1917901
1917902
1917903
1917904
1917905
1917906
1917907
1917908
1917909
1917970
1917971
1917972
1917973
1917974
1917975
1917976
1917977
1917978
1917979
1770707
1770797
1774664
1774667
1774668
1777010
1777011
1777012
1777013
1777014
1777070
1777071
1777072
1777073
1777074
1777075
1777076
1777077
1777078
1777079
1777970
1777971
1777972
1777973
1777974
1777975
1777976
1777977
1777978
1777979
1590707
1590797
1597000
1597001
1597002
1597003
1597004
1597005
1597006
1597007
1597008
1597009
1597010
1597011
1597012
1597013
1597014
1597015
1597016
1597017
1597018
1597019
1597070
1597071
1597072
1597073
1597074
1597075
1597076
1597077
1597078
1597079
1597080
1597081
1597082
1597083
1597084
1597085
1597086
1597087
1597088
1597089
1597090
1597091
1597092
1597093
1597094
1597095
1597096
1597097
1597098
1597099
1597970
1597971
1597972
1597973
1597974
1597975
1597976
1597977
1597978
1597979
1597980
1597981
1597982
1597983
1597984
1597985
1597986
1452657
1452667
1452669
1454447
1454457
1457027
1458335
1458336
1458337
1458338
1458339
1350707
1350797
1351707
1351797
1357665
1357666
1357667
1357668
1357669
1357670
1357671
1357672
1357673
1357674
1357675
1357676
1357677
1357678
1357679
1830707
1830797
1831797
1836540
1836541
1836542
1836543
1837040
1837041
1837042
1837043
1837044
1837045
1837046
1837047
1837048
1837049
1837070
1837071
1837072
1837073
1837074
1837075
1837076
1837077
1837078
1837079
1837080
1837081
1837082
1837083
1837084
1837085
1837086
1837087
1837088
1837089
1837094
1837095
1837096
1837097
1837098
1837099
1837970
1837971
1837972
1837974
1837975
1837976
1837977
1837978
1837979
1837980
1837981
1837982
1837984
1837985
1837986
1837987
1837988
1837989
1839787
1839797
1500704
1500705
1500706
1500707
1500708
1500709
1500797
1507015
1507016
1507017
1507018
1507019
1507070
1507071
1507072
1507073
1507074
1507075
1507076
1507077
1507078
1507079
1507970
1507971
1507972
1507973
1507974
1507975
1507976
1507977
1507978
1507979
1508356
1508357
1508358
1508359
1508370
1508371
1508372
1508373
1508374
1508375
1508376
1508377
1508378
1508379
1508390
1508391
1508392
1508393
1508394
1550702
1550703
1550704
1550705
1550706
1550707
1550708
1550709
1550797
1557000
1557001
1557002
1557003
1557004
1557005
1557006
1557007
1557008
1557009
1557010
1557011
1557012
1557946
1557947
1557948
1557949
1557970
1557971
1557972
1557973
1557974
1557975
1557976
1557977
1557978
1557979
1557985
1557986
1557987
1557988
1557989
1557999
1860707
1860709
1860797
1867970
1867971
1867972
1867973
1867974
1867975
1867976
1867977
1867978
1867979
1671797
1672797
1673797
1390707
1390797
1397010
1397011
1397012
1397013
1397014
1397070
1397071
1397072
1397073
1397074
1397075
1397076
1397077
1397078
1397079
1397970
1397971
1397972
1397973
1397974
1397975
1397976
1397977
1397978
1397979
1937999
1302624
1303320
1303321
1303322
1303323
1303324
1303325
1303326
1303327
1303328
1304497
1304797
1309707
1309716
1309717
1309724
1309730
1309731
1309732
1309733
1309734
1330707
1330797
1331707
1331708
1331797
1331946
1331947
1331948
1331949
1332007
1332017
1333013
1333014
1333015
1333016
1333017
1333018
1334004
1334017
1336177
1336707
1336797
1338707
1338797
1339707
1339797
1713706
1713707
1713708
1713709
1713797
1715290
1715291
1715292
1715797
1715847
1715848
1715849
1716294
1716797
1716840
1717797
1718287
1718289
1718290
1718291
1718292
1718294
1718784
1718797
1718840
1719797
1990707
1990797
1991466
1991467
1991468
1991469
1991470
1991471
1991472
1991473
1991474
1991475
1991476
1991477
1991478
1991479
1991794
1991795
1991796
1991797
1991798
1991799
1994214
1994217
1994218
1994219
1997017
1997047
1997070
1997071
1997072
1997073
1997074
1997075
1997076
1997077
1997078
1997079
1997080
1997081
1997082
1997083
1997084
1997085
1997086
1997087
1997090
1997091
1997092
1997093
1997094
1997095
1997096
1997097
1997098
1997943
1997945
1997946
1997970
1997971
1997972
1997973
1997974
1997975
1997976
1997977
1997978
1997979
1997981
1997982
1997983
1997984
1780797
1780887
1780888
1784650
1784651
1784652
1784653
1784654
1784655
1784656
1784657
1784658
1784659
1787005
1787006
1787007
1787008
1787009
1787010
1787011
1787012
1787013
1787014
1787015
1787016
1787017
1787018
1787019
1787040
1787041
1787042
1787043
1787044
1787045
1787046
1787047
1787048
1787049
1787050
1787051
1787052
1787053
1787054
1787055
1787056
1787057
1787058
1787059
1787060
1787061
1787062
1787063
1787064
1787065
1787066
1787067
1787068
1787069
1787077
1787079
1787087
1787097
1787907
1787970
1787971
1787972
1787973
1787974
1787975
1787976
1787977
1787978
1787979
1787990
1787991
1787992
1787993
1787994
1787995
1787996
1787997
1787998
1787999
1788747
1789157
1789797
1850707
1850797
1857907
1857970
1857971
1857972
1857973
1857974
1857975
1857976
1857977
1857978
1857979
1560700
1560707
1560797
1567970
1567971
1567972
1567973
1567974
1567975
1567976
1567977
1567978
1567979
1569787
1569789
1569797
1530707
1530797
1534797
1535007
1535027
1535028
1535029
1535036
1535037
1535044
1535045
1537436
1537437
1538784
1538785
1538786
1538787
1538797
1539070
1539071
1539072
1539073
1539074
1539787
1539789
1539797
1800027
1800077
1800702
1800703
1800704
1800705
1800706
1800707
1800797
1804666
1804667
1804668
1804669
1804677
1804686
1804687
1807010
1807026
1807027
1807035
1807036
1807037
1807047
1807048
1807057
1807058
1807970
1807971
1807972
1807973
1807974
1807975
1807976
1807977
1807978
1807979
1360707
1360797
1361707
1361797
1362704
1362707
1362797
1364701
1364707
1364797
1365707
1365797
1366704
1366706
1366707
1366797
1367229
1367707
1367797
1368480
1368487
1368707
1368797
1369487
1369701
1369707
1369790
1369797
1369805
1369806
1369807
1369845
1369847
1369958
1890707
1890797
1894226
1894227
1894228
1894236
1894237
1897010
1897011
1897012
1897013
1897014
1897070
1897071
1897072
1897073
1897074
1897075
1897076
1897077
1897078
1897079
1897970
1897971
1897972
1897973
1897974
1897975
1897976
1897977
1897978
1897979
1452653
1452663
1454443
1454453
1457023
1458330
1458331
1458332
1458333
1458334
1350703
1350793
1351703
1351793
1357630
1357631
1357632
1357633
1357634
1357635
1357636
1357637
1357638
1357639
1357648
1770703
1770793
1777030
1777031
1777032
1777033
1777034
1777035
1777036
1777037
1777038
1777039
1777930
1777931
1777932
1777933
1777934
1777935
1777936
1777937
1777938
1777939
1590703
1590793
1593290
1593291
1593292
1593293
1593294
1594680
1594681
1594682
1594683
1594684
1594685
1594686
1594687
1594688
1594689
1597030
1597031
1597032
1597033
1597034
1597035
1597036
1597037
1597038
1597039
1597930
1597931
1597932
1597933
1597934
1597935
1597936
1597937
1597938
1597939
1830703
1830793
1831793
1836545
1836546
1837000
1837001
1837002
1837003
1837004
1837005
1837006
1837007
1837030
1837031
1837032
1837033
1837034
1837035
1837036
1837037
1837038
1837039
1837930
1837931
1837932
1837933
1837934
1837935
1837936
1837937
1837938
1837939
1837963
1837973
1837983
1837990
1837991
1837992
1837993
1837994
1837995
1837996
1839783
1839793
1500703
1500793
1507030
1507031
1507032
1507033
1507034
1507035
1507036
1507037
1507038
1507039
1507930
1507931
1507932
1507933
1507934
1507935
1507936
1507937
1507938
1507939
1671793
1672793
1673793
1390703
1390793
1397030
1397031
1397032
1397033
1397034
1397035
1397036
1397037
1397038
1397930
1397931
1397932
1397933
1397934
1397935
1397936
1397937
1397938
1397939
1550793
1557919
1557924
1557925
1557926
1557927
1557928
1557929
1557930
1557931
1557932
1557933
1557934
1557935
1557936
1557937
1557938
1557939
1557940
1557941
1557942
1557969
1557980
1557981
1860703
1860793
1867930
1867931
1867932
1867933
1867934
1867935
1867936
1867937
1867938
1867939
1300625
1301442
1301443
1301444
1303624
1303625
1304493
1304793
1308611
1308612
1308613
1309703
1309708
1309713
1309736
1309737
1309738
1309739
1713793
1715297
1715298
1715793
1716290
1716793
1716845
1716846
1716847
1716848
1717793
1718780
1718781
1718782
1718793
1719793
1719844
1719845
1330703
1330793
1331703
1331793
1331930
1331931
1331932
1332003
1332013
1333004
1334003
1334008
1334013
1336169
1336173
1336703
1336793
1338703
1338793
1339703
1339793
1850703
1850793
1857930
1857931
1857932
1857933
1780793
1780883
1784631
1784632
1784633
1784634
1784635
1784636
1787020
1787021
1787022
1787023
1787024
1787073
1787083
1787093
1787903
1787930
1787931
1787932
1787933
1787934
1787935
1787936
1787937
1787938
1787939
1788743
1789153
1789793
1560703
1560793
1567930
1567931
1567932
1567933
1567934
1567935
1567936
1567937
1567938
1567939
1569783
1569793
1990703
1990793
1991457
1991458
1991459
1991460
1991461
1991462
1991463
1991605
1991606
1991607
1991608
1991609
1994213
1997013
1997030
1997031
1997032
1997033
1997034
1997035
1997036
1997037
1997038
1997039
1997043
1997930
1997931
1997932
1997933
1997934
1997935
1997936
1997937
1997938
1997939
1997964
1997965
1997966
1530703
1530793
1534793
1535003
1535015
1535016
1535025
1535026
1535047
1537424
1537425
1537433
1537438
1538781
1538782
1538783
1538793
1539075
1539076
1539077
1539783
1539784
1539793
1800793
1804661
1804662
1804663
1804673
1804683
1807030
1807031
1807032
1807033
1807034
1807043
1807053
1807930
1807931
1807932
1807933
1807934
1807935
1807936
1807937
1807938
1807939
1890703
1890793
1897030
1897031
1897032
1897033
1897034
1897035
1897036
1897037
1897038
1897930
1897931
1897932
1897933
1897934
1897935
1897936
1897937
1897938
1897939
1953387
1360703
1360793
1361703
1361793
1362703
1362793
1364703
1364793
1365703
1365793
1366703
1366793
1367703
1367704
1367706
1367793
1368483
1368703
1368793
1369480
1369483
1369485
1369489
1369703
1369793
1369801
1369803
1369808
1369843
1369957
1730703
1730793
1734673
1737043
1737930
1737931
1737932
1737933
1737934
1737935
1737936
1737937
1737938
1737939
1311783
1311784
1311793
1312523
1312530
1312531
1313360
1313361
1313393
1315590
1315591
1315592
1315593
1317093
1317099
1317750
1317751
1317752
1317793
1318463
1318464
1318465
1319793
1870703
1870793
1872030
1872031
1872032
1872033
1872034
1872035
1872036
1872037
1872038
1872039
1872043
1872054
1872055
1872056
1872057
1872058
1872059
1877030
1877031
1877032
1877033
1877034
1877035
1877036
1877037
1877038
1877039
1877043
1877083
1877088
1877093
1877930
1877931
1877932
1877933
1877934
1877935
1877936
1877937
1877938
1877939
1879783
1879793
1660793
1380359
1380793
1387030
1387031
1387032
1387033
1387034
1387035
1387036
1387037
1387038
1387039
1387930
1387931
1387932
1387933
1387934
1387935
1387936
1387937
1387938
1387939
1820793
1827014
1827015
1827016
1827017
1827018
1827019
1827030
1827031
1827032
1827033
1827034
1827035
1827036
1827037
1827038
1827039
1827040
1827041
1827042
1827043
1827044
1827045
1827046
1827047
1827048
1827049
1827093
1827930
1827931
1827932
1827933
1827934
1827935
1827936
1827937
1827938
1827939
1829630
1829631
1829632
1829633
1829634
1829635
1829636
1829637
1829638
1829639
1829642
1829643
1510703
1510793
1517035
1517036
1517037
1517038
1517039
1517900
1517901
1517902
1517903
1517904
1517930
1517931
1517932
1517933
1517934
1517935
1517936
1517937
1517938
1517939
1518030
1518031
1518032
1518033
1518034
1518035
1518036
1518037
1518038
1518039
1760703
1760793
1767903
1767909
1767913
1767919
1767923
1768793
1580703
1580793
1587090
1587091
1587092
1587093
1587094
1587095
1587096
1587097
1587098
1587099
1587930
1587931
1587932
1587933
1587934
1587935
1587936
1587937
1587938
1587939
1340703
1340793
1342650
1342651
1342663
1342664
1342665
1343703
1343793
1347901
1347902
1347903
1347930
1347931
1347932
1347933
1347934
1347935
1347936
1347937
1347938
1347939
1370703
1370793
1375530
1375531
1375532
1375533
1375534
1375535
1375536
1375537
1375538
1375539
1375572
1375573
1375574
1376645
1376646
1376647
1376648
1376649
1376730
1376731
1376732
1376733
1376734
1376735
1376736
1376737
1376738
1376739
1470703
1470793
1477096
1477097
1477098
1477099
1477982
1477983
1477984
1477985
1477986
1477987
1477988
1477989
1479630
1479631
1479632
1479633
1479634
1479635
1479643
1479681
1479682
1479683
1479684
1479685
1479686
1479687
1479688
1479689
1479783
1479793
1750703
1750793
1757903
1880703
1880793
1882770
1882771
1882772
1882773
1882774
1882775
1882793
1887030
1887031
1887032
1887033
1887034
1887035
1887036
1887093
1887930
1887931
1887932
1887933
1887934
1887935
1887936
1887937
1887938
1887939
1889793
1520703
1520793
1521600
1521601
1521602
1521603
1521604
1521605
1521606
1521607
1521608
1521609
1527007
1527008
1527009
1527030
1527031
1527032
1527033
1527034
1527035
1527036
1527037
1527038
1527039
1527050
1527051
1527052
1527053
1527054
1527930
1527931
1527932
1527933
1527934
1527935
1527936
1527937
1527938
1527939
1529793
1810703
1810793
1814663
1814673
1816073
1816213
1817030
1817031
1817032
1817033
1817034
1817035
1817036
1817037
1817038
1817039
1817043
1817403
1817893
1817930
1817931
1817932
1817933
1817934
1817935
1817936
1817937
1817938
1817939
1819732
1980700
1980702
1980703
1980793
1980800
1980801
1980802
1980803
1980804
1980805
1980806
1980807
1980808
1980809
1981510
1984150
1984151
1984152
1984153
1984154
1984155
1987093
1987094
1987095
1987096
1987097
1987098
1987099
1988038
1988039
1988068
1988069
1988070
1650793
1651793
1840780
1840781
1840782
1840783
1840784
1840785
1840786
1840787
1840793
1847012
1847013
1847014
1847015
1847016
1847030
1847031
1847032
1847033
1847034
1847035
1847036
1847037
1847038
1847039
1847902
1847903
1847904
1847905
1847906
1847930
1847931
1847932
1847933
1847934
1847935
1847936
1847937
1847938
1847939
1570703
1570704
1570705
1570706
1570707
1570708
1570709
1570793
1571703
1571793
1572091
1572092
1572093
1572752
1577913
1577914
1577915
1577930
1577931
1577932
1577933
1577934
1577935
1577936
1577937
1577938
1577939
1577990
1577991
1577992
1577993
1577994
1577995
1577996
1577997
1577998
1577999
1320703
1320793
1321793
1323703
1323753
1323763
1323793
1324703
1324773
1324783
1324793
1325703
1325793
1326303
1326304
1326393
1910703
1910704
1910705
1910793
1914209
1914210
1914211
1914212
1914213
1914214
1917053
1917930
1917931
1917932
1917933
1917934
1917935
1917936
1917937
1917938
1917939
1704491
1705163
1706957
1706958
1706959
1706960
1707750
1707751
1707752
1707753
1707754
1707755
1707756
1330704
1330794
1331794
1332004
1332018
1332019
1334018
1334019
1336166
1336167
1336168
1336704
1336794
1338706
1338794
1339702
1339794
1713794
1715794
1716794
1717794
1717843
1718194
1718281
1718284
1718794
1719794
1990704
1990794
1991600
1991601
1991602
1991603
1997044
1997900
1997910
1997947
1997948
1997949
1997951
1997990
1560794
1567940
1567941
1567942
1567943
1567944
1567945
1567946
1567947
1567948
1567949
1569788
1569794
1850794
1857908
1857924
1780794
1780884
1784637
1784638
1784639
1787000
1787001
1787025
1787026
1787027
1787028
1787029
1787074
1787084
1787094
1787904
1788744
1789154
1789794
1800028
1800029
1800794
1807044
1807054
1807940
1807941
1807942
1807943
1807944
1807945
1807946
1807947
1807948
1807949
1530704
1530794
1534794
1535004
1535017
1535018
1537434
1538778
1538788
1538794
1539788
1539794
1360794
1361704
1361794
1362794
1364704
1364790
1364794
1365704
1365794
1366794
1367794
1368484
1368704
1368790
1368794
1369484
1369704
1369794
1369804
1369959
1890704
1890794
1897040
1897041
1897042
1897043
1897047
1897048
1897940
1897941
1897942
1897943
1897944
1897945
1897946
1897947
1897948
1897949
1590704
1590794
1593295
1593296
1593297
1593298
1593299
1594690
1594691
1594692
1594693
1594694
1594695
1594696
1594697
1594698
1594699
1597955
1597956
1597957
1597958
1597959
1770704
1770794
1777040
1777041
1777042
1777043
1777044
1777045
1777046
1777047
1777048
1777049
1777940
1777941
1777942
1777943
1777944
1777945
1777946
1777947
1777948
1777949
1452654
1452664
1454444
1454454
1457024
1458340
1458341
1458342
1458343
1458344
1350704
1350794
1351704
1351794
1500794
1507042
1507043
1507044
1507045
1507046
1507047
1507048
1507049
1507940
1507941
1507942
1507943
1507944
1507945
1507946
1507947
1507948
1507949
1830704
1830794
1831794
1832295
1832296
1832297
1832298
1832299
1837940
1837941
1837942
1837943
1837944
1837945
1837946
1837947
1837948
1837949
1837950
1837964
1837965
1837966
1839784
1839794
1860704
1860794
1867940
1867941
1867942
1867943
1867944
1867945
1867946
1867947
1867948
1867949
1550794
1557018
1557019
1390704
1390794
1397040
1397041
1397042
1397043
1397047
1397048
1397940
1397941
1397942
1397943
1397944
1397945
1397946
1397947
1397948
1397949
1671794
1672794
1673794
1303057
1303058
1303059
1304494
1304794
1308618
1309701
1309704
1309711
1750794
1757900
1757904
1880704
1880794
1882794
1887040
1887041
1887042
1887043
1887044
1887045
1887046
1887094
1887940
1887941
1887942
1887943
1887944
1887945
1887946
1887947
1887948
1887949
1889794
1370704
1370794
1375590
1375591
1375592
1375593
1375594
1375595
1375596
1375597
1375598
1375599
1376760
1376761
1376762
1376763
1376764
1376765
1376766
1376767
1376768
1376769
1470704
1470794
1477077
1477078
1477079
1477960
1477961
1477962
1477963
1477964
1479644
1479645
1479646
1479647
1479648
1479649
1479784
1479794
1810704
1810794
1816078
1816600
1817044
1817940
1817941
1817942
1817943
1817944
1817945
1817946
1817947
1817948
1817949
1520704
1520794
1521625
1521626
1521627
1527940
1527941
1527942
1527943
1527944
1527945
1527946
1527947
1527948
1527949
1529794
1570700
1570794
1571704
1571794
1572090
1572099
1572750
1572759
1577910
1577911
1577912
1579799
1579800
1579801
1579802
1579803
1579804
1840794
1847017
1847909
1847940
1847941
1847942
1847943
1847944
1847945
1847946
1847947
1847948
1847949
1980794
1981514
1984144
1984145
1984146
1984147
1987020
1987021
1987022
1987023
1988000
1988001
1988002
1988003
1988004
1988005
1988059
1988071
1650794
1651794
1701070
1701071
1708750
1708751
1708752
1708753
1708754
1910794
1917940
1917941
1917942
1917943
1917944
1917945
1917946
1917947
1917948
1917949
1320704
1320794
1321704
1321794
1323750
1323794
1324704
1324774
1324794
1325794
1326308
1326394
1311785
1311794
1312524
1312532
1312533
1313370
1313371
1313372
1313373
1313394
1313403
1315587
1315588
1315589
1317089
1317094
1317765
1317766
1317767
1317768
1317794
1319782
1319788
1319794
1730704
1730794
1734674
1737044
1737940
1737941
1737942
1737943
1737944
1737945
1737946
1737947
1737948
1737949
1380794
1387040
1387041
1387042
1387043
1387044
1387045
1387046
1387047
1387048
1387049
1387940
1387941
1387942
1387943
1387944
1387945
1387946
1387947
1387948
1387949
1660704
1660706
1660794
1667904
1667906
1870255
1870257
1870258
1870265
1870267
1870268
1870704
1870794
1877017
1877018
1877019
1877084
1877094
1877940
1877941
1877942
1877943
1877944
1877945
1877946
1877947
1877948
1877949
1879784
1879794
1510704
1510794
1517940
1517941
1517942
1517943
1517944
1517945
1517946
1517947
1517948
1517949
1820794
1827094
1827940
1827941
1827942
1827943
1827944
1827945
1827946
1827947
1827948
1827949
1827989
1829644
1829645
1829646
1829647
1829648
1829649
1829696
1829697
1829698
1340704
1340794
1342652
1342653
1343704
1343794
1347940
1347941
1347942
1347943
1347944
1580704
1580794
1587075
1587076
1587077
1587078
1587079
1587980
1587981
1587982
1587983
1587984
1587985
1760704
1760794
1767904
1767914
1767920
1767924
1767934
1767944
1910791
1914200
1914201
1914202
1914203
1917050
1917051
1917910
1917911
1917912
1917913
1917914
1917915
1917916
1917917
1917918
1917919
1320700
1320708
1320709
1320791
1321700
1321791
1323700
1323704
1323708
1323751
1323752
1323764
1323791
1324700
1324708
1324709
1324770
1324771
1324776
1324778
1324780
1324781
1324784
1324786
1324791
1325700
1325708
1325709
1325791
1326300
1326309
1326391
1700702
1700703
1700704
1700705
1700706
1700707
1700708
1700709
1700791
1700798
1700799
1701680
1701681
1701682
1701683
1701684
1701685
1701686
1701687
1701688
1701689
1702790
1702791
1702792
1702793
1702794
1702795
1704492
1704493
1704494
1704495
1704496
1704497
1704498
1704499
1705029
1705160
1705215
1705374
1705533
1705630
1705774
1706941
1706942
1706943
1706944
1706945
1706946
1706947
1706948
1706949
1706950
1706951
1706952
1706953
1706954
1706955
1706956
1707710
1707711
1707712
1707713
1707714
1707715
1707716
1707717
1707718
1707719
1708755
1708756
1708757
1708758
1708759
1709910
1709911
1709912
1709913
1709914
1709915
1709916
1709917
1709918
1709919
1980791
1981509
1987002
1987003
1987004
1987005
1987006
1987007
1987008
1987009
1987010
1987011
1987012
1988006
1988007
1988008
1988009
1988010
1988011
1988012
1988013
1988014
1988015
1988016
1988017
1988018
1988019
1988040
1988041
1988042
1988043
1988044
1988045
1988046
1988047
1988060
1988061
1988062
1988063
1650582
1650791
1650836
1651120
1651121
1651791
1652027
1653853
1656103
1656264
1656272
1657178
1570791
1571700
1571709
1571791
1572763
1572764
1572765
1572766
1572767
1572768
1577957
1579762
1579763
1579764
1579765
1579766
1579767
1579768
1579769
1579770
1579771
1579772
1579773
1579774
1579775
1579776
1579777
1579778
1579779
1579780
1579781
1579782
1579783
1579784
1579785
1579786
1579787
1579788
1579789
1579790
1579791
1579792
1579793
1579794
1579795
1579796
1840700
1840702
1840703
1840704
1840705
1840706
1840707
1840708
1840709
1840791
1846050
1846051
1846052
1846053
1846054
1846055
1846056
1846057
1846058
1846059
1846060
1846061
1846062
1846063
1846064
1846065
1846066
1846067
1846068
1846069
1846070
1846071
1846072
1846073
1846074
1846075
1846076
1846077
1846078
1846079
1846080
1846081
1846082
1846083
1846084
1846085
1846086
1846087
1846088
1846089
1846090
1846091
1846092
1846093
1846094
1846095
1846096
1846097
1846098
1846099
1846570
1846571
1846572
1846573
1846574
1846575
1846576
1846577
1846578
1846579
1846580
1846581
1846582
1846583
1846584
1846585
1846586
1846587
1846588
1846589
1846590
1846591
1846592
1846593
1846594
1846595
1846596
1846597
1846598
1846599
1847000
1847001
1847002
1847003
1847004
1847005
1847006
1847007
1847008
1847009
1847080
1847081
1847082
1847083
1847084
1847085
1847086
1847087
1847088
1847089
1847090
1847091
1847092
1847093
1847094
1847095
1847096
1847097
1847098
1847099
1847910
1847911
1847912
1847913
1847914
1847915
1847916
1847917
1847918
1847919
1849052
1849053
1849055
1849056
1849057
1849059
1849530
1849531
1849532
1849533
1849534
1849535
1849536
1849537
1849538
1849539
1849540
1849541
1849542
1849543
1849544
1849545
1849546
1849547
1849548
1849549
1810078
1810079
1810700
1810708
1810709
1810791
1814661
1814662
1814670
1814671
1814678
1816071
1816074
1816210
1816211
1816603
1816604
1817000
1817001
1817002
1817003
1817004
1817005
1817006
1817007
1817008
1817009
1817040
1817041
1817080
1817081
1817082
1817083
1817084
1817085
1817086
1817087
1817088
1817089
1817090
1817091
1817092
1817093
1817094
1817095
1817096
1817097
1817098
1817099
1817280
1817281
1817282
1817283
1817284
1817285
1817286
1817287
1817288
1817289
1817400
1817401
1817404
1817890
1817891
1817910
1817911
1817912
1817913
1817914
1817915
1817916
1817917
1817918
1817919
1817999
1520791
1527000
1527001
1527002
1527003
1527004
1527080
1527081
1527082
1527083
1527084
1527085
1527086
1527087
1527088
1527089
1527090
1527091
1527092
1527093
1527094
1527095
1527096
1527097
1527098
1527099
1527910
1527911
1527912
1527913
1527914
1527915
1527916
1527917
1527918
1527919
1529791
1370708
1370709
1370791
1373290
1373291
1373292
1373293
1373294
1373295
1373296
1373297
1373298
1373299
1374070
1374079
1374270
1374279
1375560
1375561
1375562
1375563
1375564
1375565
1375566
1375567
1375568
1375569
1375575
1375576
1375577
1375578
1375579
1376700
1376701
1376702
1376703
1376704
1376705
1376706
1376707
1376708
1376709
1376710
1376711
1376712
1376713
1376714
1376715
1376716
1376717
1376718
1376719
1376740
1376741
1376742
1376743
1376744
1376745
1376746
1376747
1376748
1376749
1376795
1376796
1376797
1376798
1376799
1470700
1470791
1471740
1471741
1471742
1471743
1471744
1476566
1476568
1476569
1477070
1477071
1477072
1477073
1477910
1477911
1477912
1477913
1477914
1477915
1477916
1477917
1477918
1477919
1750700
1750708
1750709
1750791
1757901
1757911
1757921
1880700
1880708
1880709
1880791
1882791
1887000
1887001
1887002
1887003
1887004
1887005
1887006
1887007
1887008
1887009
1887047
1887080
1887081
1887082
1887083
1887084
1887085
1887086
1887087
1887091
1887910
1887911
1887912
1887913
1887914
1887915
1887916
1887917
1887918
1887919
1889791
1580700
1580791
1587000
1587001
1587002
1587003
1587060
1587061
1587062
1587063
1587064
1587065
1587066
1587067
1587068
1587069
1587900
1587901
1587902
1587903
1587904
1587905
1587906
1587907
1587908
1587909
1587910
1587911
1587912
1587913
1587914
1587915
1587916
1587917
1587918
1587919
1760700
1760708
1760709
1760791
1767900
1767901
1767908
1767910
1767911
1767921
1767931
1767941
1767950
1767951
1767953
1767955
1767958
1767959
1768791
1340700
1340708
1340709
1340791
1342668
1343700
1343708
1343709
1343790
1343791
1347910
1347911
1347912
1347913
1347914
1347915
1347916
1347917
1347918
1347919
1510791
1517000
1517001
1517002
1517003
1517004
1517005
1517006
1517007
1517008
1517009
1517020
1517021
1517022
1517023
1517024
1517040
1517041
1517042
1517043
1517044
1517045
1517046
1517047
1517048
1517049
1517910
1517911
1517912
1517913
1517914
1517915
1517916
1517917
1517918
1517919
1518010
1518011
1518012
1518013
1518014
1518015
1518016
1518017
1518018
1518019
1518040
1518041
1518042
1518043
1518044
1518045
1518046
1518047
1518048
1518049
1820700
1820708
1820709
1820791
1827080
1827081
1827082
1827083
1827084
1827085
1827086
1827087
1827088
1827089
1827091
1827910
1827911
1827912
1827913
1827914
1827915
1827916
1827917
1827918
1827919
1829611
1829612
1829613
1829614
1829615
1829616
1829617
1870250
1870251
1870252
1870253
1870254
1870259
1870260
1870261
1870262
1870263
1870264
1870269
1870791
1872005
1872006
1872007
1872008
1872009
1872041
1872090
1872091
1872092
1872093
1872094
1872095
1872096
1872097
1872098
1872099
1877000
1877001
1877002
1877003
1877004
1877005
1877006
1877007
1877008
1877009
1877081
1877091
1877910
1877911
1877912
1877913
1877914
1877915
1877916
1877917
1877918
1877919
1877986
1877987
1877988
1877989
1879781
1879791
1380350
1380351
1380352
1380353
1380354
1380700
1380703
1380704
1380705
1380706
1380708
1380709
1380791
1387005
1387006
1387007
1387008
1387009
1387060
1387061
1387062
1387063
1387064
1387065
1387066
1387067
1387068
1387069
1387080
1387081
1387082
1387083
1387084
1387085
1387086
1387087
1387088
1387089
1387090
1387091
1387092
1387093
1387094
1387095
1387096
1387097
1387098
1387099
1387910
1387911
1387912
1387913
1387914
1387915
1387916
1387917
1387918
1387919
1660700
1660703
1660705
1660708
1660709
1660791
1667900
1667901
1667903
1667905
1667908
1667909
1730700
1730708
1730709
1730791
1734661
1734662
1734666
1734670
1734671
1737000
1737001
1737002
1737003
1737004
1737005
1737006
1737007
1737008
1737009
1737045
1737080
1737081
1737082
1737083
1737084
1737085
1737086
1737087
1737088
1737089
1737910
1737911
1737912
1737913
1737914
1737915
1737916
1737917
1737918
1737919
1311780
1311781
1311791
1312521
1313380
1313381
1313382
1313383
1313384
1313391
1315580
1315581
1315582
1315583
1317086
1317087
1317088
1317091
1317777
1317778
1317780
1317781
1317782
1317783
1317784
1317785
1317786
1317787
1317788
1317789
1317791
1318456
1318457
1318458
1318459
1319791
1890700
1890708
1890709
1890791
1894220
1894221
1894222
1894223
1894224
1894230
1894231
1894232
1894233
1894234
1894235
1897000
1897001
1897002
1897003
1897004
1897005
1897006
1897007
1897008
1897009
1897080
1897081
1897082
1897083
1897084
1897085
1897086
1897087
1897088
1897089
1897090
1897091
1897092
1897093
1897094
1897095
1897096
1897097
1897098
1897099
1897910
1897911
1897912
1897913
1897914
1897915
1897916
1897917
1897918
1897919
1360700
1360704
1360706
1360708
1360709
1360791
1361700
1361708
1361709
1361791
1362700
1362708
1362709
1362791
1364700
1364708
1364709
1364791
1365700
1365708
1365709
1365791
1366700
1366708
1366709
1366791
1367220
1367221
1367222
1367223
1367224
1367700
1367708
1367709
1367791
1368481
1368700
1368708
1368709
1368791
1369488
1369700
1369708
1369709
1369791
1369800
1369809
1369841
1369950
1369951
1369952
1369953
1369954
1369955
1369956
1950020
1950021
1950022
1950023
1950024
1952751
1800020
1800021
1800070
1800071
1800700
1800708
1800709
1800791
1804670
1804671
1804676
1804680
1804681
1807000
1807002
1807003
1807004
1807005
1807006
1807007
1807008
1807009
1807011
1807012
1807013
1807014
1807015
1807028
1807029
1807038
1807039
1807040
1807041
1807049
1807050
1807051
1807059
1807910
1807911
1807912
1807913
1807914
1807915
1807916
1807917
1807918
1807919
1530700
1530791
1533775
1534791
1535000
1535001
1535011
1535012
1535040
1535041
1535042
1535043
1537429
1538791
1539089
1539780
1539791
1560791
1567910
1567911
1567912
1567913
1567914
1567915
1567916
1567917
1567918
1567919
1569781
1569784
1569791
1850700
1850704
1850708
1850709
1850791
1857904
1857905
1857906
1857910
1857911
1857912
1857913
1857914
1857915
1857916
1857917
1857918
1857919
1780700
1780702
1780703
1780704
1780705
1780706
1780707
1780708
1780709
1780791
1780881
1784620
1784621
1784622
1784623
1784624
1784625
1784626
1784627
1787071
1787081
1787091
1787901
1787940
1787941
1787942
1787943
1787944
1787945
1787946
1787947
1787948
1787949
1788741
1789151
1789791
1990700
1990791
1991440
1991441
1991442
1991443
1991444
1991445
1991446
1991447
1991448
1991449
1991790
1991791
1991792
1991793
1997000
1997001
1997002
1997003
1997004
1997005
1997006
1997007
1997008
1997009
1997014
1997018
1997019
1997040
1997041
1997901
1997902
1997903
1997904
1997905
1997906
1997907
1997908
1997909
1997911
1997912
1997913
1997914
1997915
1997916
1997917
1997918
1997919
1997940
1997941
1997942
1997952
1997953
1997954
1997955
1997956
1997985
1997986
1997991
1997992
1997993
1997994
1997995
1997996
1711342
1713290
1713291
1713292
1713293
1713294
1713295
1713296
1713297
1713298
1713299
1713700
1713702
1713703
1713704
1713705
1713791
1713799
1715294
1715299
1715791
1715799
1715840
1715841
1715842
1715843
1715844
1715845
1715846
1716299
1716791
1716799
1717299
1717791
1717799
1718190
1718191
1718192
1718193
1718195
1718196
1718197
1718199
1718282
1718288
1718299
1718787
1718788
1718791
1718848
1718849
1719791
1719799
1719840
1719841
1719842
1330700
1330708
1330709
1330791
1331700
1331705
1331791
1331940
1331941
1331942
1331943
1332001
1332011
1333005
1333006
1333007
1333008
1333009
1333010
1333011
1333012
1334001
1334011
1336161
1336162
1336163
1336164
1336165
1336171
1336700
1336708
1336709
1336791
1338700
1338708
1338709
1338791
1339700
1339708
1339709
1339791
1300620
1300621
1300720
1300721
1300722
1300723
1300724
1300728
1301072
1302620
1302621
1302720
1302721
1302722
1302723
1302724
1302728
1303620
1303621
1303720
1303721
1303722
1303723
1303724
1303728
1304490
1304491
1304790
1304791
1306410
1306411
1306412
1306413
1306414
1306510
1306511
1306512
1306513
1306514
1306515
1306516
1306517
1306518
1306519
1307790
1307791
1307792
1307793
1307794
1307795
1307796
1307797
1307798
1307799
1309720
1309721
1309728
1390070
1390079
1390700
1390708
1390709
1390791
1397000
1397001
1397002
1397003
1397004
1397005
1397006
1397007
1397008
1397009
1397080
1397081
1397082
1397083
1397084
1397085
1397086
1397087
1397088
1397089
1397090
1397091
1397092
1397093
1397094
1397095
1397096
1397097
1397098
1397099
1397910
1397911
1397912
1397913
1397914
1397915
1397916
1397917
1397918
1397919
1671150
1671151
1671152
1671153
1671154
1671155
1671156
1671157
1671158
1671159
1671791
1672791
1673791
1860700
1860708
1860791
1867910
1867911
1867912
1867913
1867914
1867915
1867916
1867917
1867918
1867919
1550791
1557910
1557911
1557912
1557913
1557914
1557915
1557916
1557917
1557918
1500700
1500791
1507000
1507001
1507002
1507003
1507004
1507005
1507006
1507007
1507008
1507009
1507040
1507041
1507080
1507081
1507082
1507083
1507084
1507085
1507086
1507087
1507088
1507089
1507090
1507091
1507092
1507093
1507094
1507095
1507096
1507097
1507098
1507099
1507900
1507901
1507902
1507903
1507904
1507905
1507906
1507907
1507908
1507909
1507910
1507911
1507912
1507913
1507914
1507915
1507916
1507917
1507918
1507919
1508350
1508351
1508352
1508353
1508354
1508355
1508380
1508381
1508382
1508383
1508384
1830700
1830701
1830790
1830791
1831791
1837913
1837914
1837915
1837916
1837917
1837918
1837919
1837997
1837998
1837999
1839781
1839791
1452651
1452661
1452668
1453660
1453661
1453662
1453663
1453664
1453665
1454441
1454451
1457020
1457021
1350700
1350708
1350709
1350791
1351700
1351708
1351709
1351791
1357600
1357601
1357602
1357603
1357604
1357605
1357606
1357607
1357608
1357609
1357610
1357611
1357612
1357613
1357614
1357625
1357626
1357627
1357628
1357629
1357690
1357691
1357692
1357693
1357694
1357695
1357696
1357697
1357698
1357699
1590700
1590708
1590709
1590791
1597040
1597041
1597042
1597043
1597044
1597045
1597046
1597047
1597048
1597049
1597060
1597061
1597062
1597063
1597064
1597065
1597066
1597067
1597068
1597069
1597900
1597901
1597902
1597903
1597904
1597905
1597906
1597907
1597908
1597909
1597910
1597911
1597912
1597913
1597914
1597915
1597916
1597917
1597918
1597919
1770700
1770708
1770709
1770791
1774661
1774662
1774666
1777000
1777001
1777002
1777003
1777004
1777005
1777006
1777007
1777008
1777009
1777080
1777081
1777082
1777083
1777084
1777085
1777086
1777087
1777088
1777089
1777910
1777911
1777912
1777913
1777914
1777915
1777916
1777917
1777918
1777919
1820790
1821490
1827090
1827904
1827905
1827906
1827907
1827908
1827909
1829610
1829620
1510790
1517012
1517013
1517014
1517090
1518000
1518001
1518002
1518003
1518004
1518005
1518006
1340790
1342667
1347900
1760790
1768790
1580790
1587009
1587947
1587993
1587994
1311790
1313390
1317090
1317753
1317754
1317790
1319784
1319790
1730790
1737040
1737900
1737901
1737902
1737903
1737904
1737905
1737906
1737907
1737908
1737909
1660790
1380079
1380790
1387900
1387901
1387902
1387903
1387904
1387905
1387906
1387907
1387908
1387909
1870700
1870790
1872040
1877090
1877900
1877901
1879790
1840790
1847900
1847901
1570790
1571790
1572772
1572773
1577958
1577959
1579760
1579761
1980790
1981517
1987001
1988033
1988034
1988035
1988036
1988065
1650790
1651790
1708844
1708845
1708846
1708847
1320790
1321708
1321790
1323754
1323755
1323756
1323757
1323790
1325706
1325790
1910707
1910790
1914216
1750790
1880790
1882790
1887027
1887028
1887029
1887090
1887900
1887901
1887902
1887903
1887904
1887905
1887906
1887907
1887908
1887909
1889790
1470790
1477990
1477991
1479680
1479690
1479780
1479790
1370790
1375554
1375555
1375556
1375557
1375558
1375559
1375570
1375571
1376728
1376729
1520790
1527900
1527901
1527902
1527903
1527904
1527905
1527906
1527907
1527908
1527909
1529790
1810790
1817900
1817901
1817902
1817903
1817904
1817905
1550790
1557013
1557014
1557015
1557016
1557017
1557900
1557901
1557902
1557903
1860790
1867017
1867900
1867901
1867903
1867904
1867905
1867906
1867907
1867908
1867909
1671790
1672790
1673790
1390790
1397049
1397900
1397901
1397902
1397903
1397904
1397905
1397906
1397907
1397908
1397909
1300628
1303055
1303628
1308610
1309700
1770790
1777900
1777901
1777902
1777903
1777904
1777905
1777906
1777907
1777908
1777909
1590790
1597029
1597987
1597988
1597989
1350790
1351790
1357646
1357647
1452660
1454440
1458305
1458306
1458307
1458308
1458309
1831790
1837900
1837901
1837902
1837903
1837904
1839780
1839790
1500790
1507012
1507013
1507014
1508360
1508361
1508362
1508363
1508364
1508396
1508397
1530790
1534790
1535039
1535049
1538780
1538790
1539790
1800790
1804674
1807900
1807901
1807903
1807904
1807905
1807906
1807907
1807908
1807909
1360790
1361790
1362790
1365790
1366790
1367790
1890790
1897049
1897900
1897901
1897902
1897903
1897904
1897905
1897906
1897907
1897908
1897909
1330790
1331790
1332000
1334000
1336170
1336790
1338790
1339790
1713790
1715790
1716790
1717293
1717790
1717849
1718286
1718790
1719790
1719846
1990790
1994210
1997010
1850790
1857900
1857909
1780790
1787090
1787900
1788740
1789790
1560709
1560790
1567900
1567904
1567905
1567906
1567907
1567908
1567909
1569790
1510702
1510792
1517025
1517026
1517027
1517028
1517029
1517091
1517092
1517093
1517094
1517095
1517096
1517097
1517098
1517099
1517920
1517921
1517922
1517923
1517924
1517925
1517926
1517927
1517928
1517929
1518060
1518061
1518062
1518063
1518064
1518065
1518066
1518067
1518068
1518069
1820792
1827020
1827021
1827022
1827023
1827024
1827025
1827026
1827027
1827028
1827029
1827065
1827066
1827067
1827068
1827069
1827092
1827920
1827921
1827922
1827923
1827924
1827925
1827926
1827927
1827928
1827929
1829621
1829622
1829623
1829624
1829625
1829626
1829627
1829628
1829629
1340702
1340792
1342658
1342659
1342660
1342661
1342662
1343702
1343792
1347920
1347921
1347922
1347923
1347924
1347925
1347926
1347927
1347928
1347929
1347987
1347988
1347989
1580702
1580792
1587080
1587081
1587082
1587083
1587084
1587085
1587086
1587087
1587088
1587089
1587920
1587921
1587922
1587923
1587924
1587925
1587926
1587927
1587928
1587929
1760702
1760792
1767902
1767912
1767922
1768792
1311782
1311792
1312520
1312522
1313363
1313364
1313365
1313366
1313392
1313401
1315570
1315571
1315572
1315573
1315598
1317082
1317092
1317770
1317771
1317772
1317773
1317792
1318460
1318461
1318462
1319783
1319792
1730702
1730792
1734660
1734669
1734672
1737042
1737920
1737921
1737922
1737923
1737924
1737925
1737926
1737927
1737928
1737929
1380355
1380356
1380702
1380792
1387020
1387021
1387022
1387023
1387024
1387025
1387026
1387027
1387028
1387029
1387920
1387921
1387922
1387923
1387924
1387925
1387926
1387927
1387928
1387929
1660702
1660792
1667902
1870702
1870792
1872013
1872014
1872015
1872016
1872017
1872018
1872019
1872020
1872021
1872022
1872023
1872024
1872025
1872026
1872027
1872028
1872029
1872042
1877020
1877021
1877022
1877023
1877024
1877025
1877026
1877027
1877028
1877029
1877042
1877082
1877092
1877920
1877921
1877922
1877923
1877924
1877925
1877926
1877927
1877928
1877929
1879782
1879792
1570702
1570792
1571702
1571792
1572094
1572095
1572096
1572097
1572098
1577920
1577921
1577922
1577923
1577924
1577925
1577926
1577927
1577928
1577929
1577940
1577941
1577942
1577983
1577984
1577985
1579797
1579798
1840792
1846000
1846001
1846002
1846003
1846004
1846005
1846006
1846007
1846008
1846009
1847020
1847021
1847022
1847023
1847024
1847025
1847026
1847027
1847028
1847029
1847907
1847908
1847920
1847921
1847922
1847923
1847924
1847925
1847926
1847927
1847928
1847929
1980792
1981512
1984140
1984141
1984142
1984143
1987013
1987014
1987015
1987016
1987017
1987018
1987019
1988020
1988021
1988022
1988023
1988024
1988025
1988026
1988027
1988028
1988029
1988066
1988067
1988669
1650792
1651792
1700790
1700792
1700793
1700794
1701695
1701696
1701697
1701698
1701699
1702798
1702799
1708720
1708721
1708722
1708723
1708724
1708725
1708726
1910702
1910706
1910792
1914204
1914205
1914206
1914207
1914208
1917920
1917921
1917922
1917923
1917924
1917925
1917926
1917927
1917928
1917929
1320702
1320792
1321702
1321792
1323702
1323761
1323762
1323792
1324702
1324772
1324782
1324785
1324792
1325702
1325792
1326302
1326392
1750702
1750792
1757902
1880702
1880792
1881640
1881641
1881642
1881643
1882792
1887020
1887021
1887022
1887023
1887024
1887025
1887026
1887092
1887920
1887921
1887922
1887923
1887924
1887925
1887926
1887927
1887928
1887929
1889792
1470702
1470792
1477086
1477087
1477088
1477089
1477950
1477951
1477952
1477953
1477954
1479642
1479691
1479692
1479693
1479694
1479695
1479696
1479697
1479698
1479699
1479782
1479792
1370792
1375520
1375521
1375522
1375523
1375524
1375525
1375526
1375527
1375528
1375529
1376720
1376721
1376722
1376723
1376724
1376725
1376726
1376727
1810702
1810792
1814660
1814672
1816072
1816079
1816212
1816225
1816226
1816227
1816228
1816229
1817020
1817021
1817022
1817023
1817024
1817025
1817026
1817027
1817028
1817029
1817042
1817290
1817291
1817292
1817293
1817294
1817299
1817402
1817892
1817920
1817921
1817922
1817923
1817924
1817925
1817926
1817927
1817928
1817929
1520702
1520792
1527017
1527018
1527019
1527020
1527021
1527022
1527023
1527024
1527025
1527026
1527027
1527028
1527029
1527055
1527056
1527057
1527058
1527059
1527920
1527921
1527922
1527923
1527924
1527925
1527926
1527927
1527928
1527929
1529792
1860702
1860792
1867902
1867920
1867921
1867922
1867923
1867924
1867925
1867926
1867927
1867928
1867929
1550792
1557020
1557021
1557022
1557023
1557024
1557920
1557921
1557922
1557923
1390702
1390792
1397020
1397021
1397022
1397023
1397024
1397025
1397026
1397027
1397028
1397029
1397920
1397921
1397922
1397923
1397924
1397925
1397926
1397927
1397928
1397929
1671792
1672792
1673792
1300725
1300726
1300727
1300729
1302725
1302726
1302727
1302729
1303725
1303726
1303727
1303729
1304492
1304792
1306415
1306416
1306417
1306418
1306419
1309702
1309725
1309726
1309727
1309729
1590702
1590792
1594950
1594951
1594952
1594953
1594954
1594955
1594956
1594957
1594958
1594959
1597990
1597991
1597992
1597993
1597994
1597995
1597996
1597997
1597998
1597999
1770702
1770792
1774660
1774669
1777020
1777021
1777022
1777023
1777024
1777025
1777026
1777027
1777028
1777029
1777920
1777921
1777922
1777923
1777924
1777925
1777926
1777927
1777928
1777929
1350702
1350706
1350792
1351702
1351792
1357620
1357621
1357622
1357623
1357624
1452652
1452662
1454442
1454452
1457022
1458320
1458321
1458322
1458323
1458324
1500702
1500792
1507020
1507021
1507022
1507023
1507024
1507025
1507026
1507027
1507028
1507029
1507920
1507921
1507922
1507923
1507924
1507925
1507926
1507927
1507928
1507929
1830702
1830792
1831792
1836544
1837010
1837011
1837012
1837013
1837020
1837021
1837022
1837023
1837024
1837025
1837026
1837027
1837028
1837029
1837920
1837921
1837922
1837923
1837924
1837925
1837926
1837927
1837928
1837929
1837960
1837961
1837962
1839782
1839792
1800022
1800023
1800024
1800072
1800792
1804660
1804672
1804682
1807020
1807021
1807022
1807023
1807024
1807042
1807052
1807920
1807921
1807922
1807923
1807924
1807925
1807926
1807927
1807928
1807929
1530702
1530792
1534792
1535002
1535013
1535014
1535020
1535021
1535022
1535023
1535024
1535046
1537420
1537421
1537422
1537423
1537431
1537432
1538771
1538772
1538773
1538774
1538775
1538792
1539080
1539081
1539082
1539083
1539084
1539085
1539086
1539087
1539088
1539781
1539782
1539792
1360702
1360792
1361702
1361792
1362702
1362706
1362792
1363597
1363598
1364702
1364792
1365702
1365792
1366702
1366792
1367225
1367226
1367702
1367792
1368482
1368702
1368792
1369481
1369482
1369702
1369792
1369802
1369840
1369842
1890702
1890792
1894225
1897020
1897021
1897022
1897023
1897024
1897025
1897026
1897027
1897028
1897029
1897920
1897921
1897922
1897923
1897924
1897925
1897926
1897927
1897928
1897929
1330702
1330792
1331702
1331792
1331944
1331945
1332002
1332012
1333000
1333001
1333002
1333003
1334002
1334012
1336172
1336702
1336792
1338702
1338792
1339704
1339792
1713792
1715293
1715295
1715296
1715792
1716792
1716841
1716842
1716843
1716844
1717792
1718293
1718295
1718296
1718792
1718845
1718846
1718847
1719792
1990702
1990792
1991450
1991451
1991452
1991453
1991454
1991455
1991456
1994212
1997012
1997020
1997021
1997022
1997023
1997024
1997025
1997026
1997027
1997028
1997029
1997042
1997920
1997921
1997922
1997923
1997924
1997925
1997926
1997927
1997928
1997929
1560702
1560792
1567920
1567921
1567922
1567923
1567924
1567925
1567926
1567927
1567928
1567929
1569782
1569792
1850702
1850792
1857920
1857921
1857922
1857923
1780792
1780882
1784628
1784629
1784630
1787072
1787082
1787092
1787902
1787980
1787981
1787982
1787983
1787984
1787985
1787986
1787987
1787988
1787989
1788742
1789152
1789792
1311798
1312528
1313388
1313389
1313398
1313404
1313405
1315574
1315575
1315576
1315577
1315578
1317098
1317763
1317798
1318450
1318451
1319798
1730798
1734678
1737048
1737981
1737982
1737983
1737984
1737985
1737986
1737987
1737988
1737989
1660798
1380798
1387980
1387981
1387982
1387983
1387984
1387985
1387986
1387987
1387988
1387989
1870708
1870798
1872044
1872048
1877098
1877980
1877981
1877982
1877983
1877984
1879788
1879798
1820798
1827098
1827984
1827985
1827986
1827987
1827988
1829680
1829681
1829682
1829683
1510708
1510798
1517030
1517031
1517980
1517981
1517982
1517983
1517984
1517985
1517986
1517987
1517988
1517989
1340798
1343798
1347980
1347981
1347982
1347983
1347984
1760798
1767928
1768798
1580708
1580798
1587005
1587006
1587948
1587949
1587998
1587999
1750798
1757908
1880798
1882798
1887037
1887038
1887039
1887098
1887980
1887981
1887982
1887983
1887984
1887985
1887986
1887987
1887988
1887989
1889798
1370798
1376780
1376781
1376782
1376783
1376784
1376785
1376790
1376791
1376792
1376793
1376794
1470708
1470798
1477980
1477981
1479638
1479660
1479788
1479798
1520708
1520798
1527998
1527999
1529798
1810798
1817980
1817981
1817982
1817983
1817984
1817985
1817986
1817987
1817988
1817989
1840798
1847988
1847989
1570798
1571798
1572751
1577947
1577948
1577949
1577980
1577981
1577982
1980798
1981516
1987046
1987047
1987086
1987087
1987088
1987089
1650798
1651798
1707757
1707758
1707759
1708848
1708849
1320798
1321703
1321798
1323758
1323760
1323798
1324788
1324798
1325798
1326398
1910798
1917980
1917981
1917982
1917983
1917984
1917985
1917986
1917987
1917988
1917989
1770798
1777980
1777981
1777982
1777983
1777984
1777985
1777986
1777987
1777988
1777989
1590798
1452658
1454448
1454458
1457028
1458345
1458346
1458347
1458348
1458349
1350798
1351798
1357640
1357641
1357642
1830708
1830798
1831798
1832280
1832281
1832282
1832283
1832284
1832285
1832286
1832287
1832288
1832289
1839788
1839798
1500798
1507980
1507981
1507982
1507983
1507984
1507985
1507986
1507987
1507988
1507989
1508398
1550798
1557039
1860798
1867980
1867981
1867982
1867983
1867984
1867985
1867986
1867987
1867988
1867989
1671798
1672798
1673798
1390798
1397039
1397980
1397981
1397982
1397983
1397984
1397985
1397986
1397987
1397988
1397989
1303050
1303051
1304498
1304798
1308614
1309710
1309712
1309718
1309723
1330798
1331798
1331937
1331938
1332008
1332014
1334007
1336178
1336798
1338798
1339798
1713798
1715798
1716295
1716296
1716297
1716798
1717798
1717844
1717845
1718285
1718798
1718843
1718844
1719798
1990708
1990798
1997048
1997088
1997089
1997980
1997987
1997988
1997989
1850798
1857902
1857925
1780798
1787078
1787088
1787098
1787908
1788748
1789158
1789798
1560708
1560798
1567980
1567981
1567982
1567983
1567984
1567985
1567986
1567987
1567988
1567989
1569798
1530708
1530798
1534798
1535008
1535038
1538798
1539798
1800798
1804678
1804684
1807980
1807981
1807982
1807983
1807984
1807985
1807986
1807987
1807988
1807989
1360798
1361798
1362798
1364798
1365798
1366798
1367798
1368488
1368798
1369798
1369848
1890798
1897039
1897980
1897981
1897982
1897983
1897984
1897985
1897986
1897987
1897988
1897989
1313362
1317080
1317759
1317769
1319780
1319781
1730701
1734663
1737015
1737016
1737018
1737041
1380070
1380701
1387000
1387001
1387002
1387003
1387004
1387010
1387011
1387012
1387013
1387014
1387015
1387016
1387017
1387018
1387019
1660701
1870701
1872000
1877010
1877011
1877012
1877016
1877080
1879780
1510700
1510701
1517010
1517011
1518007
1518008
1518009
1820701
1821491
1827010
1827011
1827012
1827013
1829618
1829619
1829684
1829685
1340701
1342666
1343701
1580701
1587946
1587986
1587987
1587990
1587991
1587992
1760701
1768794
1750701
1880701
1887015
1887016
1887017
1887018
1887019
1887067
1887068
1887069
1887089
1470701
1479636
1479637
1479661
1479781
1479791
1370701
1810701
1814666
1816070
1816601
1817015
1817016
1817017
1817018
1817019
1520700
1520701
1527010
1527011
1527012
1527013
1527014
1570701
1571701
1572771
1577943
1577944
1840701
1847010
1847011
1980701
1981518
1987000
1988030
1988031
1988032
1988064
1707175
1707176
1707177
1707178
1707179
1910700
1910701
1914215
1320701
1321701
1323701
1324701
1325701
1590701
1597028
1770701
1774663
1777015
1777016
1777017
1777018
1777019
1350701
1351701
1357649
1452650
1454450
1458300
1458301
1458302
1458303
1458304
1500701
1507010
1507011
1508365
1508366
1508367
1508368
1508369
1837014
1837015
1837016
1837017
1837018
1837019
1860701
1867010
1867011
1867012
1867013
1867014
1867015
1867018
1550701
1390701
1397015
1397016
1397017
1397018
1397019
1300622
1300623
1300624
1301062
1301440
1301441
1302622
1302623
1302625
1303622
1303623
1330701
1331701
1332010
1334010
1336160
1336701
1338701
1339701
1713701
1717295
1717296
1717297
1717298
1717846
1717847
1718785
1718786
1718789
1719843
1719849
1990701
1994211
1997011
1997944
1560701
1567901
1567902
1567903
1569780
1850701
1857901
1857927
1780701
1780880
1787070
1787080
1789150
1800701
1804688
1804689
1807001
1807016
1807017
1807018
1807019
1807902
1530701
1535010
1535030
1537430
1538770
1360701
1361701
1362701
1363599
1365701
1366701
1367701
1368701
1890701
1894229
1894238
1894239
1897015
1897016
1897017
1897018
1897019
