1350613
1350620
1350621
1350622
1350623
1350624
1350625
1350626
1351160
1351161
1351162
1351163
1358425
1358426
1358427
1358428
1358429
1358440
1358441
1358442
1358443
1358444
1358445
1358446
1358447
1358448
1358449
1358480
1358481
1358482
1358483
1358484
1358485
1358486
1358487
1358488
1358489
1358490
1358491
1358492
1358493
1358494
1358495
1358496
1358497
1358498
1358499
1450840
1450841
1450842
1450843
1450844
1450845
1450846
1452615
1452616
1452617
1452618
1452619
1452620
1452621
1452622
1452623
1453642
1453643
1453644
1453645
1453646
1454421
1454430
1454431
1454936
1454937
1454938
1454939
1457060
1457061
1457062
1457063
1457064
1457065
1457066
1457067
1457068
1457069
1457256
1457257
1457258
1457259
1457944
1457945
1457946
1457947
1458000
1458001
1458002
1458003
1458004
1458005
1458006
1458007
1458008
1458009
1458010
1458011
1458012
1458013
1458014
1458015
1458016
1458017
1458018
1458019
1590613
1590620
1590621
1590622
1590623
1590624
1590625
1590626
1595000
1595001
1595002
1595003
1595004
1595005
1595006
1595007
1595008
1595009
1595015
1595016
1595017
1595018
1595019
1595090
1595091
1595092
1595093
1595094
1595095
1595096
1595097
1595098
1595099
1595110
1595111
1595112
1595113
1595118
1595240
1595241
1595242
1595243
1595244
1595245
1596210
1596211
1596212
1596213
1596214
1596215
1596216
1596217
1596218
1596219
1596220
1596221
1596222
1596223
1596224
1596225
1596226
1596227
1596228
1596229
1596230
1596231
1596232
1596233
1596234
1596235
1596236
1596237
1596238
1596239
1596240
1596241
1596242
1596243
1596244
1596245
1596246
1596247
1596248
1596249
1596250
1596251
1596252
1596253
1596254
1596255
1596256
1596257
1596258
1596259
1596260
1596261
1596262
1596263
1596264
1596265
1596266
1596267
1596268
1596269
1599540
1599541
1599542
1599543
1599544
1599545
1599546
1599547
1599548
1599549
1599550
1599551
1599552
1599553
1599554
1599555
1599556
1599557
1599558
1599559
1599560
1599561
1599562
1599563
1599564
1599565
1599566
1599567
1599568
1599569
1599570
1599571
1599572
1599573
1599574
1599575
1599576
1599577
1599578
1599579
1599580
1599581
1599582
1599583
1599584
1599585
1599586
1599587
1599588
1599589
1599590
1599591
1599592
1599593
1599594
1599595
1599596
1599597
1599598
1599599
1770154
1770155
1770156
1770157
1770613
1770620
1770621
1770622
1770623
1770624
1770625
1770626
1771247
1771248
1771249
1771260
1771261
1771262
1771263
1771264
1771265
1771266
1771267
1771268
1771269
1771405
1771406
1771407
1771408
1771409
1771421
1771422
1771423
1771425
1771426
1771427
1771428
1771429
1771443
1771444
1771445
1771468
1771469
1771486
1771487
1771488
1771489
1771513
1771514
1771515
1771516
1771517
1771518
1771519
1771535
1771536
1771537
1771538
1771539
1771550
1771551
1771552
1771553
1771554
1771555
1771556
1771557
1771558
1771559
1771588
1771589
1775109
1775110
1775111
1775112
1775113
1775114
1775115
1775116
1775117
1775118
1775119
1775120
1775121
1775122
1775123
1775124
1775125
1775126
1775127
1775128
1775129
1775141
1775142
1775143
1775144
1775145
1775146
1775147
1775165
1775166
1775170
1775171
1775172
1776186
1776187
1776188
1776189
1776190
1776191
1776192
1776193
1776194
1776800
1776801
1776802
1776803
1776804
1776805
1776806
1776807
1776808
1776809
1776840
1776841
1777220
1777221
1777222
1777223
1777224
1779857
1779858
1779859
1779860
1779861
1779862
1779863
1779864
1779865
1779866
1779867
1779868
1779869
1621501
1500613
1500620
1500621
1500622
1500623
1500624
1500625
1500626
1505010
1505011
1505012
1505013
1505014
1505015
1505016
1505017
1505018
1505019
1505020
1505021
1505022
1505023
1505024
1505025
1505026
1505027
1505028
1505029
1505030
1505031
1505032
1505033
1505034
1505035
1505036
1505037
1505038
1505039
1505040
1505041
1505042
1505043
1505044
1505045
1505046
1505047
1505048
1505049
1505140
1505141
1505142
1505143
1505144
1505145
1505146
1505147
1505148
1505149
1505150
1505151
1505152
1505153
1505154
1505155
1505156
1505157
1505158
1505159
1505160
1505161
1505162
1505163
1505164
1505165
1505166
1505167
1505168
1505169
1505170
1505171
1505172
1505173
1505174
1505175
1505176
1505177
1505178
1505179
1506230
1506231
1506232
1506233
1506234
1506235
1506236
1506237
1506238
1506239
1506240
1506241
1506242
1506243
1506244
1506245
1506246
1506247
1506248
1506249
1506250
1506251
1506252
1506253
1506254
1506255
1506256
1506257
1506258
1506259
1506260
1506261
1506262
1506263
1506264
1506265
1506266
1506267
1506268
1506269
1830613
1830620
1830621
1830622
1830623
1830624
1830625
1830626
1834467
1834468
1835103
1835107
1835108
1835110
1835111
1835112
1835113
1835118
1835125
1835126
1835160
1835161
1835162
1835163
1835164
1835165
1835166
1835167
1835168
1835169
1835170
1835171
1835172
1835173
1835174
1835175
1835176
1835177
1835178
1835179
1835239
1835240
1835241
1835242
1835243
1835244
1835245
1836044
1836047
1836048
1836087
1836088
1836100
1836101
1836102
1836103
1836104
1836105
1836144
1836190
1836191
1836192
1836193
1836194
1836195
1836196
1836197
1836198
1836199
1836220
1836221
1836250
1836251
1836252
1836253
1836254
1836255
1836256
1836257
1836258
1836259
1836260
1836261
1836262
1836263
1836264
1836265
1836266
1836267
1836268
1836269
1836270
1836271
1836272
1836273
1836274
1836275
1836276
1836277
1836278
1836279
1390062
1390154
1390155
1390156
1390157
1390613
1390620
1390621
1390622
1390623
1390624
1390625
1390626
1391260
1391261
1391262
1391263
1391264
1391265
1391266
1391267
1391268
1391269
1391270
1391271
1391272
1391273
1391274
1391275
1391276
1391277
1391278
1391279
1391305
1391306
1391307
1391308
1391309
1391310
1391311
1391312
1391313
1391314
1391315
1391316
1391317
1391318
1391319
1391320
1391321
1391322
1391323
1391324
1391325
1391326
1391327
1391328
1391329
1391350
1391351
1391352
1391353
1391354
1391355
1391356
1391357
1391358
1391359
1391360
1391361
1391362
1391363
1391364
1391365
1391366
1391367
1391368
1391369
1391370
1391371
1391372
1391373
1391374
1391375
1391376
1391377
1391378
1391379
1391400
1391401
1391402
1391403
1391404
1391405
1391406
1391407
1391408
1391409
1391490
1391491
1391492
1391493
1391494
1391495
1391496
1391497
1391498
1391499
1391540
1391541
1391542
1391543
1391544
1391545
1391546
1391547
1391548
1391549
1391550
1391551
1391552
1391553
1391554
1391555
1391556
1391557
1391558
1391559
1391560
1391561
1391562
1391563
1391564
1391565
1391566
1391567
1391568
1391569
1391570
1391571
1391572
1391573
1391574
1391575
1391576
1391577
1391578
1391579
1392195
1392196
1392197
1392198
1392199
1395110
1395111
1395112
1395113
1395118
1395240
1395241
1395242
1395243
1395244
1395245
1396210
1396211
1396212
1396213
1396214
1396215
1396216
1396217
1396218
1396219
1396220
1396221
1396222
1396223
1396224
1396225
1396226
1396227
1396228
1396229
1396230
1396231
1396232
1396233
1396234
1396235
1396236
1396237
1396238
1396239
1396240
1396241
1396242
1396243
1396244
1396245
1396246
1396247
1396248
1396249
1396250
1396251
1396252
1396253
1396254
1396255
1396256
1396257
1396258
1396259
1396260
1396261
1396262
1396263
1396264
1396265
1396266
1396267
1396268
1396269
1671512
1672512
1673300
1673322
1673512
1673997
1673998
1673999
1860142
1860143
1860144
1860145
1860512
1860620
1860621
1860622
1860623
1860624
1860625
1860626
1860627
1860628
1860629
1862500
1862501
1862502
1862503
1862504
1862505
1862506
1862507
1862508
1862509
1862510
1862511
1862512
1862513
1862514
1862520
1862521
1862522
1862523
1862524
1862525
1862526
1862527
1862610
1862611
1862612
1862613
1862614
1862615
1862616
1862617
1862618
1862619
1862620
1862621
1862622
1862623
1862624
1862625
1862626
1862627
1862628
1862629
1865110
1865111
1865112
1865113
1865118
1865145
1865242
1865243
1865244
1866210
1866211
1866212
1866213
1866214
1866215
1866216
1866217
1866218
1866219
1866220
1866221
1866222
1866223
1866224
1866225
1866226
1866227
1866228
1866229
1866230
1866231
1866232
1866233
1866234
1866235
1866240
1866241
1866242
1866243
1866244
1866245
1866246
1866247
1866248
1866249
1866250
1866251
1866252
1866253
1866254
1866255
1866256
1866257
1866258
1866259
1866260
1866261
1866262
1866263
1866264
1866265
1866266
1866267
1866268
1866269
1869490
1869491
1869492
1869493
1550130
1550131
1550132
1550133
1550134
1550135
1550136
1550137
1550138
1550139
1550145
1550146
1550147
1550148
1550149
1550150
1550151
1550152
1550153
1550154
1550155
1550156
1550157
1550158
1550159
1550160
1550161
1550162
1550163
1550164
1550165
1550166
1550167
1550168
1550169
1550513
1550514
1550523
1550524
1550613
1550614
1550615
1550616
1550617
1550618
1550619
1550620
1550621
1550622
1550623
1550624
1550625
1550626
1550627
1550628
1550629
1559900
1559901
1559902
1559903
1559904
1559905
1559906
1559907
1559908
1559909
1300450
1300451
1300452
1300453
1300454
1300455
1300456
1300457
1300458
1300459
1301045
1301375
1301376
1301377
1301378
1301379
1301380
1301381
1301382
1301383
1301384
1301385
1301386
1301387
1301388
1301389
1302450
1302451
1302452
1302453
1302454
1302455
1302456
1302457
1302458
1302459
1303252
1303253
1304029
1304140
1304141
1304142
1304143
1304144
1304145
1304146
1304147
1304148
1304149
1304180
1304181
1304182
1304183
1304184
1304185
1304186
1304187
1304188
1304189
1305280
1305281
1305282
1305283
1305284
1305285
1305286
1305287
1305288
1305289
1305740
1305741
1305742
1305743
1305744
1305745
1305746
1305747
1305748
1305749
1306370
1306371
1306372
1306373
1306374
1306375
1306376
1306377
1306378
1306379
1306380
1306381
1306382
1306383
1306384
1306385
1306386
1306387
1306388
1306389
1307330
1307331
1307332
1307333
1307334
1307335
1307336
1307337
1307338
1307339
1308252
1308352
1309260
1309261
1309262
1309263
1309264
1309265
1309266
1309267
1720194
1720197
1720198
1720199
1720520
1710558
1710940
1710967
1711991
1712333
1712334
1712335
1713512
1713771
1713772
1713775
1713776
1713778
1713779
1715051
1715052
1715053
1715055
1715056
1715057
1715058
1715059
1715330
1715331
1715332
1715336
1715337
1715338
1715339
1715342
1715343
1715344
1715345
1715346
1715347
1715348
1715349
1715512
1715520
1715521
1715524
1715525
1715526
1715528
1715529
1715620
1715621
1715622
1715623
1715624
1715625
1715626
1715627
1715628
1715640
1715641
1715642
1715643
1715644
1715645
1716336
1716512
1716622
1716633
1716655
1717333
1717337
1717512
1718348
1718349
1718512
1718524
1718624
1718626
1718627
1718628
1718629
1718630
1718631
1718632
1718633
1718634
1718635
1718636
1718637
1718638
1718639
1718640
1718641
1718642
1718650
1719333
1719512
1330154
1330155
1330156
1330157
1330613
1330620
1330621
1330622
1330623
1330624
1330625
1330626
1332800
1332801
1332802
1332803
1332804
1332805
1333800
1333801
1333802
1333803
1333804
1333805
1333864
1333865
1333866
1333867
1333868
1333869
1333870
1333871
1333872
1334800
1334801
1334802
1334803
1334804
1334805
1335800
1335801
1335802
1335803
1335804
1335805
1337210
1337211
1337212
1337213
1337214
1337215
1337216
1337217
1337218
1337515
1337516
1337517
1337518
1337519
1338210
1338211
1338212
1338213
1338214
1338215
1338216
1338217
1338218
1338219
1338241
1338250
1338251
1338252
1338253
1338254
1339082
1339083
1339084
1339085
1339086
1339087
1339088
1339089
1560154
1560155
1560156
1560157
1560613
1560620
1560621
1560622
1560623
1560624
1560625
1560626
1565110
1565111
1565112
1565113
1565118
1566443
1566453
1566454
1569512
1569528
1780260
1780261
1780444
1780445
1780446
1780447
1780448
1780449
1782614
1782618
1782619
1782634
1782638
1782666
1784944
1784988
1785149
1785150
1785151
1785152
1785153
1785170
1785171
1785172
1788720
1788721
1788811
1789504
1789505
1789506
1789507
1789508
1850150
1850151
1850152
1850153
1850154
1850155
1850156
1850157
1850158
1850159
1850512
1850610
1850611
1850612
1850613
1850614
1850615
1850616
1850617
1850618
1850619
1850620
1850621
1850622
1850623
1850624
1850625
1850626
1850627
1850628
1850629
1854980
1854981
1854982
1854983
1854984
1854985
1854986
1854987
1854988
1854989
1854990
1854991
1854992
1854993
1854994
1854995
1854996
1854997
1854998
1854999
1855000
1855001
1855002
1855003
1855004
1855005
1855006
1855007
1855008
1855009
1855010
1855011
1855012
1855013
1855014
1855015
1855016
1855017
1855018
1855019
1855020
1855021
1855022
1855023
1855024
1855025
1855026
1855027
1855028
1855029
1855030
1855031
1855032
1855033
1855034
1855035
1855036
1855037
1855038
1855039
1855040
1855041
1855042
1855043
1855044
1855045
1855046
1855047
1855048
1855049
1855050
1855051
1855052
1855053
1855054
1855055
1855056
1855057
1855058
1855059
1855060
1855061
1855062
1855063
1855064
1855065
1855076
1855077
1855078
1855079
1855080
1855081
1855082
1855083
1855084
1855085
1855086
1855087
1855088
1855089
1855090
1855091
1855092
1855093
1855094
1855095
1855096
1855097
1855098
1855099
1855110
1855111
1855112
1855113
1855114
1855115
1855116
1855117
1855118
1855119
1855120
1855121
1855122
1855123
1855124
1855125
1855126
1855127
1855128
1855129
1855157
1855158
1855244
1855670
1855671
1855672
1855673
1855674
1855675
1855676
1855677
1855678
1855679
1855680
1855681
1855682
1855683
1855684
1855685
1855686
1855687
1855688
1855689
1855690
1855691
1855692
1855693
1855694
1855695
1855696
1855697
1855698
1855699
1990145
1990146
1990147
1990148
1990149
1990512
1990615
1990620
1990621
1990622
1990623
1990625
1990626
1994169
1994170
1994185
1994186
1994187
1994188
1994189
1994190
1994191
1994192
1994193
1994195
1994196
1994197
1994208
1995100
1995101
1995102
1995103
1995104
1995105
1995110
1995111
1995112
1995113
1995114
1995115
1995117
1995118
1995119
1995120
1995121
1995122
1995123
1995124
1995125
1995126
1995127
1995128
1995129
1995130
1995131
1995132
1995133
1995134
1995135
1995136
1995137
1995138
1995139
1995155
1995156
1995157
1995158
1995182
1995191
1995255
1995279
1996210
1996211
1996212
1996213
1996214
1996215
1996216
1996217
1996218
1996219
1996265
1996266
1996267
1996268
1996269
1996279
1996280
1996281
1996282
1996283
1996284
1996285
1996286
1996287
1996288
1996289
1996290
1996291
1996292
1996293
1996294
1996295
1996296
1996297
1996298
1996299
1997517
1998476
1998477
1998478
1998479
1998480
1998481
1998482
1998483
1998484
1998485
1998486
1998487
1998488
1998489
1998490
1998491
1998492
1998493
1800154
1800155
1800156
1800157
1800613
1800620
1800621
1800622
1800623
1800624
1800625
1800626
1801260
1801261
1801262
1801263
1801264
1801265
1801266
1801267
1801268
1801269
1801270
1801271
1801272
1801273
1801274
1801275
1801276
1801277
1801278
1801279
1801305
1801306
1801307
1801308
1801309
1801310
1801311
1801312
1801313
1801314
1801315
1801316
1801317
1801318
1801319
1801320
1801321
1801322
1801323
1801324
1801325
1801326
1801327
1801328
1801329
1801347
1801348
1801349
1801350
1801351
1801352
1801353
1801354
1801355
1801356
1801357
1801358
1801359
1801360
1801361
1801362
1801363
1801364
1801365
1801366
1801367
1801368
1801369
1801370
1801371
1801372
1801373
1801374
1801375
1801376
1801377
1801378
1801379
1801400
1801401
1801402
1801403
1801404
1801486
1801487
1801488
1801489
1801490
1801491
1801540
1801541
1801542
1801543
1801544
1801545
1801546
1801547
1801548
1801549
1801550
1801551
1801552
1801553
1801554
1801555
1801556
1801557
1801558
1801559
1801560
1801561
1801562
1801563
1801564
1801565
1801566
1801567
1801568
1801569
1801810
1801811
1801812
1801813
1801814
1801815
1801816
1801817
1801818
1801819
1802020
1802021
1802022
1802023
1802024
1802025
1802026
1802027
1802028
1802123
1802124
1802125
1802126
1802127
1802128
1802129
1802130
1802134
1802146
1802160
1802161
1802162
1802163
1802164
1803608
1803609
1803610
1803611
1803612
1803613
1803614
1803615
1803638
1803639
1803681
1803682
1803683
1805104
1805109
1805110
1805111
1805112
1805113
1805121
1805122
1805123
1805124
1805129
1805147
1805148
1805152
1805153
1805154
1805173
1805174
1805175
1805176
1805177
1805178
1805179
1805180
1805181
1805182
1805183
1805184
1805185
1805186
1805187
1805188
1805189
1805190
1805240
1805241
1805242
1805243
1805244
1805245
1806192
1806193
1806194
1806199
1806800
1806801
1806802
1806803
1806804
1806805
1806806
1806807
1806808
1806809
1806840
1806841
1806842
1806843
1806844
1808670
1808671
1808672
1809425
1809426
1809427
1809428
1530154
1530155
1530156
1530157
1530613
1530620
1530621
1530622
1530623
1530624
1530625
1530626
1531214
1531215
1531216
1531217
1531218
1531219
1531245
1531246
1533525
1533526
1533527
1533528
1533529
1534512
1534524
1535335
1535840
1535841
1535842
1535843
1535844
1535847
1535848
1535849
1535880
1535881
1535882
1535883
1535884
1535888
1535889
1536530
1536531
1536532
1536533
1536534
1536535
1536536
1536537
1536538
1536539
1536620
1536621
1536622
1536623
1536624
1536625
1536626
1536627
1536628
1536629
1537000
1537001
1537002
1537003
1537004
1537005
1537006
1537007
1537008
1537009
1537010
1537011
1537012
1537013
1537014
1537015
1537016
1537017
1537018
1537019
1537030
1537031
1537032
1537033
1537034
1537035
1537036
1537037
1537038
1537039
1537075
1537076
1537077
1537078
1537079
1537145
1537146
1537147
1537148
1537149
1537180
1537181
1537182
1537183
1537184
1537185
1537186
1537187
1537188
1537189
1890060
1890061
1890069
1890154
1890155
1890156
1890157
1890613
1890620
1890621
1890622
1890623
1890624
1890625
1890626
1891260
1891261
1891262
1891263
1891264
1891265
1891266
1891267
1891268
1891269
1891270
1891271
1891272
1891273
1891274
1891275
1891276
1891277
1891278
1891279
1891305
1891306
1891307
1891308
1891309
1891310
1891311
1891312
1891313
1891314
1891315
1891316
1891317
1891318
1891319
1891320
1891321
1891322
1891323
1891324
1891325
1891326
1891327
1891328
1891329
1891350
1891351
1891352
1891353
1891354
1891355
1891356
1891357
1891358
1891359
1891360
1891361
1891362
1891363
1891364
1891365
1891366
1891367
1891368
1891369
1891370
1891371
1891372
1891373
1891374
1891375
1891376
1891377
1891378
1891379
1891400
1891401
1891402
1891403
1891404
1891405
1891406
1891407
1891408
1891409
1891490
1891491
1891492
1891493
1891494
1891495
1891496
1891497
1891498
1891499
1891540
1891541
1891542
1891543
1891544
1891545
1891546
1891547
1891548
1891549
1891550
1891551
1891552
1891553
1891554
1891555
1891556
1891557
1891558
1891559
1891560
1891561
1891562
1891563
1891564
1891565
1891566
1891567
1891568
1891569
1891570
1891571
1891572
1891573
1891574
1891575
1891576
1891577
1891578
1891579
1892195
1892196
1892197
1892198
1892199
1893455
1893456
1893457
1893458
1893459
1893608
1893609
1893610
1893611
1893612
1893613
1893614
1893615
1894420
1894421
1894422
1894423
1894424
1894425
1894426
1894427
1894428
1894429
1895110
1895111
1895112
1895113
1895118
1895240
1895241
1895242
1895243
1895244
1895245
1896210
1896211
1896212
1896213
1896214
1896215
1896216
1896217
1896218
1896219
1896220
1896221
1896222
1896223
1896224
1896225
1896226
1896227
1896228
1896229
1896230
1896231
1896232
1896233
1896234
1896235
1896236
1896237
1896238
1896239
1896240
1896241
1896242
1896243
1896244
1896245
1896246
1896247
1896248
1896249
1896250
1896251
1896252
1896253
1896254
1896255
1896256
1896257
1896258
1896259
1896260
1896261
1896262
1896263
1896264
1896265
1896266
1896267
1896268
1896269
1896365
1896366
1896367
1896368
1896369
1899430
1899431
1899432
1899433
1899434
1899435
1899436
1899437
1899438
1899439
1899440
1899441
1899442
1899443
1899444
1899445
1899446
1899447
1360154
1360155
1360156
1360157
1360613
1360620
1360621
1360622
1360623
1360624
1360625
1360626
1361620
1361621
1361622
1361623
1361624
1361625
1361626
1361627
1361628
1362154
1362155
1362156
1362157
1362527
1362528
1362529
1362619
1364620
1364621
1364622
1364623
1364625
1365620
1365621
1365622
1365623
1365624
1365625
1365626
1950090
1950091
1950092
1950093
1950094
1950095
1950096
1950097
1950098
1950099
1951443
1955193
1730614
1730615
1730616
1730617
1730618
1730619
1730620
1730621
1730622
1730623
1731112
1731113
1731114
1731210
1731211
1731212
1731213
1731215
1731216
1731217
1731218
1731219
1731231
1731243
1731244
1731245
1731246
1731247
1731254
1731255
1731256
1731257
1731258
1731259
1731260
1731261
1731262
1731263
1731264
1731265
1731266
1731267
1731268
1731269
1731405
1731406
1731407
1731408
1731409
1731421
1731422
1731423
1731425
1731426
1731427
1731428
1731429
1731446
1731474
1731491
1731492
1731493
1731494
1731504
1731514
1731521
1731522
1731523
1731524
1731526
1731527
1731528
1731534
1731540
1731541
1731542
1731543
1731545
1731546
1731547
1731548
1731549
1731554
1731555
1731556
1731557
1731558
1731559
1731560
1731564
1731574
1731580
1731581
1731582
1731583
1731584
1731585
1731586
1731587
1731588
1731589
1731590
1731591
1731592
1731593
1731594
1731595
1731596
1731597
1732174
1732615
1732616
1732617
1732618
1732619
1732704
1732706
1732707
1732714
1732724
1732734
1732770
1734271
1735109
1735110
1735111
1735112
1735113
1735114
1735115
1735116
1735117
1735118
1735119
1735120
1735121
1735122
1735123
1735124
1735125
1735126
1735127
1735128
1735129
1735141
1735142
1735143
1735144
1735145
1735146
1735147
1735165
1735166
1735170
1735171
1735172
1735241
1735498
1735820
1735821
1735822
1735823
1735824
1736535
1736536
1736537
1736538
1736539
1736540
1736541
1736542
1736543
1736611
1736612
1736613
1736643
1736802
1736813
1736834
1736856
1737210
1737211
1737212
1737213
1737214
1737215
1737216
1737217
1737235
1737236
1737243
1737249
1737250
1737251
1737252
1737253
1737254
1737255
1737256
1737257
1737258
1737259
1737260
1737261
1737262
1737263
1737264
1737265
1737266
1737267
1737268
1737269
1737273
1737274
1737280
1737281
1737282
1737283
1737471
1738450
1738451
1738452
1738453
1738454
1738455
1738808
1738849
1739400
1739401
1739402
1739403
1739404
1739405
1739406
1739407
1739408
1739409
1739478
1739681
1739790
1739791
1739792
1739793
1739999
1311510
1311511
1311512
1314080
1314081
1314082
1314083
1314084
1314085
1314086
1314087
1314088
1314089
1314090
1314091
1314092
1314093
1314094
1314095
1314096
1314097
1314098
1314099
1314180
1314181
1314182
1314183
1314184
1314185
1314186
1314187
1314188
1314189
1314500
1314501
1314502
1314503
1314504
1314505
1314506
1314507
1314508
1314509
1314510
1314511
1315115
1315116
1315117
1315118
1315119
1315146
1315147
1315148
1315149
1315162
1315163
1315164
1315165
1315166
1316010
1316011
1316012
1316013
1316014
1316015
1316016
1316042
1316043
1317410
1317411
1317940
1317941
1317960
1317961
1317962
1317963
1317964
1318246
1318260
1318261
1318262
1318263
1318264
1318265
1318266
1318267
1318268
1318269
1319660
1319661
1319662
1870613
1870620
1870621
1870622
1870623
1870624
1870625
1870626
1872403
1875110
1875111
1875112
1875113
1875114
1875115
1875116
1875117
1875118
1875119
1875298
1875299
1876190
1876191
1876192
1876193
1876194
1876195
1876196
1876197
1876198
1876199
1876241
1876242
1876243
1876244
1876286
1876287
1876288
1876289
1876290
1876291
1876292
1876293
1876294
1876295
1876296
1876297
1876298
1876299
1879549
1879680
1879681
1879682
1879683
1879684
1879685
1879686
1879687
1879688
1879689
1380154
1380155
1380156
1380157
1380613
1380620
1380621
1380622
1380623
1380624
1380625
1380626
1380905
1380906
1381260
1381261
1381262
1381263
1381264
1381265
1381266
1381267
1381268
1381269
1381270
1381271
1381272
1381273
1381274
1381275
1381276
1381277
1381278
1381279
1381280
1381281
1381282
1381283
1381284
1381285
1381286
1381287
1381288
1381289
1381290
1381291
1381292
1381293
1381294
1381295
1381296
1381297
1381298
1381299
1381455
1381456
1381457
1381458
1381459
1381480
1381481
1381482
1381483
1381484
1381485
1381486
1381487
1381488
1381489
1381490
1381491
1381492
1381493
1381494
1381495
1381496
1381497
1381498
1381499
1381525
1381526
1381527
1381528
1381529
1386130
1386131
1386132
1386133
1386200
1386201
1386202
1386203
1386204
1386205
1386206
1386207
1386208
1386209
1386210
1386211
1386212
1386213
1386214
1386215
1386216
1386217
1386218
1386219
1386220
1386221
1386222
1386223
1386224
1386225
1386226
1386227
1386228
1386229
1386230
1386231
1386232
1386233
1386234
1386235
1386236
1386237
1386238
1386239
1386240
1386241
1386242
1386250
1386251
1386252
1386253
1386254
1386255
1386256
1386257
1386258
1386259
1386260
1386261
1386262
1386263
1386264
1386265
1386266
1386267
1660250
1660251
1660252
1660253
1660254
1660257
1660258
1660259
1660512
1660610
1660611
1660612
1660613
1660614
1660615
1660616
1660617
1660618
1660619
1660620
1660621
1660622
1660623
1660624
1660625
1660626
1665112
1665113
1665114
1665115
1665116
1665117
1665118
1665119
1665120
1665121
1665122
1665123
1665124
1665125
1665126
1665127
1665128
1665129
1665144
1665180
1665181
1665188
1665189
1665279
1510613
1510620
1510621
1510622
1510623
1510624
1510625
1510626
1515010
1515011
1515012
1515013
1515014
1515015
1515016
1515017
1515018
1515019
1515020
1515021
1515022
1515023
1515024
1515025
1515026
1515027
1515028
1515029
1515030
1515031
1515032
1515033
1515034
1515035
1515036
1515037
1515038
1515039
1515040
1515041
1515042
1515043
1515044
1515045
1515046
1515047
1515048
1515049
1515140
1515141
1515142
1515143
1515144
1515145
1515146
1515147
1515148
1515149
1515150
1515151
1515152
1515153
1515154
1515155
1515156
1515157
1515158
1515159
1515160
1515161
1515162
1515163
1515164
1515165
1515166
1515167
1515168
1515169
1515170
1515171
1515172
1515173
1515174
1515175
1515176
1515177
1515178
1515179
1516230
1516231
1516232
1516233
1516234
1516235
1516236
1516237
1516238
1516239
1516240
1516241
1516242
1516243
1516244
1516245
1516246
1516247
1516248
1516249
1516250
1516251
1516252
1516253
1516254
1516255
1516256
1516257
1516258
1516259
1516260
1516261
1516262
1516263
1516264
1516265
1516266
1516267
1516268
1516269
1519000
1519001
1519002
1519003
1519004
1519005
1519006
1519007
1519008
1519009
1519010
1519011
1519012
1519013
1519014
1519015
1519016
1519017
1519018
1519019
1519055
1519056
1519057
1519058
1519059
1519560
1519561
1519562
1519563
1519564
1519565
1519566
1519567
1519568
1519569
1820505
1820506
1820613
1820620
1820621
1820622
1820623
1820624
1820625
1820626
1824888
1824889
1825110
1825111
1825112
1825113
1825114
1825115
1825116
1825117
1825118
1825119
1825298
1825299
1826010
1826011
1826012
1826013
1826014
1826015
1826016
1826017
1826018
1826019
1826020
1826021
1826022
1826023
1826024
1826025
1826026
1826027
1826028
1826029
1826042
1826043
1826044
1826045
1826046
1826100
1826101
1826102
1826140
1826141
1826142
1826143
1826144
1826145
1826146
1826160
1826161
1826162
1826163
1826164
1826165
1826166
1826167
1826168
1826169
1826170
1826171
1826172
1826173
1826174
1826175
1826176
1826177
1826178
1826179
1826180
1826181
1826182
1826183
1826184
1826185
1826186
1826187
1826188
1826189
1826200
1826201
1826202
1826203
1826204
1826205
1826206
1826207
1826208
1826209
1826210
1826211
1826212
1826213
1826214
1826215
1826216
1826217
1826218
1826219
1826265
1826266
1826267
1826268
1826269
1580613
1580620
1580621
1580622
1580623
1580624
1580625
1580626
1585000
1585001
1585002
1585003
1585004
1585005
1585006
1585007
1585008
1585009
1585010
1585011
1585012
1585013
1585014
1585015
1585016
1585017
1585018
1585019
1585020
1585021
1585022
1585023
1585024
1585025
1585026
1585027
1585028
1585029
1585030
1585031
1585032
1585033
1585034
1585035
1585036
1585037
1585038
1585039
1585080
1585081
1585082
1585083
1585084
1585140
1585141
1585142
1585143
1585144
1585145
1585146
1585147
1585148
1585149
1585150
1585151
1585152
1585153
1585154
1585155
1585156
1585157
1585158
1585159
1585160
1585161
1585162
1585163
1585164
1585165
1585166
1585167
1585168
1585169
1586230
1586231
1586232
1586233
1586234
1586235
1586236
1586237
1586238
1586239
1586240
1586241
1586242
1586243
1586244
1586245
1586246
1586247
1586248
1586249
1586250
1586251
1586252
1586253
1586254
1586255
1586256
1586257
1586258
1586259
1586260
1586261
1586262
1586263
1586264
1586265
1586266
1586267
1586268
1586269
1589540
1589541
1589542
1589543
1589544
1589545
1589546
1589547
1589548
1589549
1589550
1589551
1589552
1589553
1589554
1589555
1589556
1589557
1589558
1589559
1589560
1589561
1589562
1589563
1589564
1589565
1589566
1589567
1589568
1589569
1760140
1760141
1760142
1760143
1760144
1760145
1760146
1760147
1760148
1760149
1760157
1760158
1760159
1760512
1762512
1762525
1762526
1762529
1762530
1762531
1762532
1762533
1762534
1762535
1762536
1762537
1762538
1762539
1762542
1762550
1762551
1762552
1762553
1762554
1762555
1762556
1762557
1762558
1762559
1762560
1762561
1762562
1762563
1762564
1762565
1762566
1762567
1762568
1762569
1762570
1762571
1762572
1762573
1762574
1762575
1762576
1762577
1762578
1762579
1762580
1765120
1765121
1765122
1765123
1765124
1765125
1765126
1765127
1765128
1765129
1765130
1765131
1765132
1765133
1765134
1765135
1765137
1765138
1340140
1340141
1340142
1340143
1340144
1340145
1340146
1340147
1340250
1340251
1340252
1340253
1340254
1340255
1340256
1340257
1340258
1340259
1340260
1340261
1340262
1340263
1340264
1340265
1340266
1340267
1340268
1340269
1340421
1340422
1340423
1340424
1340500
1340501
1340502
1340503
1340504
1340505
1340506
1340507
1340508
1340509
1340510
1340511
1340512
1340513
1340514
1340515
1340516
1340517
1340518
1340519
1340520
1340521
1340522
1340523
1340524
1340525
1340526
1340527
1340528
1340529
1340560
1340561
1340562
1340563
1340564
1340565
1340566
1340567
1340568
1340569
1344231
1344232
1344329
1345150
1345151
1345152
1345153
1345154
1345155
1345156
1345157
1345158
1345159
1345160
1345161
1345162
1345163
1345164
1345165
1345166
1345167
1345168
1345169
1345170
1345171
1345172
1345173
1345174
1345175
1345176
1345177
1345178
1345179
1345197
1345198
1345199
1470613
1470620
1470621
1470622
1470623
1470624
1470625
1470626
1475100
1475101
1475110
1475111
1475112
1475113
1475114
1475115
1475116
1475117
1475118
1475119
1475200
1475201
1475202
1475203
1475204
1475205
1475206
1475207
1475208
1475209
1475240
1475241
1475242
1475243
1475244
1475245
1475246
1475250
1475251
1475252
1475253
1475254
1475255
1475256
1475257
1475258
1475259
1476089
1476136
1476137
1476138
1476139
1476140
1476141
1476142
1476143
1476144
1476145
1476146
1476147
1476148
1476149
1476170
1476171
1476172
1476173
1476174
1476175
1476176
1476177
1476178
1476179
1476188
1476189
1476190
1476191
1476192
1476193
1476194
1476195
1476196
1476197
1476198
1476199
1476254
1476255
1476274
1476275
1370141
1370154
1370155
1370156
1370157
1370613
1370620
1370621
1370622
1370623
1370624
1370625
1370626
1373260
1373261
1373262
1373263
1373264
1373265
1373266
1373267
1373916
1373917
1377162
1377163
1377164
1377165
1377166
1377167
1377168
1377169
1377170
1377171
1377172
1377173
1377174
1377175
1377176
1377177
1377178
1377179
1377180
1377181
1377182
1377183
1377184
1377185
1377186
1377187
1377188
1377189
1377190
1377191
1377192
1377193
1377194
1377195
1377196
1377197
1377198
1377199
1377300
1377301
1377302
1377303
1377304
1377305
1377306
1377307
1377308
1377309
1377310
1377311
1377312
1377313
1377314
1377315
1377316
1377317
1377318
1377319
1377320
1377321
1377322
1377323
1377324
1377325
1377326
1377327
1377328
1377329
1377600
1377601
1377602
1377603
1377604
1377605
1377606
1377607
1377608
1377609
1377610
1377611
1377612
1377613
1377614
1377615
1377616
1377617
1377618
1377619
1377620
1377621
1377622
1377623
1377624
1377625
1377626
1377627
1377628
1377629
1377630
1377631
1377632
1377633
1377634
1377635
1377636
1880154
1880155
1880156
1880157
1880613
1880620
1880621
1880622
1880623
1880624
1880625
1880626
1881628
1881629
1885240
1885241
1885242
1885243
1885244
1885245
1885290
1885291
1885292
1885293
1885294
1885295
1885296
1885297
1885298
1885299
1886088
1886090
1886091
1886092
1886093
1886210
1886211
1886212
1886213
1886214
1886215
1886216
1886217
1886218
1886219
1886220
1886221
1886222
1886223
1886224
1886225
1886226
1886227
1886228
1886229
1886230
1886231
1886232
1886233
1886234
1886235
1886236
1886237
1886238
1886239
1886240
1886241
1886242
1886243
1886244
1886245
1886246
1886247
1886248
1886249
1886250
1886251
1886252
1886253
1886254
1886255
1886256
1886257
1886258
1886259
1886260
1886261
1886262
1886263
1886264
1886265
1886266
1886267
1886268
1886269
1888801
1888814
1888815
1888816
1888817
1888818
1889650
1889651
1889652
1889653
1889654
1889655
1889656
1889657
1889658
1889659
1889660
1889670
1889671
1889672
1889673
1889674
1889675
1889676
1889677
1889678
1889679
1889680
1889681
1889682
1889683
1889684
1889685
1889686
1889687
1889688
1889689
1889690
1889691
1889692
1889693
1889694
1889695
1889696
1889697
1889698
1889699
1750141
1750142
1750512
1750616
1750617
1750618
1750619
1751144
1755221
1755222
1755980
1755981
1755982
1755983
1755984
1755985
1755986
1755987
1755988
1755989
1755990
1755991
1755992
1755993
1755994
1755995
1755996
1755997
1755998
1755999
1810067
1810068
1810069
1810154
1810155
1810156
1810157
1810613
1810620
1810621
1810622
1810623
1810624
1810625
1810626
1811252
1811253
1811254
1811255
1811256
1811257
1811258
1811259
1811260
1811261
1811262
1811263
1811264
1811265
1811266
1811267
1811268
1811269
1811270
1811271
1811272
1811273
1811274
1811275
1811276
1811277
1811278
1811279
1811435
1811436
1811442
1811443
1811444
1811451
1811452
1811453
1811454
1811458
1811459
1811460
1811461
1811462
1811463
1811464
1811473
1811474
1811475
1811476
1811477
1811490
1811491
1811548
1811549
1811550
1811551
1811552
1811553
1811554
1811555
1811556
1811557
1811566
1811567
1811568
1811569
1811584
1811810
1811811
1811812
1811813
1811814
1811815
1811816
1811817
1811818
1811819
1811842
1811843
1811844
1811845
1811846
1811847
1811848
1811849
1812004
1812005
1812006
1812007
1812008
1812009
1812155
1812156
1812157
1812158
1812159
1813605
1813606
1813607
1813608
1813609
1813610
1813611
1813612
1813613
1813614
1813615
1813616
1813617
1813618
1813619
1813640
1813641
1813642
1813643
1813644
1813654
1813673
1813675
1813676
1813677
1813695
1813696
1813697
1813698
1815107
1815108
1815109
1815110
1815111
1815112
1815113
1815114
1815117
1815118
1815119
1815156
1815157
1815158
1815159
1815177
1815178
1815196
1816818
1816852
1816857
1816870
1816871
1816872
1816873
1816874
1816895
1816896
1816897
1816898
1816899
1520613
1520620
1520621
1520622
1520623
1520624
1520625
1520626
1524040
1524041
1524042
1524043
1524044
1525000
1525001
1525002
1525003
1525004
1525005
1525006
1525007
1525008
1525009
1525010
1525011
1525012
1525013
1525014
1525015
1525016
1525017
1525018
1525019
1525020
1525021
1525022
1525023
1525024
1525025
1525026
1525027
1525028
1525029
1525030
1525031
1525032
1525033
1525034
1525035
1525036
1525037
1525038
1525039
1525040
1525041
1525042
1525043
1525044
1525045
1525046
1525047
1525048
1525049
1525050
1525051
1525052
1525053
1525054
1525055
1525056
1525057
1525058
1525059
1526230
1526231
1526232
1526233
1526234
1526235
1526236
1526237
1526238
1526239
1526240
1526241
1526242
1526243
1526244
1526245
1526246
1526247
1526248
1526249
1526250
1526251
1526252
1526253
1526254
1526255
1526256
1526257
1526258
1526259
1526260
1526261
1526262
1526263
1526264
1526265
1526266
1526267
1526268
1526269
1529560
1529561
1529562
1529563
1529564
1529565
1529566
1529567
1529568
1529569
1529880
1529881
1529882
1529883
1529884
1529885
1529886
1529887
1529888
1529889
1650340
1650389
1650512
1650627
1650628
1650704
1650707
1650866
1651073
1651074
1651077
1651363
1651368
1652001
1652009
1652102
1652182
1652987
1652990
1653812
1655973
1656051
1656102
1656106
1657162
1980513
1980519
1981221
1981459
1981655
1981656
1981657
1982702
1984440
1984821
1984835
1984847
1985120
1985121
1985122
1985123
1985124
1985125
1985126
1985127
1985128
1985129
1985290
1985291
1985292
1985293
1985294
1985295
1985296
1985297
1985298
1985299
1989520
1989521
1989522
1989548
1989570
1989571
1989572
1570516
1570517
1570613
1570620
1570621
1570622
1570623
1570624
1570625
1570626
1571613
1571620
1571621
1571622
1571623
1571624
1571625
1571626
1572065
1572066
1572067
1572087
1572088
1572089
1572260
1572261
1572262
1572263
1572264
1572265
1572266
1572267
1572268
1572269
1572270
1572271
1572272
1572485
1572486
1575174
1575180
1575181
1579012
1579425
1579426
1840514
1840515
1840520
1840521
1840522
1840523
1840524
1840525
1840526
1840527
1840528
1840529
1845100
1845101
1845201
1845203
1845205
1845222
1845240
1845268
1845272
1845275
1845276
1845277
1845278
1845279
1910258
1910512
1915170
1915171
1915172
1915173
1915174
1915175
1320511
1320512
1320513
1320514
1320515
1320516
1320517
1320518
1320519
1321810
1321811
1321812
1321813
1321814
1321815
1321816
1321817
1321818
1321819
1321845
1321846
1321886
1322220
1322221
1322222
1322223
1322224
1322225
1322226
1322227
1322228
1322229
1322242
1322295
1322296
1322297
1322298
1322299
1322512
1323649
1324505
1324506
1324507
1324508
1324509
1325512
1325513
1325514
1325515
1325516
1325517
1325518
1325519
1327046
1327047
1327096
1327097
1327098
1327099
1328510
1328511
1328512
1328513
1328514
1328515
1328516
1328517
1328518
1328519
1329108
1329109
1329114
1329115
1329116
1329117
1329118
1329119
1329510
1329511
1329512
1329513
1329514
1329515
1329516
1329517
1329518
1329519
1700155
1700156
1700157
1700438
1700439
1700512
1700520
1700521
1700522
1700524
1700525
1700526
1700615
1700616
1700617
1700618
1700619
1700650
1700946
1701643
1701644
1701660
1701661
1701662
1701663
1701664
1701665
1701666
1702643
1702644
1702660
1702661
1702662
1702663
1702664
1702665
1702666
1702667
1702668
1702669
1703771
1703772
1703773
1703774
1703775
1703776
1703777
1703778
1703779
1703780
1703781
1703782
1703783
1703784
1703785
1704882
1704883
1704884
1705044
1705060
1705119
1705219
1705240
1705395
1705508
1705712
1705752
1705820
1706874
1706875
1706876
1706877
1706878
1706879
1706880
1706881
1706882
1706883
1706884
1706885
1706886
1706887
1706888
1706889
1706890
1706891
1706892
1706893
1706894
1706895
1706896
1706897
1706898
1706899
1708500
1708501
1708502
1708503
1708504
1708505
1708506
1708507
1708508
1708509
1708510
1708511
1708512
1708513
1708514
1708515
1708516
1708517
1708518
1708519
1708520
1708521
1708522
1708523
1708524
1708525
1708526
1708527
1708528
1708529
1708649
1709500
1709501
1709502
1709503
1709504
1709505
1709506
1709507
1709508
1709509
1709514
1709515
1709516
1709517
1709518
1709519
1709544
1709545
1709546
