1700038
1700039
1700357
1700358
1700359
1701835
1701836
1701837
1703936
1703937
1703938
1703939
1703940
1320347
1320357
1320986
1322357
1322368
1323306
1323307
1323308
1323309
1323310
1323311
1323312
1323347
1323357
1328357
1329357
1329377
1329387
1329396
1329457
1329468
1910357
1913570
1840357
1840641
1840642
1840643
1840644
1843405
1843406
1843407
1843478
1843479
1843480
1843481
1843482
1843483
1843484
1843485
1843570
1843571
1843572
1843573
1843574
1843575
1843576
1843577
1843578
1843579
1570347
1570357
1571357
1572167
1573570
1573573
1573574
1573575
1573576
1573577
1573578
1573579
1650357
1650785
1651591
1651597
1652860
1652867
1653357
1653529
1653570
1653574
1653578
1655997
1656148
1656357
1657357
1657623
1980347
1980357
1981541
1983428
1983429
1983430
1983431
1983467
1983468
1983469
1983474
1983486
1983487
1983498
1983500
1983501
1988857
1520347
1520357
1523470
1523471
1523472
1523570
1523571
1523572
1523573
1523574
1523575
1523576
1523577
1523578
1523579
1529667
1810347
1810357
1813498
1813523
1880347
1880357
1883420
1883421
1883422
1883423
1883424
1883425
1883426
1883427
1883428
1883429
1883470
1883471
1883472
1883473
1883474
1883475
1883476
1883477
1883478
1883479
1883570
1883571
1883572
1883573
1883574
1883575
1883576
1883577
1883578
1883579
1750347
1750357
1753570
1753571
1753572
1753573
1753574
1753575
1753576
1753577
1753578
1753579
1753610
1753611
1753612
1753619
1753620
1753621
1753622
1753623
1753624
1753625
1753626
1753627
1753628
1370057
1370058
1370355
1370357
1373405
1373406
1373407
1373408
1373409
1373410
1373411
1373412
1373413
1373414
1375351
1375352
1375353
1375354
1375355
1375356
1375357
1375358
1375370
1375371
1375372
1375373
1375374
1375375
1375376
1375377
1375378
1375379
1375495
1375496
1375497
1375498
1375499
1470347
1470357
1471791
1471792
1473570
1473577
1473578
1473579
1479736
1479737
1479738
1479739
1479740
1340347
1340357
1345348
1345349
1345365
1345366
1345367
1345368
1345369
1345370
1345371
1345372
1345373
1345374
1345375
1345376
1345377
1345378
1345379
1346710
1346711
1346712
1346713
1346714
1346715
1346716
1346717
1346718
1346719
1760347
1760357
1763410
1763411
1763412
1763413
1763414
1763415
1763416
1763417
1763524
1763525
1763526
1763527
1763528
1763619
1763620
1763621
1763622
1763623
1763624
1763625
1763626
1763627
1763628
1764681
1769614
1769618
1769628
1580357
1583570
1583571
1583572
1583573
1583574
1583575
1583576
1583577
1583578
1583579
1820347
1820357
1823470
1823471
1823472
1823473
1823474
1823475
1823476
1823477
1823478
1823479
1823570
1823571
1823572
1823573
1823574
1823575
1823576
1823577
1823578
1823579
1510347
1510357
1513530
1513531
1513532
1513533
1513534
1513535
1513536
1513537
1513538
1513539
1513570
1513571
1513572
1513573
1513574
1513575
1513576
1513577
1513578
1513579
1660357
1663440
1663441
1663442
1663443
1663444
1663507
1663570
1663571
1663572
1663573
1663574
1663575
1663576
1663577
1663578
1663579
1663617
1663633
1663634
1663635
1663636
1663637
1663638
1663639
1663670
1663671
1663672
1663673
1663674
1663675
1663676
1663677
1663678
1663679
1665650
1665651
1665652
1665653
1665654
1665655
1665656
1665657
1665658
1665659
1383407
1383417
1383433
1383434
1383487
1383488
1383489
1383536
1383537
1383538
1383539
1383570
1383571
1383572
1383573
1383574
1383575
1383576
1383577
1383578
1383579
1870347
1870357
1873470
1873471
1873472
1873473
1873474
1873475
1873476
1873477
1873478
1873479
1873570
1873571
1873572
1873573
1873574
1873575
1873576
1873577
1873578
1873579
1873594
1873595
1310007
1310017
1310347
1310357
1311111
1311117
1311127
1313307
1313317
1313318
1313326
1313327
1313347
1313467
1315277
1315280
1315287
1315297
1319111
1319117
1319127
1730357
1733507
1733514
1733518
1733587
1360357
1361061
1361067
1361068
1361357
1362068
1362343
1362357
1362368
1363343
1363357
1364343
1364357
1364368
1365343
1365357
1365361
1365369
1366347
1366348
1366357
1366367
1890347
1890357
1893504
1893505
1893537
1893538
1893539
1530347
1530357
1533307
1533308
1533347
1533348
1533357
1533367
1534089
1534090
1534091
1534092
1534357
1536457
1536467
1536477
1536487
1536497
1538347
1538357
1538367
1538677
1538687
1538697
1538857
1539257
1800347
1800357
1803570
1803571
1803572
1803573
1803574
1803575
1803576
1803577
1803578
1803579
1990347
1990357
1993570
1993571
1993572
1993573
1780357
1783505
1783506
1783507
1783508
1783509
1783533
1783550
1783551
1783577
1783578
1783579
1783590
1783591
1783592
1783593
1783594
1783595
1783596
1783614
1783615
1783634
1783636
1783654
1783655
1783656
1783684
1783685
1783686
1786729
1789787
1850357
1853409
1853413
1853414
1853415
1853416
1853435
1853436
1853447
1853570
1853571
1853572
1853573
1853574
1853575
1853576
1853577
1853578
1853579
1853600
1853601
1853602
1853603
1853604
1853605
1853606
1853607
1853608
1853609
1853670
1853671
1853672
1853673
1853674
1853675
1853676
1560347
1560357
1563570
1563571
1563572
1563573
1563574
1563575
1563576
1563577
1563578
1563579
1569848
1569849
1569854
1569862
1330347
1330357
1331347
1331357
1332747
1332757
1333347
1333357
1335347
1335357
1336347
1336357
1338347
1338357
1339347
1339357
1711820
1300802
1300803
1301532
1301542
1302802
1302803
1303342
1303802
1306802
1308037
1309652
1309662
1309664
1309752
1309762
1309902
1550357
1551357
1551390
1552590
1552591
1552592
1552593
1552594
1552595
1552596
1552597
1553470
1553471
1553472
1553473
1553474
1553475
1553476
1553477
1553478
1553479
1553570
1553571
1553572
1553573
1553574
1553575
1553576
1553577
1553578
1553579
1553670
1553671
1553672
1553673
1553674
1553675
1553676
1553677
1553678
1553679
1558236
1558237
1558238
1558239
1558247
1558266
1558267
1558268
1558269
1558270
1558271
1558272
1558273
1558274
1860357
1861357
1863447
1863457
1863467
1863470
1863471
1863472
1863473
1863479
1863547
1863570
1863571
1863572
1863573
1863574
1863575
1863576
1863577
1863578
1863670
1863671
1863672
1863673
1863674
1863675
1863676
1863677
1863678
1863679
1864936
1864937
1864957
1671357
1672357
1673357
1674357
1390347
1390357
1393407
1393417
1393433
1393434
1393467
1393468
1393469
1393470
1393471
1393472
1393570
1393571
1393572
1393573
1393574
1393575
1393576
1393577
1393578
1393579
1399400
1399401
1399402
1399403
1399404
1399475
1399476
1399477
1399478
1399479
1830347
1830357
1833570
1833571
1833572
1833573
1833574
1833575
1833576
1833577
1833578
1833579
1500347
1500357
1503430
1503431
1503432
1503433
1503434
1503435
1503436
1503437
1503438
1503439
1503570
1503571
1503572
1503573
1503574
1503575
1503576
1503577
1503578
1503579
1623568
1623569
1623570
1623571
1770347
1770357
1773570
1773571
1773572
1773573
1773576
1773577
1773578
1590347
1590357
1593450
1593451
1593452
1593453
1593454
1593455
1593456
1593457
1593458
1593459
1593532
1593533
1593534
1593535
1593536
1593570
1593571
1593572
1593573
1593574
1593575
1593576
1593577
1593578
1593579
1450170
1450171
1450172
1450173
1450174
1450175
1450176
1452277
1452287
1452298
1453278
1454187
1454197
1350357
1350977
1351357
1351365
1354617
1354618
1354652
1354653
1354654
1354655
1354656
1354657
1359350
1359351
1359352
1359353
1359354
1870350
1873435
1873436
1873437
1873438
1873439
1873500
1873501
1873502
1873503
1873504
1873505
1873506
1873507
1380030
1380032
1380035
1380036
1380038
1380344
1383400
1383449
1383500
1383501
1383502
1383503
1383504
1383505
1383506
1383507
1383508
1383509
1660350
1663500
1663610
1665610
1665611
1665612
1665613
1665614
1665615
1665616
1665617
1665618
1665619
1665620
1665621
1665622
1665623
1665624
1665625
1730340
1730350
1733500
1733513
1733580
1310010
1310350
1311110
1311120
1313310
1313320
1313334
1313340
1313460
1315270
1315284
1315290
1319110
1319120
1580350
1583408
1583409
1583426
1583427
1583428
1583429
1583500
1583501
1583506
1583507
1583508
1583509
1583566
1583567
1760340
1760350
1763418
1763419
1763500
1763501
1763502
1763503
1763646
1763647
1763648
1763649
1763650
1763651
1763652
1763653
1763654
1763655
1769623
1340350
1340367
1340368
1345300
1345301
1345302
1345303
1345304
1345305
1345306
1345307
1348539
1348540
1510350
1511050
1511051
1511052
1511053
1511054
1511055
1511056
1511057
1511058
1511059
1513500
1513501
1513502
1513503
1820340
1820350
1823500
1823501
1823502
1823503
1823504
1823505
1823506
1823507
1823508
1823509
1829580
1829581
1829582
1829583
1829584
1829585
1829586
1829587
1829588
1829589
1810350
1813500
1813501
1813502
1813503
1813504
1813505
1813506
1813508
1813509
1520350
1523476
1523477
1523478
1523479
1523500
1523501
1523502
1523503
1523504
1529660
1470340
1470350
1471798
1471799
1473550
1473551
1473552
1473553
1473554
1479712
1479713
1479714
1375300
1375301
1375302
1375303
1375304
1375305
1375306
1375307
1750350
1751850
1751851
1751852
1751853
1751854
1751855
1751856
1751857
1751858
1751859
1753500
1753501
1753502
1753503
1753504
1753505
1753506
1753507
1753508
1753509
1753605
1753606
1753607
1753608
1753609
1753680
1753681
1753682
1753683
1753684
1753685
1753686
1753687
1753688
1753689
1758285
1758286
1758287
1758288
1758289
1880340
1880350
1883400
1883401
1883402
1883403
1883404
1883405
1883406
1883407
1883408
1883409
1883440
1883441
1883442
1883443
1883444
1883500
1883501
1883502
1883503
1883504
1883505
1883506
1883507
1883508
1883509
1910350
1913500
1913504
1320340
1320350
1322350
1322360
1323340
1323350
1328350
1328360
1328365
1329350
1329360
1329361
1329362
1329393
1329450
1329460
1329461
1329463
1980350
1981546
1983421
1983422
1983423
1983424
1983447
1983448
1983488
1983489
1983493
1988850
1650350
1650723
1651167
1570270
1570271
1570272
1570273
1570274
1570275
1570276
1570277
1570278
1570279
1570340
1570350
1572160
1573500
1573507
1573508
1573509
1840350
1843400
1843401
1843467
1843468
1843469
1843470
1843471
1843500
1843501
1843502
1843503
1843504
1843505
1843506
1843507
1843508
1843509
1623501
1500350
1503443
1503444
1503445
1503446
1503447
1503448
1503449
1503500
1503501
1830340
1830350
1833500
1833501
1833502
1833503
1833504
1833505
1833506
1833507
1833508
1833509
1350970
1351350
1354610
1354660
1354670
1354676
1354677
1359320
1359321
1359322
1359323
1359324
1452270
1452290
1453280
1453282
1453283
1453284
1453285
1453286
1453287
1454188
1590350
1593400
1593426
1593427
1593428
1593429
1593430
1593431
1593432
1593500
1593501
1593502
1593503
1593504
1593505
1770350
1773500
1773501
1773502
1773503
1773504
1773505
1773506
1773507
1773508
1773509
1303340
1303700
1303701
1303702
1304441
1304442
1308030
1309657
1309767
1309903
1390350
1393400
1393443
1393444
1393500
1393501
1393502
1393503
1393504
1393505
1393506
1393507
1393508
1393509
1399405
1399406
1399407
1399408
1399409
1399410
1399411
1399412
1399413
1399414
1399415
1399416
1399417
1399418
1399419
1671350
1672350
1673350
1674350
1860350
1861350
1863450
1863460
1863461
1863462
1863463
1863464
1863465
1863500
1863501
1863502
1863503
1863504
1863543
1863600
1863601
1863602
1863603
1863604
1863605
1863606
1864930
1864950
1550350
1551315
1551316
1551317
1551318
1551319
1551320
1551321
1551322
1551323
1551324
1551350
1552562
1552563
1552564
1552565
1552566
1552567
1552568
1552569
1553500
1553501
1553502
1553503
1553504
1553505
1553506
1553507
1553508
1553509
1558170
1558171
1558172
1558180
1558190
1558200
1558201
1558202
1558203
1558204
1558205
1558206
1558207
1560350
1563500
1563501
1563502
1563503
1563504
1563505
1563506
1563507
1563508
1563509
1569863
1569864
1850350
1853440
1853454
1853455
1853470
1853471
1853472
1853473
1853474
1853500
1853501
1853502
1853503
1853504
1853505
1853506
1853507
1853508
1853509
1853696
1853697
1853698
1853699
1780350
1783500
1783501
1783502
1783503
1783504
1783556
1783600
1783601
1783633
1783646
1783647
1783676
1783677
1786726
1789780
1990350
1993500
1993501
1993502
1993503
1993504
1993505
1993506
1993507
1993508
1993509
1330350
1331340
1331350
1332750
1333350
1335340
1335350
1336350
1338340
1338350
1339350
1890350
1893500
1893501
1893502
1893503
1360350
1361060
1361350
1362060
1362340
1362350
1363350
1364350
1364363
1365350
1366350
1366360
1800350
1803500
1803501
1803502
1803503
1803504
1803505
1803506
1803507
1803508
1803509
1530340
1530350
1533340
1533350
1534062
1534063
1534064
1534350
1536450
1536460
1536470
1536480
1538350
1538360
1538670
1538680
1538690
1538850
1539250
1539260
1830346
1830356
1833465
1833466
1833467
1833468
1833469
1833560
1833561
1833562
1833563
1833564
1833565
1833566
1833567
1833568
1833569
1500356
1503460
1503461
1503462
1503463
1623560
1623561
1770356
1773560
1773565
1773566
1773567
1773568
1773569
1590356
1593406
1593416
1593417
1593418
1593419
1593506
1593507
1593560
1452276
1452286
1453195
1453196
1453197
1453198
1453199
1453276
1453277
1454186
1454196
1350356
1350976
1351356
1354621
1354661
1354662
1359330
1359331
1359332
1359333
1359334
1359335
1300805
1301535
1301545
1302805
1303805
1304445
1306805
1308036
1309655
1309665
1309755
1309765
1550356
1551337
1551338
1551339
1551356
1551396
1552550
1552551
1552552
1552553
1552554
1553460
1553461
1553462
1553463
1553464
1553560
1553561
1553562
1553563
1553564
1553565
1553566
1553567
1553568
1553569
1558186
1558187
1558246
1558260
1558261
1558262
1558263
1558264
1558265
1860356
1861356
1863427
1863446
1863456
1863466
1863546
1863560
1863561
1863562
1863563
1863564
1863567
1863647
1863648
1863649
1864956
1671356
1672356
1673356
1674356
1390356
1393406
1393431
1393432
1393560
1393561
1393562
1393563
1393564
1393565
1393566
1393567
1393568
1393569
1399470
1399471
1399472
1399473
1399474
1990356
1993560
1993561
1850356
1853446
1853450
1853451
1853452
1853453
1853560
1853561
1853562
1853563
1853564
1853565
1853566
1853567
1853568
1853569
1853610
1853611
1853612
1853613
1853614
1853641
1780340
1780341
1780342
1780343
1780344
1780356
1783567
1783586
1783610
1783611
1783631
1783643
1783644
1783672
1783673
1786724
1789786
1560356
1563560
1563561
1563562
1563563
1563564
1563565
1563566
1563567
1563568
1563569
1569845
1569851
1330356
1331346
1331356
1332756
1333356
1335346
1335356
1336346
1336356
1338346
1338356
1339346
1339356
1361066
1361356
1362064
1362356
1363346
1363356
1364356
1365346
1365347
1365356
1366346
1366356
1366366
1890356
1893526
1893527
1893528
1893529
1530346
1530356
1533346
1533356
1534086
1534087
1534088
1534356
1536456
1536466
1536476
1536486
1538356
1538366
1538676
1538686
1538696
1538856
1539256
1539266
1800356
1803560
1803561
1803562
1803563
1803564
1803565
1803566
1803567
1803569
1660356
1663506
1663560
1663561
1663562
1663563
1663564
1663565
1663566
1663567
1663568
1663569
1663616
1665459
1383406
1383431
1383432
1383490
1383491
1383492
1383493
1383560
1383561
1383562
1383563
1383564
1383565
1383566
1383567
1383568
1383569
1870356
1873460
1873461
1873560
1873561
1873562
1873563
1873564
1310006
1310016
1310346
1310356
1311114
1311116
1311126
1313306
1313316
1313336
1313337
1313346
1313466
1315276
1315286
1315296
1319116
1319126
1730356
1733506
1733516
1733586
1340356
1345360
1345361
1345362
1345363
1345364
1760346
1760356
1763507
1763508
1763509
1763561
1763563
1763564
1763565
1763566
1763603
1763604
1763605
1763606
1763607
1763608
1763609
1763610
1763611
1763612
1763613
1580356
1583420
1583421
1583433
1583560
1583561
1583562
1583568
1583569
1820346
1820356
1823460
1823461
1823462
1823463
1823464
1823465
1823466
1823467
1823468
1823469
1823560
1823561
1823562
1823563
1823564
1823565
1823566
1823567
1823568
1823569
1510356
1513560
1513561
1513562
1513563
1513564
1513565
1513566
1513567
1513568
1513569
1520356
1523460
1523461
1523462
1523463
1523464
1523465
1523466
1523467
1523560
1523561
1523562
1523563
1523564
1529666
1810340
1810356
1813521
1750356
1753560
1753561
1753562
1753563
1753564
1753565
1753566
1753567
1753568
1753569
1753603
1753604
1753631
1753632
1753633
1753690
1753691
1753692
1753693
1753694
1753695
1753696
1753697
1753698
1753699
1755763
1755764
1755765
1755766
1755767
1755768
1755769
1755770
1880346
1880356
1883435
1883436
1883437
1883438
1883439
1883460
1883461
1883462
1883463
1883464
1883465
1883466
1883467
1883468
1883469
1883560
1883561
1883562
1883563
1883564
1883565
1883566
1883567
1883568
1883569
1370056
1370356
1375360
1375361
1375362
1375363
1375364
1375365
1375366
1375367
1375368
1375369
1470346
1470356
1471789
1471790
1473560
1473568
1473569
1479734
1479735
1320346
1320356
1320987
1322356
1322367
1323327
1323328
1323329
1323330
1323331
1323332
1323333
1323346
1323356
1328356
1329356
1329376
1329389
1329456
1329464
1910356
1913560
1840356
1843410
1843417
1843426
1843460
1843461
1843462
1843463
1843560
1843561
1843562
1843563
1843564
1843565
1843566
1843567
1843568
1843569
1570260
1570261
1570262
1570263
1570264
1570265
1570266
1570267
1570268
1570269
1570346
1570356
1571356
1572166
1573560
1573566
1573567
1573568
1980346
1980356
1981547
1983415
1983416
1983417
1983463
1983464
1983465
1983496
1988856
1650356
1652831
1652856
1653356
1350358
1351358
1354625
1354626
1354627
1354628
1354629
1354668
1359336
1359337
1359338
1359339
1359340
1359341
1359342
1359343
1450180
1450181
1450182
1450183
1450184
1452278
1452288
1452297
1454198
1770358
1773580
1773581
1773582
1773583
1773584
1773585
1773588
1773589
1590358
1593401
1593508
1593509
1593516
1593517
1593518
1593519
1593580
1593581
1593582
1593583
1593584
1593585
1593586
1593587
1593588
1623580
1623581
1623582
1830348
1830358
1833480
1833481
1833482
1833483
1833484
1833485
1833486
1833487
1833488
1833489
1833580
1833581
1833582
1833583
1833584
1833585
1833586
1833587
1833588
1833589
1500358
1503425
1503426
1503427
1503428
1503429
1503534
1503535
1503536
1503537
1503538
1503539
1503580
1503581
1503582
1503583
1503584
1503585
1503586
1503587
1503588
1503589
1671358
1672358
1673358
1674358
1390358
1393401
1393435
1393436
1393580
1393581
1393582
1393583
1393584
1393585
1393586
1393587
1393588
1393589
1399480
1399481
1399482
1399483
1399484
1550358
1551358
1551398
1552575
1552576
1552577
1552578
1552579
1552580
1552581
1552582
1552583
1552584
1553430
1553431
1553432
1553433
1553434
1553435
1553436
1553437
1553438
1553439
1553580
1553581
1553582
1553583
1553584
1553585
1553586
1553587
1553588
1553589
1553640
1553641
1553642
1553643
1553644
1553645
1553646
1553647
1553648
1553649
1558179
1558189
1558208
1558209
1558248
1558275
1558276
1558277
1558278
1558279
1558280
1558281
1558282
1558283
1558284
1558285
1860358
1861358
1863448
1863458
1863468
1863474
1863475
1863476
1863477
1863478
1863489
1863548
1863580
1863581
1863582
1863583
1863584
1863585
1863586
1863640
1863641
1863642
1863643
1863644
1863645
1863646
1864938
1864958
1303347
1303707
1303708
1303709
1304448
1304449
1308038
1309667
1309757
1309758
1711744
1711814
1330358
1331358
1332758
1333358
1335358
1336358
1338358
1339358
1780358
1783526
1783527
1783528
1783529
1783558
1783568
1783618
1783619
1783651
1783652
1783653
1783681
1783682
1783683
1786728
1789788
1850358
1853448
1853476
1853477
1853478
1853479
1853485
1853486
1853487
1853488
1853489
1853580
1853581
1853582
1853583
1853584
1853585
1853586
1853587
1853588
1853589
1853615
1853616
1853617
1853618
1853619
1560358
1563580
1563581
1563582
1563583
1563584
1563585
1563586
1563587
1563588
1563589
1569867
1569868
1990358
1993580
1993581
1993587
1993588
1993589
1530348
1530358
1533358
1534093
1534094
1534095
1534358
1536458
1536468
1536478
1538348
1538358
1538368
1538678
1538698
1538858
1539258
1539264
1800358
1803580
1803581
1803582
1803583
1803584
1803585
1803586
1803587
1803588
1803589
1890358
1893516
1893517
1893542
1893543
1958150
1958151
1958152
1958153
1361358
1362067
1362358
1362369
1363358
1364358
1365348
1365358
1366358
1366368
1730348
1730358
1733508
1733588
1310008
1310358
1311118
1311121
1313308
1313324
1313338
1313348
1313464
1315278
1315298
1319118
1319121
1870348
1870358
1873535
1873580
1873581
1873582
1873583
1873584
1873585
1873586
1873587
1873588
1873589
1660358
1663447
1663448
1663449
1663508
1663580
1663581
1663582
1663583
1663584
1663585
1663586
1663587
1663588
1663589
1663618
1663680
1663681
1663682
1663683
1663684
1663685
1663686
1663687
1663688
1663689
1665470
1665471
1665472
1665473
1665474
1665475
1665476
1665477
1665478
1665479
1665626
1665627
1665628
1665629
1665630
1665631
1665632
1665633
1665634
1665635
1665636
1665637
1665638
1665639
1380348
1383401
1383435
1383436
1383474
1383475
1383476
1383580
1383581
1383582
1383583
1383584
1383585
1820348
1820358
1823431
1823432
1823433
1823434
1823435
1823436
1823480
1823481
1823482
1823483
1823484
1823485
1823486
1823487
1823488
1823489
1823580
1823581
1823582
1823583
1823584
1823585
1823586
1823587
1823588
1823589
1510358
1513525
1513526
1513527
1513528
1513529
1513544
1513545
1513546
1513547
1513548
1513549
1513580
1513581
1513582
1513583
1513584
1513585
1513586
1513587
1513588
1513589
1760348
1760358
1763545
1763546
1763547
1763548
1763549
1763583
1763584
1763585
1763586
1763587
1763588
1763589
1763614
1763615
1763616
1763617
1763618
1769620
1769621
1580358
1583422
1583423
1583424
1583434
1583435
1583436
1583437
1583438
1583439
1583516
1583517
1583518
1583519
1583580
1583581
1583582
1583583
1583584
1583585
1583586
1583587
1583588
1583589
1340358
1345380
1345381
1345382
1345383
1345384
1345385
1345386
1345387
1345388
1345389
1348541
1348542
1348543
1348544
1348545
1470348
1470358
1471793
1471794
1473580
1473581
1473582
1473583
1473584
1473585
1473586
1473587
1473588
1473589
1479741
1479742
1479743
1479744
1372090
1372091
1372092
1372093
1373415
1373416
1375334
1375335
1375336
1375337
1375338
1375339
1375359
1375380
1375381
1375382
1375383
1375384
1375385
1375386
1375387
1375388
1375389
1880348
1880358
1883580
1883581
1883582
1883583
1883584
1883585
1883586
1883587
1883588
1883589
1750348
1750358
1751840
1751841
1751842
1751843
1751844
1751845
1751847
1751848
1753580
1753581
1753582
1753583
1753584
1753585
1753586
1753587
1753588
1753589
1758280
1758281
1758282
1758283
1758284
1758450
1758451
1758452
1758453
1758454
1758455
1758456
1758457
1758458
1758459
1758460
1758461
1758462
1758463
1758464
1758465
1758466
1758467
1758468
1758469
1520358
1523438
1523439
1523480
1523481
1523482
1523483
1523484
1523485
1523486
1523487
1523488
1523489
1523580
1523581
1523582
1523583
1523584
1523585
1523586
1523587
1523588
1523589
1529668
1810358
1813491
1813527
1813531
1813542
1813580
1813581
1813582
1813583
1813584
1813585
1813586
1813587
1813588
1813589
1650358
1650503
1651250
1651355
1651358
1651598
1651599
1652052
1652823
1652858
1652863
1653497
1653584
1655051
1655052
1655053
1655054
1655055
1655056
1655057
1655058
1655059
1656358
1657358
1980358
1981542
1983436
1983437
1983438
1983439
1983449
1983458
1983459
1983466
1983497
1988858
1840358
1840499
1843415
1843416
1843494
1843495
1843496
1843497
1843498
1843499
1843580
1843581
1843582
1843583
1843584
1843585
1843586
1843587
1843588
1843589
1570348
1570358
1572168
1573541
1573542
1573543
1573544
1573545
1573580
1573581
1573582
1573583
1573584
1573585
1573586
1573587
1573588
1573589
1320358
1322358
1323358
1328358
1328367
1329358
1329366
1329367
1329378
1329384
1329394
1329458
1329465
1910358
1913580
1913584
1303345
1303703
1303704
1304443
1304444
1308039
1309660
1309764
1309768
1390349
1393419
1393440
1393442
1393483
1393484
1393485
1393490
1393491
1393492
1393493
1393494
1393495
1393496
1393497
1393498
1393499
1399490
1399491
1399492
1399493
1399494
1671349
1672349
1673349
1674349
1860349
1863490
1863491
1863492
1863493
1863494
1863495
1863496
1863497
1863498
1863499
1863569
1863599
1550349
1551330
1551331
1551332
1551333
1551334
1551335
1551391
1551392
1551393
1551394
1553490
1553491
1553492
1553493
1553494
1553495
1553496
1553497
1558249
1623565
1500349
1830349
1833490
1833491
1833492
1833493
1833494
1833495
1833496
1833497
1833498
1833499
1351369
1354608
1354609
1354620
1354678
1354679
1359344
1359345
1359346
1359347
1359348
1359349
1450195
1450196
1450197
1450198
1450199
1452289
1453271
1454193
1590349
1593449
1593549
1770349
1773490
1773491
1773496
1773497
1773498
1773499
1773563
1890349
1893547
1893548
1893549
1361349
1362348
1362349
1363349
1364349
1364364
1365349
1366340
1366349
1366369
1800349
1803490
1803491
1803492
1803493
1803494
1803495
1803496
1803497
1803498
1803499
1530349
1533349
1534060
1534061
1534353
1536459
1536469
1536479
1538349
1538671
1538675
1538691
1539269
1560349
1563490
1563491
1563492
1563493
1563494
1563495
1569865
1569866
1780345
1780346
1780347
1780348
1780349
1783566
1783582
1783632
1783645
1783674
1783675
1786725
1789783
1850349
1853401
1853402
1853490
1853491
1853492
1853493
1853494
1853495
1853496
1853497
1853498
1853499
1853537
1853538
1853539
1853650
1853655
1990349
1993490
1993493
1330349
1331349
1332749
1333349
1335349
1336349
1338349
1339349
1580347
1580349
1583425
1583430
1583431
1583432
1583549
1760349
1763490
1763491
1763492
1763493
1763504
1763505
1763506
1763579
1763580
1763581
1763582
1769612
1340349
1345308
1345309
1510349
1511080
1511081
1511082
1511083
1511084
1511085
1513507
1820349
1823490
1823491
1823492
1823493
1823494
1823495
1823496
1823497
1823498
1823499
1870349
1873493
1873494
1873495
1873496
1873497
1873498
1873499
1873545
1873546
1873547
1873548
1873549
1380034
1383419
1383440
1383442
1383443
1383444
1383497
1383498
1383499
1660347
1660348
1660349
1664940
1664941
1664942
1664943
1664944
1664945
1664946
1664947
1664948
1664949
1730349
1733509
1733512
1310004
1310349
1311102
1313303
1313311
1313349
1313461
1315271
1315293
1319102
1910349
1320349
1322361
1323349
1328369
1329368
1329369
1329398
1329469
1650349
1650729
1651949
1653349
1655965
1655994
1656124
1656149
1980349
1981548
1983418
1983419
1983420
1983473
1983483
1983504
1983505
1570349
1572161
1573490
1573491
1573492
1573493
1573494
1573495
1573496
1573497
1573498
1573499
1573569
1573571
1573572
1840340
1840341
1840342
1840343
1840344
1840345
1840346
1840347
1840348
1840349
1840640
1843418
1843419
1843464
1843465
1843466
1810349
1813490
1813499
1520349
1523490
1523491
1523492
1523493
1523494
1523495
1523496
1523497
1523498
1523499
1523505
1523506
1523507
1523508
1523509
1529669
1470349
1471797
1473500
1473571
1473572
1473573
1473574
1479710
1479711
1370350
1373417
1373418
1373419
1375308
1375309
1880349
1883490
1883491
1883492
1883493
1883494
1883495
1883496
1883497
1883498
1883499
1750349
1753490
1753491
1753492
1753493
1753670
1753671
1753672
1753673
1753674
1753675
1753676
1753677
1753678
1753679
1758270
1758271
1758272
1758273
1758274
1758275
1758276
1758277
1758278
1758279
1570343
1570353
1571353
1572163
1573530
1573531
1840353
1843403
1843404
1843450
1843451
1843452
1843530
1843531
1843532
1843533
1843534
1843535
1843536
1843537
1843538
1843539
1980343
1980353
1981549
1983409
1983410
1983411
1983470
1983480
1988853
1650353
1651008
1651353
1651593
1651596
1652853
1653293
1653353
1653386
1653534
1655692
1655907
1657110
1910353
1913530
1320343
1320353
1322353
1322363
1323343
1323353
1328353
1328363
1328364
1329353
1329363
1329364
1329365
1329373
1329383
1329453
1750353
1753530
1753531
1753532
1753533
1753534
1753535
1753536
1753537
1753538
1753539
1755771
1755772
1755773
1755774
1755775
1755776
1755777
1755778
1755779
1880343
1880353
1883530
1883531
1883532
1883533
1470343
1470353
1471784
1479726
1479727
1370053
1370353
1372097
1375330
1375331
1375332
1375333
1810353
1813530
1813535
1813539
1520353
1523430
1523431
1523432
1523433
1523434
1523530
1523531
1523532
1523533
1529663
1510353
1511086
1511087
1511088
1511089
1820343
1820353
1823430
1823437
1823438
1823439
1823530
1823531
1823532
1823533
1823534
1823535
1823536
1823537
1823538
1823539
1340353
1345330
1345331
1345332
1345333
1345334
1345335
1580353
1583523
1583530
1583531
1583532
1583533
1583534
1583535
1760343
1760353
1763530
1763531
1763532
1763573
1763574
1763575
1763576
1763577
1763578
1763642
1763643
1763644
1763645
1310003
1310353
1311113
1311123
1313313
1313323
1313343
1313463
1315273
1315283
1319113
1319123
1730353
1733503
1733583
1383403
1383427
1383428
1383530
1383531
1383532
1383533
1383534
1383535
1660353
1663503
1663530
1663531
1663532
1663533
1663534
1663535
1663536
1663537
1663538
1663539
1663613
1663630
1663631
1663632
1870353
1873430
1873431
1873432
1873433
1873434
1873530
1873531
1873532
1873533
1873534
1800353
1803530
1803531
1803532
1803533
1803534
1803535
1803536
1803537
1803538
1803539
1530343
1530353
1533303
1533353
1533363
1534076
1534077
1534078
1536453
1536463
1536473
1538353
1538363
1538673
1538683
1538693
1538853
1539253
1539267
1361353
1362063
1362353
1363353
1364353
1364367
1365353
1366341
1366343
1366353
1366363
1890353
1893530
1893531
1893532
1330353
1331353
1332753
1333353
1335353
1336353
1338353
1339353
1711695
1990353
1993530
1993533
1560353
1563530
1563531
1563532
1563533
1563534
1563535
1569836
1569843
1850353
1853530
1853531
1853532
1853533
1853534
1853535
1853536
1853653
1853657
1853658
1853659
1780353
1783530
1783531
1783532
1783583
1783606
1783607
1783668
1783669
1786722
1789128
1860353
1863453
1863530
1863531
1863532
1863533
1863534
1863535
1863536
1863537
1863538
1863539
1863587
1863588
1863589
1550353
1551353
1551370
1551371
1551372
1551373
1551374
1552560
1552561
1553530
1553531
1553532
1553533
1553534
1558230
1558231
1558232
1558233
1558234
1558235
1390353
1393403
1393427
1393428
1393446
1393447
1393448
1393449
1393530
1393531
1393532
1393533
1393534
1393535
1393536
1393537
1393538
1393539
1399447
1399448
1399449
1399450
1399451
1399452
1399453
1399454
1671353
1672353
1673353
1674353
1303705
1303706
1303807
1304446
1304447
1308033
1309650
1309750
1309760
1590353
1593403
1593433
1593537
1593538
1593539
1770353
1773530
1773531
1773532
1773533
1773538
1773539
1350353
1351353
1354613
1354669
1452283
1453090
1453091
1453092
1453093
1453094
1453279
1454183
1500353
1503530
1503531
1503532
1503533
1830343
1830353
1833530
1833531
1833532
1833533
1833534
1833535
1833536
1833537
1833538
1833539
1623530
1623531
1623532
1340344
1340354
1340365
1340366
1345320
1345321
1345322
1345323
1345324
1345325
1345326
1345327
1345328
1345329
1346688
1346689
1348546
1348547
1348548
1348549
1760344
1760354
1763494
1763495
1763496
1763497
1763498
1763499
1763540
1763541
1763542
1763543
1763544
1765280
1765281
1765282
1765283
1765284
1765285
1765286
1765287
1765288
1765289
1769616
1769617
1769626
1580344
1580354
1583503
1583504
1583505
1583540
1583541
1583542
1583543
1583544
1583545
1583546
1583547
1583548
1820344
1820354
1823440
1823441
1823442
1823443
1823444
1823445
1823446
1823447
1823448
1823449
1823540
1823541
1823542
1823543
1823544
1823545
1823546
1823547
1823548
1823549
1510344
1510354
1511060
1511061
1511062
1511063
1511064
1511065
1511066
1511067
1511068
1511069
1513540
1513541
1513542
1513543
1660354
1663420
1663421
1663422
1663423
1663424
1663425
1663426
1663427
1663428
1663429
1663504
1663540
1663541
1663542
1663543
1663544
1663545
1663546
1663547
1663548
1663549
1663614
1663640
1663641
1663642
1663643
1663644
1663645
1663646
1663647
1663648
1663649
1665455
1665456
1665457
1665458
1383408
1383418
1383441
1383480
1383481
1383482
1383483
1383484
1383485
1383486
1383540
1383541
1383542
1383543
1383544
1383545
1383546
1383547
1383548
1383549
1870344
1870354
1873440
1873441
1873442
1873443
1873444
1873445
1873446
1873447
1873448
1873540
1873541
1873542
1873543
1873544
1310013
1310018
1310354
1311101
1311103
1313304
1313321
1313330
1313331
1313344
1313468
1315281
1315288
1315291
1319101
1319114
1730345
1730354
1733504
1733515
1733584
1703931
1703932
1703933
1703934
1703935
1320344
1320354
1320988
1322354
1322366
1323300
1323301
1323302
1323303
1323304
1323305
1323344
1323354
1328354
1328366
1329354
1329380
1329454
1329466
1910354
1913540
1840354
1840496
1840497
1840498
1843408
1843409
1843472
1843473
1843474
1843475
1843476
1843477
1843540
1843541
1843542
1843543
1843544
1843545
1843546
1843547
1843548
1843549
1570250
1570251
1570252
1570253
1570254
1570255
1570256
1570257
1570258
1570259
1570344
1570354
1571354
1572164
1573540
1573546
1573547
1573548
1573549
1650354
1651039
1651354
1651592
1651595
1652809
1652837
1653054
1653354
1653430
1653540
1653541
1653542
1653543
1653544
1653545
1653546
1653547
1653548
1653549
1653553
1653754
1653764
1655964
1656145
1656354
1657354
1980344
1980354
1981543
1983425
1983426
1983427
1983454
1983455
1983456
1983457
1983495
1983506
1988854
1520344
1520354
1523435
1523440
1523441
1523442
1523443
1523444
1523445
1523446
1523447
1523448
1523449
1523540
1523541
1523542
1523543
1523544
1523545
1523546
1523547
1523548
1523549
1529664
1810354
1813525
1813532
1813533
1813536
1813540
1813541
1813544
1813548
1813549
1880344
1880354
1883540
1883541
1883542
1883543
1883544
1883545
1883546
1883547
1883548
1883549
1750342
1750354
1753494
1753495
1753496
1753497
1753498
1753499
1753540
1753541
1753542
1753543
1753544
1753630
1370055
1370354
1375340
1375341
1375342
1375343
1375344
1375345
1375346
1470344
1470354
1471785
1471786
1473540
1473541
1473542
1473543
1473544
1473545
1473546
1473547
1473548
1473549
1479728
1479729
1479730
1300705
1300706
1301533
1301543
1302705
1302706
1303343
1303803
1306803
1309653
1309663
1309753
1309763
1550354
1551354
1551399
1552510
1552511
1552512
1552513
1552514
1553440
1553441
1553442
1553443
1553444
1553498
1553499
1553540
1553541
1553542
1553543
1553544
1553545
1553546
1553547
1553548
1553549
1553635
1553636
1553637
1553638
1553639
1558175
1558176
1558177
1558240
1558241
1558242
1558243
1558286
1558287
1558288
1558289
1860354
1861354
1863444
1863484
1863485
1863486
1863487
1863488
1863505
1863506
1863507
1863508
1863509
1863540
1863565
1863566
1863568
1863607
1863608
1863609
1864933
1864934
1864935
1864953
1864954
1671354
1672354
1673354
1674354
1390344
1390354
1393408
1393418
1393441
1393540
1393541
1393542
1393543
1393544
1393545
1393546
1393547
1393548
1393549
1399455
1399456
1399457
1399458
1399459
1830344
1830354
1830680
1830681
1830682
1830683
1830684
1830685
1830686
1830687
1830688
1830689
1833540
1833541
1833542
1833543
1833544
1833545
1833546
1833547
1833548
1833549
1500344
1500354
1503464
1503465
1503466
1503467
1503468
1503469
1503560
1503561
1503562
1503563
1503564
1503565
1503566
1503567
1623540
1623541
1770344
1770354
1773540
1773541
1773542
1773543
1773544
1773545
1773546
1773547
1773548
1773549
1773587
1590344
1590354
1593408
1593440
1593441
1593442
1593443
1593540
1593541
1593542
1593543
1593544
1593545
1593546
1593547
1593548
1593563
1593564
1593565
1593566
1593567
1593568
1593569
1452274
1452284
1452294
1453190
1453191
1453192
1453193
1453194
1454184
1454194
1350974
1351354
1351368
1354614
1354622
1354623
1354624
1354663
1354664
1354673
1354674
1359306
1359307
1359308
1359309
1359310
1359311
1359312
1360354
1361064
1361354
1362066
1362354
1363348
1363354
1364348
1364354
1365354
1366344
1366354
1366364
1890344
1890354
1893540
1893541
1893544
1893545
1893546
1530344
1530354
1533305
1533344
1533354
1534079
1534080
1534081
1534082
1534344
1534346
1534354
1536454
1536464
1536474
1536488
1538344
1538354
1538364
1538684
1538694
1538854
1539254
1539268
1800344
1800354
1803540
1803541
1803542
1803543
1803544
1803545
1803546
1803547
1803548
1803549
1803568
1990344
1990354
1993540
1993541
1993542
1993543
1780354
1783540
1783541
1783542
1783543
1783544
1783554
1783555
1783570
1783571
1783580
1783581
1783584
1783587
1783588
1783589
1783612
1783613
1783635
1783648
1783649
1783650
1783678
1783679
1783680
1786727
1789784
1850340
1850341
1850342
1850343
1850344
1850345
1850347
1850348
1850354
1853425
1853426
1853427
1853428
1853429
1853444
1853540
1853541
1853542
1853543
1853544
1853545
1853546
1853547
1853548
1853549
1853647
1853649
1853652
1853654
1853656
1853690
1853691
1853692
1853693
1853694
1853695
1560344
1560354
1563540
1563541
1563542
1563543
1563544
1563545
1563546
1563547
1563548
1563549
1569835
1569842
1330344
1330354
1331344
1331354
1332744
1332754
1333344
1333354
1335344
1335354
1336354
1338344
1338354
1339344
1339354
1711790
1711792
1570342
1570352
1571358
1572162
1573520
1573525
1573526
1573527
1573528
1573529
1840352
1840490
1840491
1840492
1843420
1843421
1843422
1843440
1843441
1843442
1843443
1843444
1843445
1843446
1843447
1843448
1843449
1843520
1843521
1843522
1843523
1843524
1843525
1843526
1843527
1843528
1843529
1650352
1652524
1652850
1653322
1653352
1653522
1655243
1657352
1980342
1980352
1981544
1983405
1983406
1983407
1983408
1983445
1983446
1983460
1983461
1983475
1983492
1988852
1700023
1700024
1700025
1700036
1700037
1700352
1700645
1700646
1700647
1701831
1701832
1701833
1701834
1703066
1703067
1703068
1703069
1703928
1703929
1703930
1704917
1704918
1704919
1704920
1704921
1704922
1704923
1704924
1704925
1704926
1704927
1704928
1704929
1704930
1704931
1704932
1704933
1704934
1704935
1708340
1708341
1708342
1708343
1708344
1708350
1910352
1913520
1913524
1913525
1320342
1320352
1320983
1320984
1322352
1322362
1323313
1323314
1323315
1323316
1323317
1323318
1323319
1323342
1323352
1328352
1328368
1329352
1329372
1329382
1329392
1329452
1329462
1880342
1880352
1883520
1883521
1883522
1883523
1883524
1883525
1883526
1883527
1883528
1883529
1750352
1751820
1751821
1751822
1751823
1751824
1751825
1751826
1751827
1751828
1751829
1753520
1753521
1753522
1753523
1753524
1753525
1753526
1753527
1753528
1753529
1755780
1755781
1755782
1755783
1755784
1755785
1755786
1755787
1755788
1755789
1470342
1470352
1471782
1471783
1473520
1473521
1473522
1473523
1473524
1473525
1473526
1473527
1473528
1473529
1479723
1479724
1479725
1370052
1370352
1373420
1373421
1373422
1375320
1375321
1375322
1375323
1375324
1375325
1375326
1375327
1375328
1375329
1375490
1375491
1375492
1375493
1375494
1810352
1813520
1813526
1813529
1520342
1520352
1523420
1523421
1523422
1523423
1523520
1523521
1523522
1523523
1523524
1523525
1523526
1523527
1523528
1523529
1529662
1510342
1510352
1511070
1511071
1511072
1511073
1511074
1511075
1511076
1511077
1511078
1511079
1513520
1513521
1513522
1513523
1513524
1820342
1820352
1823420
1823421
1823422
1823423
1823424
1823425
1823426
1823427
1823428
1823429
1823520
1823521
1823522
1823523
1823524
1823525
1823526
1823527
1823528
1823529
1340342
1340352
1340360
1340361
1340362
1340363
1340364
1580342
1580352
1583502
1583520
1583521
1583522
1583524
1583536
1583537
1583538
1583563
1583564
1583565
1760342
1760352
1763520
1763521
1763522
1763523
1769613
1769619
1310002
1310012
1310340
1310342
1310352
1311112
1311122
1311128
1313312
1313322
1313328
1313332
1313333
1313342
1313462
1315272
1315282
1315292
1315294
1319112
1319122
1319128
1730342
1730352
1733502
1733511
1733582
1380342
1383402
1383412
1383425
1383426
1383445
1383520
1383521
1383522
1383523
1383524
1383525
1383526
1383527
1383528
1383529
1660352
1663402
1663502
1663520
1663521
1663522
1663523
1663524
1663525
1663526
1663527
1663528
1663529
1663612
1663620
1663621
1663622
1663623
1663624
1663625
1663626
1663627
1663628
1663629
1665450
1665451
1665452
1665453
1665454
1870342
1870352
1873420
1873421
1873422
1873423
1873424
1873425
1873426
1873427
1873428
1873429
1873462
1873463
1873464
1873465
1873466
1873467
1873468
1873469
1873508
1873509
1873520
1873521
1873522
1873523
1873524
1873525
1873526
1873527
1873528
1873529
1800352
1803520
1803521
1803522
1803523
1803524
1803525
1803526
1803527
1803528
1803529
1530342
1530352
1533107
1533302
1533352
1533362
1534072
1534073
1534074
1534075
1534352
1536452
1536462
1536472
1536482
1538342
1538352
1538362
1538682
1538692
1538852
1539252
1539265
1360352
1361062
1361340
1361342
1361352
1362062
1362342
1362352
1363342
1363352
1364342
1364352
1364362
1365342
1365352
1365362
1366342
1366352
1366362
1890342
1890352
1893520
1893521
1893522
1893523
1893524
1893525
1330342
1330352
1331342
1331352
1332742
1332752
1333342
1333352
1335342
1335352
1336340
1336342
1336352
1338342
1338352
1339342
1339352
1712917
1712918
1712919
1712920
1712921
1712922
1712923
1712924
1712925
1712926
1712927
1712928
1712929
1712930
1712931
1712932
1712933
1712934
1712935
1713352
1713894
1713898
1715350
1715352
1715354
1715356
1715357
1715358
1715359
1716350
1716352
1716353
1716356
1716357
1716358
1716359
1717352
1718352
1718353
1719352
1719353
1719354
1990342
1990352
1993520
1993521
1993522
1993523
1993527
1993528
1993529
1560342
1560352
1563520
1563521
1563522
1563523
1563524
1563525
1563526
1563527
1563528
1563529
1569837
1569838
1569839
1569850
1780352
1783520
1783521
1783522
1783523
1783524
1783525
1783552
1783553
1783625
1783626
1783627
1783628
1783629
1783665
1783666
1783667
1786721
1789125
1789126
1789127
1789782
1850352
1853417
1853418
1853419
1853420
1853421
1853422
1853423
1853424
1853434
1853437
1853438
1853442
1853480
1853481
1853482
1853483
1853484
1853520
1853521
1853522
1853523
1853524
1853525
1853526
1853527
1853528
1853529
1853677
1853678
1853679
1860340
1860352
1861352
1861353
1863420
1863421
1863422
1863423
1863442
1863452
1863520
1863521
1863522
1863523
1863524
1863525
1863526
1863527
1863542
1863620
1863621
1863622
1863623
1863624
1863625
1863626
1863627
1863628
1863629
1864952
1550352
1551352
1551375
1551376
1551377
1551378
1551379
1552520
1552521
1552522
1552523
1552524
1552525
1552526
1552527
1552528
1552529
1552555
1552556
1552557
1552558
1552559
1553420
1553421
1553422
1553423
1553424
1553425
1553426
1553427
1553428
1553429
1553520
1553521
1553522
1553523
1553524
1553525
1553526
1553527
1553528
1553529
1553620
1553621
1553622
1553623
1553624
1558213
1558214
1558215
1558216
1558217
1558218
1558219
1558220
1558221
1558222
1558223
1558224
1558225
1558226
1558227
1558228
1558229
1390342
1390352
1393402
1393412
1393425
1393426
1393445
1393473
1393474
1393475
1393476
1393477
1393478
1393479
1393480
1393481
1393482
1393520
1393521
1393522
1393523
1393524
1393525
1393526
1393527
1393528
1393529
1399430
1399431
1399432
1399433
1399434
1399435
1399436
1399437
1399438
1399439
1399440
1399441
1399442
1399443
1399444
1399445
1399446
1671352
1672352
1672864
1672865
1672866
1672867
1672868
1672869
1673352
1674341
1674342
1674343
1674344
1674345
1674346
1674347
1674348
1674352
1300804
1300808
1300809
1301539
1301549
1302804
1302808
1302809
1303349
1303809
1306809
1308032
1309654
1309658
1309659
1309668
1309669
1309754
1309759
1309769
1590342
1590352
1593402
1593407
1593420
1593421
1593422
1593423
1593424
1593425
1593520
1593521
1593522
1593523
1593524
1593525
1593526
1593527
1593528
1593529
1593530
1593531
1770342
1770352
1773520
1773521
1773522
1773523
1773524
1773525
1773526
1773528
1350352
1350972
1350978
1351352
1351366
1351367
1354600
1354601
1354602
1354603
1354604
1354605
1354606
1354607
1359300
1359301
1359302
1359303
1359304
1359305
1450177
1450178
1450179
1450290
1450291
1450292
1450293
1450294
1450295
1450296
1450297
1450298
1450299
1452272
1452282
1452292
1453281
1454182
1454192
1500342
1500352
1503420
1503421
1503422
1503423
1503424
1503520
1503521
1503522
1503523
1503524
1503525
1503526
1503527
1503528
1503529
1830342
1830352
1833520
1833521
1833522
1833523
1833524
1833525
1833526
1833527
1833528
1833529
1623520
1623521
1330348
1330359
1331348
1331359
1332748
1332759
1333348
1333359
1335348
1335359
1336348
1336359
1338348
1338359
1339348
1339359
1990348
1990359
1993562
1993563
1993582
1993583
1993590
1993591
1993592
1993593
1993594
1993595
1993596
1993597
1993598
1993599
1560348
1560359
1563590
1563591
1563592
1563593
1563594
1563595
1563596
1563597
1563598
1563599
1569844
1569847
1569853
1569869
1850359
1853430
1853431
1853432
1853433
1853449
1853590
1853591
1853592
1853593
1853594
1853595
1853596
1853597
1853598
1853599
1780359
1783534
1783535
1783536
1783537
1783538
1783539
1783559
1783569
1783572
1783573
1783574
1783575
1783576
1783597
1783598
1783599
1783616
1783617
1783637
1783638
1783639
1783640
1783657
1783658
1783659
1783687
1783688
1783689
1789789
1800348
1800359
1803590
1803591
1803592
1803593
1803594
1803595
1803596
1803597
1803598
1803599
1530359
1533304
1533306
1533309
1533359
1533369
1534096
1534097
1534098
1534099
1534359
1536484
1536489
1536490
1536498
1536499
1538359
1538369
1538672
1538679
1538689
1538859
1539259
1360359
1361063
1361069
1361343
1361359
1362069
1362344
1362359
1363359
1364344
1364359
1364365
1365344
1365359
1365363
1365367
1366359
1890348
1890359
1893506
1893507
1893508
1893509
1590348
1590359
1593409
1593444
1593445
1593446
1593447
1593448
1593556
1593557
1593558
1593559
1593590
1593591
1593592
1593593
1593594
1593595
1593596
1593597
1593598
1593599
1770348
1770359
1773493
1773495
1773529
1773562
1773579
1773586
1773590
1773592
1773593
1773594
1773595
1773596
1773597
1773598
1773599
1350359
1350979
1351359
1354612
1354619
1354648
1354649
1354658
1354659
1359355
1359356
1359357
1359358
1359359
1450190
1450191
1450192
1450193
1450194
1452279
1452280
1452299
1454189
1454199
1500348
1500359
1503453
1503454
1503455
1503456
1503457
1503458
1503459
1503502
1503503
1503504
1503505
1503506
1503507
1503508
1503509
1503540
1503541
1503542
1503543
1503544
1503545
1503546
1503547
1503548
1503549
1503590
1503591
1503592
1503593
1503594
1503595
1503596
1503597
1503598
1503599
1830359
1833590
1833591
1833592
1833593
1833594
1833595
1833596
1833597
1833598
1833599
1623564
1623590
1623591
1623592
1860359
1861359
1863428
1863429
1863449
1863454
1863459
1863469
1863480
1863481
1863482
1863483
1863549
1863590
1863591
1863592
1863593
1863594
1863595
1863596
1863597
1863598
1863630
1863631
1863632
1863633
1863634
1863635
1863636
1863637
1863638
1863639
1864939
1864959
1550340
1550341
1550342
1550343
1550359
1551348
1551349
1551359
1551397
1552570
1552571
1552572
1552573
1552574
1552585
1552586
1552587
1552588
1552589
1553480
1553481
1553482
1553483
1553484
1553485
1553486
1553487
1553488
1553489
1553590
1553591
1553592
1553593
1553594
1553595
1553596
1553597
1553598
1553599
1553625
1553626
1553627
1553628
1553629
1558290
1558291
1558292
1558293
1558294
1558295
1558296
1558297
1558298
1558299
1390348
1390359
1393409
1393410
1393437
1393438
1393439
1393486
1393487
1393488
1393489
1393590
1393591
1393592
1393593
1393594
1393595
1393596
1393597
1393598
1393599
1399485
1399486
1399487
1399488
1399489
1399495
1399496
1399497
1399498
1399499
1671359
1672359
1673359
1674359
1300800
1300801
1301531
1301541
1302800
1302801
1303341
1303344
1303801
1303804
1304440
1306801
1308034
1309651
1309661
1309751
1309761
1309901
1750340
1750359
1751830
1751831
1751832
1751833
1751834
1751835
1751836
1751837
1751838
1751839
1753590
1753591
1753592
1753593
1753594
1753595
1753596
1753597
1753598
1753599
1753600
1753601
1753602
1753613
1753614
1753615
1753616
1753617
1753618
1753634
1753635
1753636
1753637
1753638
1753639
1753640
1753641
1753642
1753643
1753644
1753645
1753646
1753647
1753648
1753649
1753650
1753651
1753652
1753653
1753654
1753655
1753656
1753657
1753658
1753659
1753660
1753661
1753662
1753663
1753664
1753665
1753666
1753667
1753668
1753669
1880359
1883445
1883446
1883447
1883448
1883449
1883590
1883591
1883592
1883593
1883594
1883595
1883596
1883597
1883598
1883599
1470359
1471795
1471796
1473501
1473590
1473591
1473592
1473593
1473594
1473595
1473596
1473597
1473598
1473599
1479745
1479746
1479747
1479748
1479749
1370059
1370359
1372098
1372099
1373427
1373428
1373429
1375390
1375391
1375392
1375393
1375394
1375395
1375396
1375397
1375398
1375399
1810344
1810348
1810359
1813492
1813497
1813522
1813534
1813545
1813590
1813591
1813592
1813593
1813594
1813595
1813596
1813597
1813598
1813599
1520348
1520359
1523436
1523437
1523473
1523474
1523475
1523565
1523566
1523567
1523568
1523569
1523590
1523591
1523592
1523593
1523594
1523595
1523596
1523597
1523598
1523599
1529670
1529671
1529672
1529673
1529674
1529675
1529676
1529677
1529678
1529679
1570359
1571359
1572169
1573532
1573533
1573534
1573535
1573536
1573537
1573538
1573539
1573590
1573591
1573592
1573593
1573594
1573595
1573596
1573597
1573598
1573599
1840359
1840645
1840646
1840647
1840648
1840649
1843427
1843428
1843429
1843486
1843487
1843488
1843489
1843490
1843491
1843492
1843493
1843590
1843591
1843592
1843593
1843594
1843595
1843596
1843597
1843598
1843599
1980340
1980348
1980359
1981540
1983432
1983433
1983434
1983435
1983462
1983476
1983477
1983478
1983479
1983484
1983485
1983499
1983502
1983503
1983519
1988859
1650359
1650780
1651359
1652045
1652392
1652821
1652826
1653359
1653489
1655967
1655969
1656359
1657243
1657732
1701838
1701839
1910348
1910359
1913581
1913582
1913583
1913590
1913591
1913592
1913593
1913594
1913595
1320348
1320359
1320989
1322359
1322369
1323320
1323321
1323322
1323323
1323324
1323325
1323326
1323348
1323359
1328359
1329359
1329379
1329386
1329397
1329399
1329459
1329467
1310009
1310019
1310348
1310359
1311119
1311124
1311129
1313309
1313314
1313319
1313329
1313339
1313341
1313469
1315274
1315279
1315289
1315299
1319119
1319124
1319129
1730346
1730347
1730359
1733517
1733519
1733589
1380347
1383409
1383410
1383437
1383438
1383439
1383446
1383447
1383448
1383470
1383471
1383472
1383473
1383494
1383495
1383496
1383586
1383587
1383588
1383589
1383590
1383591
1383592
1383593
1383594
1383595
1383596
1383597
1383598
1383599
1660359
1663403
1663404
1663405
1663406
1663407
1663408
1663409
1663430
1663431
1663432
1663433
1663434
1663435
1663436
1663437
1663438
1663439
1663509
1663590
1663591
1663592
1663593
1663594
1663595
1663596
1663597
1663598
1663599
1663619
1663650
1663651
1663652
1663653
1663654
1663655
1663656
1663657
1663658
1663659
1663690
1663691
1663692
1663693
1663694
1663695
1663696
1663697
1663698
1663699
1664936
1664937
1664938
1664939
1665640
1665641
1665642
1665643
1665644
1665645
1665646
1665647
1665648
1665649
1665690
1665691
1665692
1665693
1665694
1665695
1665696
1665697
1665698
1665699
1870359
1873565
1873566
1873567
1873568
1873569
1873590
1873591
1873592
1873593
1873596
1873597
1873598
1873599
1510348
1510359
1511043
1511044
1511045
1511046
1511047
1511048
1511049
1513504
1513505
1513506
1513590
1513591
1513592
1513593
1513594
1513595
1513596
1513597
1513598
1513599
1820359
1823590
1823591
1823592
1823593
1823594
1823595
1823596
1823597
1823598
1823599
1829570
1829571
1829572
1829573
1829574
1829575
1829576
1829577
1829578
1829579
1829590
1829591
1829592
1829593
1829594
1829595
1829596
1829597
1829598
1829599
1340348
1340359
1345336
1345337
1345338
1345339
1345390
1345391
1345392
1345393
1345394
1345395
1345396
1345397
1345398
1345399
1346690
1346691
1346692
1346693
1346694
1346695
1346696
1346697
1346698
1346699
1346720
1346721
1346722
1346723
1346724
1346725
1346726
1346727
1346728
1346729
1580348
1580359
1583525
1583526
1583527
1583528
1583529
1583539
1583590
1583591
1583592
1583593
1583594
1583595
1583596
1583597
1583598
1583599
1760359
1763400
1763401
1763402
1763403
1763404
1763405
1763406
1763407
1763408
1763409
1763529
1763556
1763557
1763558
1763559
1763590
1763591
1763592
1763593
1763594
1763595
1763596
1763597
1763598
1763599
1763600
1763601
1763602
1769622
1769624
1769625
1769629
1820345
1820355
1823450
1823451
1823452
1823453
1823454
1823455
1823456
1823457
1823458
1823459
1823550
1823551
1823552
1823553
1823554
1823555
1823556
1823557
1823558
1823559
1510345
1510355
1513550
1513551
1513552
1513553
1513554
1513555
1513556
1513557
1513558
1513559
1340355
1345350
1345351
1345352
1345353
1345354
1345355
1345356
1345357
1345358
1345359
1346700
1346701
1346702
1346703
1346704
1346705
1346706
1346707
1346708
1346709
1760345
1760355
1763550
1763551
1763552
1763553
1763554
1763555
1763629
1763630
1763631
1763632
1763633
1763634
1763635
1763636
1763637
1763638
1763639
1763640
1763641
1769615
1769627
1580345
1580355
1583514
1583515
1583550
1583551
1583552
1583553
1583554
1583555
1583556
1583557
1583558
1583559
1310005
1310015
1310345
1310355
1311115
1311125
1313305
1313315
1313325
1313335
1313345
1313465
1315275
1315285
1315295
1319103
1319115
1319125
1730355
1733505
1733585
1660355
1663410
1663411
1663412
1663413
1663414
1663415
1663416
1663417
1663418
1663419
1663445
1663446
1663505
1663550
1663551
1663552
1663553
1663554
1663555
1663556
1663557
1663558
1663559
1663615
1664930
1664931
1664932
1664933
1664934
1664935
1383405
1383429
1383430
1383477
1383478
1383479
1383550
1383551
1383552
1383553
1383554
1383555
1383556
1383557
1383558
1383559
1870345
1870355
1873449
1873450
1873451
1873452
1873550
1873551
1873552
1873553
1873554
1873555
1873556
1873557
1873558
1873559
1840355
1840493
1840494
1840495
1843423
1843424
1843425
1843453
1843454
1843455
1843456
1843457
1843458
1843459
1843550
1843551
1843552
1843553
1843554
1843555
1843556
1843557
1843558
1843559
1570345
1570355
1571355
1572165
1573550
1573553
1573554
1573555
1573556
1573557
1573558
1573559
1980345
1980355
1981545
1983412
1983413
1983414
1983471
1983472
1983481
1983482
1983494
1983507
1988855
1650355
1652861
1652865
1652869
1653550
1653551
1653554
1656520
1656521
1657184
1701829
1701830
1704936
1704937
1704938
1704939
1704940
1704941
1704942
1704943
1704944
1704945
1704946
1704947
1704948
1704949
1708345
1708346
1708347
1708348
1708349
1320345
1320355
1320985
1322355
1322365
1323334
1323335
1323336
1323337
1323338
1323339
1323345
1323355
1328355
1329355
1329370
1329375
1329385
1329395
1329455
1910355
1913553
1913554
1913557
1750341
1750355
1753545
1753546
1753547
1753548
1753549
1753550
1753551
1753552
1753553
1753554
1753555
1753556
1753557
1753558
1753559
1753629
1755740
1755741
1755742
1755743
1755744
1755745
1755746
1755747
1755748
1755749
1755750
1755751
1755752
1755753
1755754
1755755
1755756
1755757
1755758
1755759
1755760
1755761
1755762
1880345
1880355
1883430
1883431
1883432
1883433
1883434
1883450
1883451
1883452
1883453
1883454
1883455
1883456
1883457
1883458
1883459
1883550
1883551
1883552
1883553
1883554
1883555
1883556
1883557
1883558
1883559
1470345
1470355
1471787
1471788
1473555
1473556
1473557
1473558
1473559
1479731
1479732
1479733
1372094
1372095
1372096
1373423
1373424
1373425
1373426
1375350
1520345
1520355
1523427
1523428
1523429
1523450
1523451
1523452
1523453
1523454
1523455
1523456
1523457
1523458
1523459
1523468
1523469
1523550
1523551
1523552
1523553
1523554
1523555
1523556
1523557
1523558
1523559
1529665
1810345
1810355
1813496
1813543
1813550
1813551
1813552
1813554
1813555
1813557
1813558
1813559
1550355
1551310
1551311
1551312
1551313
1551314
1551355
1551395
1552515
1552516
1552517
1552518
1552519
1552530
1552531
1552532
1552533
1552534
1552535
1552536
1552537
1552538
1552539
1552598
1552599
1553410
1553411
1553412
1553413
1553414
1553415
1553416
1553417
1553418
1553419
1553450
1553451
1553452
1553453
1553454
1553455
1553456
1553457
1553458
1553459
1553465
1553466
1553467
1553468
1553469
1553550
1553551
1553552
1553553
1553554
1553555
1553556
1553557
1553558
1553559
1553610
1553611
1553612
1553613
1553614
1553615
1553616
1553617
1553618
1553619
1558173
1558174
1558244
1558245
1558250
1558251
1558252
1558253
1558254
1558255
1558256
1558257
1558258
1558259
1860342
1860343
1860355
1861355
1863424
1863425
1863426
1863445
1863455
1863545
1863550
1863551
1863552
1863553
1863554
1863555
1863556
1863650
1863651
1863652
1863653
1863654
1863655
1863656
1863657
1863658
1863659
1864955
1671355
1672355
1673355
1674355
1390345
1390355
1393405
1393429
1393430
1393550
1393551
1393552
1393553
1393554
1393555
1393556
1393557
1393558
1393559
1399460
1399461
1399462
1399463
1399464
1399465
1399466
1399467
1399468
1399469
1300806
1300807
1301536
1301546
1302806
1302807
1303346
1303806
1306806
1308035
1309656
1309666
1309756
1309766
1770345
1770355
1773550
1773551
1773552
1773553
1773554
1773555
1773556
1773558
1773559
1779999
1590345
1590355
1593405
1593434
1593435
1593436
1593437
1593438
1593439
1593550
1593551
1593552
1593553
1593554
1593555
1593589
1350355
1350975
1351355
1354615
1354616
1354650
1354651
1354665
1354666
1354667
1354675
1359325
1359326
1359327
1359328
1359329
1450185
1450186
1450187
1450188
1450189
1452275
1452285
1452295
1453097
1453098
1453099
1453270
1453275
1454185
1454195
1830345
1830355
1833450
1833451
1833452
1833453
1833454
1833455
1833456
1833457
1833458
1833459
1833550
1833551
1833552
1833553
1833554
1833555
1833556
1833557
1833558
1833559
1500345
1500355
1503450
1503451
1503452
1503550
1503551
1503552
1503553
1503554
1503555
1503556
1503557
1503558
1503559
1623551
1623552
1623554
1530345
1530355
1533345
1533355
1534083
1534084
1534085
1534355
1536455
1536465
1536475
1536485
1536495
1538345
1538355
1538365
1538685
1538695
1538855
1539255
1800345
1800355
1803550
1803551
1803552
1803553
1803554
1803555
1803556
1803557
1803558
1803559
1361065
1361355
1362065
1362355
1363340
1363355
1364340
1364355
1365345
1365355
1366345
1366355
1366365
1890345
1890355
1893533
1893534
1893535
1893536
1330345
1330355
1331345
1331355
1332745
1332755
1333345
1333355
1335345
1335355
1336345
1336355
1338345
1338355
1339345
1339355
1712936
1712937
1712938
1712939
1712940
1712941
1712942
1712943
1712944
1712945
1712946
1712947
1712948
1712949
1713355
1715355
1716354
1716355
1717350
1717353
1717354
1717355
1717356
1717357
1717358
1717359
1718354
1718355
1719355
1719356
1990345
1990355
1993550
1993552
1993553
1850355
1853403
1853405
1853410
1853411
1853412
1853445
1853458
1853459
1853550
1853551
1853552
1853553
1853554
1853555
1853556
1853557
1853558
1853559
1780355
1783545
1783546
1783547
1783548
1783549
1783557
1783565
1783585
1783608
1783609
1783630
1783641
1783642
1783670
1783671
1786723
1789129
1789785
1560345
1560355
1563550
1563551
1563552
1563553
1563554
1563555
1563556
1563557
1563558
1563559
1569846
1569852
1569860
1569861
1810034
1810035
1810341
1810342
1810343
1810346
1810351
1813493
1813494
1813495
1813507
1813510
1813511
1813512
1813513
1813514
1813515
1813516
1813517
1813518
1813519
1813524
1813528
1813537
1813538
1813546
1813547
1813553
1813556
1520340
1520341
1520343
1520346
1520351
1523400
1523401
1523402
1523403
1523404
1523405
1523406
1523407
1523408
1523409
1523410
1523411
1523412
1523413
1523414
1523415
1523416
1523417
1523418
1523419
1523424
1523425
1523426
1523510
1523511
1523512
1523513
1523514
1523515
1523516
1523517
1523518
1523519
1523534
1523535
1523536
1523537
1523538
1523539
1529661
1880341
1880351
1883410
1883411
1883412
1883413
1883414
1883415
1883416
1883417
1883418
1883419
1883480
1883481
1883482
1883483
1883484
1883485
1883486
1883487
1883488
1883489
1883510
1883511
1883512
1883513
1883514
1883515
1883516
1883517
1883518
1883519
1883534
1883535
1883536
1883537
1883538
1883539
1750343
1750344
1750345
1750346
1750351
1751810
1751811
1751812
1751813
1751814
1751815
1751816
1751817
1751818
1751819
1753510
1753511
1753512
1753513
1753514
1753515
1753516
1753517
1753518
1753519
1758290
1758291
1758292
1758293
1758294
1758295
1758296
1758297
1758298
1758299
1370050
1370051
1370054
1370351
1370358
1373400
1373401
1373402
1373403
1373404
1375310
1375311
1375312
1375313
1375314
1375315
1375316
1375317
1375318
1375319
1375347
1375348
1375349
1375480
1375481
1375482
1375483
1375484
1375485
1375486
1375487
1375488
1375489
1470341
1470351
1471780
1471781
1473510
1473511
1473512
1473513
1473514
1473515
1473530
1473531
1473532
1473533
1473534
1473535
1473536
1473537
1473538
1473539
1476524
1476638
1476639
1479715
1479716
1479717
1479718
1479719
1479720
1479721
1479722
1700026
1700027
1700029
1700131
1700348
1700349
1700350
1700351
1700353
1700354
1700355
1700356
1700643
1700900
1700901
1700902
1701820
1701821
1701822
1701823
1701824
1701825
1701826
1701827
1701828
1702350
1702351
1702352
1702353
1702354
1702355
1702356
1702357
1702358
1702359
1703050
1703051
1703052
1703053
1703054
1703055
1703056
1703058
1703059
1703060
1703061
1703062
1703063
1703064
1703065
1703908
1703909
1703910
1703911
1703912
1703913
1703914
1703915
1703916
1703917
1703918
1703919
1703920
1703921
1703922
1703923
1703924
1703925
1703926
1703927
1704900
1704901
1704902
1704903
1704904
1704905
1704906
1704907
1704908
1704909
1704910
1704911
1704912
1704913
1704914
1704915
1704916
1705167
1705279
1705351
1705536
1705582
1705628
1705675
1705772
1707301
1707302
1707303
1707304
1707305
1707306
1707309
1708351
1708352
1708353
1708354
1708355
1708356
1708358
1708359
1709300
1709301
1709303
1709304
1709305
1709306
1709307
1709308
1910340
1910341
1910342
1910343
1910344
1910345
1910346
1910347
1910351
1913501
1913502
1913503
1913510
1913511
1913512
1913513
1913514
1913515
1913516
1913517
1913521
1913522
1913523
1913531
1913532
1913533
1913541
1913542
1913543
1913550
1913551
1913552
1913561
1913562
1913563
1913571
1913572
1913573
1320341
1320351
1320980
1320981
1320982
1322351
1322364
1323341
1323351
1323360
1323361
1323362
1323363
1323364
1323365
1323366
1323367
1323368
1323369
1328351
1328361
1328362
1329351
1329371
1329374
1329381
1329388
1329390
1329391
1329451
1570341
1570351
1571350
1571351
1571352
1573501
1573502
1573503
1573504
1573505
1573506
1573510
1573511
1573512
1573513
1573514
1573515
1573516
1573517
1573518
1573519
1573521
1573522
1573523
1573524
1573551
1573552
1573561
1573562
1573563
1573564
1573565
1840351
1840650
1840651
1840652
1840653
1840654
1840655
1840656
1840657
1840658
1840659
1843402
1843411
1843412
1843413
1843414
1843430
1843431
1843432
1843433
1843434
1843435
1843436
1843437
1843438
1843439
1843510
1843511
1843512
1843513
1843514
1843515
1843516
1843517
1843518
1843519
1844240
1844241
1844242
1844243
1844244
1844245
1844246
1844247
1844248
1844249
1844250
1844251
1844253
1844254
1844255
1844256
1844257
1844258
1844259
1844260
1844261
1844262
1844263
1844264
1844265
1844266
1844267
1844268
1844269
1844270
1844271
1844272
1844273
1844274
1844275
1844276
1844277
1844278
1844279
1844280
1844281
1844282
1844283
1844284
1844285
1844286
1844287
1844288
1844289
1844290
1844291
1844292
1844293
1844294
1844295
1844296
1844297
1844298
1844299
1849071
1849072
1849073
1849074
1849076
1849077
1849078
1849079
1849430
1849431
1849432
1849433
1849434
1849435
1849436
1849437
1849438
1849439
1849845
1849846
1849847
1849848
1650151
1650351
1651184
1651351
1651381
1651382
1651492
1651590
1651892
1652851
1653351
1653760
1653761
1653763
1655250
1655251
1655961
1655991
1656130
1656147
1656150
1656351
1980341
1980351
1981539
1983400
1983401
1983402
1983403
1983404
1983440
1983441
1983442
1983443
1983444
1983450
1983451
1983452
1983453
1983490
1983491
1983508
1983509
1988851
1380340
1380341
1380343
1380345
1380346
1380349
1383404
1383411
1383413
1383414
1383415
1383416
1383420
1383421
1383422
1383423
1383424
1383450
1383451
1383452
1383453
1383454
1383455
1383456
1383457
1383458
1383459
1383460
1383461
1383462
1383463
1383464
1383465
1383466
1383467
1383468
1383469
1383510
1383511
1383512
1383513
1383514
1383515
1383516
1383517
1383518
1383519
1660340
1660341
1660342
1660343
1660344
1660345
1660346
1660351
1663400
1663401
1663501
1663510
1663511
1663512
1663513
1663514
1663515
1663516
1663517
1663518
1663519
1663600
1663601
1663602
1663603
1663604
1663605
1663606
1663607
1663608
1663609
1663611
1663660
1663661
1663662
1663663
1663664
1663665
1663666
1663667
1663668
1663669
1665460
1665461
1665462
1665463
1665464
1665465
1665466
1665467
1665468
1665469
1665660
1665661
1665662
1665663
1665664
1665665
1665666
1665667
1665668
1665669
1665670
1665671
1665672
1665673
1665674
1665675
1665676
1665677
1665678
1665679
1665680
1665681
1665682
1665683
1665684
1665685
1665686
1665687
1665688
1665689
1870340
1870341
1870343
1870346
1870351
1873410
1873411
1873412
1873413
1873414
1873415
1873416
1873417
1873418
1873419
1873453
1873454
1873455
1873456
1873457
1873458
1873459
1873480
1873481
1873482
1873483
1873484
1873485
1873486
1873487
1873488
1873489
1873490
1873491
1873492
1873510
1873511
1873512
1873513
1873514
1873515
1873516
1873517
1873518
1873519
1873536
1873537
1873538
1873539
1310000
1310001
1310011
1310014
1310341
1310343
1310344
1310351
1311100
1311104
1311105
1311106
1311107
1311108
1311109
1313300
1313301
1313302
1319100
1319104
1319105
1319106
1319107
1319108
1319109
1730341
1730343
1730344
1730351
1733501
1733510
1733581
1971351
1340340
1340341
1340343
1340345
1340346
1340351
1340369
1345310
1345311
1345312
1345313
1345314
1345315
1345316
1345317
1345318
1345319
1345340
1345341
1345342
1345343
1345344
1345345
1345346
1345347
1346680
1346681
1346682
1346683
1346684
1346685
1346686
1346687
1348530
1348531
1348532
1348533
1348534
1348535
1348536
1348537
1348538
1580340
1580341
1580343
1580346
1580351
1583400
1583401
1583402
1583403
1583404
1583405
1583406
1583407
1583410
1583411
1583412
1583413
1583414
1583415
1583416
1583417
1583418
1583419
1583510
1583511
1583512
1583513
1760341
1760351
1763510
1763511
1763512
1763513
1763514
1763515
1763516
1763517
1763518
1763519
1763533
1763534
1763535
1763536
1763537
1763538
1763539
1763567
1763568
1763569
1763570
1763571
1763572
1763656
1763657
1763658
1763659
1763660
1763661
1763662
1763663
1763664
1763665
1763666
1763667
1763668
1763669
1763670
1763671
1763672
1763673
1763674
1763675
1763676
1763677
1763678
1763679
1763680
1763681
1763682
1763683
1763684
1763685
1763686
1763687
1763688
1763689
1763690
1763691
1763692
1763693
1763694
1763695
1763696
1763697
1763698
1763699
1765080
1765081
1765082
1765083
1765084
1765085
1765086
1765087
1765088
1765089
1769600
1769601
1769602
1769603
1769604
1769605
1769606
1769607
1769608
1769609
1769610
1769611
1510340
1510341
1510343
1510346
1510351
1511030
1511031
1511032
1511033
1511034
1511035
1511036
1511037
1511038
1511039
1511040
1511041
1511042
1513508
1513509
1513510
1513511
1513512
1513513
1513514
1513515
1513516
1513517
1513518
1513519
1820341
1820351
1823400
1823401
1823402
1823403
1823404
1823405
1823406
1823407
1823408
1823409
1823410
1823411
1823412
1823413
1823414
1823415
1823416
1823417
1823418
1823419
1823510
1823511
1823512
1823513
1823514
1823515
1823516
1823517
1823518
1823519
1990340
1990341
1990343
1990346
1990351
1993491
1993492
1993494
1993495
1993496
1993497
1993498
1993499
1993510
1993511
1993512
1993513
1993514
1993515
1993516
1993517
1993518
1993519
1993524
1993525
1993526
1993531
1993532
1993534
1993535
1993536
1993537
1993538
1993539
1993551
1993564
1993565
1993566
1993567
1993584
1993585
1993586
1560340
1560341
1560343
1560346
1560351
1563496
1563497
1563498
1563499
1563510
1563511
1563512
1563513
1563514
1563515
1563516
1563517
1563518
1563519
1563536
1563537
1563538
1563539
1569830
1569831
1569832
1569833
1569834
1569840
1569841
1569855
1569856
1569857
1569858
1569859
1780351
1783510
1783511
1783512
1783513
1783514
1783515
1783516
1783517
1783518
1783519
1783560
1783561
1783562
1783563
1783564
1783602
1783603
1783604
1783605
1783620
1783621
1783622
1783623
1783624
1783660
1783661
1783662
1783663
1783664
1786720
1789120
1789121
1789122
1789123
1789124
1789781
1850346
1850351
1853400
1853439
1853441
1853443
1853456
1853457
1853460
1853461
1853462
1853463
1853464
1853465
1853466
1853467
1853468
1853469
1853475
1853510
1853511
1853512
1853513
1853514
1853515
1853516
1853517
1853518
1853519
1853620
1853621
1853622
1853623
1853624
1853625
1853626
1853627
1853628
1853629
1853630
1853631
1853632
1853633
1853634
1853635
1853636
1853637
1853638
1853639
1853660
1853661
1853662
1853663
1853664
1853665
1853666
1853667
1853668
1853669
1853680
1853681
1853682
1853683
1853684
1853685
1853686
1853687
1853688
1853689
1330340
1330341
1330343
1330346
1330351
1331341
1331343
1331351
1332740
1332741
1332743
1332746
1332751
1333340
1333341
1333343
1333346
1333351
1335341
1335343
1335351
1336341
1336343
1336344
1336351
1337421
1338341
1338343
1338351
1339340
1339341
1339343
1339351
1712900
1712901
1712902
1712903
1712904
1712905
1712906
1712907
1712908
1712909
1712910
1712911
1712912
1712913
1712914
1712915
1712916
1713350
1713351
1713353
1713354
1713356
1713357
1713358
1713359
1713680
1713681
1713682
1713683
1713684
1713685
1713686
1713687
1713688
1713689
1713690
1713691
1713692
1713693
1713694
1713695
1713696
1713697
1713698
1713699
1713890
1713891
1713892
1713893
1713895
1713896
1713897
1713899
1715351
1715353
1716351
1717351
1718350
1718351
1718356
1718357
1718358
1718359
1719350
1719351
1719357
1719358
1719359
1719780
1719781
1719782
1719783
1719784
1719785
1719786
1719787
1719788
1719789
1360351
1360353
1360355
1360356
1360358
1361341
1361344
1361345
1361346
1361347
1361348
1361351
1362061
1362341
1362345
1362346
1362347
1362351
1362360
1362361
1362362
1362363
1362364
1362365
1362366
1362367
1363341
1363344
1363345
1363347
1363351
1364341
1364345
1364346
1364347
1364351
1364360
1364361
1364366
1364369
1365340
1365341
1365351
1365360
1365364
1365365
1365366
1365368
1366351
1366361
1950351
1951140
1958154
1958155
1958156
1958157
1958158
1958159
1890340
1890341
1890343
1890346
1890351
1893510
1893511
1893512
1893513
1893514
1893515
1893518
1893519
1800340
1800341
1800343
1800346
1800351
1803510
1803511
1803512
1803513
1803514
1803515
1803516
1803517
1803518
1803519
1530341
1530351
1533102
1533300
1533301
1533341
1533342
1533343
1533351
1533360
1533361
1533364
1533365
1533366
1533368
1534065
1534066
1534067
1534068
1534069
1534070
1534071
1534340
1534341
1534342
1534343
1534348
1534351
1536451
1536461
1536471
1536481
1536483
1536491
1536492
1536493
1536494
1536496
1538340
1538341
1538343
1538346
1538351
1538361
1538674
1538681
1538688
1538699
1538851
1539251
1539261
1539262
1539263
1500340
1500341
1500343
1500346
1500351
1503400
1503401
1503402
1503403
1503404
1503405
1503406
1503407
1503408
1503409
1503410
1503411
1503412
1503413
1503414
1503415
1503416
1503417
1503418
1503419
1503440
1503441
1503442
1503510
1503511
1503512
1503513
1503514
1503515
1503516
1503517
1503518
1503519
1503568
1503569
1830341
1830351
1833470
1833471
1833472
1833473
1833474
1833475
1833476
1833477
1833478
1833479
1833510
1833511
1833512
1833513
1833514
1833515
1833516
1833517
1833518
1833519
1623510
1623512
1590340
1590341
1590343
1590346
1590351
1593404
1593410
1593411
1593412
1593413
1593414
1593415
1593510
1593511
1593512
1593513
1593514
1593515
1593561
1593562
1770340
1770341
1770343
1770346
1770351
1773492
1773494
1773510
1773511
1773512
1773513
1773514
1773515
1773516
1773517
1773518
1773519
1773527
1773534
1773535
1773536
1773537
1773557
1773561
1773564
1773574
1773575
1450160
1450161
1450162
1450163
1450164
1450165
1450166
1450167
1450168
1450169
1452271
1452273
1452281
1452291
1452293
1452296
1453095
1453096
1453272
1453273
1453274
1453290
1453291
1453292
1453293
1453294
1453295
1453296
1453297
1453298
1453299
1454180
1454181
1454190
1454191
1350350
1350351
1350354
1350971
1350973
1351351
1351360
1351361
1351362
1351363
1351364
1354611
1354630
1354631
1354632
1354633
1354634
1354635
1354636
1354637
1354638
1354639
1354640
1354641
1354642
1354643
1354644
1354645
1354646
1354647
1354671
1354672
1359313
1359314
1359315
1359316
1359317
1359318
1359319
1720050
1720051
1720052
1720053
1720054
1720055
1720056
1720057
1720058
1720059
1720060
1720061
1720062
1720063
1720064
1720065
1720066
1720067
1720068
1720069
1300700
1300701
1300702
1300703
1300704
1300707
1300708
1300709
1301070
1301530
1301534
1301537
1301538
1301540
1301544
1301547
1301548
1302700
1302701
1302702
1302703
1302704
1302707
1302708
1302709
1303348
1303800
1303808
1306800
1306804
1306807
1306808
1307350
1307351
1307352
1307353
1307354
1307355
1307356
1307357
1307358
1307359
1308031
1309900
1309904
1309905
1309906
1309907
1309908
1309909
1860341
1860344
1860345
1860346
1860347
1860348
1860351
1861351
1863430
1863431
1863432
1863433
1863434
1863435
1863436
1863437
1863438
1863439
1863440
1863441
1863443
1863451
1863510
1863511
1863512
1863513
1863514
1863515
1863516
1863517
1863518
1863519
1863528
1863529
1863541
1863544
1863557
1863558
1863559
1863579
1863610
1863611
1863612
1863613
1863614
1863615
1863616
1863617
1863618
1863619
1863660
1863661
1863662
1863663
1863664
1863665
1863666
1863667
1863668
1863669
1863680
1863681
1863682
1863683
1863684
1863685
1863686
1863687
1863688
1863689
1863690
1863691
1863692
1863693
1863694
1863695
1863696
1863697
1863698
1863699
1864931
1864932
1864951
1550344
1550345
1550346
1550347
1550348
1550351
1550360
1550361
1550362
1550363
1550364
1550365
1550366
1550367
1550368
1550369
1551300
1551301
1551302
1551303
1551304
1551305
1551306
1551307
1551308
1551309
1551325
1551326
1551327
1551328
1551329
1551336
1551340
1551341
1551342
1551343
1551344
1551345
1551346
1551347
1551351
1551360
1551361
1551362
1551363
1551364
1551365
1551366
1551367
1551368
1551369
1551380
1551381
1551382
1551383
1551384
1551385
1551386
1551387
1551388
1551389
1552500
1552501
1552502
1552503
1552504
1552505
1552506
1552507
1552508
1552509
1552540
1552541
1552542
1552543
1552544
1552545
1552546
1552547
1552548
1552549
1553400
1553401
1553402
1553403
1553404
1553405
1553406
1553407
1553408
1553409
1553445
1553446
1553447
1553448
1553449
1553510
1553511
1553512
1553513
1553514
1553515
1553516
1553517
1553518
1553519
1553535
1553536
1553537
1553538
1553539
1553600
1553601
1553602
1553603
1553604
1553605
1553606
1553607
1553608
1553609
1553630
1553631
1553632
1553633
1553634
1553650
1553651
1553652
1553653
1553654
1553655
1553656
1553657
1553658
1553659
1553660
1553661
1553662
1553663
1553664
1553665
1553666
1553667
1553668
1553669
1553680
1553681
1553682
1553683
1553684
1553685
1553686
1553687
1553688
1553689
1553690
1553691
1553692
1553693
1553694
1553695
1553696
1553697
1553698
1553699
1558178
1558181
1558182
1558183
1558184
1558185
1558188
1558210
1558211
1558212
1390034
1390035
1390340
1390341
1390343
1390346
1390351
1393404
1393411
1393413
1393414
1393415
1393416
1393420
1393421
1393422
1393423
1393424
1393450
1393451
1393452
1393453
1393454
1393455
1393456
1393457
1393458
1393459
1393460
1393461
1393462
1393463
1393464
1393465
1393466
1393510
1393511
1393512
1393513
1393514
1393515
1393516
1393517
1393518
1393519
1399420
1399421
1399422
1399423
1399424
1399425
1399426
1399427
1399428
1399429
1671340
1671341
1671342
1671343
1671344
1671345
1671346
1671347
1671348
1671351
1672340
1672341
1672342
1672343
1672344
1672345
1672346
1672347
1672348
1672351
1672820
1672821
1672822
1672823
1672824
1672825
1672826
1672827
1672828
1672829
1672850
1672851
1672852
1672853
1672854
1672855
1672856
1672857
1672858
1672859
1672860
1672861
1672862
1672863
1673340
1673341
1673342
1673343
1673344
1673345
1673346
1673347
1673348
1673351
1674340
1674351
