1300580
1300581
1300582
1300583
1300584
1300585
1300586
1300587
1300588
1300589
1301058
1302580
1302581
1302582
1302583
1302584
1302585
1302586
1302587
1302588
1302589
1304810
1304811
1304812
1304813
1304814
1304815
1304816
1304817
1304818
1304819
1305920
1305921
1305922
1305923
1305924
1305925
1305926
1305927
1305928
1305929
1306620
1306621
1306622
1306623
1306624
1306625
1306626
1306627
1306628
1306629
1306640
1306641
1306642
1306643
1307140
1307141
1307142
1307143
1307144
1307145
1307146
1307147
1307148
1307149
1390255
1390258
1390288
1392305
1392306
1392307
1392308
1392468
1392900
1392901
1392902
1392903
1392904
1392905
1392906
1392907
1392908
1392909
1671750
1672750
1673750
1860750
1866452
1866453
1866663
1867500
1867501
1867502
1867503
1867504
1867505
1867506
1867507
1867508
1867509
1867592
1867593
1868850
1868852
1868855
1868856
1868860
1500750
1501433
1501434
1501501
1501502
1501503
1501504
1501505
1501884
1501889
1501983
1501984
1501985
1501986
1501987
1501988
1501989
1508811
1508812
1508813
1508980
1508981
1508982
1508983
1508984
1830750
1831811
1350023
1350028
1352830
1352831
1352832
1352833
1352834
1352835
1352836
1352837
1352838
1352839
1353470
1353471
1353472
1353473
1353474
1353475
1353476
1353477
1353478
1353479
1353480
1353481
1353482
1353483
1353484
1353600
1353601
1353602
1353603
1353604
1353605
1353606
1353607
1353608
1353609
1353610
1353611
1353612
1353613
1353614
1353615
1353616
1353617
1353618
1353619
1353620
1353621
1353622
1353623
1353624
1354210
1354211
1354212
1354213
1354214
1354215
1354216
1354217
1354218
1354219
1354495
1354496
1354497
1354498
1354499
1355560
1355561
1355562
1355563
1355564
1355565
1355566
1355567
1355568
1355569
1355690
1355691
1355692
1355693
1355694
1355695
1355696
1355697
1355698
1355699
1452940
1452941
1452942
1453919
1453942
1453943
1453944
1453945
1453946
1454663
1454673
1454689
1454823
1457035
1457036
1457037
1458750
1458910
1458911
1458912
1458913
1458914
1458915
1458916
1458917
1458918
1458919
1458920
1458921
1458922
1458923
1458924
1458925
1458926
1458927
1458928
1458929
1590750
1591360
1591361
1591362
1591363
1591364
1591365
1591366
1591367
1591368
1591369
1591730
1591731
1591732
1591733
1591734
1591780
1591781
1591782
1591783
1591784
1591785
1591786
1591787
1591788
1591789
1597500
1597501
1597502
1597503
1597504
1597505
1597506
1597507
1597508
1597509
1597640
1597641
1597642
1597643
1597644
1597645
1597646
1597647
1597648
1597649
1599210
1599211
1599212
1599213
1599214
1599215
1599216
1599217
1599218
1599219
1599485
1599486
1599487
1599488
1599489
1770300
1770301
1770302
1770303
1770304
1770750
1771886
1771887
1772415
1772446
1772447
1772453
1772454
1772564
1772700
1772701
1772702
1772703
1772704
1772705
1772706
1772707
1772708
1772820
1772821
1772822
1772823
1772853
1772854
1772855
1772863
1772864
1776574
1776575
1776576
1776577
1776578
1776579
1776883
1778689
1779610
1779611
1779612
1779613
1779614
1890255
1890258
1890288
1892200
1892201
1892202
1892203
1892204
1892205
1892305
1892306
1892307
1892308
1892335
1892468
1892900
1892901
1892902
1892903
1892904
1892905
1892906
1892907
1892908
1892909
1894869
1894895
1894896
1894897
1899814
1899815
1899853
1360035
1361225
1361226
1361227
1361228
1361229
1362017
1362018
1362019
1362256
1362257
1363040
1363041
1363042
1363043
1363044
1363045
1363046
1363047
1363048
1363049
1363180
1363181
1363182
1363183
1363184
1363185
1363186
1363187
1363188
1363189
1363205
1363206
1363207
1363208
1363209
1365270
1365271
1365272
1365273
1365274
1366490
1366491
1366492
1366493
1366494
1367280
1367281
1367282
1367283
1367284
1367285
1367286
1367287
1367288
1367289
1367290
1367291
1367292
1367293
1367294
1367295
1367296
1367297
1367298
1367299
1367615
1367616
1367617
1367618
1367619
1368040
1368041
1368042
1368043
1368044
1368045
1368046
1368047
1368048
1368049
1368050
1368051
1368690
1368691
1368692
1368693
1368694
1368695
1368696
1368697
1368698
1368699
1952750
1957807
1800098
1800750
1802290
1802291
1802292
1802293
1802294
1802295
1802296
1802297
1802298
1802299
1802580
1802581
1802675
1802676
1802677
1802678
1802679
1802680
1802681
1802682
1802683
1802684
1802685
1802686
1802687
1802688
1802689
1802762
1802763
1802764
1802940
1802941
1802942
1802943
1802944
1802960
1802961
1802962
1802963
1802964
1802965
1802966
1802967
1802968
1802969
1803310
1803311
1803312
1803313
1803314
1808889
1530750
1532210
1532211
1532212
1532264
1532265
1532266
1532267
1532268
1532269
1533810
1533811
1533812
1533813
1533814
1536220
1536221
1536222
1536223
1536224
1536225
1536226
1536227
1536228
1536229
1536250
1536251
1536252
1536253
1536254
1560255
1560258
1560288
1566010
1566011
1566012
1569750
1780650
1781178
1781179
1781730
1781750
1781785
1781835
1781839
1781859
1781920
1781922
1781924
1782270
1782271
1782272
1782786
1782790
1782791
1782792
1783363
1783365
1783368
1783369
1784177
1784178
1784179
1784180
1784181
1784680
1787500
1787532
1787598
1787615
1787640
1788055
1788064
1788072
1788861
1789657
1850750
1857500
1857501
1857502
1857503
1857504
1857505
1857506
1857507
1857508
1857509
1857800
1857801
1857802
1859823
1992415
1992416
1992417
1992489
1992550
1992551
1992679
1992890
1992891
1992892
1992893
1992894
1992895
1992896
1992897
1992898
1992899
1713750
1715750
1716750
1717482
1717483
1717484
1717485
1717486
1717750
1717865
1717867
1717868
1717869
1717880
1717881
1717882
1717883
1717885
1717889
1718045
1718485
1718750
1718768
1718860
1718861
1718862
1718865
1718994
1719045
1719485
1719750
1330255
1330258
1330288
1331670
1331671
1331672
1331673
1331674
1331675
1331676
1331863
1331864
1331865
1331866
1332288
1332289
1332680
1332681
1332682
1332683
1332684
1335640
1335641
1335642
1335643
1335644
1335655
1335656
1335657
1335658
1335659
1336020
1336021
1336022
1336043
1336044
1337750
1338095
1338096
1338097
1338098
1338099
1339205
1339206
1339207
1339208
1339209
1339250
1339251
1580750
1581375
1581376
1581377
1581378
1581379
1581573
1581574
1581575
1581576
1581577
1581578
1581579
1581590
1581591
1581970
1581971
1581972
1581973
1581974
1581975
1581976
1581977
1581978
1581979
1581990
1581991
1581992
1581993
1581994
1587500
1587501
1587502
1587503
1587504
1587505
1587506
1587507
1587508
1587509
1587625
1587626
1587627
1587628
1587629
1589970
1589971
1589972
1589973
1589974
1760750
1766639
1766649
1768850
1768852
1341415
1341416
1341417
1341418
1341419
1342250
1342251
1342252
1342253
1342254
1342255
1342256
1342257
1342258
1342259
1342260
1342261
1342262
1342263
1342264
1342265
1342266
1342267
1342268
1342269
1342270
1342271
1342272
1342273
1342274
1342275
1342276
1342277
1342278
1342279
1342490
1342491
1342492
1342493
1342494
1342495
1342496
1342497
1342498
1342499
1342670
1342671
1342672
1342673
1342674
1342675
1342676
1342677
1342678
1342679
1342680
1342681
1342682
1342683
1342684
1342685
1342686
1342687
1342688
1342689
1342710
1342711
1342712
1342713
1342714
1342715
1342716
1342717
1342718
1342719
1342720
1342721
1342722
1342723
1342724
1342725
1342726
1342727
1342728
1342729
1342730
1342731
1342732
1342733
1342734
1342735
1342736
1342737
1342738
1342739
1342740
1342741
1342742
1342743
1342744
1342745
1342746
1342747
1342748
1342749
1342825
1342826
1342827
1342828
1342829
1343170
1343171
1343172
1343173
1343174
1343175
1343176
1343177
1343178
1343179
1343220
1343221
1343222
1343223
1343224
1343225
1343226
1343227
1343228
1343229
1343515
1343516
1343517
1343518
1343519
1343730
1343731
1343732
1343733
1343734
1510750
1511340
1511395
1511396
1511885
1820069
1820750
1821850
1821911
1380075
1380260
1380261
1380960
1382230
1382231
1382232
1382233
1382234
1382235
1382236
1382237
1382238
1382239
1382240
1382241
1382242
1382243
1382244
1382245
1382246
1382247
1382248
1382249
1382400
1382401
1382402
1382403
1382404
1382405
1382406
1382407
1382408
1382409
1382700
1382701
1382702
1382703
1382704
1382705
1382706
1382707
1382708
1382709
1382800
1382801
1382802
1382803
1382804
1382805
1382806
1382807
1382808
1382809
1660750
1662600
1662601
1662602
1662603
1662604
1662605
1662606
1662607
1662608
1662609
1667500
1667501
1667502
1667503
1730750
1730820
1732812
1736320
1736321
1736322
1736323
1736324
1736325
1736326
1736327
1736328
1736329
1736340
1736341
1736342
1736343
1736344
1737690
1737691
1737692
1737693
1737694
1737695
1737696
1737697
1737698
1737699
1310494
1310495
1310695
1310696
1310697
1310698
1310699
1311346
1311960
1311961
1311962
1311963
1311964
1311965
1311966
1311967
1311968
1311969
1312620
1312621
1312622
1312623
1312624
1312625
1312626
1312627
1312628
1312629
1314420
1314421
1314422
1314423
1314424
1316850
1316851
1316852
1316980
1316981
1316982
1316983
1316984
1317220
1317221
1317222
1317223
1317224
1317225
1317226
1317227
1317228
1317229
1318940
1318941
1318942
1318943
1318944
1318985
1318986
1318987
1318988
1318989
1910750
1912570
1912571
1912572
1912841
1321126
1321127
1321128
1321129
1321750
1322646
1322647
1322690
1322691
1322692
1322693
1322694
1322695
1322908
1322909
1322913
1322914
1323240
1323241
1323242
1323243
1323244
1323285
1323286
1323287
1323288
1323289
1323290
1323291
1323292
1323293
1323294
1324215
1324216
1324217
1324218
1324219
1324248
1324249
1324490
1324491
1324492
1324493
1324658
1324659
1324910
1324911
1324912
1325001
1325002
1325046
1325047
1325750
1326645
1326646
1326648
1326649
1326765
1326766
1326767
1326768
1326769
1328610
1328611
1328612
1328613
1328614
1328615
1328616
1328617
1328618
1328619
1328660
1328661
1328662
1328663
1700261
1700262
1700263
1700409
1700697
1700750
1701700
1701701
1701702
1701703
1701704
1702751
1702752
1702753
1702754
1705144
1708690
1708691
1708692
1708693
1708694
1708695
1708696
1708697
1708698
1708699
1708870
1708871
1708872
1708873
1708874
1709424
1709425
1709426
1709427
1709970
1709971
1709972
1709973
1709974
1709975
1709976
1709978
1709979
1651750
1980643
1980750
1981208
1981446
1982050
1982058
1982065
1982068
1982069
1983027
1983046
1983058
1983072
1983097
1983280
1983582
1984916
1984960
1984985
1986025
1986026
1986039
1986067
1986070
1986071
1986422
1986425
1986452
1986463
1986519
1986542
1986561
1986735
1986736
1986750
1986751
1986752
1986753
1986756
1986759
1986760
1987288
1987453
1987456
1987500
1987501
1987502
1987503
1987504
1987505
1987506
1987507
1987508
1987509
1987515
1987814
1987817
1987824
1987903
1987905
1987906
1987981
1987982
1987985
1987986
1987989
1988605
1988621
1988639
1989683
1989809
1571821
1572412
1572830
1572888
1576726
1576727
1576728
1576753
1576772
1576793
1576801
1576838
1840750
1847500
1847501
1810750
1812482
1812483
1812540
1812541
1812542
1812543
1812544
1812545
1812546
1812547
1812548
1812549
1812710
1812711
1812712
1812750
1812751
1812752
1812753
1812754
1812755
1812756
1812757
1812758
1812759
1812820
1812821
1812822
1812823
1812824
1812825
1812826
1812827
1812828
1812829
1813800
1813801
1813802
1813803
1813804
1813805
1813806
1813807
1813808
1813809
1813895
1813896
1813897
1813898
1813899
1814446
1814447
1816564
1816565
1816566
1520750
1521698
1521699
1521900
1521901
1521955
1521956
1521968
1521969
1522075
1522076
1522077
1522078
1522079
1471468
1471499
1471530
1471555
1471573
1471585
1471586
1475011
1475017
1477809
1477887
1370220
1370221
1370222
1370223
1370224
1370227
1370228
1370229
1370240
1370241
1370258
1370259
1370270
1370271
1370284
1370309
1370961
1371725
1371726
1371727
1371728
1371729
1372590
1372591
1372592
1372593
1372594
1372595
1372596
1372597
1372598
1372599
1372615
1372616
1372617
1372618
1372619
1375030
1375031
1375032
1375033
1375034
1375035
1375036
1375037
1375038
1375039
1376050
1376051
1376052
1376053
1376054
1379420
1379421
1379422
1379423
1379424
1379425
1379426
1379427
1379428
1379429
1880255
1880258
1880750
1881347
1881380
1881415
1881416
1881418
1881673
1882305
1882306
1882307
1882308
1882400
1882401
1882402
1882403
1882404
1882405
1882406
1882407
1882408
1882409
1882534
1882535
1882599
1882615
1882616
1882617
1882618
1882619
1889982
1750750
1752030
1752031
1752032
1752033
1756500
1756501
1756502
1756503
1756504
