1590553
1592230
1592231
1595530
1595531
1595532
1595533
1595534
1595535
1595536
1595537
1595538
1595539
1770553
1770963
1771824
1771825
1771826
1771827
1771828
1771829
1771945
1772991
1772999
1773008
1773009
1773010
1773011
1773012
1773013
1773014
1773030
1773031
1773032
1773033
1773040
1775401
1775411
1775483
1775530
1775531
1775532
1775533
1775534
1775535
1775536
1775537
1775538
1775539
1775650
1775651
1775652
1775653
1775654
1775655
1775656
1776432
1777525
1777526
1777527
1777528
1777529
1777546
1777547
1777548
1452083
1453086
1453551
1453553
1454103
1454113
1457223
1458265
1458266
1458267
1458268
1458269
1350052
1350553
1350559
1351491
1351553
1500553
1505530
1505531
1505532
1505533
1505534
1505575
1505576
1505577
1505578
1505579
1505645
1505646
1505647
1505648
1830553
1831530
1831531
1831532
1831533
1831534
1831535
1831536
1831537
1831538
1831539
1832530
1832531
1832532
1832533
1832534
1832535
1832536
1832537
1832538
1832539
1835530
1835531
1835532
1835533
1835534
1835535
1835536
1835537
1835538
1835539
1835620
1835621
1835622
1835623
1835635
1835637
1835655
1835656
1835657
1835658
1835659
1835697
1835698
1835699
1836538
1836539
1837530
1837531
1837532
1837533
1837534
1837535
1837536
1837537
1837538
1837539
1839530
1839531
1839532
1839533
1839535
1839536
1839537
1839538
1839539
1860553
1860569
1860963
1865530
1865531
1865532
1865533
1865534
1865535
1865536
1865537
1865538
1865539
1550553
1555120
1555121
1555122
1555123
1555124
1555125
1555126
1555127
1555170
1555171
1555172
1555173
1555174
1555530
1555531
1555532
1555533
1555534
1555535
1555536
1555537
1555538
1555539
1555634
1555635
1390553
1390963
1395530
1395531
1395532
1395533
1395534
1395535
1395536
1395537
1395538
1395539
1395615
1395616
1395617
1395618
1395619
1395620
1395621
1396515
1396516
1396517
1396518
1396519
1396600
1396601
1396602
1396603
1671553
1672553
1673553
1720150
1720161
1300303
1300304
1300404
1300405
1300406
1302303
1302304
1302404
1302405
1302406
1303303
1303304
1303504
1305316
1305326
1306326
1306336
1308303
1308321
1308326
1308553
1309344
1309362
1309363
1309364
1309549
1309553
1930553
1935559
1330553
1330963
1332903
1332914
1333553
1333903
1333923
1334553
1334903
1334921
1334923
1335553
1335908
1336553
1336571
1336573
1339553
1339953
1712007
1712008
1712009
1712010
1712011
1712012
1712013
1712014
1712015
1712016
1712017
1712018
1712019
1712020
1715553
1716553
1717492
1717493
1717553
1718495
1718496
1718553
1718562
1718565
1719553
1719561
1719562
1719565
1990553
1990963
1993014
1994246
1994247
1994253
1994450
1994451
1994452
1995530
1995531
1995532
1995533
1995534
1995535
1995536
1995537
1995538
1995539
1996530
1996531
1996532
1996533
1996534
1996535
1996536
1996537
1996538
1996539
1996553
1560553
1560963
1565530
1565531
1565532
1565533
1565534
1565535
1565536
1565537
1565538
1565539
1566553
1566565
1567553
1569553
1780553
1785530
1785531
1785532
1785533
1785534
1785535
1785536
1785537
1785538
1785539
1785561
1785595
1785669
1785690
1785691
1785692
1785693
1785694
1788431
1788447
1789161
1789553
1850553
1855503
1855513
1855530
1855531
1855532
1855533
1855534
1855535
1855536
1855537
1855551
1855553
1855632
1800553
1800963
1801073
1801074
1801075
1801076
1801077
1801078
1801079
1801950
1801951
1801952
1801953
1805401
1805530
1805531
1805532
1805533
1805534
1805535
1805536
1805537
1805538
1805539
1805652
1805658
1805659
1805699
1809642
1809862
1809863
1809864
1809865
1809866
1530553
1530963
1532453
1534553
1534989
1535700
1535701
1535702
1535703
1535704
1535788
1535789
1537506
1537511
1537553
1537568
1537569
1538553
1538560
1538586
1538587
1539194
1539530
1539531
1539532
1539533
1539534
1539535
1539536
1539537
1539538
1539539
1539553
1360553
1360559
1361553
1362553
1362569
1363553
1363713
1364553
1365553
1365559
1366553
1367553
1368553
1369553
1369567
1369656
1890053
1890553
1890963
1894940
1894941
1894942
1894943
1894950
1894951
1894952
1894953
1894954
1894955
1894956
1894957
1894958
1894959
1895530
1895531
1895532
1895533
1895534
1895535
1895536
1895537
1895538
1895539
1896375
1313553
1314553
1315530
1315531
1315532
1315533
1315534
1316763
1317003
1317023
1319531
1319532
1319533
1319544
1319553
1730553
1730963
1733062
1733063
1735372
1735373
1735420
1735421
1735422
1735423
1735424
1735425
1735426
1735427
1735428
1735429
1735530
1735531
1735532
1735533
1735534
1735537
1735538
1735539
1739837
1380553
1385530
1385531
1385532
1385533
1385534
1385535
1385536
1385537
1385538
1385539
1386553
1386635
1386636
1386637
1386638
1386639
1386665
1660553
1665535
1665536
1665537
1665538
1665539
1870553
1871484
1871528
1871529
1871530
1871531
1871532
1871533
1871534
1871553
1872553
1872645
1875530
1875531
1875532
1875533
1875534
1875535
1875536
1875537
1875538
1875539
1510553
1515530
1515531
1515532
1515533
1515534
1515535
1515536
1515537
1515538
1515539
1515630
1515631
1515632
1517850
1517851
1517852
1517853
1517854
1517855
1517856
1517857
1517858
1517859
1820553
1821471
1822553
1822652
1822653
1822654
1822670
1822671
1822672
1822673
1822674
1822675
1822676
1822677
1822678
1822679
1822693
1825530
1825531
1825532
1825533
1825534
1825535
1825536
1825537
1825538
1825539
1825657
1829750
1829751
1829752
1829753
1829754
1829825
1829826
1347073
1347074
1347075
1348553
1348579
1348585
1580553
1585553
1585596
1585597
1585598
1585599
1760553
1768131
1768132
1768133
1768134
1768211
1768212
1880553
1881553
1885530
1885531
1885532
1885533
1885534
1885535
1885536
1885537
1885538
1885539
1889530
1889531
1889532
1889533
1889534
1889535
1889536
1889537
1889538
1889539
1750553
1750565
1750963
1755503
1370553
1372120
1372121
1470553
1475530
1475531
1475532
1475533
1475534
1475537
1475538
1475539
1475565
1479014
1479015
1479035
1479038
1479096
1810553
1810963
1811025
1811026
1811027
1811028
1811029
1811045
1811087
1811088
1811987
1811988
1811989
1813030
1813031
1813032
1813033
1813034
1813035
1813036
1813037
1813038
1813039
1813040
1813060
1813061
1813340
1813341
1815401
1815425
1815530
1815531
1815532
1815533
1815534
1815535
1815536
1815537
1815538
1815539
1815658
1815880
1815881
1816440
1816441
1816442
1819650
1819651
1819652
1819653
1819654
1819655
1819656
1819657
1819658
1819659
1819666
1520553
1521220
1521221
1521222
1521223
1521224
1521225
1521226
1521227
1521228
1521229
1521553
1522293
1524004
1525530
1525531
1525532
1525533
1525534
1525535
1525536
1525537
1525538
1570553
1571553
1572053
1575530
1575531
1575532
1575533
1575534
1575535
1575536
1575537
1575538
1575539
1840553
1845530
1845531
1845532
1845533
1845534
1845535
1845536
1845537
1845538
1845539
1650553
1651940
1652053
1652153
1980553
1981091
1981092
1981347
1982652
1982653
1982654
1984000
1984008
1984024
1984181
1984182
1985503
1985530
1985531
1985532
1985533
1985534
1985535
1985536
1985537
1985538
1985539
1985659
1700553
1701566
1701567
1701568
1701569
1701942
1701943
1702566
1702567
1702568
1702569
1704024
1704025
1704026
1704027
1704028
1704029
1704030
1704031
1704032
1704033
1704034
1704035
1704036
1704037
1704038
1704039
1705063
1706025
1706026
1706027
1707552
1707553
1707554
1707555
1707561
1707562
1707563
1708553
1910553
1910963
1914246
1914253
1915406
1915530
1915531
1915532
1915533
1915534
1915535
1320553
1321553
1322553
1327553
1328553
1329553
