1660310
1663000
1663001
1663002
1663003
1663004
1663005
1663006
1663007
1663008
1663009
1663100
1663101
1663102
1663103
1663104
1663105
1663106
1663107
1663108
1663109
1663200
1663201
1663202
1663203
1663204
1663205
1663206
1663207
1663208
1663209
1663230
1663231
1663232
1663233
1663300
1663301
1663302
1663303
1663304
1663305
1663306
1663307
1663308
1663309
1668200
1668201
1668202
1668203
1668204
1668205
1668206
1668207
1668208
1668209
1380031
1380310
1380320
1380329
1383100
1383101
1383102
1383103
1383104
1383105
1383106
1383107
1383108
1383109
1383200
1383201
1383202
1383203
1383204
1383205
1383206
1383207
1383208
1383209
1870310
1870320
1870330
1873000
1873001
1873002
1873003
1873004
1873005
1873006
1873007
1873008
1873009
1873100
1873101
1873102
1873103
1873104
1873105
1873106
1873107
1873108
1873109
1873200
1873201
1873202
1873203
1873204
1873205
1873206
1873207
1873208
1873209
1310300
1310310
1310320
1310330
1311130
1311131
1311132
1311133
1311134
1311135
1311136
1311137
1311138
1311139
1313100
1313101
1313102
1313103
1313104
1313105
1313106
1313107
1313108
1313109
1316550
1316551
1317153
1317154
1317177
1317178
1317179
1317186
1318003
1318050
1318051
1318052
1318053
1318470
1318471
1319170
1319171
1319172
1319173
1730310
1730320
1732060
1732061
1732062
1732063
1732064
1732065
1732066
1732067
1732068
1732069
1733010
1733100
1733101
1733102
1733103
1733104
1733105
1733106
1733107
1733108
1733109
1733147
1733195
1733196
1733197
1733198
1733199
1733200
1733201
1733202
1733203
1733204
1733205
1733206
1733207
1733208
1733209
1733210
1733211
1733242
1733243
1733244
1733410
1733411
1733412
1733413
1733414
1733415
1733416
1733417
1733418
1733419
1733640
1734087
1734088
1734089
1734090
1734980
1736300
1736310
1736740
1737090
1739520
1340010
1340020
1340030
1340040
1340310
1340320
1340330
1344061
1344062
1344063
1344161
1344163
1344263
1345142
1345143
1345144
1345145
1345146
1346300
1346301
1346302
1346303
1346304
1346305
1346306
1346307
1346308
1346309
1346310
1346340
1347200
1347201
1347202
1347203
1347300
1347301
1347302
1347303
1347304
1347310
1348300
1348301
1348302
1348303
1348304
1348305
1348306
1348307
1348308
1348309
1348340
1348341
1348359
1760310
1763100
1763101
1763102
1763103
1763104
1763105
1763106
1763107
1763108
1763109
1763130
1763131
1763132
1763133
1763134
1763135
1763136
1763137
1763138
1763139
1763166
1763167
1763168
1763307
1763309
1763310
1763339
1764600
1764601
1764602
1764603
1764604
1764605
1764606
1764607
1764608
1764609
1765946
1769200
1769201
1769202
1769203
1769204
1769205
1769206
1580310
1580320
1580330
1583000
1583001
1583002
1583003
1583004
1583005
1583006
1583007
1583008
1583009
1583040
1583073
1583074
1583075
1583076
1583077
1583078
1583100
1583101
1583102
1583103
1583104
1583105
1583106
1583107
1583108
1583109
1583159
1583181
1583182
1583183
1583184
1583185
1583186
1583200
1583201
1583202
1583203
1583204
1583205
1583206
1583207
1583208
1583209
1583300
1583301
1583302
1583303
1583304
1583305
1583306
1583307
1583308
1583309
1583310
1583320
1583330
1583340
1583341
1583344
1583374
1583380
1820310
1823000
1823010
1823020
1823021
1823022
1823023
1823026
1823040
1823100
1823101
1823102
1823103
1823104
1823105
1823106
1823107
1823108
1823109
1823200
1823201
1823202
1823203
1823204
1823205
1823206
1823207
1823208
1823209
1824450
1824460
1510000
1510001
1510002
1510003
1510004
1510005
1510006
1510007
1510008
1510009
1510030
1510034
1510040
1510041
1510042
1510043
1510044
1510045
1510046
1510047
1510048
1510260
1510261
1510262
1510263
1510264
1510265
1510266
1510267
1510268
1510269
1510310
1510320
1510330
1512700
1512701
1512702
1512703
1512704
1512705
1512706
1512800
1512801
1512802
1512803
1512804
1512805
1512806
1512807
1512808
1512809
1512887
1512888
1512889
1512890
1512891
1512892
1513000
1513001
1513002
1513003
1513004
1513100
1513101
1513102
1513103
1513104
1513105
1513106
1513107
1513108
1513109
1513200
1513201
1513202
1513203
1513204
1513205
1513206
1513207
1513208
1513209
1513300
1513301
1513302
1513303
1513304
1513305
1513306
1513307
1513308
1513309
1517500
1517501
1517502
1517503
1517504
1517505
1517506
1517507
1517508
1517509
1517540
1517541
1517542
1517543
1517544
1517600
1517601
1517602
1517603
1517604
1517605
1517606
1517607
1517608
1517609
1518880
1518881
1518882
1518883
1518884
1518885
1518886
1518887
1518888
1518889
1518890
1518891
1518892
1520010
1520011
1520012
1520013
1520014
1520310
1520320
1520330
1522690
1522691
1522692
1522693
1522694
1522695
1522696
1522697
1522698
1522699
1522740
1522741
1522742
1522743
1522744
1522745
1522746
1522747
1522748
1522749
1522790
1522791
1522792
1522793
1522794
1522795
1522796
1522797
1522798
1522799
1523000
1523001
1523002
1523003
1523004
1523005
1523006
1523007
1523008
1523009
1523100
1523101
1523102
1523103
1523104
1523105
1523106
1523107
1523108
1523109
1523180
1523181
1523182
1523183
1523184
1523185
1523186
1523187
1523188
1523189
1523200
1523201
1523202
1523203
1523204
1523205
1523206
1523207
1523208
1523209
1523280
1523281
1523282
1523283
1523284
1523285
1523286
1523287
1523288
1523289
1523310
1523320
1523322
1523380
1523381
1523382
1523383
1523384
1523385
1523386
1523387
1523388
1523389
1528420
1528430
1528438
1528439
1529750
1529751
1529752
1529753
1529754
1529755
1529756
1529757
1529758
1529759
1810310
1810320
1810330
1813100
1813101
1813102
1813103
1813104
1813105
1813106
1813107
1813108
1813109
1813210
1813214
1813220
1813223
1813224
1813230
1813231
1813232
1813233
1813234
1813295
1813296
1813297
1813298
1813400
1813410
1813414
1813420
1813421
1813430
1880300
1880310
1880320
1880330
1881200
1881210
1883000
1883001
1883002
1883003
1883004
1883005
1883006
1883007
1883008
1883009
1883085
1883086
1883087
1883088
1883089
1883100
1883101
1883102
1883103
1883104
1883105
1883106
1883107
1883108
1883109
1883200
1883201
1883202
1883203
1883204
1883205
1883206
1883207
1883208
1883209
1883300
1883301
1883302
1883303
1883304
1883305
1883306
1883307
1883308
1883309
1883390
1884900
1884901
1884902
1884903
1884904
1884905
1884906
1884907
1884940
1750310
1751800
1751801
1751802
1751803
1751804
1751805
1751806
1751807
1751808
1751809
1753000
1753001
1753002
1753003
1753100
1753101
1753102
1753103
1753104
1753105
1753106
1753107
1753108
1753109
1753130
1753131
1753132
1753133
1753134
1753135
1753230
1753231
1753232
1753233
1753250
1753251
1753252
1753253
1753254
1753255
1753256
1753257
1753258
1753259
1753300
1753301
1753302
1753303
1753304
1753305
1753306
1753307
1753308
1753309
1753310
1753330
1753331
1753332
1753333
1753334
1753335
1753336
1753337
1753338
1753339
1753340
1753341
1753342
1753343
1754900
1754901
1754902
1754903
1754904
1754905
1754906
1754907
1754908
1754909
1755950
1755951
1755952
1755953
1755954
1755955
1755956
1755957
1755958
1755959
1758930
1758931
1758932
1758933
1758934
1758935
1759200
1759201
1759202
1759203
1759204
1759205
1759206
1759207
1759208
1759209
1759430
1759431
1759432
1759433
1759434
1370030
1370310
1370320
1370330
1372234
1372237
1372238
1372239
1372248
1372258
1372259
1372267
1372268
1372269
1373000
1373001
1373002
1373003
1373004
1373005
1373006
1373007
1373008
1373040
1373041
1373100
1373101
1373102
1373103
1373104
1373320
1373330
1373960
1373961
1373962
1373963
1373964
1373965
1373966
1373967
1375440
1375448
1378400
1378401
1378420
1378421
1378422
1378423
1378424
1378425
1378426
1378500
1378501
1378502
1378503
1378504
1378505
1378506
1378508
1378540
1470300
1470301
1470310
1470320
1470330
1473000
1473001
1473004
1473010
1473011
1475600
1475601
1475602
1475603
1475604
1475605
1475640
1700310
1700320
1700321
1700339
1701330
1701331
1701332
1701333
1701346
1701347
1703597
1703598
1703599
1704131
1704132
1704133
1704134
1704135
1704136
1704137
1704138
1704139
1704140
1704141
1704142
1704143
1704144
1704145
1704146
1704147
1704148
1704149
1704150
1704151
1704152
1704190
1704191
1704192
1704193
1704194
1704195
1704196
1704197
1704198
1704199
1705542
1706561
1706562
1706563
1706564
1706565
1707310
1708300
1708301
1708302
1708303
1708304
1708305
1708310
1322310
1322311
1322312
1322313
1322314
1323000
1323001
1323002
1323003
1323004
1323005
1323006
1323007
1323008
1323009
1323100
1323101
1323102
1323103
1323104
1323105
1323106
1323107
1323108
1323109
1328310
1328311
1328312
1328313
1328314
1328315
1328316
1328317
1328318
1328319
1328340
1328341
1328342
1328343
1328344
1328654
1328879
1329040
1329048
1329050
1329057
1329060
1329200
1329201
1329202
1329203
1329204
1329205
1329206
1329207
1329208
1329209
1329300
1329301
1329302
1329303
1329304
1329305
1329306
1329307
1329308
1329309
1910310
1910330
1910331
1910332
1910333
1910334
1913100
1913101
1913102
1913103
1913104
1913105
1914340
1914341
1914342
1914343
1840300
1840310
1840320
1840330
1840338
1843100
1843102
1843103
1843104
1843105
1843106
1843107
1843108
1843109
1843140
1843230
1843240
1843241
1843242
1843243
1843260
1843270
1843274
1843280
1843290
1570310
1570320
1570324
1571300
1571310
1571320
1571330
1571680
1571681
1571682
1571683
1571684
1571690
1573100
1573101
1573102
1573103
1573104
1573105
1573106
1573107
1573108
1573109
1573300
1573301
1573302
1573303
1573304
1573305
1573306
1573307
1573308
1573309
1573340
1573341
1573342
1573343
1573344
1573345
1573346
1573347
1573348
1573349
1573360
1573361
1573362
1579662
1650310
1650820
1651339
1651402
1651404
1651623
1651928
1652310
1652810
1653106
1653109
1653140
1653172
1653200
1653205
1653310
1653491
1655974
1656013
1656031
1656107
1657330
1657820
1980300
1980302
1980310
1980320
1980330
1981303
1983100
1983101
1983102
1983103
1983104
1983105
1983106
1983107
1983108
1983109
1983145
1983200
1983201
1983202
1983203
1983204
1983220
1983230
1983240
1983249
1983250
1983260
1983265
1983300
1983301
1983302
1983303
1983304
1983305
1983306
1983307
1983308
1983309
1984480
1984490
1986880
1989890
1830300
1830301
1830302
1830303
1830304
1830305
1830306
1830307
1830308
1830309
1830310
1830313
1830314
1830316
1830320
1830321
1830322
1830323
1830324
1830330
1830331
1830332
1830333
1830334
1830336
1830337
1830338
1830339
1833000
1833001
1833002
1833003
1833004
1833005
1833006
1833007
1833008
1833009
1833185
1833186
1833187
1833188
1833189
1834870
1834871
1834872
1834873
1834874
1834875
1834876
1834877
1834878
1834879
1500310
1500320
1500330
1502790
1502791
1502792
1502793
1502794
1502795
1502796
1502797
1502798
1502799
1502800
1502801
1502802
1502803
1502804
1502805
1502806
1502807
1502808
1502809
1502845
1502846
1502847
1502848
1502849
1503000
1503001
1503002
1503003
1503004
1503005
1503006
1503007
1503008
1503009
1503040
1503041
1503042
1503100
1503101
1503102
1503103
1503104
1503105
1503106
1503107
1503108
1503109
1503140
1503200
1503201
1503202
1503203
1503240
1503287
1503288
1503289
1503300
1503301
1503302
1503303
1503304
1503305
1503306
1503307
1503308
1503309
1503310
1503385
1503386
1503387
1503388
1503389
1507500
1507501
1507502
1507503
1507504
1507505
1507506
1507507
1507508
1507509
1507540
1508100
1508101
1508102
1508103
1508104
1508105
1508106
1508107
1508108
1508109
1508140
1508160
1508161
1508162
1508163
1508170
1508171
1508172
1508173
1508174
1508175
1508176
1508177
1508178
1508179
1509765
1509766
1509767
1509768
1509769
1509784
1623102
1770310
1770320
1770330
1771300
1771301
1771302
1771303
1771304
1771305
1771306
1771307
1771308
1771309
1771710
1771716
1771776
1773059
1773100
1773101
1773102
1773103
1773104
1773105
1773106
1773107
1773108
1773109
1773180
1773200
1773201
1773202
1773203
1773204
1773205
1773206
1773207
1773208
1773209
1773301
1773302
1773304
1773305
1773306
1773307
1773308
1773309
1773400
1773401
1773410
1773411
1773412
1773413
1773420
1773421
1773422
1773423
1773424
1773430
1773431
1773432
1773433
1773610
1773611
1773612
1773613
1773614
1773615
1773616
1773617
1773618
1773619
1774031
1774032
1774033
1774034
1774366
1774367
1774368
1774395
1774396
1774397
1774398
1774399
1775290
1775291
1775292
1775293
1775294
1775295
1775296
1775297
1775298
1776907
1776908
1778820
1590310
1590320
1590330
1593000
1593001
1593002
1593040
1593080
1593090
1593091
1593100
1593101
1593102
1593103
1593104
1593203
1593204
1593210
1593220
1593244
1593245
1593246
1593275
1593276
1593277
1593278
1593279
1593300
1593310
1593320
1593330
1593386
1593387
1593388
1593389
1450200
1450201
1450202
1450203
1450310
1452100
1452101
1452102
1452103
1452104
1452105
1452106
1452107
1452108
1454120
1454130
1457732
1457733
1350310
1350330
1351310
1351320
1351330
1358230
1358260
1726879
1300146
1300186
1301149
1301153
1301154
1301210
1301211
1301320
1302083
1302146
1302186
1303145
1303146
1303147
1303198
1303199
1304310
1304770
1304771
1304772
1304773
1304774
1304775
1304776
1304777
1304778
1304779
1308040
1308044
1308210
1308211
1308212
1308213
1308214
1308215
1309110
1309111
1309112
1309113
1550300
1550301
1550302
1550303
1550307
1550308
1550310
1551100
1551101
1551102
1551103
1551104
1551105
1551106
1551107
1551108
1551109
1551270
1551271
1551272
1551273
1551274
1551275
1551276
1551277
1553000
1553001
1553002
1553003
1553004
1553005
1553006
1553007
1553008
1553009
1553100
1553101
1553102
1553103
1553104
1553105
1553106
1553107
1553108
1553109
1553200
1553201
1553202
1553203
1553204
1553205
1553206
1553207
1553208
1553209
1553300
1553301
1553302
1553303
1553304
1553305
1553306
1553307
1553308
1553309
1553310
1553330
1553331
1553332
1553333
1553334
1554470
1554471
1554472
1554473
1554474
1554475
1554476
1554477
1554478
1554479
1554480
1554481
1554482
1554483
1554484
1554485
1554486
1554487
1554488
1554489
1555471
1555472
1555473
1555474
1555475
1555476
1555477
1555478
1555479
1555480
1555483
1555484
1555485
1555486
1555487
1860310
1860320
1860330
1861755
1861756
1861757
1861758
1861759
1863000
1863001
1863002
1863003
1863004
1863005
1863006
1863007
1863008
1863009
1863100
1863101
1863102
1863103
1863104
1863105
1863106
1863107
1863108
1863109
1863200
1863201
1863202
1863203
1863204
1863205
1863365
1863366
1863410
1863411
1863412
1863413
1863414
1671310
1671493
1671494
1671503
1671505
1671506
1672310
1673310
1674310
1390031
1390032
1390033
1390310
1390320
1390330
1393000
1393001
1393002
1393003
1393004
1393005
1393006
1393007
1393008
1393009
1393100
1393101
1393102
1393103
1393104
1393105
1393106
1393107
1393108
1393109
1393200
1393201
1393202
1393203
1393204
1393205
1393206
1393207
1393208
1393209
1990310
1990320
1990330
1993035
1993042
1993043
1993080
1993081
1993082
1993083
1993084
1993085
1993086
1993087
1993088
1993089
1993100
1993101
1993102
1993103
1993104
1993200
1993201
1993202
1993203
1993204
1993205
1993206
1993207
1993208
1993209
1993240
1993380
1993381
1994350
1994351
1994820
1994821
1994822
1994823
1994824
1994825
1994840
1780030
1780300
1780310
1780320
1780330
1783100
1783120
1783130
1783140
1783148
1783150
1783190
1783191
1783192
1783193
1783194
1783195
1783196
1783197
1783198
1783199
1783210
1783220
1783230
1783240
1783250
1783264
1783270
1783279
1783280
1783290
1783291
1783294
1788650
1788870
1789767
1789768
1789769
1850310
1853100
1853101
1853102
1853103
1853104
1853105
1853106
1853107
1853108
1853109
1853206
1853207
1853208
1853209
1853393
1853394
1853395
1853396
1560310
1561200
1561201
1561202
1561203
1561204
1561205
1561206
1561207
1561208
1561209
1561300
1561301
1561302
1561303
1561304
1561305
1561306
1561307
1561308
1561309
1561400
1561401
1561402
1561403
1561404
1561405
1561406
1561407
1561408
1561409
1561492
1563000
1563001
1563002
1563003
1563004
1563005
1563006
1563007
1563008
1563009
1563030
1563031
1563032
1563033
1563034
1563035
1563036
1563037
1563038
1563039
1563100
1563101
1563102
1563103
1563104
1563105
1563106
1563107
1563108
1563109
1563140
1563141
1563142
1563143
1563144
1563145
1563146
1563147
1563148
1563149
1563200
1563201
1563202
1563203
1563204
1563205
1563206
1563207
1563208
1563209
1563310
1569000
1569001
1569002
1569003
1569004
1569010
1569498
1569499
1330300
1330308
1330310
1330320
1330330
1331300
1331310
1331320
1331330
1331500
1331501
1331502
1331503
1331504
1331505
1331506
1331507
1331508
1331509
1332300
1332310
1332320
1333300
1333310
1333320
1334300
1334310
1334320
1334330
1336300
1336301
1336302
1336303
1336304
1336305
1336306
1336307
1336308
1336309
1336310
1337300
1337310
1337320
1337330
1337340
1337350
1338300
1338308
1338310
1338320
1338330
1339300
1339310
1712141
1712142
1712143
1712144
1712145
1712146
1712147
1712148
1712149
1712150
1712151
1712152
1712153
1712154
1712155
1712156
1712157
1712158
1712159
1712160
1712161
1712162
1712198
1713136
1713137
1713138
1713139
1713301
1713302
1713303
1713305
1713306
1713307
1713308
1713309
1713310
1713316
1713318
1715310
1716310
1717310
1717425
1717426
1717427
1717428
1717429
1718310
1719310
1719326
1719327
1719328
1719329
1719426
1719427
1719428
1719429
1951110
1952715
1952716
1952717
1953339
1954200
1956814
1956815
1956816
1360310
1360320
1360330
1361310
1361320
1362310
1362320
1363080
1363310
1363320
1364310
1364320
1365310
1365320
1365330
1366310
1367310
1367320
1890310
1890320
1890330
1893100
1893101
1893102
1893103
1893104
1893105
1893106
1893107
1893108
1893109
1893160
1893161
1893162
1893270
1893271
1894260
1530310
1530320
1530326
1530330
1532400
1532401
1532410
1532411
1532420
1532421
1532430
1532431
1532436
1533310
1533320
1533330
1534310
1535050
1535051
1535052
1535400
1535410
1535420
1535430
1535440
1536900
1536901
1536902
1536903
1536904
1536905
1536906
1536907
1537310
1537346
1537347
1537376
1537377
1537378
1537379
1538310
1538320
1538330
1538370
1538380
1800030
1800040
1800310
1800320
1800330
1803100
1803101
1803102
1803103
1803104
1803105
1803106
1803107
1803108
1803109
1803400
1803410
1803420
