1340379
1346100
1346101
1346102
1346103
1346104
1346105
1346106
1346107
1346108
1346109
1580379
1582490
1582491
1582492
1582493
1582494
1582495
1582496
1582497
1582498
1582499
1583790
1583791
1583792
1583793
1583794
1583795
1583796
1583797
1583798
1583799
1583850
1583851
1583852
1583853
1583854
1583855
1583856
1583857
1583858
1583859
1583880
1583881
1583882
1583883
1583884
1583885
1583886
1583887
1583888
1583889
1589650
1589651
1589652
1589653
1589654
1589655
1589656
1589657
1589658
1589659
1589660
1589661
1589662
1589663
1589664
1589665
1589666
1589667
1589668
1589669
1760379
1760397
1760399
1761395
1761396
1761397
1761398
1761399
1762444
1762445
1762446
1762447
1762448
1762449
1762484
1762485
1762486
1762487
1762970
1762971
1762972
1762973
1762974
1762975
1763034
1763035
1763036
1763037
1763038
1763050
1763398
1763399
1763420
1763421
1763422
1763423
1763424
1763425
1763426
1763790
1763791
1763792
1763793
1763794
1763795
1763796
1763797
1763798
1763799
1763834
1763847
1763848
1763880
1763881
1763882
1763883
1763884
1763885
1763886
1763887
1763888
1763889
1764447
1764448
1764449
1765644
1769460
1769461
1769462
1769463
1769464
1769465
1769850
1769851
1769852
1769853
1769854
1510379
1513630
1513631
1513632
1513633
1513634
1513635
1513636
1513637
1513638
1513639
1513790
1513791
1513792
1513793
1513794
1513795
1513796
1513797
1513798
1513799
1513870
1513871
1513872
1513873
1513874
1513875
1513876
1513877
1513878
1513879
1513990
1513991
1513992
1513993
1513994
1513995
1513996
1513997
1513998
1513999
1519440
1519441
1519442
1519443
1519444
1519450
1519451
1519452
1519453
1519454
1519455
1519456
1519457
1519458
1519459
1820379
1821190
1821191
1821192
1821193
1821194
1821195
1821196
1821197
1821198
1821199
1823790
1823791
1823792
1823793
1823794
1823795
1823796
1823797
1823798
1823799
1823880
1823881
1823882
1823883
1823884
1823885
1823886
1823887
1823888
1823889
1380379
1380388
1383790
1383791
1383792
1383793
1383794
1383795
1383796
1383797
1383798
1383799
1383840
1383841
1383842
1383843
1383844
1383845
1383846
1383847
1383848
1383849
1383880
1383881
1383882
1383883
1383884
1383885
1383886
1383887
1383888
1383889
1384990
1384991
1384992
1384993
1384994
1384995
1384996
1384997
1384998
1384999
1660379
1663475
1663790
1663791
1663792
1663793
1663794
1663795
1663796
1663797
1663798
1663799
1663882
1663883
1663884
1663885
1663886
1663887
1663890
1663891
1663892
1663893
1663941
1663942
1663943
1666379
1666800
1666801
1666802
1666803
1666804
1666805
1666806
1666807
1666808
1668430
1668433
1669230
1669231
1669232
1669233
1669234
1669235
1669794
1870379
1873625
1873626
1873627
1873628
1873629
1873630
1873631
1873632
1873633
1873634
1873635
1873636
1873637
1873638
1873639
1873790
1873791
1873792
1873793
1873794
1873795
1873796
1873797
1873798
1873799
1873840
1873841
1873842
1873843
1873844
1873905
1873906
1873907
1873908
1873909
1874970
1874971
1874972
1874973
1874974
1310179
1310379
1313704
1313705
1313706
1313790
1313799
1314047
1314048
1314049
1318305
1318306
1318307
1318308
1730379
1730388
1732491
1732492
1733471
1733483
1733537
1733545
1733554
1733567
1733597
1733599
1733790
1733791
1733792
1733793
1733794
1733795
1733796
1733797
1733798
1733799
1734469
1734479
1739590
1739591
1739592
1739593
1739594
1739595
1739596
1739597
1739634
1739635
1739636
1739637
1739638
1739639
1700379
1700380
1700381
1700382
1701362
1701363
1701364
1701365
1701366
1702392
1702393
1702394
1702395
1702396
1702397
1702398
1702399
1703626
1703627
1703628
1703629
1703630
1705507
1705590
1705717
1706702
1706703
1706704
1706705
1706706
1706707
1706708
1707165
1707379
1707382
1707940
1707941
1707942
1708361
1708362
1708363
1708364
1708365
1708366
1708367
1708368
1708369
1708379
1709354
1709355
1709356
1709357
1709358
1709359
1910379
1910389
1913732
1914379
1914389
1321350
1321351
1321352
1321353
1321354
1321355
1321356
1321357
1321358
1321359
1321360
1321361
1321362
1321363
1321364
1321365
1321366
1321367
1321368
1321369
1323379
1323390
1323391
1323392
1323393
1323394
1323395
1323396
1323398
1323399
1324307
1324308
1324309
1327150
1327151
1327152
1327153
1327154
1329598
1570379
1571379
1571397
1571643
1571644
1571666
1571667
1571672
1571673
1572908
1572909
1572910
1572911
1572945
1573792
1573793
1573794
1573795
1573796
1573797
1573798
1573799
1573898
1840379
1843607
1843608
1843609
1843636
1843790
1843791
1843792
1843793
1843794
1843795
1843796
1843797
1843798
1843799
1843847
1843855
1843856
1843857
1843858
1843859
1843860
1843861
1843862
1843863
1843864
1843865
1843866
1843867
1843868
1843869
1980379
1981264
1983790
1983791
1983792
1983793
1983794
1983795
1983796
1983797
1983798
1983799
1983855
1983859
1983879
1983885
1983891
1983892
1983893
1983895
1983897
1984095
1984096
1650379
1651379
1653250
1653795
1653796
1653797
1655513
1657113
1810379
1810388
1813442
1813476
1813478
1813479
1813564
1813565
1813566
1813741
1813742
1813770
1813771
1813772
1813773
1813774
1813775
1813776
1813790
1813791
1813792
1813793
1813794
1813795
1813796
1813797
1813798
1813799
1520379
1522540
1522541
1522542
1522543
1522544
1522550
1522551
1522552
1522553
1522554
1522555
1522556
1522557
1522558
1522559
1523610
1523611
1523612
1523613
1523614
1523615
1523616
1523617
1523618
1523619
1523620
1523621
1523622
1523623
1523624
1523625
1523626
1523627
1523628
1523629
1523665
1523666
1523667
1523668
1523669
1523790
1523791
1523792
1523793
1523794
1523795
1523796
1523797
1523798
1523799
1529050
1529051
1529052
1529053
1529054
1529055
1529056
1529057
1529058
1529059
1750379
1751388
1751389
1751390
1751391
1751392
1751393
1751394
1751395
1751396
1751397
1751644
1751863
1751864
1751865
1751866
1751884
1751885
1751886
1751887
1751888
1751889
1752780
1752781
1752782
1752783
1752784
1752785
1752786
1752787
1752788
1752789
1752790
1752791
1752792
1752793
1752794
1752795
1752796
1752797
1752798
1752799
1753434
1753435
1753436
1753790
1753791
1753792
1753793
1753794
1753795
1753796
1753797
1753798
1753834
1753847
1753848
1753850
1753851
1753852
1753853
1753854
1753855
1753856
1753857
1753858
1753859
1753880
1753881
1753882
1753883
1753884
1753885
1753886
1753887
1753888
1753889
1753958
1753959
1757035
1759409
1759410
1759411
1759412
1759413
1759628
1759629
1759630
1759631
1759632
1880070
1880072
1880073
1880075
1880366
1880379
1883790
1883791
1883792
1883793
1883794
1883795
1883796
1883797
1883798
1883799
1883880
1883881
1883882
1883883
1883884
1883885
1883886
1883887
1883888
1883889
1884895
1884896
1884897
1884898
1884899
1886023
1370079
1370081
1370349
1370379
1370388
1370769
1372160
1372161
1372162
1372163
1372164
1372165
1372166
1372167
1372168
1372169
1374990
1374991
1374992
1374993
1374994
1374995
1374996
1374997
1374998
1374999
1378310
1378311
1378312
1378313
1378314
1378315
1378316
1378317
1378318
1378319
1378379
1473804
1473808
1473867
1473879
1473889
1475679
1478379
1478840
1478841
1478842
1478843
1478844
1478890
1478891
1478892
1478893
1478894
1478895
1478896
1478897
1478898
1478899
1300755
1300756
1300757
1300758
1300763
1301470
1301471
1301472
1301473
1301474
1301475
1301476
1301477
1301478
1301479
1301555
1301556
1301557
1301558
1301559
1301763
1301764
1302753
1302754
1302763
1304302
1304379
1304472
1304473
1304474
1308362
1308363
1308364
1308365
1308379
1860379
1861370
1861379
1862375
1862376
1862379
1862484
1862485
1862486
1862487
1862538
1862541
1862542
1862579
1862597
1862598
1862599
1863790
1863791
1863792
1863793
1863794
1863795
1863796
1863797
1863798
1863799
1863834
1863835
1863836
1863847
1863848
1863880
1863881
1863882
1863883
1863884
1863885
1863886
1863887
1863888
1863889
1863927
1863928
1863929
1869599
1869779
1550379
1551530
1551531
1551532
1551533
1551534
1551535
1551536
1551537
1551538
1551539
1551635
1551636
1551637
1551638
1551639
1551790
1551791
1551792
1551793
1551794
1551795
1551796
1551797
1551798
1551799
1553790
1553791
1553792
1553793
1553794
1553795
1553796
1553797
1553798
1553799
1553850
1553851
1553852
1553853
1553854
1553855
1553856
1553857
1553858
1553859
1553880
1553881
1553882
1553883
1553884
1553885
1553886
1553887
1553888
1553889
1553970
1553971
1553972
1553973
1553974
1554420
1554421
1554422
1554423
1554424
1556534
1556535
1556536
1556537
1556538
1556539
1390379
1390388
1393790
1393791
1393792
1393793
1393794
1393795
1393796
1393797
1393798
1393799
1393880
1393881
1393882
1393883
1393884
1393885
1393886
1393887
1393888
1393889
1393990
1393991
1393992
1393993
1393994
1394920
1394921
1394922
1394923
1394924
1394925
1394926
1394927
1394928
1394929
1671379
1672379
1673379
1674379
1500379
1503630
1503631
1503632
1503633
1503634
1503635
1503636
1503637
1503638
1503639
1503655
1503656
1503657
1503658
1503659
1503670
1503671
1503672
1503673
1503674
1503675
1503676
1503677
1503678
1503679
1503695
1503696
1503697
1503698
1503699
1503790
1503791
1503792
1503793
1503794
1503795
1503796
1503797
1503798
1503799
1503850
1503851
1503852
1503853
1503854
1503855
1503856
1503857
1503858
1503859
1503860
1503861
1503862
1503863
1503864
1503865
1503866
1503867
1503868
1503869
1509015
1509016
1509017
1509018
1509019
1830367
1830368
1830369
1830379
1831750
1831751
1831752
1831753
1831754
1831755
1833670
1833671
1833672
1833673
1833674
1833675
1833676
1833677
1833678
1833679
1833790
1833791
1833792
1833793
1833794
1833795
1833796
1833797
1833798
1833799
1833880
1833881
1833882
1833883
1833884
1833885
1833886
1833887
1833888
1833889
1834810
1834811
1834812
1834813
1834814
1834815
1834816
1590379
1593790
1593791
1593792
1593793
1593794
1593795
1593796
1593797
1593798
1593799
1597860
1597861
1597862
1597863
1597864
1597865
1597866
1597867
1597868
1597869
1770379
1770388
1771922
1771923
1771924
1771925
1771926
1771927
1772491
1773474
1773475
1773484
1773707
1773720
1773745
1773746
1773747
1773769
1773772
1773773
1773790
1773791
1773792
1773793
1773794
1773795
1773796
1773797
1773798
1773799
1773903
1773904
1773905
1773906
1773907
1773908
1773909
1774042
1774043
1774472
1774478
1774639
1776028
1777211
1777212
1777213
1777214
1777215
1777216
1779663
1779673
1779674
1779675
1960379
1452340
1452341
1452342
1452343
1454207
1454208
1458515
1458516
1458517
1458518
1458519
1350349
1350379
1350388
1351379
1351384
1352360
1352361
1352362
1352363
1352379
1352540
1352541
1352542
1352543
1352544
1352545
1352546
1352547
1352548
1352549
1352590
1352591
1352592
1352593
1352594
1352595
1352596
1352597
1352598
1352599
1352690
1352691
1352692
1352693
1352694
1352695
1352696
1352697
1352698
1352699
1359200
1359201
1359202
1359203
1359204
1359205
1359206
1359207
1359208
1359209
1359815
1359816
1359817
1359818
1359819
1359845
1359846
1359847
1359848
1359849
1360379
1360388
1360396
1360846
1360865
1360866
1361379
1361388
1361389
1362379
1362388
1362389
1362980
1363379
1363387
1363388
1363389
1364379
1364387
1364388
1364389
1365379
1365387
1365388
1365389
1366302
1366379
1366387
1366388
1366389
1367379
1367390
1368379
1368384
1368385
1368386
1369379
1369380
1369381
1369382
1369383
1369880
1369881
1369882
1369883
1369884
1369885
1369886
1369887
1369888
1369889
1890379
1890388
1893790
1893791
1893792
1893793
1893794
1893795
1893796
1893797
1893798
1893799
1893900
1893901
1893902
1800379
1800388
1803700
1803701
1803722
1803735
1803736
1803754
1803755
1803756
1803762
1803790
1803791
1803792
1803793
1803794
1803795
1803796
1803797
1803798
1803799
1803924
1803940
1803941
1803943
1803945
1803946
1803947
1803948
1803956
1803958
1803964
1530378
1530379
1530385
1530386
1530387
1530388
1530389
1532460
1532461
1532462
1532463
1532464
1532465
1532466
1532467
1532468
1532469
1532470
1532475
1532479
1533121
1533379
1533384
1534379
1539372
1539373
1990379
1990389
1991379
1993725
1993726
1993727
1993728
1993729
1993747
1993748
1993749
1993790
1993791
1993792
1993793
1993794
1993795
1993796
1993797
1993798
1993799
1993921
1993922
1993923
1993924
1993945
1993946
1993985
1993986
1993987
1993988
1993989
1994387
1994388
1994389
1994920
1994921
1994922
1994923
1994924
1560379
1560399
1563790
1563791
1563792
1563793
1563794
1563795
1563796
1563797
1563798
1563799
1563872
1563873
1563874
1566063
1566429
1567030
1567031
1567032
1567033
1567035
1567036
1567037
1567038
1567039
1567070
1567071
1567072
1567073
1567074
1567262
1569064
1569066
1850379
1853790
1853791
1853792
1853793
1853794
1853795
1853796
1853797
1853798
1853799
1853835
1853836
1853847
1853848
1853880
1853881
1853882
1853883
1853884
1853885
1853886
1853887
1853888
1853889
1853958
1853959
1856746
1856759
1856760
1856761
1856762
1856763
1856764
1856765
1856766
1856810
1856811
1856812
1856813
1856814
1856815
1856816
1856817
1856832
1856833
1856834
1856835
1856836
1856837
1856838
1856839
1856890
1856891
1856892
1856893
1856894
1856895
1856896
1856897
1856898
1856899
1857400
1857401
1857402
1857403
1857404
1857405
1857406
1780379
1780380
1783708
1783790
1783791
1783792
1783793
1783794
1783795
1783796
1783797
1783798
1783799
1783840
1783841
1783842
1783843
1783844
1783845
1783846
1783847
1783848
1783849
1783890
1783891
1783937
1788668
1788859
1789684
1789685
1330379
1330388
1332379
1332388
1333379
1333387
1333388
1333389
1334379
1334387
1334388
1334389
1334698
1334699
1335379
1335390
1335397
1335399
1337377
1337378
1337379
1338379
1338387
1338388
1338389
1710527
1710528
1713379
1715158
1715159
1715360
1715361
1715362
1715363
1715365
1715367
1715368
1715369
1715379
1715380
1715381
1715382
1715383
1715385
1715386
1715387
1715389
1715390
1715397
1715466
1715467
1715468
1715469
1715501
1715502
1715503
1715504
1715505
1716154
1716364
1716379
1716384
1716440
1716441
1716442
1717379
1718379
1718460
1718461
1718462
1718506
1718507
1718508
1718509
1719360
1719361
1719362
1719379
