1910815
1910834
1911196
1911570
1911571
1911572
1911574
1911575
1911576
1911577
1911578
1911579
1913000
1913001
1913002
1913601
1913602
1914042
1915040
1915041
1915042
1915043
1915044
1915045
1916021
1916022
1916023
1916024
1916025
1916026
1916027
1916028
1916029
1916827
1918028
1918150
1918151
1918152
1918153
1918154
1918155
1918156
1918157
1918158
1918159
1918340
1918341
1918342
1918343
1918344
1919870
1919871
1919872
1919873
1919874
1320834
1651834
1980815
1980834
1982710
1982711
1982712
1982713
1982714
1982715
1982716
1982741
1982760
1982761
1982762
1982763
1982764
1984853
1984854
1984855
1988200
1988201
1988202
1988203
1988204
1988205
1988206
1988207
1988208
1570834
1572979
1575680
1575681
1575682
1575683
1575684
1575685
1575686
1575687
1575688
1575689
1576021
1576022
1576023
1576024
1576025
1576026
1576027
1576028
1576029
1577540
1577541
1840830
1840833
1840834
1848120
1848121
1848122
1848123
1848124
1848125
1848126
1848127
1848128
1848129
1848150
1848151
1848152
1848153
1848154
1848155
1848156
1848157
1848158
1848159
1811106
1811107
1811140
1811141
1811320
1811321
1811322
1811323
1811324
1811325
1811326
1811327
1811328
1811329
1811330
1811331
1811332
1811333
1811334
1811335
1811336
1811337
1812310
1812311
1812312
1812313
1812314
1812315
1814038
1814039
1814040
1814041
1814042
1814043
1814044
1814132
1814809
1818034
1818118
1818119
1818120
1818121
1818122
1818123
1818124
1818125
1818126
1818127
1818128
1818129
1818130
1818131
1818132
1818133
1818836
1524495
1524496
1524497
1524498
1524499
1528248
1528249
1528290
1528291
1528292
1528293
1528294
1528295
1528296
1528297
1528298
1528299
1528340
1528341
1528342
1528343
1528344
1528345
1528346
1528347
1528348
1528349
1472663
1472664
1472665
1478060
1478061
1478062
1478063
1478064
1478065
1478066
1478067
1478068
1478069
1370814
1373492
1373493
1373494
1373495
1373496
1373497
1373498
1373499
1377860
1377861
1377862
1377863
1377864
1377865
1377866
1377867
1377868
1379560
1379561
1379562
1379563
1379564
1379565
1379566
1880815
1880834
1882840
1882841
1888205
1888206
1888207
1888208
1888209
1888285
1888286
1888287
1888288
1888289
1889280
1889281
1889282
1889283
1889284
1889285
1889286
1889287
1889288
1889289
1750286
1580828
1580829
1580834
1582875
1582876
1582877
1582878
1582879
1588150
1588151
1588152
1588153
1588154
1588155
1588156
1588157
1588158
1588159
1588275
1588276
1588345
1588346
1588347
1588348
1588349
1588400
1588401
1588402
1588403
1760819
1760834
1340834
1340836
1344019
1345877
1345878
1345879
1518150
1518151
1518152
1518153
1518154
1518155
1518156
1518157
1518158
1518159
1518340
1518341
1518342
1518343
1518344
1518345
1518346
1518347
1518348
1518349
1518363
1518364
1519615
1519616
1519617
1519618
1519619
1821570
1821571
1821572
1821573
1821574
1821575
1821576
1821577
1821578
1821579
1822870
1822871
1822872
1822873
1822874
1822875
1822876
1822877
1822878
1822879
1824440
1828060
1828061
1828062
1828063
1828064
1828065
1828066
1828067
1828068
1828069
1828280
1828281
1828282
1828283
1828284
1828285
1828286
1828287
1828288
1828289
1828340
1828341
1828342
1828343
1828344
1828345
1828346
1828347
1828348
1828349
1872890
1872891
1872892
1872893
1872894
1872895
1872896
1872897
1872898
1872899
1878150
1878151
1878152
1878153
1878154
1878155
1878156
1878157
1878158
1878159
1878340
1878341
1878342
1878343
1878344
1388145
1388146
1388147
1388148
1388149
1388150
1388151
1388152
1388153
1388154
1388155
1388156
1388157
1388158
1388159
1388245
1388246
1388247
1389049
1660819
1668328
1668329
1731172
1731173
1731174
1731175
1731176
1731177
1734557
1734558
1734559
1736038
1736039
1737893
1737894
1737895
1738082
1738083
1738164
1738177
1738178
1739628
1310834
1310848
1311832
1311833
1315492
1315847
1315855
1318372
1318373
1319495
1319837
1319849
1319863
1890815
1891950
1894280
1898028
1898150
1898151
1898152
1898153
1898154
1898155
1898156
1898157
1898158
1898159
1898923
1898924
1898925
1898926
1360814
1361817
1362817
1364817
1367834
1368436
1368437
1368438
1369826
1800900
1800901
1800902
1800903
1800904
1801107
1801108
1801109
1804047
1804814
1804874
1804875
1804887
1804899
1808160
1808161
1808162
1808163
1809064
1809065
1809066
1809067
1809068
1809069
1809627
1809628
1530815
1532815
1533136
1537814
1537815
1537840
1537850
1537851
1537852
1539039
1539047
1539776
1560815
1568239
1568258
1568259
1569287
1780834
1782851
1782852
1782853
1782854
1782855
1782856
1782857
1782858
1782859
1784489
1784490
1786706
1788321
1788322
1788323
1788324
1850834
1858265
1858351
1858352
1858388
1991552
1991553
1991570
1991571
1991572
1991574
1991575
1991576
1991577
1991578
1991579
1994962
1994963
1994964
1994965
1994966
1994967
1994968
1994969
1995040
1995041
1995042
1995043
1995044
1995045
1996021
1996022
1996023
1996024
1996025
1996026
1996027
1996028
1996029
1996116
1996117
1996118
1998028
1998246
1998247
1998380
1998381
1998382
1998383
1998384
1998385
1998386
1998387
1998388
1998389
1998390
1998391
1998392
1998393
1998394
1998395
1998396
1998397
1998398
1998399
1330815
1332097
1333097
1334097
1335057
1337837
1339847
1300280
1301810
1303774
1303775
1303776
1303777
1303778
1303779
1308436
1308649
1308837
1309280
1309454
1930815
1726084
1390815
1398028
1398150
1398151
1398152
1398153
1398154
1398155
1398156
1398157
1398158
1398159
1398923
1398924
1398925
1398926
1860834
1868341
1868345
1868348
1868349
1550819
1550834
1552038
1558345
1558346
1558347
1558348
1558349
1558388
1558389
1508225
1508226
1508227
1508228
1508229
1830820
1830821
1830822
1830823
1830826
1830827
1830828
1830829
1832880
1832881
1832882
1832883
1832884
1832885
1832886
1832887
1832888
1832889
1832895
1832896
1832897
1832898
1832899
1834960
1834961
1834962
1834963
1834964
1834965
1834966
1834967
1834968
1834969
1838340
1838341
1838342
1838343
1838344
1838345
1838346
1838347
1838348
1838349
1838445
1838446
1838447
1838448
1838449
1839847
1839848
1839849
1350820
1351842
1355040
1355041
1355042
1355043
1355044
1355045
1356865
1356866
1452822
1454877
1459345
1459346
1459347
1459348
1459349
1598340
1598341
1598342
1598343
1598344
1598495
1598496
1598497
1598498
1598499
1771148
1771392
1771393
1772338
1773845
1773846
1773847
1774097
1774280
1774439
1776014
1776092
1776132
1776537
1776538
1776674
1776675
1776676
1777850
1777851
1777852
1778034
1778084
1778085
1778086
1778108
1778109
1778143
1778150
1778151
1778152
1778868
1779014
1779015
1779016
1779017
