1800919
1804919
1809190
1809191
1809192
1809193
1809194
1809195
1809196
1809197
1530919
1531988
1531989
1534919
1535321
1535322
1535332
1535342
1535382
1535383
1538459
1538469
1538919
1538930
1539419
1539919
1539920
1361919
1362919
1364919
1367919
1890919
1899158
1899159
1899290
1899291
1899292
1899293
1899294
1899295
1899296
1899297
1899298
1899299
1330919
1331919
1332468
1332469
1332539
1335919
1337919
1338919
1339919
1339929
1990919
1991619
1994539
1994659
1999159
1560919
1561919
1566795
1566796
1566797
1566798
1566799
1568656
1568657
1568658
1568659
1569168
1569169
1850919
1859079
1859098
1859099
1859190
1859230
1859231
1780299
1780919
1780922
1782919
1782989
1784779
1786739
1786869
1789919
1860919
1869190
1869191
1869192
1869193
1869194
1550919
1552919
1559190
1559191
1559648
1559649
1390919
1399158
1399159
1399290
1399291
1399292
1399293
1399294
1399295
1399296
1399297
1399298
1399299
1300850
1300851
1302850
1303850
1308765
1309817
1309818
1309819
1590919
1592969
1770919
1772919
1772927
1772940
1774909
1779149
1779409
1350919
1357140
1357141
1357155
1357156
1357157
1357158
1357159
1452699
1454479
1459472
1459473
1459474
1459575
1459576
1500919
1502939
1830919
1832949
1832959
1832969
1832999
1839149
1839159
1839199
1622918
1570919
1571919
1572199
1577189
1840919
1842919
1980919
1981528
1982909
1989089
1989116
1650919
1910919
1914539
1320919
1322842
1323919
1325919
1750919
1880919
1882919
1882969
1882979
1889119
1470919
1472779
1472919
1472999
1479190
1479191
1375960
1377279
1810919
1814249
1816179
1520919
1522919
1522984
1528929
1529195
1510919
1511499
1512919
1512957
1519149
1820919
1822049
1822088
1829159
1829259
1829279
1346879
1348800
1580919
1582989
1589160
1760919
1760929
1769129
1314919
1315227
1315228
1315229
1315408
1315409
1730919
1731950
1734239
1734390
1734391
1734919
1734937
1738242
1738259
1660919
1870068
1870069
1870919
1871059
1871749
1871759
1872919
1872979
1872999
1874069
1874079
1879119
1879149
