1340290
1340911
1342971
1346854
1346858
1346859
1346886
1346887
1346896
1347434
1347438
1347440
1347441
1347442
1347443
1347456
1347457
1348441
1348464
1348465
1348468
1348496
1348497
1348824
1348825
1348828
1348837
1348841
1760911
1760921
1762911
1769132
1580911
1582911
1582941
1582959
1582981
1582999
1587731
1587741
1587752
1587766
1587767
1589101
1589105
1589111
1589114
1589118
1589131
1589141
1589151
1589156
1589157
1589161
1589164
1589168
1820911
1822010
1822011
1822012
1822013
1822014
1822015
1822016
1822041
1824081
1829110
1829111
1829112
1829113
1829114
1829115
1829116
1829117
1829118
1829119
1829210
1829211
1829212
1829213
1829214
1829215
1511491
1512911
1512934
1512938
1512941
1512951
1512959
1512975
1512987
1519110
1519111
1519112
1519113
1519114
1519115
1519116
1519117
1519118
1519119
1660911
1660921
1380911
1389110
1389111
1389112
1389113
1389114
1389115
1389116
1389117
1389118
1389119
1389210
1389211
1389212
1389213
1389214
1389215
1389216
1389217
1389218
1389219
1870010
1870011
1870012
1870013
1870014
1870015
1870016
1870017
1870911
1871741
1871750
1871751
1871752
1871753
1872911
1872941
1872981
1874031
1874051
1874061
1874071
1879110
1879111
1879112
1879113
1879114
1879141
1310802
1310809
1310813
1310967
1311920
1311921
1311922
1311923
1311924
1311925
1311926
1311927
1314911
1730911
1731956
1731957
1731958
1734936
1734948
1734949
1738248
1738249
1738250
1738251
1738480
1738481
1738482
1738483
1739129
1739560
1739862
1739863
1704081
1320911
1320928
1320929
1322001
1322006
1322008
1322791
1322796
1322798
1323911
1323918
1323920
1323921
1323922
1323923
1324411
1324412
1324413
1324414
1324415
1324416
1324417
1324418
1324419
1325911
1325930
1325931
1325932
1327911
1328911
1328946
1328963
1328964
1328965
1328966
1328967
1328968
1328969
1910911
1914534
1840911
1840921
1842911
1842921
1570911
1570921
1571041
1571911
1576098
1576911
1577181
1980911
1981525
1982901
1982911
1982941
1988891
1989081
1989091
1989110
1989111
1989112
1989113
1989114
1989115
1989491
1650911
1651911
1652615
1652730
1656229
1656607
1656708
1656833
1657103
1520911
1522911
1522941
1522951
1522961
1522969
1522975
1522981
1524911
1528921
1529111
1529112
1529113
1529114
1529115
1529116
1529117
1529194
1810911
1814244
1816171
1816501
1818245
1818246
1819118
1819119
1750911
1750921
1750929
1880911
1882911
1882931
1882939
1882941
1882961
1882971
1882981
1884021
1884041
1889110
1889111
1889112
1889113
1889114
1889115
1889116
1889117
1889118
1889141
1889154
1889210
1889211
1470911
1472791
1472910
1472911
1472980
1472981
1472991
1472994
1479192
1479193
1479194
1479195
1479196
1479197
1479198
1370021
1377225
1377226
1377227
1377228
1377229
1377285
1377286
1377287
1377288
1377289
1300857
1300858
1300859
1302643
1302647
1302857
1302858
1303844
1303856
1303857
1308094
1308095
1308485
1308486
1309804
1309805
1309806
1309807
1309808
1309809
1550911
1552911
1559110
1559111
1559112
1559113
1559114
1559115
1559116
1559117
1559118
1559119
1559280
1559281
1559282
1559283
1559284
1559285
1559286
1559287
1559288
1559289
1559290
1559291
1559292
1559293
1559294
1559295
1559296
1559297
1559298
1559299
1559430
1559431
1559432
1559433
1559434
1559435
1559436
1559437
1559438
1559439
1559440
1559441
1559442
1559443
1559444
1559445
1559446
1559447
1559448
1559449
1559470
1559471
1559472
1559473
1559474
1559475
1559476
1559477
1559619
1559620
1559621
1559622
1559623
1559624
1559625
1559626
1559690
1559691
1559692
1559693
1559694
1559695
1559696
1559697
1559698
1559699
1860911
1860921
1860929
1862911
1862916
1862921
1869005
1869006
1869052
1869053
1869054
1869110
1869111
1869112
1869113
1869114
1869115
1869116
1869117
1869118
1869119
1869446
1671911
1671913
1671914
1672911
1673911
1390911
1399177
1399178
1399179
1399210
1399211
1399212
1399213
1399214
1399215
1399216
1399217
1399218
1399219
1830911
1832941
1832980
1832981
1832990
1832991
1839110
1839111
1839112
1839113
1839114
1839115
1839116
1839117
1839118
1839141
1500911
1500921
1502911
1502931
1502941
1502968
1502974
1502981
1509101
1509111
1509121
1509125
1509129
1509141
1509172
1509181
1621910
1770911
1771973
1771974
1772911
1772920
1772921
1772922
1772942
1772953
1772954
1774919
1776478
1776479
1778926
1779115
1779116
1779407
1779594
1590911
1590914
1590918
1590921
1590922
1592906
1592907
1592911
1592916
1592917
1592934
1592938
1592941
1592957
1592961
1592981
1592985
1599110
1599111
1599112
1599141
1599142
1599150
1599151
1599152
1599153
1599154
1599155
1599156
1599157
1599158
1599159
1599191
1350911
1357110
1357111
1357112
1357113
1357114
1357115
1452682
1452691
1453675
1453676
1453689
1454468
1454471
1459461
1459462
1459463
1459464
1459569
1459570
1361911
1362911
1362921
1363024
1363672
1363686
1363687
1364911
1366911
1366921
1368911
1368921
1890911
1896658
1896659
1899177
1899178
1899179
1899210
1899211
1899212
1899213
1899214
1899215
1899216
1899217
1899218
1899219
1530911
1531939
1531950
1531951
1531952
1531953
1531954
1531955
1531956
1531957
1531958
1533255
1533256
1533257
1534911
1535328
1535329
1535331
1535341
1535397
1535398
1535399
1538451
1538461
1538911
1538954
1538955
1538956
1539411
1539911
1539926
1539927
1800911
1804911
1809110
1809111
1809112
1809113
1809114
1809115
1809116
1809117
1990911
1992965
1992966
1992967
1992968
1992969
1992970
1992971
1992972
1992973
1992975
1992977
1992978
1992979
1992980
1992981
1992982
1992983
1992984
1992985
1992986
1992987
1992988
1992989
1994520
1994521
1999110
1999111
1999112
1999113
1999114
1999115
1999116
1999117
1999177
1999178
1999179
1850911
1859110
1859111
1859112
1859113
1859114
1859115
1859116
1859117
1859118
1859119
1859166
1859167
1859168
1859169
1780291
1780681
1780911
1780921
1782911
1782921
1782931
1782941
1782951
1782991
1784761
1784771
1786731
1786821
1786831
1786841
1786881
1789911
1560911
1561911
1561985
1561986
1561987
1561988
1561989
1566750
1566751
1566752
1566753
1566754
1566755
1566756
1566757
1566758
1566759
1566760
1566761
1566762
1566763
1566764
1566765
1566766
1566767
1569110
1569111
1569112
1569113
1569114
1569115
1569116
1569117
1569118
1569119
1330911
1331091
1331911
1332531
1333531
1335911
1336926
1336927
1336928
1336929
1337911
1337931
1337953
1337955
1338911
1339911
1339921
1713911
1715911
1716911
1717902
1717903
1717911
