1621497
1621558
1500558
1500567
1500568
1505504
1505505
1505506
1505507
1505550
1505551
1505552
1505553
1505554
1505555
1505556
1505557
1505558
1505559
1505580
1505581
1505582
1505583
1505584
1505585
1505586
1505587
1505588
1505589
1505675
1505676
1505677
1505678
1505679
1505682
1505683
1505684
1505685
1505686
1505687
1505688
1505689
1830558
1830560
1830567
1830568
1830569
1830670
1830677
1832475
1832476
1832477
1832478
1832479
1832480
1832481
1832482
1832483
1832484
1832485
1832486
1832487
1832488
1832489
1832580
1832581
1832582
1832583
1832584
1832585
1832586
1832587
1832588
1832589
1832590
1832591
1832592
1832593
1832594
1832595
1832596
1832597
1832598
1832599
1832673
1832674
1832675
1832676
1832678
1832679
1832680
1832681
1832682
1832683
1832684
1832685
1832686
1832687
1832688
1832689
1835520
1835521
1835580
1835581
1835582
1835583
1835584
1835585
1835586
1835587
1835588
1835589
1835590
1835591
1835592
1835593
1835594
1835670
1835671
1835672
1835673
1835674
1835675
1835676
1835677
1835678
1835679
1835680
1835681
1835682
1835683
1835684
1835685
1835686
1835687
1835688
1835689
1452088
1452099
1454108
1454114
1454115
1457228
1457238
1458100
1458101
1458102
1458103
1458104
1458115
1458116
1458117
1458118
1458119
1350059
1350558
1350566
1350567
1350568
1351492
1351493
1351557
1351558
1351567
1351568
1351569
1590558
1590567
1590568
1595558
1595567
1595580
1595581
1595582
1595583
1595584
1595585
1595586
1595587
1595588
1595589
1595672
1595673
1595674
1595675
1595676
1595677
1595678
1595679
1595680
1595681
1595682
1595683
1595684
1595685
1595686
1595687
1595688
1595689
1770558
1770567
1770568
1770967
1770968
1771935
1771936
1771943
1773034
1773035
1773036
1773039
1773041
1773331
1773332
1773333
1773335
1773336
1775406
1775410
1775416
1775420
1775427
1775428
1775429
1775488
1775580
1775581
1775582
1775583
1775584
1775585
1775586
1775587
1775588
1775589
1775599
1775670
1775671
1775672
1775673
1775674
1775675
1775677
1775678
1775679
1775680
1775681
1775682
1775683
1775684
1775685
1775686
1775687
1775688
1775689
1776430
1776431
1777500
1777509
1300401
1300402
1300403
1301406
1301407
1301408
1301409
1302401
1302403
1303066
1303067
1303068
1303406
1303407
1303408
1303409
1303507
1303508
1303541
1305319
1306337
1306338
1307500
1307502
1307505
1307506
1307508
1307509
1308334
1308337
1308339
1308347
1308402
1308558
1309334
1309336
1309338
1309339
1309540
1309541
1309542
1309558
1930558
1720155
1720156
1720164
1720167
1720175
1720176
1720185
1720187
1720189
1390055
1390558
1390568
1390967
1390968
1395580
1395581
1395582
1395583
1395584
1395585
1395586
1395587
1395588
1395589
1395668
1395669
1395670
1395671
1395672
1395673
1395674
1395675
1395676
1395677
1395678
1395679
1395680
1395681
1395682
1396555
1396556
1396557
1396558
1396559
1396570
1396571
1396572
1396573
1396574
1396575
1396576
1396577
1396578
1396579
1396650
1396651
1396652
1396653
1396654
1396655
1396656
1396657
1396658
1396659
1396680
1396681
1396682
1396683
1396684
1396685
1396686
1396687
1396688
1396689
1671180
1671181
1671190
1671191
1671192
1671193
1671446
1671447
1671448
1671449
1671550
1671557
1672550
1672557
1673550
1673557
1674000
1674001
1674002
1860558
1860568
1860969
1865400
1865401
1865403
1865404
1865423
1865424
1865425
1865426
1865427
1865428
1865580
1865581
1865582
1865583
1865584
1865585
1865586
1865587
1865588
1865589
1865628
1865629
1865683
1865685
1865686
1865687
1865688
1865693
1869460
1869461
1869462
1869463
1869468
1869761
1869765
1869766
1869767
1869768
1869769
1550558
1550568
1555130
1555131
1555132
1555133
1555135
1555136
1555137
1555138
1555139
1555140
1555144
1555145
1555160
1555161
1555163
1555165
1555166
1555167
1555168
1555169
1555187
1555188
1555189
1555192
1555580
1555581
1555582
1555583
1555584
1555585
1555586
1555587
1555588
1555589
1555595
1555596
1555597
1555598
1555599
1555636
1555637
1555638
1555639
1555654
1555655
1555656
1555657
1555658
1555659
1555678
1555679
1555680
1555681
1555682
1555683
1555684
1555685
1555686
1555687
1555688
1555689
1560558
1560568
1565580
1565581
1565582
1565583
1565584
1565585
1565586
1565587
1565588
1565589
1566558
1567558
1569558
1569560
1850558
1850568
1855508
1855518
1855558
1859028
1859029
1780558
1780567
1780568
1785562
1785563
1785564
1785565
1785593
1785594
1785614
1785615
1785616
1785617
1785618
1785619
1785658
1785659
1785667
1785668
1785670
1785671
1785672
1785673
1785674
1785675
1785676
1785677
1785678
1785679
1785685
1785686
1788017
1788018
1788432
1788439
1788455
1788465
1789169
1789558
1789559
1990558
1990568
1990968
1993016
1994258
1994260
1994265
1994267
1994268
1994269
1994456
1994457
1994458
1994459
1994460
1994461
1994462
1995580
1995581
1995582
1995583
1995584
1995585
1995586
1995587
1995588
1995589
1995670
1995680
1995681
1995682
1995683
1995684
1995685
1995686
1995687
1995688
1995689
1995691
1995692
1995693
1995694
1996558
1996579
1996580
1996581
1996582
1996583
1996584
1996585
1996586
1996587
1996588
1996589
1712006
1712021
1712022
1712023
1712024
1712025
1712026
1712027
1712028
1712029
1716498
1716499
1716554
1716557
1716558
1716560
1716561
1716563
1717490
1717558
1718491
1718492
1718552
1718559
1718560
1719550
1719558
1719560
1719567
1719568
1719569
1330558
1330568
1330968
1332908
1332924
1333558
1333904
1333922
1334558
1334908
1334910
1334928
1335558
1335906
1336558
1336578
1339558
1339958
1339968
1890058
1890558
1890968
1894900
1894901
1894902
1894903
1894904
1894905
1894906
1894907
1894908
1894909
1894925
1894926
1895580
1895581
1895582
1895583
1895584
1895585
1895586
1895587
1895588
1895589
1895670
1895671
1895672
1895673
1895674
1896372
1360558
1360567
1360568
1361558
1361567
1361568
1362558
1362568
1363558
1363567
1363568
1363719
1364558
1364567
1364568
1365558
1365565
1365567
1365568
1366558
1366567
1366568
1367558
1367567
1367568
1368558
1368567
1368568
1369558
1369568
1369658
1369659
1369667
1369668
1369669
1950569
1800558
1800567
1800568
1800967
1800968
1801093
1801094
1801095
1801096
1801099
1805406
1805580
1805581
1805582
1805583
1805584
1805585
1805586
1805587
1805588
1805589
1805670
1805671
1805672
1805673
1805674
1805675
1805676
1805677
1805678
1805679
1805680
1805681
1805682
1805683
1805684
1805685
1805697
1807520
1807521
1807543
1809567
1809647
1809648
1809670
1809671
1809672
1809673
1809674
1809675
1809676
1809677
1809678
1809679
1809849
1530558
1530568
1530968
1532450
1532451
1534558
1534568
1534988
1535760
1535761
1535762
1535763
1535764
1535765
1535766
1535767
1535768
1535769
1535784
1535785
1535786
1535787
1537500
1537503
1537509
1537513
1537558
1537567
1538520
1538521
1538522
1538523
1538524
1538525
1538526
1538527
1538528
1538529
1538548
1538549
1538558
1538567
1538580
1538581
1538582
1538583
1538584
1539170
1539171
1539172
1539173
1539174
1539175
1539558
1539567
1539810
1539811
1539812
1539813
1539814
1539815
1539816
1539817
1539818
1539819
1539965
1539966
1539967
1539968
1539969
1870558
1870568
1871242
1871250
1871251
1871252
1871253
1871254
1871255
1871256
1871257
1871258
1871259
1871260
1871261
1871262
1871263
1871264
1871265
1871266
1871267
1871268
1871269
1871492
1871558
1872558
1872640
1872641
1872649
1872650
1872651
1872652
1872653
1872654
1872655
1872656
1872657
1872658
1872659
1872660
1873404
1873405
1873406
1873407
1873408
1873409
1875580
1875581
1875582
1875583
1875584
1875585
1875586
1875587
1875588
1875589
1875680
1875681
1875682
1875683
1875684
1875685
1875686
1875687
1875688
1875689
1879212
1380558
1380561
1380567
1380568
1385580
1385581
1385582
1385583
1385584
1385585
1385586
1385587
1385588
1385589
1385670
1385671
1385672
1385673
1385674
1385675
1385676
1385677
1385678
1385679
1385680
1385681
1385682
1385683
1385684
1385685
1385686
1385687
1385688
1385689
1386558
1386584
1386585
1386586
1386587
1386588
1386589
1386620
1386621
1386622
1386623
1386624
1386625
1386626
1386627
1386628
1386629
1660558
1660568
1660569
1665508
1665509
1665518
1665519
1665580
1665581
1665582
1665583
1665584
1665585
1665586
1665587
1665588
1665589
1730558
1730567
1730568
1730967
1730968
1733072
1733073
1733074
1733075
1734401
1735580
1735581
1735582
1735583
1735584
1735585
1735586
1735587
1735588
1735589
1735670
1735671
1735672
1735673
1735674
1735675
1735676
1735677
1735678
1735679
1735680
1735681
1735682
1735683
1735684
1735685
1735686
1735687
1735688
1735689
1735690
1735691
1735692
1735693
1735694
1735695
1735696
1735697
1735698
1735699
1735802
1735803
1735804
1735805
1736440
1736441
1736442
1736443
1736444
1739832
1739833
1739834
1739835
1313541
1313558
1314558
1315558
1316765
1316766
1317004
1317008
1319548
1319558
1580558
1580567
1580568
1585547
1585548
1585549
1585554
1585558
1585580
1585581
1585582
1585583
1585584
1585585
1585586
1585587
1585588
1585589
1585672
1585673
1585674
1585675
1585676
1585677
1585678
1585679
1585680
1585681
1585682
1585683
1585684
1585685
1585686
1585687
1585688
1585689
1760558
1760568
1765588
1765678
1767260
1767261
1767262
1767263
1767264
1767265
1767266
1767267
1767268
1767269
1768105
1768106
1768107
1768108
1768109
1768135
1768136
1768137
1768145
1768146
1768147
1768148
1768149
1768208
1768209
1768280
1768281
1768282
1768283
1768284
1768285
1768286
1768287
1768288
1768289
1768290
1768291
1768292
1768293
1768294
1768295
1768296
1768297
1768298
1768299
1768330
1768331
1768332
1768333
1768334
1768345
1768346
1768347
1768348
1768349
1344266
1347076
1347077
1347078
1347079
1347080
1347081
1348558
1348568
1348589
1348590
1510558
1510567
1510568
1515580
1515581
1515582
1515583
1515584
1515585
1515586
1515587
1515588
1515589
1515666
1515667
1515671
1515672
1515673
1515674
1515675
1515676
1515677
1515678
1515679
1515683
1515684
1517800
1517801
1517802
1517803
1517804
1517805
1517806
1517807
1517808
1517809
1517810
1517811
1517812
1517813
1517814
1517815
1517816
1517817
1517818
1517819
1820558
1820567
1820568
1821480
1821481
1821482
1821487
1822558
1822567
1822568
1822604
1822605
1822606
1822607
1822608
1822609
1822611
1822622
1822623
1822624
1822625
1822626
1822627
1822628
1822629
1822630
1822631
1822632
1822633
1822634
1822635
1822636
1822637
1822638
1822639
1822645
1822685
1822686
1822687
1822688
1822689
1822691
1825580
1825581
1825582
1825583
1825584
1825585
1825586
1825587
1825588
1825589
1825670
1825671
1825672
1825673
1825674
1825675
1825676
1825677
1825678
1825679
1825680
1825681
1825682
1825683
1825684
1825685
1825686
1825687
1825688
1825689
1826991
1826992
1826993
1826994
1826995
1826996
1826997
1826998
1826999
1829735
1829736
1829737
1829738
1829739
1829811
1829812
1829813
1829814
1829815
1829816
1829817
1829818
1829819
1810558
1810567
1810568
1810967
1810968
1811047
1811049
1811050
1811051
1811052
1811053
1811054
1811055
1811056
1811057
1811058
1811059
1811089
1811993
1811996
1811997
1811998
1813041
1813047
1813048
1813049
1813068
1813070
1813071
1813072
1813073
1813074
1813075
1813076
1813077
1813078
1813079
1813280
1813281
1813282
1813283
1813284
1813285
1813286
1813287
1813288
1813289
1813308
1813309
1813310
1813311
1813312
1813313
1813314
1813315
1813316
1813317
1813318
1813319
1813330
1813331
1813332
1813334
1813335
1813336
1813337
1813338
1813339
1813462
1813463
1813464
1813465
1813466
1815405
1815407
1815426
1815428
1815429
1815580
1815581
1815582
1815583
1815584
1815585
1815586
1815587
1815588
1815589
1815626
1815627
1815629
1815670
1815671
1815672
1815673
1815674
1815675
1815676
1815677
1815678
1815679
1815684
1815685
1815686
1815687
1815689
1815882
1815890
1815892
1815893
1816089
1816430
1816431
1817543
1819667
1819668
1819669
1520558
1520567
1520568
1521558
1521567
1521568
1522298
1524008
1524009
1524010
1524011
1524017
1524980
1524981
1524982
1524983
1524984
1524985
1524986
1525548
1525549
1525558
1525580
1525581
1525582
1525583
1525584
1525585
1525586
1525587
1525588
1525589
1525590
1525591
1525592
1525593
1525594
1525595
1525596
1525597
1525615
1525616
1525617
1525618
1525619
1525636
1525637
1525638
1525639
1525646
1525647
1525648
1525649
1525673
1525674
1525675
1525676
1525677
1525678
1525679
1525680
1525681
1525682
1525683
1525684
1525685
1525686
1525687
1525688
1525689
1370558
1370567
1370568
1373180
1373181
1373182
1373183
1470558
1470568
1475520
1475567
1475580
1475581
1475582
1475583
1475584
1475585
1475586
1475587
1475588
1475589
1475592
1475593
1475594
1475595
1475596
1475597
1475598
1475599
1479080
1479081
1479082
1479083
1479084
1479085
1479086
1479087
1479088
1479089
1479095
1479242
1479243
1479244
1479245
1479246
1479247
1479248
1479249
1479250
1479251
1479252
1479253
1479254
1479255
1479256
1479257
1479258
1479259
1479260
1479261
1479262
1479263
1479264
1479265
1479266
1479267
1479268
1479269
1479270
1479271
1479272
1479273
1479274
1479275
1479276
1479277
1479278
1479279
1479280
1479281
1479282
1479283
1479284
1479287
1479288
1479289
1479290
1479291
1479292
1479293
1479294
1479295
1479296
1479297
1479298
1479299
1750558
1750568
1750967
1750968
1750969
1755508
1755514
1755518
1755519
1755580
1755581
1755582
1755585
1755586
1755587
1755588
1755589
1755680
1755681
1755682
1755683
1755684
1755685
1755686
1755687
1755688
1755689
1755698
1755703
1755706
1755803
1755804
1755808
1755810
1755811
1755812
1755813
1755814
1755815
1755816
1755817
1755818
1755819
1755820
1755821
1755822
1755823
1755824
1755825
1755826
1755827
1755828
1755829
1755830
1755831
1755832
1755833
1755834
1755835
1755836
1755837
1755838
1755839
1880558
1880567
1880568
1881558
1881567
1881568
1884490
1884491
1884492
1884493
1884494
1884495
1884496
1884497
1884498
1884499
1885580
1885581
1885582
1885583
1885584
1885585
1885586
1885587
1885588
1885589
1885670
1885672
1885673
1885674
1885675
1885676
1885677
1885678
1885679
1885680
1885681
1885682
1885683
1885684
1885685
1885686
1885687
1885688
1885689
1889540
1889541
1889542
1889543
1889544
1910558
1910568
1910968
1914258
1915580
1915581
1915582
1915583
1915584
1915585
1915586
1915587
1915588
1915589
1915680
1915681
1915682
1915683
1915684
1915685
1915686
1915687
1915688
1915689
1916541
1916542
1916543
1916544
1916545
1916546
1916558
1916610
1916611
1916612
1916613
1916614
1916615
1916616
1916617
1916618
1916619
1320558
1320568
1321558
1321568
1322558
1322568
1327558
1327568
1328558
1329558
1329568
1701262
1701263
1701264
1701265
1704010
1704011
1704012
1704013
1704014
1704015
1704016
1704017
1704018
1704019
1704020
1704021
1704022
1704023
1705387
1706022
1706023
1706024
1707557
1707558
1707559
1707567
1707568
1707569
1708557
1708558
1708559
1708567
1980558
1980567
1980568
1980569
1981084
1981085
1981086
1981087
1981343
1982645
1982646
1982657
1982658
1984029
1984184
1984185
1985508
1985543
1985558
1985580
1985581
1985582
1985583
1985584
1985585
1985586
1985587
1985588
1985589
1985618
1985680
1985681
1985682
1985683
1985684
1985685
1985686
1985687
1985688
1985689
1650558
1650624
1650629
1650630
1650677
1650834
1650859
1651076
1651113
1651143
1651558
1651559
1651910
1651942
1652061
1652191
1652212
1652558
1652562
1653018
1655580
1655581
1655582
1655584
1655586
1655589
1655898
1655977
1655979
1656868
1657558
1570558
1570567
1570568
1571558
1571568
1572058
1575580
1575581
1575582
1575583
1575584
1575585
1575586
1575587
1575588
1575589
1840558
1840567
1840568
1845580
1845581
1845582
1845583
1845584
1845585
1845586
1845587
1845588
1845589
1845600
1845601
1845602
1845603
1845604
1845605
1845606
1845607
1845608
1845609
1845670
1845671
1845672
1845673
1845674
1845675
1845676
1845677
1845678
1845679
