1820778
1820788
1824991
1824992
1826919
1827668
1827698
1827699
1827780
1827781
1827782
1827783
1827784
1827785
1827786
1827787
1827788
1827789
1827880
1827881
1827882
1827883
1827884
1827885
1827886
1827887
1827888
1827889
1510778
1510788
1517738
1517739
1517783
1517784
1517785
1517786
1517787
1517788
1517789
1760778
1767708
1767728
1767738
1768748
1768778
1580778
1580788
1587867
1587868
1587869
1587882
1587883
1587884
1587885
1587886
1587892
1340775
1340776
1340777
1340778
1340779
1344883
1344884
1347160
1347161
1347180
1347181
1347182
1347183
1347184
1347185
1347186
1347187
1347188
1347189
1348180
1348181
1348182
1348183
1348184
1348185
1348186
1348187
1348188
1348189
1730778
1730788
1734451
1734452
1737617
1737618
1737703
1737704
1737705
1737744
1739679
1310048
1310058
1311478
1311768
1311778
1312348
1312358
1313268
1313270
1313278
1313280
1313298
1319768
1319778
1870778
1870788
1877580
1877581
1877582
1877583
1877584
1877585
1877586
1877587
1877588
1877589
1877680
1877681
1877682
1877683
1877684
1877685
1877686
1877687
1877780
1877781
1877782
1877783
1877784
1877785
1877786
1877787
1877788
1877789
1877888
1660778
1667498
1380778
1387780
1387781
1387782
1387783
1387784
1387785
1387786
1387787
1387788
1387789
1650778
1980778
1981391
1987708
1987728
1987738
1987780
1987781
1987782
1987783
1987784
1987785
1987786
1987787
1987788
1987789
1989737
1989738
1989739
1840778
1570778
1571778
1572378
1572388
1577780
1577781
1577782
1577783
1577784
1577785
1577786
1577787
1577788
1577789
1577880
1577881
1577882
1577883
1320778
1320788
1321148
1321778
1321788
1323778
1323788
1329778
1329788
1329928
1329948
1910778
1910788
1912700
1912701
1912702
1912703
1912704
1912705
1912706
1912707
1912708
1912709
1912710
1912711
1912712
1912713
1912714
1912715
1912716
1912717
1912718
1912719
1912720
1912721
1912722
1912723
1912724
1912725
1912726
1912727
1912728
1912729
1914860
1914861
1914862
1914863
1914864
1914865
1914866
1914867
1914868
1914869
1914870
1914871
1914872
1914873
1914874
1914875
1914876
1914877
1914878
1914879
1917780
1917781
1917782
1917783
1917784
1917785
1917786
1917787
1917788
1917789
1917880
1917881
1917882
1917883
1917884
1917885
1917886
1917887
1917888
1917889
1917890
1917891
1917892
1917893
1917894
1917895
1917896
1917897
1917898
1917899
1470077
1470078
1470778
1470788
1473622
1473623
1473624
1473627
1473628
1473629
1477708
1477718
1477738
1477739
1477748
1477783
1479544
1479776
1479778
1370778
1373795
1373796
1373797
1373798
1373799
1376808
1376818
1376828
1376838
1376848
1378808
1378818
1378828
1378838
1880778
1880788
1887780
1887781
1887782
1887783
1887784
1887785
1887786
1887787
1887788
1887789
1750778
1750787
1520778
1520788
1524072
1524073
1524074
1527778
1527780
1527781
1527782
1527783
1527784
1527785
1527786
1527787
1527788
1527789
1529603
1529604
1529605
1529606
1529607
1529608
1529609
1529686
1529687
1529688
1529689
1810778
1810788
1817490
1817491
1817492
1817493
1817494
1817610
1817611
1817612
1817613
1817614
1817615
1817616
1817617
1817618
1817619
1817648
1817674
1817675
1817676
1817785
1817786
1817787
1817788
1817789
1817885
1817886
1817887
1817888
1817889
1390778
1390788
1397780
1397781
1397782
1397783
1397784
1397785
1397786
1397787
1397788
1397789
1550778
1557780
1557781
1557782
1557783
1557784
1557785
1557786
1557787
1557788
1557789
1557876
1557877
1860778
1867780
1867781
1867782
1867783
1867784
1867785
1867786
1867787
1867788
1867789
1300698
1302698
1303698
1304788
1308494
1308678
1308778
1309778
1309798
1720080
1350778
1351758
1351778
1355708
1355718
1355728
1355748
1355778
1355788
1355808
1355828
1355838
1359708
1452778
1453765
1454528
1459150
1459151
1459152
1459153
1459154
1770778
1770788
1775458
1775459
1775478
1775479
1775858
1775859
1777478
1777488
1777618
1777619
1777640
1777641
1777657
1777658
1777659
1777793
1777794
1590778
1594930
1594931
1594932
1594933
1594934
1594935
1594936
1597780
1597781
1597782
1597783
1597784
1597785
1597786
1597787
1597788
1597789
1597790
1830778
1830786
1830788
1830789
1837780
1837781
1837782
1837783
1837784
1837785
1837786
1837787
1837788
1837789
1837804
1837886
1837887
1837888
1837889
1837894
1837895
1500778
1500788
1507738
1507807
1507808
1507809
1507810
1507855
1507856
1507857
1507858
1507859
1507860
1507861
1507862
1507863
1507864
1507865
1530778
1800778
1807080
1807081
1807082
1807083
1807084
1807085
1807086
1807087
1807088
1807089
1807478
1807489
1807780
1807781
1807782
1807783
1807784
1807785
1807786
1807787
1807788
1807789
1890778
1890788
1893492
1893493
1893494
1893495
1893496
1897780
1897781
1897782
1897783
1897784
1897785
1897786
1897787
1897788
1897789
1897827
1897828
1897829
1897875
1897876
1360778
1361778
1362778
1364778
1365778
1366778
1367778
1368778
1330778
1330788
1331768
1331778
1332478
1334768
1336758
1336768
1336778
1336788
1337738
1337748
1337749
1338778
1339778
1339788
1780778
1780783
1780786
1780787
1780788
1780789
1784010
1784011
1784012
1784069
1784070
1784071
1784072
1787708
1787780
1787781
1787782
1787783
1787784
1787785
1787880
1787881
1787882
1787883
1787884
1787885
1787886
1787887
1787888
1787889
1788045
1789114
1789778
1850778
1850788
1857748
1857893
1857894
1858780
1858781
1858782
1858783
1560778
1560788
1567680
1567688
1567780
1567781
1567782
1567783
1567784
1567785
1567786
1567787
1567788
1567789
1569778
1990778
1990788
1994318
1997612
1997780
1997781
1997782
1997783
1997784
1997785
1997786
1997787
1997788
1997789
1997842
1997845
1997880
1997881
1997882
1997883
1997884
1997885
1999445
1999453
1999456
