1390410
1390490
1394100
1394101
1394102
1394103
1394104
1394105
1394106
1394107
1394108
1394109
1671410
1672650
1860410
1860490
1862410
1862447
1864100
1864101
1864102
1864103
1864104
1864105
1864106
1864107
1864108
1864109
1869820
1869823
1869824
1869825
1869877
1550268
1550410
1550423
1550490
1554100
1554101
1554141
1554142
1554143
1554144
1554145
1554205
1554206
1554207
1554296
1554297
1554298
1554299
1555141
1555142
1555143
1556638
1556639
1300827
1300927
1301991
1301992
1302039
1302827
1302927
1303078
1303079
1304383
1304384
1305080
1305081
1305082
1305083
1305084
1306520
1306521
1306522
1306523
1306524
1308179
1350040
1350410
1351410
1359100
1359101
1359102
1359103
1359104
1359105
1359106
1359107
1359108
1359109
1359161
1359162
1450410
1450587
1450588
1450589
1450590
1452410
1452420
1453433
1590410
1594100
1594101
1594102
1594103
1594104
1594105
1594106
1594107
1594108
1594109
1770410
1774100
1774101
1774102
1774103
1774104
1774105
1779086
1500410
1504100
1504101
1504102
1504103
1504104
1504105
1504106
1504107
1504108
1504109
1504200
1504201
1504202
1504203
1504204
1504205
1504206
1504207
1504208
1504209
1830410
1834100
1834101
1834102
1834103
1834104
1834105
1834106
1834107
1834108
1834109
1800410
1800490
1804100
1804101
1804102
1804103
1804104
1804105
1804106
1804107
1530410
1530420
1530490
1532626
1533095
1535093
1535095
1890410
1890490
1894100
1894101
1894102
1894103
1894104
1894105
1894106
1894107
1894108
1894109
1360410
1361090
1361410
1361490
1362410
1362490
1364410
1365410
1367410
1330410
1330490
1331410
1332235
1332410
1333235
1334235
1335235
1335410
1335894
1335895
1335896
1335897
1335898
1335899
1336410
1336420
1336424
1337280
1337293
1338410
1338420
1339028
1339040
1339410
1560410
1560490
1564100
1564101
1564102
1564103
1564104
1564105
1564106
1564107
1564108
1564109
1564207
1564208
1564209
1564242
1564261
1566371
1566373
1566374
1569410
1569420
1569875
1780410
1782410
1782420
1782430
1782471
1782472
1782473
1784614
1784615
1784797
1788758
1850244
1850245
1850246
1850247
1850410
1852410
1852481
1852482
1852483
1852484
1852485
1852486
1852487
1852488
1852489
1852520
1852521
1990494
1990495
1990496
1510410
1510425
1510426
1514100
1514101
1514102
1514103
1514104
1514105
1514106
1514107
1514108
1514109
1514145
1514146
1514147
1514148
1514149
1514185
1514186
1514187
1514188
1514189
1516410
1516411
1516412
1516413
1516414
1518410
1518411
1518412
1518413
1518414
1820410
1824100
1824101
1824102
1824103
1824104
1824105
1824106
1824107
1824108
1824109
1824260
1824261
1824262
1824263
1824264
1580410
1584100
1584101
1584102
1584103
1584104
1584105
1584106
1584107
1584108
1584109
1589800
1589801
1589802
1589803
1589804
1589805
1589806
1589807
1589808
1589809
1760410
1761410
1764100
1764101
1764102
1764103
1764104
1764105
1764106
1764107
1764108
1764109
1344038
1346407
1346408
1346409
1346410
1346411
1346412
1346413
1346414
1346415
1346416
1346417
1346418
1346419
1346441
1346448
1347010
1347011
1347012
1347013
1347014
1347015
1347016
1347017
1730420
1730986
1310410
1313077
1313078
1313079
1313089
1313410
1314796
1315410
1315420
1318840
1318841
1318842
1318843
1318844
1318865
1318866
1318867
1318868
1318869
1319410
1870410
1874100
1874101
1874102
1874103
1874104
1874105
1874106
1874107
1874108
1874109
1874220
1380041
1380410
1384100
1384101
1384102
1384103
1384104
1384105
1384106
1384107
1384108
1384109
1389822
1389857
1389858
1389859
1662410
1664100
1664101
1664102
1664103
1664104
1664105
1664106
1664107
1664108
1664109
1664900
1664901
1664902
1664903
1664904
1664905
1664906
1664907
1664908
1664909
1650184
1650410
1650490
1651273
1651327
1651410
1652074
1652410
1652962
1652963
1653410
1653634
1653926
1981365
1984100
1984101
1984102
1984103
1570410
1571403
1571410
1572434
1572435
1572465
1840410
1910410
1320410
1320420
1321410
1322410
1323410
1323420
1323674
1323675
1323814
1323828
1323829
1325279
1327410
1327420
1328410
1470410
1474010
1474011
1474012
1474013
1474014
1474015
1474016
1474017
1474018
1474019
1474100
1370010
1370410
1370490
1374100
1374101
1374102
1374103
1374104
1374105
1374106
1374107
1374108
1374109
1880410
1884100
1884101
1884102
1884103
1884104
1884105
1884106
1884107
1884108
1884109
1750410
1752410
1754100
1754101
1754102
1754103
1754104
1754105
1754106
1754107
1754108
1754109
1810410
1810490
1810980
1521420
1521421
1521422
1521423
1521424
1521425
1521426
1521427
1521428
1521429
1524100
1524101
1524102
1524103
1524104
1524105
1524106
1524107
1524108
1524109
1524170
1524171
