1770770
1770780
1777700
1777701
1777702
1777799
1590770
1590780
1452760
1453767
1454520
1459100
1459101
1459102
1459103
1459104
1459740
1459741
1459742
1459743
1459744
1459745
1350770
1351750
1351770
1355700
1355710
1355770
1355800
1355820
1355830
1355840
1830770
1837700
1837701
1837702
1837703
1837704
1837705
1837706
1837707
1837708
1837709
1500770
1550687
1550770
1860770
1867700
1867701
1867702
1867703
1867704
1390770
1390780
1397700
1397701
1397702
1397703
1397704
1397705
1397706
1397707
1397708
1397709
1300690
1301480
1302690
1303690
1308670
1308770
1309770
1309780
1309790
1330770
1330780
1331760
1331770
1332470
1336750
1336770
1337710
1338770
1716096
1716097
1716098
1717071
1717072
1990770
1994300
1997702
1997703
1997704
1850770
1857700
1857701
1857702
1857705
1857706
1857897
1858740
1858750
1858760
1858770
1859390
1784080
1784086
1789770
1560770
1567600
1567770
1567771
1567772
1567773
1567774
1569770
1530770
1800770
1807703
1807705
1807706
1807707
1807708
1807709
1360770
1361770
1362770
1364770
1365770
1366770
1367770
1368770
1890770
1890780
1897700
1897701
1897702
1897703
1897704
1897705
1897706
1311470
1311770
1312340
1312350
1319760
1319770
1730770
1730780
1734456
1737709
1737746
1660770
1667480
1667490
1667750
1667751
1667752
1667753
1667790
1667970
1380770
1387700
1387701
1387702
1387703
1387704
1387705
1387706
1387707
1387708
1387709
1870770
1870780
1877500
1877700
1877701
1877702
1877703
1877704
1877705
1877706
1877707
1877708
1877709
1877880
1820770
1820780
1827700
1827701
1827702
1827703
1827704
1827705
1827706
1827707
1827708
1827709
1510770
1348170
1348171
1348172
1348173
1348174
1760770
1767690
1767720
1767751
1768740
1768770
1580770
1587890
1587891
1750770
1757702
1757748
1759570
1759571
1759572
1759573
1759574
1759575
1759576
1880770
1880780
1887700
1887701
1370770
1376800
1376810
1378800
1378810
1378820
1470770
1473634
1477742
1479770
1529610
1529611
1529612
1529613
1529614
1529615
1529616
1529617
1529618
1810770
1810780
1817700
1817701
1817702
1817703
1817704
1817705
1817706
1817707
1817708
1817709
1570770
1571770
1572397
1572399
1577700
1577701
1577702
1577703
1577704
1577705
1577707
1980770
1981398
1987700
1650770
1653036
1320770
1321770
1910770
1910780
1914895
1914896
1914897
1914898
1914899
1917635
1917636
1917700
1917701
1917702
1917703
1917704
1917705
1917706
1917707
1917708
1917709
