1320467
1320695
1320696
1321287
1321467
1322467
1323467
1325167
1325852
1325853
1327458
1327467
1328408
1328467
1328497
1910467
1650087
1650162
1650274
1650363
1650467
1650675
1650786
1651285
1651304
1651405
1651467
1651570
1651979
1652326
1652327
1652467
1652692
1652933
1652934
1653467
1653631
1653650
1653654
1653686
1653749
1655241
1655547
1655744
1656405
1656406
1656409
1656411
1656419
1656467
1656663
1656757
1656782
1657420
1657467
1657650
1980467
1981556
1984505
1984536
1984582
1984583
1984584
1984585
1984638
1988992
1840360
1840361
1840362
1840363
1840364
1840365
1840366
1840367
1840368
1840369
1840380
1840467
1844529
1570467
1571457
1573467
1575467
1576467
1576564
1576565
1576566
1576567
1576568
1576569
1521467
1521468
1524622
1524623
1524624
1524625
1524626
1524627
1524628
1524629
1810467
1814590
1814591
1818277
1470467
1478467
1479465
1479466
1479467
1370468
1376364
1376365
1376366
1376367
1376669
1379640
1379641
1379642
1379643
1379644
1379645
1379692
1379693
1880467
1881467
1881477
1884670
1750467
1759767
1760467
1761467
1764535
1764536
1764537
1764566
1764567
1580467
1584532
1584533
1584534
1584535
1584536
1584537
1584538
1584643
1584644
1584645
1584670
1584671
1584672
1820467
1824670
1824671
1824672
1824673
1824674
1824675
1824676
1824677
1824948
1824949
1514579
1514613
1514614
1514615
1514616
1514617
1514618
1514619
1514670
1514671
1514672
1514673
1514674
1514675
1514676
1514677
1514678
1518462
1518463
1518464
1870467
1871449
1871459
1871467
1872466
1872467
1874670
1874671
1874672
1874673
1874674
1874675
1874676
1874677
1874678
1660467
1664670
1664671
1664672
1664673
1664674
1664675
1664676
1664677
1664678
1380488
1380489
1383650
1383651
1383652
1383653
1383654
1383655
1383656
1383657
1383658
1383659
1384600
1384601
1384602
1384603
1384604
1384605
1384606
1384607
1384608
1384609
1389594
1738273
1310157
1310167
1310467
1311467
1311537
1311546
1311547
1312597
1313694
1313695
1313696
1314466
1314467
1314967
1315989
1315995
1316356
1319916
1319917
1319918
1319942
1319943
1890467
1890487
1894467
1894513
1894514
1894515
1894580
1894581
1894582
1894583
1894584
1894585
1894586
1360468
1361468
1362467
1363467
1363487
1366467
1367457
1368467
1530367
1530487
1532663
1533183
1534458
1800367
1800467
1804571
1804574
1804575
1804576
1804579
1780467
1784523
1784557
1784579
1788417
1788425
1788705
1789175
1789705
1850462
1850467
1854549
1854613
1560367
1560467
1560487
1563634
1563635
1563685
1563686
1563687
1563688
1563689
1564580
1564581
1564582
1564583
1564584
1564585
1564586
1567290
1569967
1990467
1990487
1991779
1996974
1330367
1330487
1331467
1332956
1332957
1333956
1333957
1334956
1334957
1335107
1335117
1335167
1335177
1335187
1335197
1335989
1335995
1335996
1338467
1339467
1300995
1301974
1302989
1303989
1304535
1304536
1305432
1306980
1306981
1308956
1308957
1308958
1308979
1308980
1309146
1309157
1309158
1309159
1671467
1672106
1672114
1672115
1672123
1672132
1672467
1673467
1674467
1674486
1674487
1675653
1390467
1390487
1394580
1394581
1394582
1394583
1394584
1394585
1394586
1394680
1394681
1394682
1394683
1394684
1394685
1394686
1394687
1394688
1394689
1550467
1554527
1554528
1554529
1554570
1554571
1554572
1554573
1554574
1556173
1556174
1556175
1556176
1556177
1556178
1556179
1556199
1558199
1559081
1559082
1860466
1860467
1864670
1864671
1864672
1864673
1864674
1864675
1864676
1864677
1864678
1864679
1622746
1622747
1830467
1834522
1504576
1504577
1504578
1504579
1509463
1509464
1509465
1509466
1509467
1509468
1509469
1350468
1350486
1355504
1355505
1355506
1355546
1355547
1452467
1452473
1453468
1453469
1453474
1453475
1454310
1454960
1454961
1457120
1457121
1457122
1770367
1774527
1775880
1590465
1590466
1590467
1594666
1594667
1594668
1594669
1594670
1594671
1594672
1594673
1594674
1594675
1594676
1594677
1594678
1594679
