1330993
1331993
1332566
1334546
1336497
1336498
1336981
1336993
1339493
1339993
1990993
1991433
1991434
1991523
1999026
1999086
1999948
1999959
1999979
1850993
1859053
1859923
1859963
1780993
1784449
1784846
1786759
1788125
1789993
1560993
1569932
1569933
1530993
1535260
1535273
1800993
1803482
1804083
1808390
1808394
1809480
1809598
1809753
1809758
1809772
1809904
1809993
1364999
1367753
1367754
1367755
1367756
1890993
1893570
1893571
1893581
1896382
1899773
1899788
1899789
1899932
1899933
1899953
1899973
1770993
1771695
1776745
1779486
1779793
1779943
1779993
1590993
1598170
1599929
1450993
1452783
1454551
1459686
1459687
1459688
1459689
1351992
1351993
1356554
1356555
1356573
1357945
1357974
1357975
1357976
1357977
1830993
1839982
1839983
1500161
1500162
1500163
1500164
1500993
1502622
1502623
1502624
1550993
1860993
1869928
1869930
1869931
1869932
1869933
1869934
1869959
1390993
1399932
1399933
1399953
1399973
1302961
1303132
1303133
1304054
1307009
1309404
1309509
1750993
1759039
1759093
1759977
1759978
1759993
1880993
1889299
1889953
1889959
1889961
1370993
1377920
1377921
1377935
1377959
1377970
1470993
1471983
1471984
1479900
1479901
1520993
1527630
1527631
1527648
1529943
1529990
1529991
1529992
1529993
1529994
1529995
1529996
1810993
1811684
1811699
1811924
1811925
1811926
1811927
1811928
1811929
1813925
1813926
1813927
1813928
1813942
1814646
1814993
1819965
1819966
1819967
1819968
1819969
1819993
1840907
1840993
1844939
1844997
1844998
1844999
1570097
1570098
1570993
1571991
1572993
1573930
1573931
1573932
1573933
1573934
1573972
1980901
1980993
1989013
1989900
1320109
1323903
1323993
1327993
1328993
1910993
1919024
1919912
1311993
1313993
1315040
1317993
1319993
1730993
1734993
1660901
1660993
1669904
1669916
1669943
1669953
1389950
1389951
1389952
1389953
1870308
1870309
1870993
1874291
1874292
1879907
1879927
1879928
1879929
1879973
1879974
1879975
1879976
1820905
1820993
1824093
1829073
1829074
1829075
1829076
1829077
1829907
1829908
1829909
1829937
1829938
1510993
1519938
1519957
1519958
1519959
1760993
1769056
1769057
1769058
1769059
1769913
1769943
1769953
1769973
1769993
1580993
1588693
1589929
