1330913
1331093
1331913
1332533
1332543
1332544
1333533
1333534
1333535
1334745
1335913
1336913
1336914
1336915
1336916
1336917
1336918
1337913
1337933
1337934
1337943
1337944
1338913
1339913
1339923
1780683
1780913
1780923
1782903
1782913
1782923
1782933
1782943
1782953
1782963
1782964
1782972
1782973
1782983
1782988
1782993
1784763
1784773
1786733
1786823
1786833
1786843
1786853
1786861
1786863
1786871
1786873
1786883
1789913
1850913
1859130
1859131
1859132
1859133
1859134
1859135
1859136
1859137
1859138
1859139
1859151
1859152
1859153
1859154
1859155
1859156
1859157
1859158
1859159
1859163
1859164
1859165
1859232
1859233
1859234
1859235
1859236
1859237
1859238
1560913
1560918
1561913
1561960
1561961
1561962
1561963
1561964
1561965
1561966
1561967
1561968
1561969
1566730
1566731
1566732
1566733
1566734
1566735
1566736
1566737
1566738
1566739
1568630
1568631
1568632
1568633
1569130
1569131
1569132
1569133
1569134
1569135
1569136
1569137
1569138
1569139
1990913
1992921
1992922
1992923
1992924
1992925
1992926
1992927
1992928
1992929
1994522
1994523
1994524
1994525
1994526
1994650
1994651
1999130
1999131
1999132
1999163
1999164
1999165
1999166
1999167
1999168
1999169
1999222
1999223
1999224
1999225
1999226
1999227
1999228
1999229
1999230
1999231
1999232
1999233
1999234
1999235
1999236
1999237
1999238
1999239
1999240
1999241
1999242
1999243
1999244
1999245
1999246
1999247
1999248
1999249
1999250
1999251
1999252
1999253
1999254
1999255
1999256
1999257
1999258
1999259
1530913
1531909
1531910
1531911
1531912
1531913
1531914
1531915
1531916
1533222
1533223
1533224
1533225
1533612
1533613
1533614
1533615
1534913
1535306
1535307
1535308
1535309
1535310
1535339
1535343
1535394
1535395
1535396
1538453
1538463
1538913
1538937
1538938
1538948
1538949
1538960
1538961
1538962
1538963
1539413
1539913
1539931
1539932
1539933
1800913
1804913
1804936
1804937
1809130
1809131
1809132
1809133
1809134
1809135
1809136
1809137
1809148
1809168
1890913
1896652
1896653
1899154
1899163
1899164
1899165
1899166
1899167
1899168
1899169
1899230
1899231
1899232
1899233
1899234
1899235
1899236
1899237
1899238
1899239
1959123
1360913
1360923
1361913
1361923
1362913
1362923
1363677
1363678
1363685
1364913
1365913
1367923
1368913
1368923
1452683
1452684
1452693
1453674
1453685
1453686
1453697
1453698
1453699
1454467
1454473
1459440
1459441
1459442
1459443
1459444
1459445
1459446
1459447
1459560
1459561
1459562
1459563
1459564
1350913
1357130
1357131
1357132
1357133
1357134
1357135
1357136
1357137
1357138
1357139
1357150
1357151
1357152
1357153
1357154
1357230
1357231
1357232
1357233
1357234
1357235
1357236
1357237
1357238
1357239
1357270
1357271
1357272
1357273
1357274
1770913
1771975
1771976
1771977
1771978
1771979
1772902
1772903
1772904
1772913
1773070
1773071
1773072
1773073
1773468
1773469
1774243
1774248
1774907
1774908
1774918
1774923
1776220
1776221
1776470
1776471
1776910
1776911
1776912
1776913
1776914
1776915
1776916
1776917
1776918
1776919
1778919
1778920
1778921
1778922
1779103
1779104
1779105
1779588
1779589
1779590
1590913
1592903
1592904
1592908
1592913
1592923
1592926
1592927
1592933
1592943
1592966
1592967
1592971
1592975
1592984
1592988
1599113
1599117
1599129
1599130
1599139
1599149
1599193
1830913
1832930
1832931
1832932
1832933
1832934
1832935
1832936
1832937
1832938
1832939
1832943
1839119
1839130
1839131
1839132
1839133
1839134
1839135
1839136
1839137
1839138
1839139
1839143
1839158
1839183
1839231
1839232
1839233
1839234
1839280
1839281
1839282
1839283
1839284
1839294
1839541
1839543
1500913
1500923
1502913
1502933
1502943
1502953
1502958
1502963
1502965
1502971
1502983
1509103
1509113
1509116
1509123
1509127
1509130
1509139
1509143
1509164
1509168
1509182
1390913
1399154
1399163
1399164
1399165
1399166
1399167
1399168
1399169
1399230
1399231
1399232
1399233
1399234
1399235
1399236
1399237
1399238
1399239
1550913
1552913
1559130
1559131
1559132
1559133
1559134
1559135
1559136
1559137
1559138
1559139
1559193
1559199
1559220
1559221
1559222
1559223
1559224
1559225
1559226
1559227
1559228
1559229
1559230
1559231
1559232
1559233
1559234
1559235
1559236
1559237
1559238
1559239
1559240
1559241
1559242
1559243
1559244
1559245
1559246
1559247
1559248
1559249
1559424
1559425
1559630
1559631
1559632
1559633
1559634
1860913
1860923
1860924
1860925
1862840
1862841
1862842
1862843
1862844
1862850
1862851
1862852
1862853
1862855
1862913
1862923
1868196
1869130
1869131
1869132
1869133
1869134
1869135
1869136
1869137
1869138
1869139
1869196
1300843
1300852
1300853
1302641
1302646
1302843
1302852
1302853
1303840
1303841
1303842
1303843
1306030
1306031
1306032
1306033
1306043
1308760
1308761
1308762
1308763
1309394
1309395
1309396
1309397
1309398
1309399
1309812
1309813
1309814
1370913
1370923
1372056
1372057
1372066
1372067
1372074
1372078
1375962
1375963
1375964
1375965
1375966
1375967
1375968
1375969
1377271
1377272
1377273
1377274
1377275
1377276
1377277
1377278
1470913
1472783
1472788
1472793
1472794
1472930
1472931
1472932
1472933
1472934
1472935
1472936
1472937
1472938
1472939
1472950
1472951
1472952
1472953
1472954
1472955
1472956
1472957
1472958
1472959
1479103
1479130
1479131
1479132
1479133
1479134
1479135
1479136
1479137
1479138
1880913
1882913
1882933
1882943
1882963
1882973
1882983
1884023
1884025
1884033
1884037
1884043
1884049
1889130
1889131
1889132
1889133
1889134
1889135
1889136
1889137
1889138
1889139
1889143
1889153
1889156
1889183
1889188
1889213
1889218
1750913
1750923
1750924
1750925
1520913
1522913
1522943
1522953
1522963
1522964
1522973
1522983
1522993
1522996
1524903
1524905
1524913
1528923
1528933
1528943
1528946
1529130
1529131
1529132
1529133
1529134
1529135
1529136
1529137
1529138
1529139
1529143
1529193
1810913
1814232
1814233
1814913
1814914
1816173
1816174
1816503
1816504
1816513
1816514
1816518
1819130
1819131
1819134
1819135
1819136
1819137
1819138
1819139
1819142
1819143
1819149
1819150
1819151
1819152
1819153
1819154
1819170
1819171
1819172
1819173
1819174
1819180
1819181
1819182
1819183
1819184
1819192
1819193
1819195
1650913
1651913
1655963
1656709
1656913
1980293
1980913
1981520
1982903
1982913
1982923
1982933
1982943
1988893
1989083
1989093
1989117
1989130
1989131
1989132
1989133
1989134
1989135
1989136
1989137
1989138
1989139
1989147
1989148
1989460
1989461
1989462
1989463
1989464
1989465
1989466
1989467
1989468
1989469
1989483
1989493
1989873
1840297
1840298
1840913
1840923
1840924
1840928
1842903
1842913
1842923
1570605
1570606
1570607
1570608
1570609
1570913
1570923
1570929
1571043
1571913
1571923
1571925
1572193
1576913
1576923
1576928
1577163
1577164
1577183
1320194
1320195
1320196
1320197
1320198
1320199
1320913
1320918
1321982
1322003
1322004
1322005
1322793
1322829
1323913
1325906
1325907
1325908
1325909
1325913
1325920
1327913
1327914
1327915
1327960
1327961
1327962
1327963
1327964
1327965
1327966
1327967
1327968
1327969
1328141
1328913
1328942
1910913
1914528
1914529
1914530
1914531
1914532
1919103
1919130
1919131
1919132
1919133
1919134
1919135
1919136
1919137
1919138
1919139
1919160
1919161
1919162
1919163
1919164
1730913
1734234
1734392
1734393
1734394
1734395
1734396
1734397
1734398
1734399
1734920
1734921
1734922
1734923
1734930
1734931
1736568
1736569
1738244
1738260
1738261
1738262
1738263
1738264
1738265
1738266
1738695
1738696
1738921
1738922
1738923
1738924
1738925
1738926
1738927
1738928
1738929
1739101
1739102
1739104
1739105
1739106
1739107
1739109
1739159
1739210
1739211
1739212
1739217
1739218
1739219
1739865
1739866
1310847
1310910
1310911
1310912
1310913
1310964
1310965
1311030
1311031
1311032
1311033
1311034
1311035
1314913
1315235
1315236
1315237
1315238
1315239
1318620
1318621
1318622
1319632
1319633
1870030
1870031
1870032
1870033
1870034
1870035
1870036
1870037
1870038
1870039
1870913
1871053
1871063
1871743
1872913
1872943
1872949
1872983
1872984
1872991
1872993
1874033
1874038
1874053
1874063
1874073
1874078
1879130
1879131
1879132
1879133
1879134
1879135
1879136
1879137
1879138
1879139
1879143
1879153
1879168
1879169
1879189
1879193
1879195
1879196
1879230
1879231
1879232
1879233
1879234
1879235
1879236
1879237
1879238
1879239
1660913
1660923
1660928
1380913
1389130
1389131
1389132
1389133
1389134
1389135
1389136
1389137
1389138
1389139
1389144
1389145
1389146
1389230
1389231
1389232
1389233
1389234
1389235
1389236
1389237
1389238
1389239
1389250
1389251
1389252
1389253
1389254
1389255
1389256
1389257
1389258
1389259
1820913
1822030
1822031
1822032
1822033
1822034
1822035
1822036
1822037
1822038
1822039
1822043
1822063
1822065
1822091
1822093
1824083
1829130
1829131
1829132
1829133
1829134
1829135
1829136
1829137
1829138
1829139
1829230
1829231
1829232
1829233
1829234
1829235
1829236
1829237
1829238
1829239
1829243
1510913
1511493
1512913
1512933
1512943
1512955
1512967
1512973
1512981
1512984
1512989
1512991
1512992
1519130
1519131
1519132
1519133
1519134
1519135
1519136
1519137
1519138
1519139
1519183
1519193
1760913
1760923
1760924
1761292
1761293
1762913
1769133
1580913
1582915
1582919
1582942
1582943
1582983
1587733
1587743
1587764
1587768
1589103
1589104
1589108
1589132
1589133
1589143
1589153
1589154
1589158
1340291
1340913
1342973
1344290
1346890
1346894
1346898
1346899
1347414
1347418
1347419
1347424
1347428
1347445
1347469
1348442
1348443
1348801
1348842
1348843
