1510573
1510583
1515730
1515731
1515732
1515733
1515734
1515735
1515736
1515737
1515738
1515739
1515740
1515741
1515742
1515743
1515744
1515745
1515746
1515747
1516730
1516731
1516732
1516733
1516734
1516735
1516736
1516737
1516738
1516739
1820573
1820583
1825730
1825731
1825732
1825733
1825734
1825735
1825736
1825737
1825738
1825739
1825830
1825831
1825832
1825833
1825834
1825835
1825836
1825837
1825838
1825839
1826730
1826731
1826732
1826733
1826734
1826735
1826736
1826737
1826738
1826739
1826830
1826831
1826832
1826833
1826834
1826835
1826836
1826837
1826838
1826839
1826840
1826841
1826842
1826843
1826844
1826845
1826846
1826847
1826848
1826849
1342940
1342941
1342942
1342943
1342944
1345620
1345621
1345622
1345623
1345624
1345625
1345626
1345627
1345628
1345629
1345630
1345631
1345632
1345633
1345634
1345635
1345636
1345637
1345638
1345639
1348410
1348411
1348412
1348413
1348414
1348415
1348416
1348417
1348418
1348419
1348630
1348631
1348632
1348633
1348634
1580573
1580583
1582430
1582431
1582432
1582433
1582434
1582435
1582436
1582437
1582438
1582439
1582570
1582571
1582572
1582573
1582574
1585730
1585731
1585732
1585733
1585734
1585735
1585736
1585737
1585738
1585739
1585830
1585831
1585832
1585833
1585834
1585835
1585836
1585837
1585838
1585839
1586830
1586831
1586832
1586833
1586834
1586835
1586836
1586837
1586838
1586839
1588830
1588831
1588832
1588833
1588834
1588835
1588836
1588837
1588838
1588839
1760573
1760583
1760673
1768153
1768154
1768155
1768156
1768157
1768158
1768159
1768249
1310550
1310551
1310573
1310583
1311573
1311681
1311683
1313620
1313621
1313622
1313623
1313624
1315730
1315731
1315732
1315733
1315734
1315735
1315736
1315737
1315738
1315739
1316493
1316581
1316582
1317470
1317471
1317472
1317473
1317474
1317555
1317556
1317557
1317558
1317559
1318443
1318530
1318531
1318532
1318533
1318534
1318535
1318536
1318537
1318538
1318539
1318540
1318541
1318542
1318543
1318544
1318573
1730573
1730583
1730588
1730673
1730683
1733857
1733858
1733859
1734686
1734687
1734865
1734866
1734867
1734868
1734869
1735730
1735731
1735732
1735733
1735734
1735735
1735736
1735737
1735738
1735739
1736730
1736731
1736732
1736733
1736734
1736735
1736736
1736737
1736738
1736739
1737030
1737031
1737032
1737033
1737412
1737413
1737761
1737762
1737763
1737764
1739468
1739573
1739850
1739851
1380670
1380671
1380672
1380673
1381902
1381903
1381904
1381905
1381906
1381907
1381908
1381909
1381930
1381931
1381932
1381933
1381934
1381935
1381936
1381937
1381938
1381939
1381940
1381941
1385730
1385731
1385732
1385733
1385734
1385735
1385736
1385737
1385738
1385739
1386730
1386731
1386732
1386733
1386734
1386735
1386736
1386737
1386738
1386739
1660573
1660583
1665703
1870573
1870583
1875730
1875731
1875732
1875733
1875734
1875735
1875736
1875737
1875738
1875739
1876730
1876731
1876732
1876733
1876734
1876735
1876736
1876737
1876738
1876739
1876830
1876831
1876832
1876833
1876834
1570573
1570583
1570670
1570671
1570672
1570673
1570674
1571260
1571261
1571262
1571263
1571264
1572692
1572693
1575730
1575731
1575732
1575733
1575734
1575735
1575736
1575737
1575738
1575739
1575788
1575789
1840573
1840583
1841343
1841344
1845730
1845731
1845732
1845733
1845734
1845735
1845736
1845737
1845738
1845739
1845835
1845836
1845837
1845838
1845839
1650573
1651842
1651962
1652071
1652976
1655883
1980573
1980583
1981239
1981477
1981705
1981706
1981707
1981708
1981709
1981773
1981830
1981831
1981832
1981833
1981834
1981835
1981836
1981837
1981838
1982283
1984413
1984414
1984415
1984416
1984417
1984426
1984427
1984428
1984429
1985730
1985731
1985732
1985733
1985734
1985735
1985736
1985737
1985738
1985739
1988318
1988319
1988330
1988331
1988332
1988333
1988334
1988335
1988336
1988337
1988338
1988339
1988430
1988431
1988432
1988433
1988434
1988435
1988436
1988437
1988438
1988439
1988490
1988491
1988883
1700573
1700835
1700836
1700847
1700972
1700973
1700974
1700975
1700976
1701223
1701224
1701225
1701226
1702260
1702261
1702262
1702263
1702264
1702265
1705140
1707444
1707922
1707923
1707924
1707998
1707999
1709050
1709051
1709052
1709053
1709054
1709055
1709056
1709057
1709058
1709059
1709660
1709661
1709662
1709663
1709664
1709923
1709934
1709946
1709947
1709948
1709949
1910573
1910583
1915720
1320573
1320583
1321630
1321631
1321632
1321633
1321634
1321635
1321636
1321637
1321638
1321639
1321673
1322130
1322131
1322132
1322133
1322134
1322135
1322136
1322137
1322138
1322139
1322143
1322184
1323573
1323583
1325090
1325091
1325193
1325194
1325230
1325231
1325232
1325233
1325234
1325235
1325236
1325237
1325238
1325239
1325573
1325583
1327673
1327683
1328230
1328231
1328232
1328233
1328234
1328573
1328583
1329143
1329150
1329151
1329152
1329153
1329154
1329573
1329583
1329677
1329678
1329679
1880573
1880583
1880673
1880683
1885730
1885731
1885732
1885733
1885734
1885735
1885736
1885737
1885738
1885739
1885830
1885831
1885832
1885833
1885834
1885835
1885836
1885837
1886765
1886766
1886767
1886768
1886769
1886802
1886803
1886804
1886830
1886831
1886832
1886833
1886834
1886835
1886836
1886837
1886838
1886839
1887587
1887588
1887589
1750573
1750583
1750666
1750673
1750683
1750684
1750685
1470573
1470583
1475704
1475705
1475735
1475736
1475737
1475738
1475739
1370573
1370583
1370658
1370659
1370673
1370683
1373256
1373257
1373258
1373259
1373640
1373641
1373642
1373643
1373644
1373645
1373646
1373647
1373648
1373649
1373680
1373681
1373682
1373683
1373684
1373685
1373686
1373687
1373688
1373689
1373825
1373826
1373827
1373828
1373829
1375073
1375074
1375075
1375076
1375077
1375078
1375079
1375730
1375731
1375732
1375733
1375734
1375735
1375736
1375737
1375738
1375739
1375806
1375807
1375808
1375809
1375830
1375831
1375832
1375833
1375834
1375835
1375836
1375837
1375838
1375839
1810573
1810583
1814209
1815730
1815731
1815732
1815733
1815734
1815735
1815736
1815737
1815738
1815739
1815876
1816730
1816731
1816732
1520573
1520583
1525709
1525728
1525729
1525730
1525731
1525732
1525733
1525734
1525735
1525736
1525737
1525738
1525739
1526830
1526831
1526832
1526833
1526834
1526835
1526836
1860573
1860583
1860673
1860683
1860684
1860685
1865730
1865731
1865732
1865733
1865734
1865735
1865736
1865737
1865738
1865739
1866730
1866731
1866732
1866733
1866734
1866735
1866736
1866737
1866738
1866739
1866830
1866831
1866832
1866833
1866834
1866835
1866836
1866837
1866838
1866839
1869450
1869451
1869452
1869453
1869454
1869850
1869851
1869852
1869853
1550573
1550583
1555730
1555731
1555732
1555733
1555734
1555735
1555736
1555737
1555738
1555739
1390068
1390573
1390583
1390673
1390683
1395730
1395731
1395732
1395733
1395734
1395735
1395736
1395737
1395738
1395739
1396730
1396731
1396732
1396733
1396734
1396735
1396736
1396737
1396738
1396739
1671573
1672573
1673037
1673038
1673039
1673573
1300260
1300420
1300421
1300422
1300423
1300424
1301042
1301775
1301776
1301777
1301778
1301779
1302099
1302260
1302420
1302421
1302422
1302423
1302424
1303367
1303427
1304573
1304574
1306750
1306751
1306752
1306753
1306754
1306755
1306756
1306757
1306758
1306759
1306760
1306761
1306762
1306763
1306764
1306765
1306766
1306767
1306768
1306769
1308560
1308561
1308562
1308563
1308564
1309467
1309487
1309488
1309489
1309560
1309561
1309562
1309563
1309564
1309573
1590573
1590583
1590673
1590683
1595730
1595731
1595732
1595733
1595734
1595735
1595736
1595737
1595738
1595739
1595830
1595831
1595832
1595833
1595834
1595835
1595836
1595837
1595838
1595839
1596730
1596731
1596732
1596733
1596734
1596735
1596736
1596737
1596738
1596739
1596830
1596831
1596832
1596833
1596834
1596835
1596836
1596837
1596838
1596839
1598830
1598831
1598832
1598833
1598834
1598835
1598836
1598837
1598838
1598839
1599030
1599031
1599032
1599033
1599034
1599035
1599036
1599037
1599038
1599039
1770573
1770583
1770588
1770673
1770683
1774208
1774209
1774685
1774686
1774687
1774688
1774689
1775730
1775731
1775732
1775733
1775734
1775735
1775736
1775737
1775738
1775739
1775825
1775826
1775827
1775828
1775829
1776960
1776961
1776962
1776963
1776964
1776990
1777275
1777276
1777277
1777278
1777279
1350573
1350583
1350673
1350683
1351128
1351129
1351130
1351131
1351132
1351133
1351134
1351135
1351136
1351137
1351138
1351139
1351573
1351583
1351673
1351683
1356730
1356731
1356732
1356733
1356734
1356735
1356736
1356737
1356738
1356739
1357530
1357531
1357532
1357533
1357534
1357535
1358630
1358631
1358632
1358633
1358634
1358635
1358636
1358637
1358638
1358639
1358640
1358641
1358642
1358643
1358644
1358645
1358646
1358647
1358648
1358649
1452236
1452237
1452238
1452239
1452242
1454163
1454173
1454703
1454970
1454971
1454972
1454973
1457192
1457193
1457973
1457974
1458060
1458061
1458062
1458063
1458064
1458065
1458066
1458067
1458068
1500573
1500583
1502430
1502431
1502432
1502433
1502434
1502435
1502436
1502437
1506730
1506731
1506732
1506733
1506734
1506735
1506736
1506737
1506738
1506739
1506820
1506821
1506830
1506831
1506832
1506833
1506834
1506835
1506836
1506837
1506838
1506839
1830573
1830583
1832430
1832431
1832432
1832433
1832434
1832435
1832436
1832437
1832438
1832439
1835720
1835721
1835722
1835723
1835724
1835730
1835731
1835732
1835733
1835734
1835735
1835736
1835737
1835738
1835739
1835830
1835831
1835832
1835833
1835834
1835835
1835836
1835837
1835838
1835839
1836730
1836731
1836732
1836733
1836734
1836735
1836736
1836737
1836738
1836739
1836760
1836761
1836762
1836763
1836764
1836830
1836831
1836832
1836833
1836834
1836835
1836836
1836837
1836838
1836839
1800573
1800583
1800660
1800661
1800673
1800683
1804223
1805730
1805731
1805732
1805733
1805734
1805735
1805736
1805737
1805738
1805739
1805860
1805861
1805862
1805863
1805864
1806472
1806473
1806700
1806701
1806702
1806703
1806704
1806705
1806706
1806707
1806708
1806709
1806780
1806781
1806965
1806966
1806967
1806968
1806969
1807405
1807406
1807407
1807408
1807409
1809460
1809461
1809462
1809463
1809464
1809473
1530573
1530583
1530673
1530683
1531490
1531491
1531492
1531493
1531494
1532526
1532527
1532528
1532529
1532530
1532531
1532532
1532533
1532534
1532535
1532536
1532537
1532538
1532539
1532573
1532583
1533763
1534573
1534583
1535520
1535521
1535522
1535573
1535583
1535660
1535661
1535662
1535673
1535683
1537230
1537231
1537232
1537233
1537234
1537235
1537236
1537237
1537238
1537239
1538120
1538121
1538122
1538123
1538124
1538125
1538126
1538127
1538410
1538411
1539433
1539434
1539573
1539588
1539726
1539727
1539728
1539729
1360055
1360056
1360573
1360583
1360673
1360683
1361573
1361583
1361673
1361683
1362573
1362583
1362586
1362673
1362676
1364573
1364583
1364673
1365573
1365583
1365660
1365661
1365662
1365673
1365683
1366672
1366673
1366674
1366675
1366676
1366677
1366678
1366679
1890573
1890583
1890673
1890683
1895730
1895731
1895732
1895733
1895734
1895735
1895736
1895737
1895738
1895739
1896630
1896631
1896632
1896633
1896634
1896635
1896636
1896637
1896730
1896731
1896732
1896733
1896734
1896735
1896736
1896737
1896738
1896739
1896930
1896931
1896932
1896933
1896934
1330573
1330583
1330673
1330683
1332573
1332583
1332593
1333573
1333583
1334573
1334583
1334600
1334601
1335573
1335583
1335600
1335601
1335602
1335603
1335604
1335605
1335606
1335607
1335608
1335609
1336230
1336231
1336232
1336233
1336234
1336235
1336236
1336237
1336238
1336239
1337230
1337231
1337232
1337233
1337243
1337573
1337583
1338573
1338583
1338862
1338863
1338864
1339573
1339583
1339673
1339683
1715948
1715949
1715974
1715984
1716410
1716411
1716412
1716413
1716414
1716415
1716573
1716978
1716979
1716980
1716981
1716982
1716983
1716985
1716986
1716987
1716989
1717573
1718573
1719573
1719664
1719904
1719914
1719924
1719934
1719953
1719956
1719957
1719958
1719959
1719960
1719961
1719962
1990573
1990583
1994102
1994104
1994112
1994122
1994132
1995730
1995731
1995732
1995733
1995734
1995735
1995736
1995737
1995738
1995739
1560573
1560583
1560673
1560683
1565730
1565731
1565732
1565733
1565734
1565735
1565736
1565737
1565738
1565739
1566930
1566931
1566932
1566933
1566934
1566935
1566936
1566937
1566938
1566939
1569573
1569583
1780573
1780583
1781573
1781638
1781639
1781640
1781641
1781650
1781651
1781662
1781691
1781692
1781693
1785703
1785725
1785736
1785742
1785830
1785831
1785832
1785833
1785834
1785835
1785843
1785878
1785879
1785881
1785882
1786783
1788823
1789577
1789578
1789579
1850573
1850583
1850671
1850672
1850673
1850674
1850675
1850676
1850677
1850678
1850679
1850686
1850687
1850688
1850689
1855799
1855823
1855824
1855825
1855826
1855827
1855828
1855829
1855830
1855831
1855832
1855833
1855834
1855835
1855836
1855837
1855838
1855839
1855840
1855841
