1700144
1700145
1700514
1701676
1701677
1701678
1701679
1702617
1702618
1708760
1708761
1708762
1708763
1708764
1708765
1708766
1708767
1708768
1708769
1910253
1910514
1910525
1321842
1321882
1321894
1321895
1321896
1321897
1321898
1321899
1322230
1322231
1322266
1322267
1322268
1322269
1322514
1323523
1323524
1323525
1323526
1323527
1323528
1323529
1323644
1327000
1327001
1327050
1327051
1327052
1327053
1327054
1327055
1327056
1327057
1327058
1327059
1327514
1327652
1327653
1327654
1327655
1327656
1327657
1327658
1329137
1329138
1329139
1570525
1570527
1571525
1571527
1572076
1572242
1572296
1572481
1575104
1575105
1575163
1575164
1575165
1575166
1575167
1575168
1575175
1842545
1842546
1845170
1845171
1845172
1845173
1845174
1845175
1845176
1845177
1845178
1845179
1845233
1845246
1845266
1980509
1981230
1981468
1981600
1981601
1982530
1982531
1982532
1982533
1982534
1982535
1982536
1982537
1982538
1982539
1984446
1984826
1984840
1985050
1985051
1985052
1985053
1985054
1985055
1985056
1985057
1985058
1985059
1985146
1989532
1989533
1989564
1650514
1655142
1657675
1810144
1810145
1810525
1810527
1811212
1811213
1811214
1811240
1811241
1811419
1811493
1811494
1811508
1811509
1811510
1811511
1811544
1811565
1811820
1811821
1811822
1811823
1811824
1811825
1811826
1811827
1811828
1813622
1813623
1813624
1813625
1813626
1813646
1813647
1813655
1813660
1813661
1813662
1813663
1815105
1815106
1815143
1815144
1816826
1816827
1816828
1816829
1816830
1816865
1816866
1816867
1520525
1520527
1525250
1525251
1525252
1525253
1525254
1525255
1525256
1525257
1525258
1525259
1525270
1525271
1525272
1525273
1525274
1525275
1525276
1525277
1525278
1525279
1526220
1526221
1526222
1526223
1526224
1526225
1526226
1526227
1526228
1526229
1529845
1529846
1529847
1529848
1529849
1750157
1750158
1750159
1750514
1755875
1755876
1755877
1755878
1755879
1880525
1880527
1885143
1885144
1885250
1885251
1885252
1885253
1885254
1885255
1885256
1885257
1885258
1885259
1885270
1885271
1885272
1885273
1885274
1885275
1885276
1885277
1885278
1885279
1886085
1888807
1370144
1370525
1370527
1377330
1377331
1377332
1377333
1377334
1377335
1377336
1377337
1377338
1377339
1377340
1377341
1377342
1377343
1377344
1377345
1377346
1377347
1377348
1377349
1377350
1377351
1377352
1377353
1377354
1377355
1377356
1377357
1377358
1377359
1377642
1377643
1470525
1470527
1475270
1475271
1475272
1475273
1475274
1475275
1475276
1475277
1475278
1475279
1475287
1476083
1476184
1476230
1476231
1476232
1476233
1476234
1476235
1476236
1476282
1340129
1340555
1340556
1340557
1344029
1580525
1580527
1585042
1585043
1585285
1585286
1585287
1585288
1585289
1586130
1586131
1586132
1586133
1586134
1586135
1586136
1586137
1586138
1586139
1586287
1586288
1586289
1589570
1589571
1589572
1589573
1589574
1589575
1589576
1589577
1589641
1760514
1760528
1762506
1762507
1762514
1762585
1762586
1769683
1769684
1769685
1510525
1510527
1515080
1515081
1515082
1515083
1515084
1515085
1515086
1515087
1515088
1515089
1515247
1515270
1515271
1515272
1515273
1515274
1515275
1515276
1515277
1515278
1515279
1516140
1516141
1516142
1516143
1516144
1516180
1516181
1516182
1516183
1516184
1516185
1516186
1516187
1516188
1516189
1518985
1518986
1518987
1518988
1518989
1519040
1519041
1519042
1519043
1519044
1519555
1519556
1519557
1519558
1519559
1820507
1820525
1820527
1824870
1824871
1825146
1825252
1825253
1825254
1825255
1825256
1825270
1825271
1825272
1825273
1825274
1825275
1825276
1825277
1825278
1825279
1826065
1826066
1826067
1826068
1826069
1826243
1826244
1826257
1380144
1380145
1380525
1380527
1381310
1381311
1381312
1381313
1381314
1381315
1381316
1381317
1381318
1381319
1381580
1381581
1381582
1381583
1381584
1385216
1385217
1385218
1385219
1385220
1385221
1385240
1385250
1385251
1385252
1385253
1385254
1385255
1385256
1385257
1385258
1385259
1385270
1385271
1385272
1385273
1385274
1385275
1385276
1385277
1385278
1385279
1660514
1665108
1665109
1665143
1665277
1665278
1870525
1870527
1872409
1872410
1875147
1875148
1875252
1875253
1875254
1875255
1875256
1875270
1875271
1875272
1875273
1875274
1875275
1875276
1875277
1875278
1875279
1876230
1876231
1876232
1876277
1876278
1876279
1879541
1879660
1879661
1879662
1879663
1879664
1879665
1879666
1879667
1879668
1879669
1310185
1310195
1311517
1311518
1311519
1314258
1314259
1315110
1315111
1315112
1315113
1315114
1315143
1315150
1315151
1315160
1315161
1316030
1316031
1316032
1316040
1316041
1317412
1317413
1317975
1317976
1317977
1317978
1317979
1318200
1318201
1318202
1318203
1318204
1318205
1319645
1319646
1319647
1319648
1319649
1319668
1319669
1730514
1730626
1730627
1730628
1730629
1731290
1731291
1731292
1731293
1731450
1731451
1731500
1731501
1731502
1731516
1731517
1731518
1731519
1731520
1731887
1731889
1732150
1732151
1732152
1732153
1732795
1732796
1732797
1734275
1734838
1734839
1735133
1735135
1735136
1735137
1735138
1735139
1735245
1735246
1735248
1735499
1736174
1736181
1736184
1736194
1736806
1736817
1736838
1736841
1736842
1736890
1736891
1736892
1737270
1737271
1737272
1737475
1738809
1739479
1739689
1360144
1360525
1360527
1361524
1361525
1361629
1362520
1362521
1362611
1362612
1364525
1364527
1365151
1365152
1365153
1365525
1365527
1366520
1366521
1366522
1366523
1366524
1366525
1366526
1366527
1366528
1366529
1890144
1890145
1890525
1890527
1891212
1891213
1891214
1892190
1892191
1892192
1892193
1892194
1893235
1893236
1893237
1893622
1893623
1893624
1893625
1893626
1893627
1893646
1893647
1893648
1893649
1894445
1894446
1894447
1894448
1894449
1895104
1895105
1895143
1895144
1895250
1895251
1895252
1895253
1895254
1895255
1895256
1895257
1895258
1895259
1895270
1895271
1895272
1895273
1895274
1895275
1895276
1895277
1895278
1895279
1899485
1899486
1899487
1899488
1899489
1800144
1800145
1800525
1800527
1801212
1801213
1801214
1801230
1801231
1801232
1801233
1801234
1801405
1801406
1801497
1801498
1802131
1802132
1802133
1802171
1802172
1802173
1802174
1803622
1803623
1803624
1803625
1803626
1803627
1805105
1805106
1805143
1805144
1805255
1805256
1805257
1805258
1805259
1806115
1806116
1806117
1806183
1806601
1806602
1808376
1808377
1808378
1808379
1808676
1530144
1530145
1530525
1530527
1531280
1531281
1531282
1531283
1531284
1531285
1534514
1534525
1534526
1535846
1535850
1535851
1535852
1535853
1535854
1535855
1535856
1535857
1535885
1535886
1535887
1535892
1536640
1536641
1536642
1536685
1536686
1536687
1536688
1536689
1536690
1536691
1537125
1537126
1537127
1537128
1537129
1537130
1537131
1537132
1537133
1537134
1538030
1538031
1538032
1538033
1538034
1538035
1538036
1538037
1538038
1538039
1539463
1539675
1539676
1539677
1539678
1990144
1990514
1990525
1990527
1990613
1994174
1994202
1995108
1995143
1995162
1995180
1995181
1995245
1995283
1996184
1996185
1996243
1996244
1996245
1996246
1996247
1996248
1996249
1996250
1996251
1996252
1996253
1996254
1996255
1996256
1996257
1996258
1996259
1996260
1996261
1996262
1996263
1996264
1997500
1997501
1997502
1997503
1997504
1997505
1997506
1997507
1560144
1560145
1560525
1560527
1565104
1565105
1565143
1565144
1566810
1566811
1566812
1566815
1566816
1566817
1566818
1566819
1566820
1566840
1566841
1566842
1569514
1850514
1850522
1855070
1855145
1855255
1855256
1855257
1855258
1855259
1855613
1855614
1855620
1855621
1855622
1855623
1855628
1855629
1782609
1782635
1782645
1782669
1783469
1783473
1784942
1784943
1785110
1785111
1785146
1785195
1785196
1785197
1788731
1788816
1789519
1330144
1330145
1330525
1330527
1332812
1332813
1332814
1333812
1333813
1333814
1333884
1333885
1333886
1334812
1334813
1334814
1335812
1335813
1335814
1336510
1336511
1336512
1336513
1336514
1337367
1337368
1337369
1337527
1337528
1337529
1338243
1338270
1338271
1338272
1338273
1338274
1338275
1339060
1339061
1339062
1339063
1339064
1339065
1339066
1713514
1715514
1716514
1717514
1717639
1717645
1717646
1717647
1717650
1717651
1717652
1717653
1717655
1718347
1718514
1719514
1719649
1719653
1719654
1719655
1719656
1720192
1300430
1300431
1300432
1300433
1300434
1300439
1301043
1301370
1301371
1301372
1301373
1301374
1302430
1302431
1302432
1302433
1302434
1302439
1303256
1303257
1304020
1304021
1304022
1304023
1304024
1304025
1304026
1304027
1304028
1305630
1305631
1305632
1305633
1305634
1305635
1305636
1305637
1305638
1305639
1306488
1306489
1306498
1306499
1308256
1308257
1309200
1309201
1309202
1309203
1309204
1309205
1309206
1309207
1309208
1309209
1860514
1860520
1860521
1860522
1865104
1865105
1865143
1865144
1865240
1865250
1865251
1865252
1865253
1865254
1865255
1865256
1865257
1865258
1865259
1865275
1865276
1865277
1865278
1865279
1866236
1866237
1866238
1866239
1390144
1390145
1390525
1390527
1391212
1391213
1391214
1392190
1392191
1392192
1392193
1392194
1395104
1395105
1395143
1395144
1395250
1395251
1395252
1395253
1395254
1395255
1395256
1395257
1395258
1395259
1395270
1395271
1395272
1395273
1395274
1395275
1395276
1395277
1395278
1395279
1671514
1672514
1673514
1673977
1673978
1673979
1673980
1673981
1673982
1673983
1674184
1674185
1674186
1500525
1500527
1505070
1505071
1505072
1505073
1505074
1505075
1505076
1505077
1505078
1505079
1505250
1505251
1505252
1505253
1505254
1505255
1505256
1505257
1505258
1505259
1506279
1506280
1506281
1506282
1506283
1506284
1506285
1506286
1506287
1506288
1506289
1509436
1509437
1830525
1830527
1834472
1834482
1835104
1835105
1835270
1835271
1835272
1835273
1835274
1835275
1835276
1835277
1835278
1835279
1836030
1836031
1836032
1836033
1836130
1836131
1836142
1836182
1836242
1836282
1590525
1590527
1594905
1594906
1594907
1594908
1594909
1595104
1595105
1595143
1595144
1595250
1595251
1595252
1595253
1595254
1595255
1595256
1595257
1595258
1595259
1595270
1595271
1595272
1595273
1595274
1595275
1595276
1595277
1595278
1595279
1599510
1599511
1599512
1599513
1599514
1770144
1770145
1770525
1770527
1771227
1771228
1771229
1771235
1771448
1771457
1771458
1771492
1771493
1771510
1771511
1771512
1771583
1771584
1771585
1771586
1771587
1775133
1775135
1775136
1775137
1775138
1775139
1776180
1776181
1776182
1776197
1776198
1776199
1776600
1776854
1776855
1776856
1776857
1779894
1779895
1779896
1450850
1450851
1450852
1450853
1450854
1452628
1452629
1452630
1453617
1453618
1453619
1453650
1453651
1453652
1453653
1454424
1454433
1454958
1457102
1457103
1457104
1457105
1457277
1458040
1458041
1458042
1458043
1458044
1458045
1458046
1458047
1458048
1458049
1350525
1350527
1351170
1351171
1351172
1351173
1351174
1351175
1351176
1358523
1358524
1358525
