1990998
1991437
1991438
1991439
1991522
1991527
1991528
1991529
1994586
1994588
1999069
1999083
1999088
1999090
1999677
1999925
1999926
1999928
1999929
1999955
1999958
1780998
1784441
1786757
1788101
1788102
1788103
1788104
1788105
1788106
1788107
1788108
1788109
1788136
1788137
1788138
1788139
1788154
1788155
1788156
1788157
1788164
1788176
1788178
1788179
1789924
1789925
1789926
1789927
1789998
1850998
1859058
1859928
1859948
1560998
1568486
1568487
1568836
1568837
1569944
1569945
1569946
1569947
1330998
1331998
1332552
1334534
1336474
1336488
1336989
1336998
1337974
1337975
1339977
1339978
1339998
1361998
1362998
1365750
1365751
1365753
1365754
1365755
1890998
1893598
1899763
1899764
1899774
1899775
1899785
1899908
1899909
1899963
1899964
1530998
1533797
1535258
1535274
1535278
1538494
1538498
1538499
1800998
1803481
1803485
1804074
1804088
1804098
1809496
1809497
1809581
1809582
1809793
1809794
1809795
1809796
1809797
1809798
1809799
1809949
1809953
1809954
1809955
1809956
1809957
1809984
1809985
1809986
1809987
1809988
1809998
1830998
1832402
1839908
1839910
1839911
1839912
1839929
1839933
1839934
1839935
1839936
1839944
1839945
1839946
1839958
1839959
1839960
1839961
1839962
1839963
1839964
1839965
1500146
1500147
1500148
1500149
1500155
1500307
1500308
1500309
1500994
1500998
1500999
1502630
1502631
1502632
1502633
1502634
1509900
1509901
1509902
1509939
1770998
1776754
1776755
1776756
1779481
1779491
1779798
1779948
1779954
1779955
1779956
1779957
1590904
1590998
1599923
1599924
1599930
1599931
1599932
1356537
1356538
1356539
1356565
1356566
1356567
1357905
1357906
1357907
1357908
1357909
1357930
1357931
1357932
1357933
1357934
1450998
1452788
1454544
1457052
1457053
1459660
1459661
1459662
1459663
1459774
1459782
1459791
1459792
1459793
1302963
1303128
1303129
1304048
1307004
1307005
1309515
1309519
1550998
1556910
1556911
1556912
1556913
1556914
1556915
1556916
1556917
1556918
1556919
1556940
1556941
1556942
1556943
1556944
1556945
1556946
1556947
1556948
1556949
1556955
1556956
1556957
1556958
1556959
1559983
1559984
1559985
1559986
1559987
1559988
1559991
1559992
1559994
1559998
1860904
1860998
1869067
1869938
1869980
1869981
1869982
1869983
1869984
1869985
1869986
1869987
1869988
1869989
1390998
1399908
1399909
1399963
1399964
1520906
1520998
1521495
1521496
1521497
1521498
1521499
1527601
1527602
1527603
1527604
1527605
1527606
1527607
1527608
1527609
1527610
1527611
1527612
1527613
1527644
1527645
1527693
1527694
1527695
1529290
1529291
1529292
1529293
1529294
1529951
1529952
1529953
1810640
1810998
1812910
1812911
1812912
1812913
1812914
1812915
1812916
1813080
1813081
1813082
1813083
1813084
1813085
1813480
1813481
1813482
1813483
1813485
1813486
1813487
1813488
1813489
1813936
1813945
1813946
1813955
1813956
1813957
1813958
1813959
1814998
1815298
1815299
1815494
1815495
1815496
1815497
1816030
1816031
1816032
1816033
1816044
1816045
1816046
1816744
1816745
1816746
1816747
1816748
1816749
1816760
1816761
1816762
1816763
1816764
1816765
1816766
1819680
1819681
1819682
1819683
1819684
1819760
1819761
1819762
1819763
1819764
1819765
1819766
1819767
1819768
1819769
1819905
1819908
1819950
1819951
1819952
1819953
1819954
1819955
1819956
1819957
1819958
1819959
1880998
1889093
1889094
1889095
1889932
1889933
1889934
1889935
1889936
1750998
1759030
1759031
1759032
1759033
1759034
1759035
1759036
1759037
1759038
1759089
1759090
1759091
1759094
1759147
1759148
1759149
1759150
1759151
1759152
1759153
1759154
1759907
1759908
1759941
1759942
1759943
1759944
1759945
1759946
1759947
1759948
1759949
1759950
1759951
1759998
1479910
1479911
1479912
1479947
1479948
1479949
1479954
1479955
1479980
1479981
1479982
1479983
1479984
1479985
1479986
1479987
1479988
1479989
1370998
1377948
1377949
1377962
1377971
1377972
1377973
1377984
1377988
1377989
1320105
1320118
1320119
1320907
1323901
1323970
1323972
1323987
1323998
1327901
1327970
1327971
1327972
1327973
1327981
1327982
1327984
1327985
1327986
1327987
1327988
1327989
1327990
1327998
1328998
1910998
1919950
1840900
1840904
1840905
1840982
1840998
1844910
1844911
1844912
1844913
1844914
1844915
1844916
1844917
1844918
1844919
1844950
1844951
1844952
1844953
1844954
1844955
1844956
1844957
1844958
1844959
1570998
1571499
1571906
1572997
1573910
1573911
1573912
1573913
1573914
1573915
1573916
1573917
1573918
1573919
1573948
1573990
1573991
1573992
1573993
1573994
1573995
1573996
1573997
1573998
1573999
1577010
1577011
1577012
1577013
1577014
1577015
1577016
1577017
1577018
1577019
1980907
1980998
1981407
1988294
1988296
1988298
1989018
1989908
1660998
1669908
1669910
1669911
1669912
1669913
1669914
1669915
1669940
1669958
1669968
1389910
1389911
1389912
1389913
1389914
1389915
1389916
1389917
1389918
1389919
1870998
1874278
1874280
1874281
1874282
1874283
1879986
1879987
1879988
1879989
1311998
1312396
1313975
1313998
1315029
1315041
1315044
1317998
1319973
1319998
1730998
1734998
1739758
1739759
1739760
1739761
1739762
1739763
1739764
1739926
1739929
1739931
1739933
1739935
1739936
1760998
1769000
1769001
1769002
1769003
1769004
1769005
1769006
1769007
1769008
1769009
1769010
1769011
1769012
1769013
1769014
1769015
1769016
1769017
1769018
1769019
1769141
1769142
1769914
1769918
1769919
1769949
1769954
1769955
1769978
1769998
1580904
1580998
1588688
1588689
1589400
1589401
1589402
1589403
1589404
1589405
1589406
1589407
1589408
1820998
1829900
1829901
1829902
1829903
1829960
1829961
1829962
1829963
1829964
1829965
1829966
1829967
1829968
1829969
1829985
1829986
1829987
1829988
1829989
1510904
1510905
1510998
1519930
1519931
1519932
1519933
1519934
1519935
1519980
1519981
1519982
1519983
1519984
1519985
1519986
1519987
1519988
1519989
