1830772
1830782
1837620
1837621
1837622
1837623
1837624
1837625
1837626
1837627
1837628
1837629
1837720
1837721
1837722
1837723
1837724
1837725
1837726
1837727
1837728
1837729
1837800
1837801
1837802
1837803
1837820
1837821
1837822
1837823
1837824
1837825
1837826
1837827
1837828
1837829
1500772
1500782
1507720
1507721
1507722
1507723
1507724
1507725
1507726
1507727
1507728
1507729
1507825
1507826
1507827
1507828
1507829
1507845
1507846
1507847
1507848
1507849
1507850
1507851
1507852
1507853
1507854
1770772
1770782
1773665
1773666
1775456
1775457
1777200
1777201
1777202
1777203
1777472
1777485
1777486
1777487
1777605
1777606
1777607
1777630
1777631
1777632
1777633
1777634
1777644
1777645
1777720
1777721
1777722
1777723
1777724
1777725
1777726
1777727
1777728
1777729
1590772
1590782
1597720
1597721
1597722
1597723
1597724
1597725
1597726
1597727
1597728
1597729
1597820
1597821
1597822
1597823
1597824
1597825
1597826
1597827
1597828
1597829
1350772
1350782
1351752
1351760
1351762
1351772
1351780
1351782
1355702
1355712
1355720
1355722
1355730
1355732
1355742
1355750
1355752
1355762
1355772
1355782
1355790
1355792
1355802
1355812
1355816
1355822
1355832
1355842
1359702
1359706
1359709
1359712
1359714
1359718
1359720
1359721
1359722
1359723
1359724
1359725
1359726
1359727
1452767
1452772
1453763
1453764
1454522
1459105
1459106
1459107
1459108
1459109
1459110
1459111
1459112
1459113
1459114
1459746
1720073
1720074
1300593
1300692
1301487
1301488
1301489
1301493
1302593
1302692
1303682
1303692
1304780
1304782
1307800
1307801
1307802
1307803
1307804
1307805
1307806
1307807
1307808
1307809
1308492
1308493
1308672
1308772
1308792
1309772
1550670
1550671
1550672
1550673
1550674
1550675
1550676
1550677
1550678
1550679
1550682
1550683
1550772
1550782
1557700
1557701
1557702
1557703
1557704
1557705
1557706
1557720
1557721
1557722
1557723
1557724
1557725
1557726
1557727
1557728
1557729
1557770
1557771
1557772
1557773
1557774
1557775
1557776
1557777
1557778
1557779
1557820
1557821
1557822
1557823
1557824
1557825
1557826
1860772
1860782
1860787
1864882
1864885
1864886
1864887
1864888
1864889
1864942
1864947
1867720
1867721
1867722
1867723
1867724
1867725
1867726
1867727
1867728
1867729
1671772
1672770
1672772
1672775
1672776
1390772
1390782
1397720
1397721
1397722
1397723
1397724
1397725
1397726
1397727
1397728
1397729
1397800
1397801
1397802
1397803
1397804
1397805
1397806
1397807
1397808
1397809
1397820
1397821
1397822
1397823
1397824
1397825
1397826
1397827
1397828
1397829
1990772
1991491
1991492
1994306
1994307
1997615
1997616
1997720
1997721
1997722
1997723
1997724
1997725
1997820
1997821
1997822
1997823
1997824
1997825
1997826
1997827
1999455
1999464
1780772
1780782
1784003
1784004
1784005
1784036
1784037
1784055
1784056
1784057
1784058
1784059
1784060
1784061
1787720
1787721
1787722
1787723
1787787
1787788
1787789
1787790
1787791
1787792
1787793
1787794
1787797
1787820
1787821
1787822
1787823
1787824
1787825
1787826
1787827
1787828
1787829
1787848
1787849
1788042
1789111
1789772
1850772
1850782
1852972
1857720
1857721
1857722
1857723
1857724
1857725
1857726
1857727
1857728
1857729
1857761
1857762
1857763
1857940
1857941
1857942
1857982
1857983
1857990
1857992
1857993
1857994
1858751
1858752
1858784
1858982
1858986
1858987
1858995
1858996
1858997
1858998
1858999
1859322
1859326
1560772
1560782
1567626
1567657
1567659
1567702
1567703
1567720
1567721
1567722
1567723
1567724
1567725
1567726
1567727
1567728
1567729
1567800
1567801
1567802
1567803
1567804
1567805
1567806
1567807
1567808
1567809
1567820
1567821
1567822
1567823
1567824
1567825
1567826
1567827
1567828
1567829
1567870
1567871
1567872
1567873
1567874
1567875
1567876
1567877
1567878
1567879
1569772
1330772
1330782
1331762
1331772
1331782
1331788
1332162
1332172
1332472
1332482
1334752
1334762
1336752
1336762
1336772
1336782
1337702
1337707
1337720
1337721
1337722
1337723
1338772
1339772
1339782
1339787
1717073
1717075
1717076
1717077
1717078
1717079
1717090
1717091
1360772
1360780
1360782
1361772
1361780
1361782
1362772
1362780
1362782
1363300
1363301
1363302
1363303
1363304
1363305
1363306
1363307
1363308
1363309
1364772
1364780
1364782
1364942
1365772
1365780
1365782
1365962
1365966
1366772
1366780
1366782
1366942
1366962
1366966
1367772
1367780
1367782
1368772
1368780
1368782
1890772
1893476
1897720
1897721
1897722
1897723
1897724
1897725
1897726
1897727
1897728
1897729
1897800
1897801
1897802
1897803
1897804
1897805
1897806
1897807
1897808
1897809
1530772
1530782
1533789
1534772
1534774
1534775
1534776
1534777
1534778
1534779
1800078
1800772
1800782
1807472
1807482
1807670
1807671
1807672
1807673
1807674
1807720
1807721
1807722
1807723
1807724
1807725
1807726
1807727
1807728
1807729
1807820
1807821
1807822
1807823
1807824
1807825
1807826
1807827
1807828
1807829
1807847
1807848
1807849
1660772
1667492
1667720
1667721
1667722
1380772
1380782
1387720
1387721
1387722
1387723
1387724
1387725
1387726
1387727
1387728
1387729
1387820
1387821
1387822
1387823
1387824
1387825
1387826
1387827
1387828
1387829
1870772
1870782
1877510
1877511
1877512
1877513
1877514
1877515
1877516
1877517
1877518
1877519
1877520
1877521
1877522
1877523
1877524
1877525
1877526
1877527
1877528
1877529
1877568
1877620
1877621
1877622
1877623
1877624
1877625
1877626
1877627
1877628
1877629
1877720
1877721
1877722
1877723
1877724
1877725
1877726
1877727
1877728
1877729
1877820
1877821
1877822
1877823
1877824
1877825
1877826
1877827
1877828
1877829
1877882
1310042
1310049
1310052
1311472
1311762
1311772
1312342
1312352
1313262
1313272
1313282
1313292
1315252
1315254
1315255
1315256
1315262
1319752
1319762
1319772
1730772
1730782
1734423
1734424
1734425
1734457
1737481
1737482
1737610
1737611
1737612
1737613
1737614
1737615
1737616
1737644
1737645
1737646
1737720
1737721
1737722
1737723
1737724
1737725
1737726
1737727
1737728
1737729
1739675
1340780
1340781
1340782
1340783
1340784
1340785
1340786
1340787
1340788
1340789
1344283
1344284
1345720
1345721
1345722
1345723
1345724
1345725
1345726
1345727
1345728
1345729
1347120
1347121
1347122
1347123
1347124
1348120
1348121
1348122
1348123
1348124
1348125
1348126
1348127
1348128
1348129
1348175
1348176
1348177
1348178
1348179
1348190
1348191
1348192
1348193
1348194
1348195
1348196
1348197
1348198
1348199
1760772
1760782
1767691
1767692
1767693
1767702
1767752
1767753
1767770
1767771
1767773
1767774
1767775
1767776
1768722
1768723
1768727
1768736
1768737
1768742
1768752
1768756
1768757
1768772
1580772
1580782
1587720
1587721
1587722
1587723
1587724
1587725
1587726
1587727
1587728
1587729
1587820
1587821
1587822
1587823
1587824
1587825
1587826
1587827
1587828
1587829
1587889
1820772
1820782
1827620
1827621
1827622
1827623
1827624
1827625
1827626
1827627
1827628
1827629
1827670
1827671
1827672
1827673
1827674
1827675
1827676
1827677
1827678
1827679
1827680
1827681
1827682
1827683
1827684
1827685
1827686
1827687
1827688
1827689
1827690
1827691
1827692
1827693
1827694
1827695
1827696
1827697
1827720
1827721
1827722
1827723
1827724
1827725
1827726
1827727
1827728
1827729
1827820
1827821
1827822
1827823
1827824
1827825
1827826
1827827
1827828
1827829
1510772
1510782
1517720
1517721
1517722
1517723
1517724
1517725
1517726
1517727
1517770
1517771
1517772
1517773
1517774
1517775
1520772
1520782
1522459
1522460
1522461
1522462
1522463
1522464
1522465
1522466
1522467
1522468
1522469
1527720
1527721
1527722
1527723
1527724
1527725
1527726
1527727
1527728
1527729
1527770
1527772
1527880
1527881
1527882
1527883
1527884
1527885
1527886
1527887
1527888
1527889
1528960
1528961
1528962
1528963
1810772
1810782
1815475
1815476
1815477
1817210
1817211
1817212
1817213
1817214
1817215
1817216
1817217
1817218
1817219
1817220
1817221
1817222
1817223
1817224
1817225
1817226
1817227
1817228
1817229
1817243
1817244
1817477
1817478
1817479
1817630
1817634
1817670
1817671
1817672
1817673
1817720
1817721
1817722
1817723
1817724
1817725
1817726
1817727
1817728
1817729
1817820
1817821
1817822
1817823
1817824
1817825
1817826
1817827
1817828
1817829
1817880
1817881
1817882
1817883
1817884
1880772
1880782
1881544
1881545
1881546
1881547
1881548
1881549
1886700
1886701
1886702
1886703
1886704
1886705
1886706
1886707
1886708
1886709
1887720
1887721
1887722
1887723
1887724
1887725
1887726
1887727
1887728
1887729
1887820
1887821
1887822
1887823
1887824
1887825
1887826
1887827
1887828
1887829
1887840
1887841
1887890
1887891
1887892
1888841
1888842
1889762
1889763
1889764
1889772
1889774
1889780
1889782
1889784
1889786
1889789
1750772
1750783
1752670
1752671
1757749
1757820
1757821
1470772
1470780
1470782
1473609
1473639
1477712
1477720
1477721
1477722
1479380
1479381
1479382
1479383
1479384
1479385
1479386
1479387
1479388
1479389
1479390
1479391
1479392
1479393
1479394
1479395
1479396
1479397
1479398
1479399
1479618
1479619
1479620
1479621
1479622
1479623
1479624
1479625
1479772
1370772
1370780
1370782
1373720
1373721
1373722
1373723
1373724
1373725
1373726
1373727
1373728
1373729
1376802
1376812
1376822
1376832
1376834
1376842
1376847
1376852
1376856
1376857
1376866
1376867
1376868
1376869
1376885
1376886
1376887
1376889
1376893
1376894
1376895
1378802
1378812
1378822
1378832
1378842
1378844
1378846
1378847
1378848
1378852
1378862
1378867
1378872
1378876
1378877
1378878
1378879
1705079
1706484
1706485
1706486
1706487
1320772
1320782
1321140
1321141
1321151
1321152
1321772
1321787
1323772
1323782
1325780
1325781
1325782
1326372
1326382
1329772
1329779
1329782
1329789
1329922
1329929
1329942
1329949
1329960
1329961
1329962
1329964
1910772
1914270
1914271
1914272
1914273
1914274
1914275
1914276
1914277
1914278
1914279
1914280
1914281
1914282
1914283
1914284
1914285
1914286
1914287
1914288
1914289
1916570
1916571
1916572
1916573
1916574
1916575
1916576
1916577
1916578
1916579
1916700
1916701
1916702
1916703
1916704
1916705
1916706
1916707
1916708
1916709
1916710
1916711
1916712
1916713
1916714
1916715
1916716
1916717
1916718
1916719
1916720
1916721
1916722
1916723
1916724
1916725
1916726
1916727
1916728
1916729
1916730
1916731
1916732
1916733
1916734
1916735
1916736
1916737
1916738
1916739
1916740
1916741
1916742
1916743
1916744
1916745
1916746
1916747
1916748
1916749
1917720
1917721
1917722
1917723
1917724
1917725
1917726
1917727
1917728
1917729
1840678
1840679
1840772
1847720
1847721
1847722
1847723
1847724
1847725
1847726
1847727
1847728
1847729
1570772
1571772
1572372
1572382
1572392
1572393
1572396
1577720
1577721
1577722
1577723
1577724
1577725
1577726
1577727
1577728
1577729
1577820
1577821
1577822
1650772
1651772
1652072
1980772
1980781
1981388
1987702
1987709
1987720
1987722
1987724
1987726
1989920
1989921
1989922
1989923
1989924
1989925
1989926
1989927
1989928
1989929
