1760564
1767276
1767277
1767278
1768104
1768138
1768218
1580564
1585520
1585521
1585522
1585523
1585524
1585525
1585526
1585527
1585528
1585529
1585590
1585591
1585592
1585593
1585594
1585595
1585640
1585641
1585642
1585643
1585644
1585645
1585646
1585647
1585648
1585649
1344766
1347084
1347085
1347086
1347087
1347088
1347089
1348564
1348595
1348596
1820564
1822564
1822648
1822649
1825622
1825623
1825624
1825625
1825640
1825641
1825642
1825643
1825644
1825645
1825646
1825647
1825648
1825649
1826980
1826981
1826982
1826983
1826984
1826985
1826986
1826987
1829743
1829744
1829746
1829747
1829786
1829787
1829788
1829789
1510564
1515640
1515641
1515642
1515643
1515644
1515645
1515646
1515647
1515648
1515649
1515690
1515691
1515692
1515693
1515694
1515695
1515696
1515697
1870564
1871230
1871231
1871232
1871233
1871234
1871235
1871236
1871237
1871238
1871239
1871244
1871498
1871545
1871564
1872646
1872694
1872695
1872696
1872697
1872698
1872699
1875640
1875641
1875642
1875643
1875644
1875645
1875646
1875647
1875648
1875649
1878882
1879200
1879201
1879202
1879203
1879204
1879205
1879206
1879207
1879208
1879209
1879210
1879211
1660560
1660564
1665545
1665546
1665547
1665548
1665549
1380564
1385640
1385641
1385642
1385643
1385644
1385645
1385646
1385647
1385648
1385649
1386543
1386544
1386545
1386546
1386564
1386570
1386571
1386572
1386573
1386574
1386575
1386576
1386577
1386578
1386579
1730564
1733466
1733467
1735640
1735641
1735642
1735643
1735644
1735645
1735646
1735647
1735648
1735649
1737545
1737546
1737547
1737548
1737549
1738436
1738437
1739830
1313542
1314564
1315538
1315539
1315564
1316769
1316778
1316779
1317014
1317018
1317019
1319537
1319538
1319539
1319564
1320564
1321564
1322564
1322580
1322581
1322582
1322583
1322584
1322586
1322588
1327564
1327580
1327581
1327582
1327583
1327584
1327588
1328564
1329564
1910564
1914264
1915640
1915641
1915642
1915643
1915644
1915645
1915646
1915647
1915648
1915649
1915698
1915699
1916646
1916647
1916648
1916677
1916678
1916679
1700564
1707560
1707564
1708560
1708564
1650564
1651941
1655644
1655645
1655646
1655648
1655649
1657522
1657560
1657564
1980560
1980564
1981067
1981068
1981349
1984004
1985564
1985565
1985567
1985568
1985599
1985601
1985602
1985640
1985641
1985642
1985643
1985644
1985645
1985646
1985647
1985648
1985649
1985658
1840564
1845640
1845641
1845642
1845643
1845644
1845645
1845646
1845647
1845648
1845649
1570564
1571564
1520564
1520980
1521248
1521249
1521280
1521281
1521282
1521283
1521284
1521285
1521286
1521287
1521288
1521289
1521564
1524015
1524016
1525640
1525641
1525642
1525643
1525644
1525645
1810564
1811038
1811039
1811048
1811060
1811061
1811062
1811063
1811064
1811065
1811066
1811067
1811068
1811069
1811974
1811975
1811976
1811977
1811978
1811979
1813349
1813454
1815409
1815419
1815420
1815640
1815641
1815642
1815643
1815644
1815645
1815646
1815647
1815648
1815649
1815680
1815681
1815897
1816439
1816449
1817500
1817501
1817502
1817503
1817504
1817505
1817506
1817507
1817508
1817509
1817548
1470020
1470021
1470022
1470023
1470024
1470564
1475546
1475547
1475548
1475549
1479019
1479020
1479021
1479022
1479023
1479024
1479025
1479026
1479027
1479028
1479029
1479030
1479031
1479032
1479033
1479094
1370564
1373194
1373195
1373196
1373197
1373300
1373301
1373302
1373303
1373304
1880564
1881564
1885640
1885641
1885642
1885643
1885644
1885645
1885646
1885647
1885648
1885649
1886040
1886041
1886042
1886043
1886044
1886045
1886046
1886047
1886048
1886049
1750560
1750564
1750964
1755640
1755641
1755642
1755643
1755644
1755645
1755646
1755647
1755648
1755649
1939510
1939511
1939512
1939513
1939514
1939515
1939516
1939517
1939518
1939519
1301402
1301403
1302606
1303402
1303403
1303542
1304552
1305302
1305303
1306342
1306343
1308403
1308404
1308502
1308503
1308504
1308509
1309341
1309342
1309343
1720152
1720183
1720564
1720567
1720569
1671564
1672564
1673564
1390564
1395610
1395611
1395612
1395613
1395614
1396545
1396546
1396547
1396548
1396549
1396624
1396625
1396626
1396627
1396628
1396629
1396630
1396631
1550500
1550501
1550502
1550503
1550564
1555600
1555601
1555602
1555603
1555604
1555605
1555606
1555607
1555608
1555609
1555640
1555641
1555642
1555643
1555666
1555667
1860560
1860564
1860964
1865402
1865429
1865640
1865641
1865642
1865643
1865644
1865646
1865647
1865648
1865649
1865690
1869762
1869763
1869764
1830564
1832620
1832621
1832622
1832623
1832624
1832625
1832626
1832627
1832628
1832629
1832630
1832631
1832632
1832633
1832634
1832635
1832636
1832637
1832638
1832639
1832645
1832646
1832647
1832648
1832649
1832650
1832651
1832652
1832653
1832654
1832655
1832656
1835640
1835641
1835642
1835643
1835644
1835645
1835646
1835647
1835648
1835649
1836550
1836551
1836552
1836553
1836554
1836555
1836556
1836557
1836558
1836559
1500564
1500569
1505521
1505522
1505523
1505524
1505594
1505595
1505596
1505597
1505640
1505641
1505642
1505643
1505644
1350564
1351644
1351645
1351646
1351647
1351648
1351649
1452094
1453088
1454107
1457234
1458125
1458126
1458127
1458128
1458129
1770564
1771937
1771938
1771939
1772997
1772998
1773048
1775407
1775414
1775640
1775641
1775642
1775643
1775644
1775645
1775646
1775647
1775648
1775649
1776439
1777501
1777502
1590564
1595564
1595591
1595592
1595593
1595594
1595595
1595596
1595597
1595598
1595599
1595603
1595604
1595640
1595641
1595642
1595643
1595644
1595645
1595646
1595647
1595648
1595649
1890564
1891970
1891971
1891972
1891973
1891974
1891975
1891976
1891977
1891978
1891979
1895640
1895641
1895642
1895643
1895644
1895645
1895646
1895647
1895648
1895649
1896376
1950564
1360564
1361564
1362559
1363564
1363725
1363726
1363727
1364564
1366554
1366564
1367561
1367564
1367566
1368564
1368566
1369564
1369664
1530564
1532456
1532457
1532458
1533960
1533961
1533962
1533963
1533964
1533965
1533968
1534564
1534986
1534987
1535715
1535716
1535717
1535718
1535719
1535740
1535741
1535742
1535743
1535744
1535745
1535746
1535747
1535748
1535749
1537564
1538564
1538590
1538591
1538592
1538593
1538594
1538595
1538596
1538597
1538598
1538599
1539564
1800564
1805407
1805640
1805641
1805642
1805643
1805644
1805645
1805646
1805647
1805648
1805649
1805698
1806301
1806302
1806303
1806304
1806305
1806306
1806307
1806308
1806309
1807500
1807501
1807502
1807503
1807504
1807505
1807506
1807507
1807508
1807509
1809564
1809846
1809874
1809875
1809876
1809877
1809878
1780564
1785520
1785521
1785522
1785523
1785524
1785525
1785526
1785527
1785528
1785529
1785597
1785598
1785640
1785641
1785643
1785644
1785645
1785646
1785648
1785649
1788012
1788442
1788458
1789555
1850564
1855528
1855538
1855539
1855544
1855545
1855585
1855586
1855587
1855588
1855589
1859024
1859025
1859026
1859027
1560564
1560964
1565640
1565641
1565642
1565643
1565644
1565645
1565646
1565647
1565648
1565649
1566564
1566568
1569564
1569568
1990564
1993015
1994266
1995640
1995641
1995642
1995643
1995644
1995645
1995646
1995647
1995648
1995649
1996610
1996611
1996612
1996613
1996640
1996641
1715564
1715565
1715567
1716564
1716567
1717564
1718494
1718563
1718564
1719563
1719564
1330564
1332919
1332923
1333564
1333911
1334564
1334900
1334912
1335564
1336564
1336568
1338564
1338568
1339564
1339568
1339964
