1370858
1376570
1376571
1376572
1376573
1376574
1470858
1478518
1478534
1478535
1478536
1478620
1478621
1478622
1478623
1478624
1478625
1478626
1478627
1478628
1478629
1750858
1758428
1758438
1758448
1758518
1758519
1758520
1758545
1758569
1758608
1758618
1758628
1758638
1758640
1758641
1758642
1758643
1758644
1758645
1758646
1758647
1758648
1758649
1758698
1758741
1758742
1758743
1758744
1758745
1758784
1758785
1758786
1758787
1758788
1758858
1758890
1758891
1758892
1758893
1880858
1884865
1884866
1884867
1884868
1884869
1888580
1888581
1888582
1888583
1888584
1888585
1888586
1888587
1888588
1888589
1888680
1888681
1888682
1888683
1888684
1888685
1888686
1888687
1888688
1888689
1810858
1814358
1815318
1818418
1818428
1818429
1818434
1818435
1818438
1818439
1818580
1818581
1818582
1818583
1818584
1818585
1818586
1818587
1818588
1818589
1818808
1818818
1818825
1818826
1818827
1818828
1818829
1818858
1819837
1819838
1819839
1520858
1528580
1528581
1528582
1528583
1528584
1528585
1528586
1528587
1528588
1528589
1528645
1528646
1528647
1528648
1528649
1528665
1528666
1528667
1528668
1528669
1981536
1988540
1988541
1988542
1988543
1988544
1988678
1650158
1650651
1650806
1652732
1570858
1570868
1571858
1571868
1572177
1572178
1576148
1576149
1576150
1576151
1576152
1576153
1577280
1577281
1577282
1577283
1577284
1577285
1577286
1577287
1577288
1577289
1840858
1848470
1848471
1848472
1848473
1848474
1848475
1848476
1848477
1848478
1848479
1848585
1848586
1848587
1848588
1848589
1848660
1848661
1848662
1848663
1848664
1848665
1848666
1848667
1848668
1848669
1910858
1911782
1911783
1911785
1911786
1911787
1911788
1916515
1918430
1918431
1918448
1918450
1918451
1918455
1918508
1918533
1918548
1918576
1918580
1918581
1918582
1918583
1918584
1918585
1918586
1918587
1918588
1918589
1919250
1919258
1320854
1323853
1323854
1700858
1701863
1701864
1701865
1730858
1731192
1738428
1738508
1738528
1738538
1738580
1738586
1738589
1738858
1311636
1311637
1311638
1311858
1312368
1312468
1315817
1315818
1315828
1315838
1319518
1319528
1870240
1870241
1870242
1870243
1870244
1870245
1870246
1870247
1870248
1870249
1870858
1870865
1870866
1870867
1870868
1870869
1874860
1874861
1874862
1874863
1874864
1874865
1874866
1874867
1874868
1874869
1874870
1874871
1874872
1874873
1874874
1874875
1874876
1874877
1874878
1874879
1876860
1876861
1876862
1876863
1876864
1876865
1876866
1876867
1876868
1876869
1876870
1876871
1876872
1876873
1876874
1876875
1876876
1876877
1876878
1876879
1878580
1878581
1878582
1878583
1878584
1878585
1878586
1878587
1878588
1878589
1878868
1878869
1879845
1879846
1879847
1879848
1879849
1388580
1388581
1388582
1388583
1388584
1388585
1388586
1388587
1388588
1388589
1660858
1668388
1668398
1668478
1668488
1668498
1668508
1668518
1668528
1668534
1668535
1668536
1668537
1668538
1668539
1668548
1668590
1668591
1668592
1668593
1668594
1668796
1668797
1510858
1511740
1511741
1511742
1511743
1511744
1511745
1511746
1511747
1511748
1511749
1512170
1512171
1512172
1512173
1512174
1512175
1512176
1512177
1512178
1512179
1518620
1518621
1518622
1518623
1518624
1518625
1518626
1518627
1518628
1518629
1518630
1518631
1518632
1518633
1518634
1820858
1821284
1821285
1821286
1821287
1821290
1821291
1821292
1821293
1821294
1821295
1821296
1821297
1821298
1821299
1821650
1821651
1821652
1821653
1821654
1821655
1821656
1821657
1821658
1821659
1821660
1821661
1821662
1821663
1821664
1821665
1821666
1821667
1821668
1821669
1821670
1821671
1821672
1821673
1821674
1821675
1821676
1821677
1821678
1821679
1821680
1821681
1821682
1821683
1821684
1821685
1821686
1821687
1821688
1821689
1821690
1821691
1821692
1821693
1821694
1821695
1821696
1821697
1821698
1821699
1828580
1828581
1828582
1828583
1828584
1828585
1828586
1828587
1828588
1828589
1828680
1828681
1828682
1828683
1828684
1828685
1828686
1828687
1828688
1828689
1580858
1587030
1587031
1587032
1588532
1588533
1588534
1588535
1588536
1588537
1588538
1588539
1588548
1588590
1588591
1588592
1588593
1588594
1760858
1767898
1768408
1768419
1768518
1768522
1768528
1330858
1331078
1331239
1331246
1332968
1333968
1336858
1336868
1337858
1338516
1338558
1339858
1560858
1568548
1568563
1568580
1568581
1568582
1568583
1568584
1568585
1568586
1568587
1568588
1568589
1568808
1569278
1850858
1858548
1858578
1858646
1858647
1858648
1858660
1858661
1780858
1782285
1782286
1782287
1782288
1782289
1784428
1784429
1784430
1784431
1784432
1784433
1788638
1788639
1788640
1788641
1788642
1788643
1789858
1990858
1991708
1998448
1998457
1998458
1998508
1998518
1998528
1998538
1998548
1998558
1800858
1808368
1808369
1808410
1808411
1808412
1808413
1808414
1808415
1808416
1808417
1808418
1808419
1808428
1808438
1808580
1808581
1808582
1808583
1808584
1808585
1808586
1808587
1808588
1808589
1530858
1532908
1532918
1532928
1532938
1532948
1532958
1532968
1532978
1532981
1532994
1533858
1533958
1534854
1890858
1898440
1898441
1898442
1898443
1898444
1898537
1898538
1898548
1898549
1898590
1898591
1898592
1898593
1898594
1362858
1363858
1363915
1363916
1363917
1363918
1363919
1364858
1365858
1366858
1367858
1368858
1369858
1369859
1452568
1454388
1454398
1459380
1459381
1459382
1459383
1459384
1350858
1351858
1359580
1359581
1359582
1359583
1359584
1359585
1359586
1359587
1359588
1359589
1590858
1598558
1598559
1598568
1598569
1770858
1771661
1771808
1778488
1778508
1778518
1778554
1778585
1778586
1778587
1500858
1508518
1508519
1508584
1508585
1508586
1508587
1508588
1508640
1508641
1508642
1508643
1508644
1508645
1508646
1508647
1508648
1508649
1830858
1830868
1831190
1831191
1831192
1831193
1831194
1831195
1831196
1831197
1831198
1831199
1838650
1838651
1838652
1838653
1838654
1838655
1838656
1838657
1838658
1838659
1390858
1398448
1398460
1398461
1398462
1398463
1398464
1398537
1398538
1398590
1398591
1398592
1398593
1398594
1860858
1868548
1868552
1868554
1868580
1868581
1868582
1868583
1868584
1868585
1868586
1868587
1868588
1868589
1550858
1551947
1551950
1551951
1551952
1551953
1551967
1551968
1551969
1551980
1551981
1551982
1551983
1551984
1551985
1551986
1551987
1551988
1551989
1558564
1558580
1558581
1558582
1558583
1558584
1558585
1558586
1558587
1558588
1558589
1559782
1559783
1559784
1559785
1559786
1559787
1559788
1559789
1559950
1559951
1559952
1559953
1559954
1559955
1559956
1559957
1559958
1559959
1301704
1301707
1304856
1304958
1308696
1308697
1309681
1309688
1309858
1930858
1933857
1938008
1938018
1938558
1939118
1939504
1939509
1939523
1939527
