1980735
1981335
1987350
1987351
1987352
1987353
1989220
1989221
1989222
1989223
1989224
1989225
1989240
1989241
1989242
1989426
1989427
1989428
1989429
1989634
1989635
1650735
1651735
1656171
1570735
1571735
1571755
1577350
1577351
1577352
1577353
1577354
1577355
1577356
1577357
1577358
1577359
1840735
1847350
1847351
1847352
1847353
1847354
1847355
1847356
1847357
1847358
1847359
1847805
1847806
1847807
1847808
1847809
1910735
1910741
1916525
1916526
1916535
1917350
1917351
1917352
1917353
1917354
1917355
1917356
1917357
1917358
1917359
1917650
1917651
1917652
1917653
1917654
1917655
1917656
1917657
1917658
1917659
1320337
1320338
1320339
1320490
1320491
1320735
1321735
1323735
1325735
1327064
1327065
1327235
1327236
1327237
1327238
1327239
1329735
1329859
1370735
1376250
1376251
1376252
1376253
1376254
1376255
1376256
1376257
1376258
1376259
1378650
1378651
1378652
1378653
1378654
1378655
1378656
1378657
1378658
1378659
1378735
1378774
1378775
1378776
1378777
1378910
1378911
1378912
1470735
1477305
1477350
1477351
1477352
1477353
1477354
1477355
1477356
1477357
1478920
1478921
1478922
1478923
1478924
1478925
1478926
1478927
1478928
1478929
1750735
1752638
1757050
1757051
1757052
1757053
1757054
1757055
1757056
1757057
1757058
1757059
1757270
1757271
1757272
1757273
1757350
1757351
1757352
1757353
1757354
1757355
1757356
1757357
1757358
1757359
1757400
1757401
1757402
1757403
1757404
1757405
1757406
1757407
1757408
1757409
1757410
1757411
1757412
1757413
1757414
1757415
1757416
1757417
1757418
1757419
1758035
1758155
1758156
1758235
1880735
1881706
1887350
1887351
1887352
1887353
1887354
1887355
1887356
1887357
1887358
1887359
1889010
1889011
1889012
1889013
1889014
1810735
1814269
1815275
1815276
1815277
1815383
1815384
1815385
1815386
1815387
1816389
1816920
1816921
1816935
1817350
1817351
1817352
1817353
1817354
1817355
1817356
1817357
1817358
1817359
1817550
1817551
1817552
1817553
1817554
1817555
1817556
1817557
1817558
1817559
1817570
1817571
1817572
1817573
1817574
1817575
1817576
1817577
1817580
1818894
1818895
1520735
1521170
1521171
1521172
1521173
1521174
1521175
1521176
1521177
1521178
1521179
1524350
1524351
1524352
1524353
1524354
1524355
1524356
1524357
1524358
1524359
1527350
1527351
1527352
1527353
1527354
1527355
1527356
1527357
1527358
1527359
1527410
1527411
1527412
1527413
1527414
1527415
1527416
1527417
1527418
1527419
1510735
1511550
1511551
1511552
1511553
1511554
1511555
1511556
1511557
1511558
1511559
1517350
1517351
1517352
1517353
1517354
1517355
1517356
1517357
1517358
1517359
1519750
1519751
1519752
1519753
1519754
1519755
1519756
1519757
1519758
1519759
1820735
1822930
1822931
1822932
1822933
1822934
1822935
1822936
1822937
1822938
1822939
1827350
1827351
1827352
1827353
1827354
1827355
1827356
1827357
1827358
1827359
1580735
1586980
1586981
1586982
1586983
1586984
1587350
1587351
1587352
1587353
1587354
1587355
1587356
1587357
1587358
1587359
1588650
1588651
1588652
1588653
1588654
1588655
1588656
1588657
1588658
1588659
1589735
1760735
1767080
1767081
1767082
1767083
1767084
1767085
1767086
1767087
1767088
1767089
1767330
1767331
1767350
1767354
1767355
1767371
1767410
1767411
1767412
1767413
1767414
1767415
1767416
1767417
1767418
1767419
1768035
1768052
1768053
1768055
1971992
1340735
1340740
1340741
1346735
1346780
1346781
1346782
1346783
1346784
1346785
1346786
1346920
1346921
1346922
1348735
1348750
1348751
1348752
1348753
1348785
1348786
1348787
1348788
1348789
1730735
1734375
1734735
1735881
1735882
1735883
1735884
1735885
1736930
1736931
1736932
1736933
1736934
1736935
1737351
1737352
1737353
1737355
1737356
1737357
1737358
1737510
1737511
1737512
1737513
1737514
1737515
1737516
1737517
1737518
1737519
1739735
1310035
1310038
1310705
1310706
1310708
1310735
1311735
1311755
1313505
1313515
1313535
1314159
1314170
1314171
1317035
1317036
1318725
1318726
1318727
1318735
1318736
1870735
1871150
1871151
1871152
1871153
1871154
1871155
1871156
1871157
1871158
1871159
1877350
1877351
1877352
1877353
1877354
1877355
1877356
1877357
1877358
1877359
1877426
1877427
1877428
1877429
1380735
1380844
1387350
1387351
1387352
1387353
1387354
1387355
1387356
1387357
1387358
1387359
1387550
1387551
1387552
1387553
1387554
1387555
1387556
1387557
1387558
1387559
1660735
1667035
1667050
1667051
1667052
1667053
1667054
1667055
1667056
1667057
1667058
1667059
1667350
1667351
1667352
1667353
1667354
1667355
1667356
1667357
1667358
1667359
1668040
1668041
1668042
1668095
1668096
1668097
1668098
1668099
1668615
1668645
1668646
1668647
1668648
1668649
1800735
1807350
1807351
1807352
1807353
1807354
1807355
1807356
1807357
1807358
1807359
1807550
1807551
1807552
1807553
1807554
1807555
1530735
1534305
1534335
1534447
1534735
1534835
1534841
1534842
1536427
1536428
1536429
1536723
1536724
1536725
1536726
1536727
1536735
1537735
1538635
1538735
1890735
1897350
1897351
1897352
1897353
1897354
1897355
1897356
1897357
1897358
1897359
1897550
1897551
1897552
1897553
1897554
1897555
1897556
1897557
1897558
1897559
1897570
1897571
1897572
1897573
1897574
1360735
1361735
1361845
1362735
1363735
1364735
1366746
1366747
1713735
1715134
1715735
1716735
1717136
1717137
1717735
1330735
1331735
1331967
1332735
1333255
1333735
1334135
1334255
1334725
1334735
1334865
1334967
1335727
1335735
1336585
1336735
1337805
1338735
1339735
1339754
1339755
1560735
1561682
1561683
1561684
1561685
1561686
1561687
1561691
1567350
1567351
1567352
1567353
1567354
1567406
1567407
1567408
1567409
1567566
1567567
1567568
1567569
1567570
1567571
1567572
1567573
1567574
1567575
1567576
1567577
1567578
1567579
1569735
1850735
1857026
1857027
1857028
1857029
1857055
1857056
1857057
1857095
1857096
1857350
1857351
1857352
1857353
1857354
1857355
1857356
1857357
1857358
1857359
1857374
1857375
1859347
1859348
1859349
1859880
1859881
1859882
1859883
1859884
1859885
1780735
1787215
1787216
1787217
1787240
1787280
1787281
1787282
1787350
1787351
1789109
1789735
1990735
1991814
1991815
1991835
1991870
1991871
1991872
1991873
1991874
1991875
1991876
1991877
1991878
1991879
1995894
1995895
1995896
1995897
1996750
1996751
1996752
1996753
1996754
1996755
1996756
1996757
1996758
1996759
1997350
1997351
1997352
1997353
1997354
1997355
1997356
1997357
1997358
1997359
1997420
1997421
1997422
1997423
1997424
1997425
1997426
1997427
1997428
1997429
1997688
1390735
1397350
1397351
1397352
1397353
1397354
1397550
1397551
1397552
1397553
1397554
1397555
1397556
1397557
1397558
1397559
1397570
1397571
1397572
1397573
1397574
1397575
1397576
1397577
1397578
1397579
1671735
1672735
1673735
1674287
1860735
1860842
1862735
1867026
1867027
1867028
1867029
1867050
1867051
1867052
1867053
1867054
1867055
1867056
1867057
1867058
1867059
1867345
1867350
1867351
1867352
1867353
1867354
1867355
1867356
1867357
1867358
1867359
1868462
1868463
1869244
1869245
1550735
1552620
1552621
1552622
1552623
1552624
1552625
1552626
1552627
1552628
1552629
1557350
1557351
1557352
1557353
1557354
1557355
1557356
1557357
1557358
1557359
1557560
1557561
1557562
1557563
1557564
1557565
1557566
1557567
1557568
1557569
1557570
1557571
1557572
1557573
1557574
1557575
1557576
1557577
1557578
1557579
1558035
1558036
1558040
1558041
1558042
1300735
1301610
1301611
1301612
1301735
1302735
1303735
1304725
1305400
1305401
1305500
1305501
1308725
1308735
1726735
1452735
1452755
1454501
1454515
1458665
1458666
1458667
1458668
1458669
1459735
1350735
1351735
1354950
1354951
1354952
1354953
1354954
1354955
1354956
1354957
1354958
1354959
1357452
1357453
1357454
1357455
1357456
1590735
1597324
1597325
1597326
1597350
1597351
1597352
1597353
1597354
1597355
1597356
1597357
1597358
1597359
1770735
1770840
1770841
1770842
1771161
1771165
1771894
1771895
1771896
1774255
1775274
1775275
1776935
1777350
1777351
1777352
1777353
1777354
1777355
1777356
1777357
1777358
1777359
1777510
1777511
1777512
1777513
1777514
1777597
1500735
1507350
1507351
1507352
1507353
1507354
1507355
1507356
1507357
1507358
1507359
1507415
1507416
1507417
1507418
1507419
1509610
1509611
1509612
1509613
1509614
1509615
1509616
1509617
1509618
1509619
1830735
1837350
1837351
1837352
1837353
1837354
1837355
1837356
1837357
1837358
1837359
1839045
1839046
1839047
1839048
1839049
1839720
1839721
1839722
1839723
1839724
1839725
1839726
1839727
1839728
1839729
