1820856
1821246
1821247
1821248
1821249
1821250
1821251
1821252
1821253
1821254
1828560
1828561
1828562
1828563
1828564
1828565
1828566
1828567
1828568
1828569
1828660
1828661
1828662
1828663
1828664
1828665
1828666
1828667
1828668
1828669
1510856
1511770
1511771
1511772
1511773
1511774
1512160
1512161
1512162
1512163
1512164
1512165
1512166
1512167
1512168
1512169
1518580
1518581
1518582
1518583
1518584
1518585
1518586
1518587
1518588
1518589
1518590
1518591
1518592
1518593
1518594
1518595
1518596
1518597
1518598
1518599
1518600
1518601
1518602
1518603
1518604
1760856
1767896
1768406
1768516
1768536
1768539
1580856
1587018
1587019
1588514
1588515
1588516
1588517
1588518
1588577
1588578
1588579
1311648
1311856
1312366
1315826
1315836
1319516
1319526
1730856
1731191
1731196
1738426
1738506
1738526
1738560
1738568
1738856
1660856
1668386
1668396
1668476
1668486
1668496
1668506
1668516
1668526
1668546
1668580
1668581
1668582
1668583
1668584
1668792
1668793
1388560
1388561
1388562
1388563
1388564
1388565
1388566
1388567
1388568
1388569
1870856
1870860
1870861
1870862
1870863
1870864
1872290
1872291
1872292
1872293
1872294
1872295
1872296
1872297
1872298
1872299
1874485
1874486
1874487
1874488
1874489
1878560
1878561
1878562
1878563
1878564
1878565
1878566
1878567
1878568
1878569
1840856
1848450
1848451
1848452
1848453
1848454
1848455
1848456
1848457
1848458
1848459
1848560
1848561
1848562
1848563
1848564
1848565
1848566
1848567
1848568
1848569
1570856
1570866
1571856
1571866
1572173
1576132
1576133
1576134
1576135
1576136
1576137
1576138
1577260
1577261
1577262
1577263
1577264
1577265
1577266
1577267
1577268
1577269
1980856
1981534
1988515
1988516
1988517
1988518
1988519
1988676
1988680
1988681
1988682
1988683
1988684
1650803
1651856
1652609
1652801
1700856
1701866
1701867
1701868
1701869
1323856
1910856
1911763
1911765
1911766
1911767
1911769
1918436
1918446
1918447
1918456
1918457
1918506
1918531
1918546
1918560
1918561
1918562
1918563
1918564
1918565
1918566
1918567
1918568
1918569
1919251
1919252
1919253
1919254
1919256
1919257
1750856
1758426
1758436
1758446
1758492
1758493
1758494
1758495
1758514
1758516
1758560
1758561
1758582
1758583
1758584
1758585
1758586
1758587
1758588
1758589
1758606
1758616
1758626
1758636
1758696
1758771
1758772
1758773
1758856
1758872
1758873
1758874
1758875
1758876
1758877
1758878
1758879
1758880
1880856
1884850
1884851
1884852
1884853
1884854
1888560
1888561
1888562
1888563
1888564
1888565
1888566
1888567
1888568
1888569
1888630
1888631
1888632
1888633
1888634
1888635
1888636
1888637
1888638
1888639
1370856
1372156
1372157
1376560
1376561
1376562
1376563
1376564
1376565
1376566
1376567
1376568
1376569
1470856
1472870
1472871
1472872
1472873
1472874
1478516
1478527
1478528
1478529
1478600
1478601
1478602
1478603
1478604
1520856
1528540
1528541
1528542
1528543
1528544
1528640
1528641
1528642
1528643
1528644
1528670
1528671
1528672
1528673
1528674
1528675
1528676
1528677
1528678
1528679
1810856
1815316
1818416
1818560
1818561
1818562
1818563
1818564
1818568
1818569
1818806
1818816
1818856
1550856
1551938
1558560
1558561
1558565
1558566
1558568
1558569
1559790
1559791
1559792
1559946
1559947
1559948
1559949
1860856
1868546
1868560
1868565
1868566
1868567
1868568
1868569
1869076
1390856
1398446
1398533
1398534
1398585
1398586
1930856
1933858
1938006
1938016
1938556
1939116
1939502
1939507
1301700
1303557
1304956
1308699
1309686
1309856
1770856
1771663
1771806
1778486
1778506
1778529
1778563
1778565
1778567
1778568
1590256
1590856
1598560
1598561
1598562
1598563
1598564
1598565
1598566
1598567
1452566
1454386
1454396
1459370
1459371
1459372
1459373
1350856
1351856
1359560
1359561
1359562
1359563
1359564
1359565
1359566
1359567
1359568
1359569
1830856
1830866
1831170
1831171
1831172
1831173
1831174
1831175
1831176
1831177
1831178
1831179
1831180
1831181
1831182
1831183
1831184
1831185
1831186
1831187
1831188
1831189
1838585
1838586
1838587
1838588
1838589
1838590
1838591
1838592
1838593
1838594
1838595
1838596
1838597
1838598
1838599
1838600
1838601
1838602
1500856
1508583
1508626
1508627
1508628
1508629
1530856
1532906
1532916
1532926
1532936
1532946
1532956
1532961
1532976
1532986
1532995
1533856
1533864
1533956
1534856
1800856
1808320
1808321
1808322
1808323
1808324
1808350
1808351
1808352
1808353
1808354
1808355
1808356
1808357
1808358
1808359
1808506
1808560
1808561
1808562
1808563
1808564
1808565
1808566
1808567
1808568
1808569
1361856
1363810
1363811
1363812
1363813
1363814
1363856
1364856
1365856
1366856
1367856
1368856
1890856
1893205
1893206
1893446
1893447
1898465
1898466
1898467
1898533
1898534
1898546
1898585
1898586
1330856
1331046
1331071
1331076
1331245
1331446
1332966
1333966
1336856
1337856
1337964
1338556
1339856
1713856
1715856
1716856
1717856
1717922
1717923
1990856
1991706
1998446
1998456
1998506
1998516
1998536
1998546
1998556
1998586
1850856
1858560
1858561
1858594
1858595
1858596
1858597
1858598
1858599
1858644
1858645
1858662
1858663
1858664
1858665
1858666
1780840
1780841
1780842
1780843
1780844
1780845
1780856
1784414
1784415
1784416
1784417
1784418
1784419
1788624
1788625
1788626
1788627
1788628
1788629
1789856
1560856
1568546
1568564
1568565
1568566
1568567
1568568
1568569
1568801
1568802
1568803
1568804
1568806
1568809
1569276
