1801166
1801167
1804043
1804812
1804813
1804864
1804865
1804880
1804881
1804893
1804894
1808060
1808061
1808062
1808063
1808064
1808065
1808066
1808067
1808130
1808131
1808132
1808133
1808134
1808135
1808687
1808688
1808689
1809034
1809035
1809036
1809037
1809038
1809039
1530813
1532813
1532860
1532861
1532862
1532863
1532864
1532865
1532866
1532867
1534813
1535130
1535131
1537812
1537813
1537847
1537862
1538650
1538651
1538652
1538653
1538654
1538655
1539020
1539021
1539046
1539765
1539766
1360813
1361818
1362818
1362819
1364818
1365818
1365819
1366836
1366837
1367833
1367960
1367961
1367962
1367963
1369612
1369613
1369614
1369615
1369616
1369838
1369839
1890813
1898026
1898027
1898130
1898131
1898132
1898133
1898134
1898135
1898136
1898137
1898138
1898139
1899060
1899061
1899062
1899063
1899064
1899065
1899066
1899067
1899068
1899069
1330813
1330903
1332091
1332092
1333091
1333092
1334091
1334092
1335041
1335050
1335051
1335072
1335073
1335074
1335075
1335076
1337833
1337834
1338826
1338827
1339823
1339824
1339825
1713833
1715833
1716824
1716833
1716834
1717140
1717141
1717282
1717283
1717285
1717286
1717287
1717289
1717810
1717833
1719832
1719833
1719834
1719835
1719836
1719837
1719838
1719839
1991188
1993870
1993871
1993872
1993873
1993874
1994080
1995056
1995057
1995076
1996010
1996011
1996012
1996013
1996014
1996040
1996041
1996146
1996149
1996160
1996162
1996163
1996164
1996165
1996166
1998026
1998027
1998131
1998193
1998194
1998195
1998197
1998198
1560813
1568026
1568027
1568130
1568131
1568132
1568133
1568134
1568135
1568136
1568137
1568138
1568245
1568246
1568247
1568248
1568249
1569292
1569409
1850833
1851578
1851579
1858242
1858243
1858330
1858331
1858332
1858333
1858334
1858335
1858415
1858416
1780833
1782868
1782869
1784484
1784485
1784486
1784487
1784488
1786709
1788313
1788314
1788315
1788316
1788842
1860806
1860807
1860833
1868330
1868331
1868332
1868333
1868334
1868335
1868336
1868338
1868339
1550289
1550833
1552030
1552031
1552032
1552033
1552034
1552035
1552036
1552037
1552090
1552091
1552092
1552093
1552094
1552095
1552096
1552097
1552098
1552099
1552875
1552876
1552877
1552878
1558330
1558331
1558356
1558357
1558358
1558359
1390813
1398026
1398027
1398130
1398131
1398132
1398133
1398134
1398135
1398136
1398137
1398138
1398139
1399060
1399061
1399062
1399063
1399064
1399065
1399066
1399067
1399068
1399069
1671833
1672833
1673833
1726088
1300640
1300642
1301064
1303645
1303657
1303658
1303659
1303812
1303813
1305640
1305662
1305663
1308645
1308646
1308835
1308839
1309605
1309640
1309642
1930813
1598335
1598336
1598337
1598338
1598339
1598435
1598436
1598437
1598438
1598439
1771127
1771149
1771394
1771395
1772335
1772337
1772657
1772658
1772659
1773806
1773807
1773808
1773809
1773810
1773889
1774023
1774091
1774092
1774438
1774803
1774843
1774844
1776013
1776032
1776095
1776113
1776541
1776542
1776546
1776547
1776548
1776549
1777550
1777833
1778033
1778088
1778089
1778121
1778122
1778123
1778124
1778125
1778158
1778159
1779021
1779022
1779023
1779024
1452833
1452834
1454566
1459340
1459341
1459342
1459343
1459344
1350813
1350814
1350815
1351822
1351823
1354052
1354053
1354054
1354055
1354056
1354057
1354090
1354091
1354092
1354190
1354191
1354192
1354193
1354194
1354195
1354720
1354721
1355056
1355057
1355167
1356844
1508220
1508221
1508222
1508223
1508224
1832812
1832816
1838150
1838151
1838152
1838153
1838154
1838330
1838331
1838332
1838333
1838334
1838335
1838336
1838337
1838338
1838339
1838460
1838461
1838462
1838463
1838464
1838465
1838466
1838467
1838468
1838469
1839860
1839861
1839862
1839863
1839864
1570833
1572968
1572969
1575670
1575671
1575672
1575673
1575674
1575675
1575676
1575677
1575678
1575679
1575690
1576010
1576011
1576012
1576013
1576014
1576040
1576041
1848330
1848331
1848332
1848333
1848334
1848335
1848336
1848337
1848338
1848339
1980833
1981288
1982729
1982730
1984863
1984864
1984865
1988105
1988106
1988107
1988108
1988109
1988110
1988111
1651833
1651983
1652770
1655107
1655108
1655109
1655131
1655133
1655623
1656133
1708804
1708805
1708806
1708807
1708808
1708809
1910813
1910833
1914010
1914011
1914012
1914013
1914014
1914015
1914016
1914017
1914018
1914019
1914020
1914021
1914022
1914023
1915056
1915057
1916010
1916011
1916012
1916013
1916014
1916040
1916041
1916250
1916251
1916252
1916253
1916254
1916255
1916256
1916257
1916258
1916259
1916260
1916261
1916262
1918026
1918027
1918130
1918131
1918132
1918133
1918134
1918135
1918136
1918137
1918138
1918139
1918335
1918336
1918337
1918338
1918339
1320833
1321944
1321967
1321968
1321969
1321970
1321971
1321972
1322838
1322848
1328130
1328131
1328132
1328133
1328134
1328144
1750823
1750833
1880813
1880833
1882835
1882836
1882837
1882838
1882839
1888130
1888131
1888132
1888133
1888134
1888135
1888136
1888137
1888138
1888139
1888220
1888221
1888222
1888223
1888224
1370093
1370813
1470816
1470817
1472650
1472651
1472652
1478110
1478111
1478112
1478113
1478114
1478115
1478116
1478117
1478118
1478119
1811108
1811109
1811144
1811145
1811146
1811342
1811343
1811344
1811394
1811395
1811396
1811397
1811398
1811399
1814252
1814253
1814430
1814808
1816016
1818033
1818150
1818151
1818152
1818153
1818154
1818330
1818331
1818332
1818333
1818334
1818335
1818336
1818337
1818833
1818834
1522817
1522818
1522819
1528190
1528191
1528192
1528193
1528194
1528195
1528196
1528197
1528198
1528199
1528243
1528244
1528245
1528330
1528331
1528332
1528333
1528334
1528335
1528336
1528337
1528338
1528339
1529800
1529801
1529802
1529803
1529804
1529805
1529806
1529807
1529808
1529809
1518225
1518226
1518227
1518228
1518229
1518335
1518336
1518337
1518338
1518339
1519640
1519641
1519642
1519643
1519644
1822785
1822786
1822787
1822788
1822789
1822810
1822812
1822815
1822818
1822819
1822830
1822831
1822832
1822833
1822834
1822835
1822836
1822837
1822838
1822839
1822852
1822856
1822857
1822858
1824433
1824434
1824435
1828245
1828247
1828248
1828330
1828331
1828332
1828333
1828334
1828335
1828336
1828337
1828338
1828339
1828360
1828361
1828430
1828431
1828432
1828433
1828434
1828435
1828436
1828437
1828438
1828439
1828461
1828480
1828481
1340823
1340824
1340833
1341940
1341941
1341942
1341943
1341944
1343870
1343871
1343872
1343873
1343874
1344012
1345892
1345893
1345894
1580833
1588335
1588336
1588337
1588338
1588339
1588435
1588436
1588437
1588438
1588439
1589280
1589281
1589282
1589283
1589284
1760833
1762815
1762816
1762818
1762833
1762834
1768303
1310823
1310824
1310833
1311837
1311838
1311839
1315497
1315498
1315499
1315883
1315884
1315885
1318344
1318362
1318363
1319477
1319805
1319806
1319847
1319871
1319872
1731166
1738037
1738038
1738039
1738076
1738172
1380813
1388130
1388131
1388132
1388133
1388134
1388135
1388136
1388137
1388138
1388139
1389060
1389061
1389062
1389063
1389064
1389065
1389066
1389067
1389068
1389069
1660833
1872880
1872881
1872882
1872883
1872884
1872885
1872886
1872887
1872888
1872889
1878130
1878131
1878132
1878133
1878134
1878135
1878136
1878137
1878138
1878139
1878140
1878141
1878142
1878143
1878144
1878145
1878146
1878147
1878148
1878149
1878450
1878451
1878452
1878453
1878454
1878455
1878456
1878457
1878458
1878459
