1850825
1858201
1858207
1858250
1858308
1858309
1858348
1780823
1780824
1780825
1786603
1786604
1788250
1788251
1788317
1788318
1788319
1560906
1568018
1568250
1568251
1568252
1569403
1990803
1990804
1990805
1990806
1990807
1990823
1990824
1990825
1990826
1990827
1990828
1990829
1991180
1991181
1991182
1991183
1991184
1991185
1991186
1991187
1991189
1991534
1993414
1993415
1994075
1994095
1994096
1994975
1994976
1994977
1995077
1995078
1995079
1995091
1995092
1995093
1995094
1995095
1996100
1996101
1996102
1996103
1996104
1996105
1996106
1996107
1996108
1996109
1996147
1996148
1330906
1332063
1332064
1333063
1333064
1334063
1334064
1335020
1335021
1335062
1337821
1338835
1339822
1890906
1898018
1898250
1898251
1898252
1898253
1898254
1898255
1898256
1898257
1898258
1898259
1361908
1362908
1364908
1367825
1368442
1368443
1368444
1369835
1530906
1532850
1532851
1532852
1532853
1535147
1535148
1538834
1538835
1538836
1538837
1539032
1800825
1801117
1801118
1804041
1804844
1804879
1806493
1808070
1808071
1808072
1808127
1808128
1808129
1809045
1809080
1809081
1809082
1809632
1838250
1838251
1838252
1838253
1838254
1838255
1838256
1838257
1838258
1838259
1838280
1838281
1839810
1839811
1839812
1839813
1839814
1839815
1839816
1839817
1839818
1839819
1839842
1839843
1839844
1508252
1508253
1508254
1508255
1508256
1508257
1508258
1508259
1452825
1454563
1459315
1459316
1459317
1459318
1459319
1350821
1351836
1354141
1354743
1354774
1354775
1354776
1354777
1354778
1354779
1355077
1355078
1355079
1355176
1355897
1356870
1356871
1356872
1356873
1771344
1771373
1773883
1774010
1774429
1776017
1776039
1776135
1776493
1777862
1778025
1778171
1778172
1778178
1779032
1779033
1779648
1779649
1590830
1590840
1598250
1598251
1598252
1598253
1598254
1598255
1598256
1598257
1598258
1598259
1598305
1598306
1598307
1598308
1598309
1930825
1300283
1300284
1303646
1303822
1308434
1308638
1308816
1309283
1720815
1720816
1726092
1726598
1390906
1398018
1398250
1398251
1398252
1398253
1398254
1398255
1398256
1398257
1398258
1398259
1552069
1860825
1868250
1868251
1868252
1868253
1868254
1522865
1522866
1522867
1522868
1522869
1524490
1524491
1524492
1524493
1524494
1528250
1528251
1528252
1528253
1528254
1528255
1528256
1528257
1528258
1528259
1811176
1811345
1811346
1811347
1811673
1811674
1811675
1811676
1814427
1814816
1818024
1818025
1818172
1818847
1819015
1819016
1819017
1819018
1819019
1819020
1377870
1377871
1377872
1377873
1377874
1379575
1379587
1379588
1472610
1472611
1478000
1478001
1478002
1478003
1478004
1478005
1478006
1478007
1478008
1478009
1750825
1752817
1752818
1758190
1758191
1758217
1758310
1880080
1880081
1880090
1880091
1880092
1880093
1880094
1880825
1880841
1880842
1888255
1888256
1888257
1888258
1888259
1320825
1321920
1321921
1321922
1321923
1322849
1325848
1328178
1328179
1910825
1913040
1913041
1913042
1913058
1913059
1913090
1913091
1913092
1913093
1913094
1913095
1913096
1913097
1913098
1913099
1914088
1914089
1914090
1914091
1914092
1914093
1914094
1914095
1914096
1914097
1914098
1914099
1915077
1915078
1915079
1915897
1916143
1918018
1918250
1918251
1918252
1918253
1918254
1918255
1918256
1918257
1918258
1918259
1918305
1918306
1918307
1918308
1918309
1918356
1918357
1918358
1918359
1980825
1981292
1982743
1982765
1982766
1982767
1982796
1984860
1984861
1988250
1988251
1988252
1988253
1988254
1988255
1988256
1650093
1650653
1650825
1650838
1651508
1651825
1652607
1652751
1652772
1848250
1848251
1848252
1848253
1848254
1848255
1848256
1848257
1848258
1848259
1848280
1848281
1570040
1570041
1570042
1570810
1570811
1570815
1570825
1572978
1577535
1577536
1577537
1577538
1577539
1872850
1872851
1872852
1872853
1872854
1872855
1872856
1872857
1872858
1872859
1878250
1878251
1878252
1878253
1878254
1878255
1878256
1878257
1878258
1878259
1660801
1660802
1660825
1660829
1665961
1665962
1380082
1380826
1388250
1388251
1388252
1388253
1388254
1388255
1388256
1388257
1388258
1388259
1731189
1732189
1734545
1734546
1734547
1734818
1736695
1737493
1737494
1739963
1310825
1310845
1311820
1311821
1311822
1315848
1315873
1318357
1318358
1319480
1319816
1319841
1319865
1760825
1768304
1580825
1582885
1582886
1582887
1582888
1582889
1582895
1582896
1582897
1582898
1582899
1588190
1588191
1588192
1588193
1588194
1588250
1588251
1588252
1588253
1588254
1340815
1340825
1341936
1341937
1341938
1341939
1344008
1345815
1345816
1971996
1971997
1822890
1822891
1822892
1822893
1822894
1828085
1828086
1828087
1828088
1828089
1828250
1828251
1828252
1828253
1828254
1828255
1828256
1828257
1828258
1828259
1828475
1828476
1828477
1828478
1828479
1510810
1510811
1510812
1518190
1518191
1518192
1518193
1518194
1518252
1518253
1518254
1518255
1518256
1518257
1518258
1518259
1519690
1519691
1519692
1519693
1519694
