1560476
1562476
1564760
1564761
1564762
1564763
1564764
1564765
1564766
1564767
1564768
1564769
1564845
1564846
1564847
1564848
1564849
1564860
1564861
1564862
1564863
1564864
1564865
1564866
1564867
1564868
1564869
1564880
1564881
1564882
1564883
1564884
1569096
1569476
1850476
1850486
1854760
1854761
1854762
1854763
1854764
1854765
1854766
1854767
1854768
1854769
1854860
1854862
1854864
1780064
1780476
1780486
1780496
1781406
1781433
1781446
1784704
1784705
1784706
1784707
1784708
1784746
1784876
1788766
1789726
1990476
1994706
1994707
1994708
1994709
1994716
1996903
1996906
1996909
1997550
1997553
1997556
1997559
1997563
1997566
1997569
1999760
1999763
1999766
1999769
1999770
1999773
1999776
1999779
1330476
1331038
1331039
1331476
1332715
1332716
1333715
1333716
1335476
1335484
1335485
1338476
1338481
1339476
1339484
1890476
1894706
1894732
1894736
1894746
1894760
1894761
1894762
1894763
1894764
1894765
1894766
1894767
1360476
1361476
1361486
1362476
1362486
1363476
1364476
1364486
1365476
1365486
1366476
1366486
1367476
1367480
1367486
1367487
1368476
1368477
1369475
1369476
1369477
1800476
1804760
1804761
1804762
1804763
1804764
1804765
1804766
1804767
1804768
1804769
1530476
1532676
1532683
1532684
1532685
1532686
1532687
1532688
1532689
1533276
1533294
1533295
1533296
1533476
1533565
1533566
1534412
1534413
1534414
1534415
1534416
1534417
1537466
1537476
1538476
1538976
1539104
1539105
1539123
1539124
1539476
1621476
1622372
1622373
1622374
1500476
1500486
1500487
1500488
1500489
1504725
1504757
1504758
1504760
1504761
1504762
1504763
1504764
1504765
1504766
1504767
1504768
1504769
1504837
1504838
1504860
1504861
1504862
1504863
1504864
1504865
1504866
1504867
1504868
1504869
1504960
1504961
1504962
1504963
1504964
1504965
1504966
1504967
1504968
1504969
1504990
1504991
1504992
1504993
1504994
1504995
1504996
1504997
1504998
1830476
1830487
1830488
1830489
1830490
1830491
1830492
1830493
1830494
1830495
1830496
1830497
1830498
1830499
1834733
1834734
1834760
1834761
1834762
1834763
1834764
1834765
1834766
1834767
1834768
1834769
1350066
1351476
1351486
1450276
1452497
1452498
1452499
1453495
1453496
1453497
1453498
1454325
1454336
1590476
1590486
1592443
1592446
1592453
1592456
1593493
1593496
1594706
1594714
1594716
1594724
1594746
1594755
1594756
1594760
1594764
1594766
1594767
1594769
1594943
1770476
1774706
1774707
1774708
1774746
1774747
1774748
1774749
1774760
1774761
1774762
1774825
1774826
1301518
1301519
1301529
1301959
1302042
1303476
1303479
1303959
1308026
1308027
1308157
1308476
1308840
1308841
1308842
1308843
1390476
1394736
1394760
1394761
1394762
1394763
1394764
1394765
1394766
1394767
1394768
1394769
1394816
1394836
1394846
1394856
1394863
1394864
1394866
1394868
1394869
1394876
1394886
1394896
1671476
1672476
1672485
1672486
1672487
1672800
1672806
1673470
1673473
1673476
1860476
1860486
1861476
1861486
1864716
1864726
1864760
1864761
1864762
1864763
1864764
1864765
1864766
1864767
1864768
1864769
1864810
1864811
1864812
1864813
1864814
1864815
1864816
1864817
1864818
1864819
1864829
1864835
1868620
1868621
1868622
1868629
1550476
1550486
1554060
1554061
1554062
1554063
1554064
1554065
1554066
1554067
1554068
1554069
1554760
1554761
1554762
1554763
1554764
1554765
1554766
1554767
1554768
1554769
1554838
1554839
1554840
1554841
1554842
1554843
1554844
1554845
1554846
1554847
1554848
1554849
1554890
1554891
1554892
1554893
1554894
1554895
1554896
1554897
1554898
1554899
1556035
1556036
1556037
1556038
1556039
1556040
1556041
1556042
1556043
1556044
1556045
1556046
1556047
1556048
1559854
1559855
1559856
1559857
1559858
1559859
1559860
1559861
1810476
1814746
1814760
1814761
1814762
1814763
1814764
1814765
1814766
1814767
1814768
1814769
1814823
1520476
1524760
1524761
1524762
1524763
1524764
1524765
1524766
1524767
1524768
1524769
1524860
1524861
1524862
1524863
1524864
1524865
1524866
1524867
1524868
1524869
1474716
1474760
1474761
1474762
1474763
1474764
1474765
1474766
1474767
1474768
1474769
1476060
1476061
1476062
1476063
1476064
1476065
1476066
1476067
1478476
1479476
1479480
1479486
1479490
1479496
1370476
1372206
1372214
1372216
1373476
1373478
1373479
1373485
1373486
1373489
1373993
1374760
1374761
1374762
1374763
1374764
1374765
1374766
1374767
1374768
1374769
1374770
1374771
1374772
1374773
1374774
1374775
1374776
1374806
1375406
1375413
1375416
1378943
1378946
1378949
1378953
1378956
1378959
1378963
1378966
1378969
1378973
1378976
1378979
1750476
1750486
1754705
1754706
1754707
1754708
1754709
1754744
1754745
1754746
1754747
1754748
1754760
1754761
1754762
1754763
1754764
1754765
1754766
1754767
1754768
1754769
1754770
1754771
1754772
1754773
1754774
1754775
1754776
1754777
1754778
1754779
1754795
1754796
1754797
1754798
1754799
1754800
1754801
1754802
1754803
1754804
1754805
1754806
1754807
1754808
1754809
1754834
1754835
1754836
1754837
1754838
1754839
1754860
1754861
1754862
1754863
1754864
1754865
1754866
1754867
1754868
1754869
1754870
1754871
1754872
1754873
1754874
1754875
1754876
1754877
1754878
1754879
1880476
1880494
1884760
1884761
1884762
1884763
1884764
1884765
1884766
1884767
1884768
1884769
1884814
1884815
1910476
1910486
1914716
1914721
1914724
1914725
1914726
1914727
1914729
1320476
1321476
1321486
1321487
1323476
1324086
1324594
1324595
1326014
1327476
1328476
1329476
1329800
1329801
1329802
1329803
1701484
1701485
1701486
1701487
1980476
1980484
1980486
1980494
1980495
1980496
1981565
1984707
1984708
1984740
1984741
1984742
1984743
1984744
1984765
1984766
1984767
1984768
1984769
1984790
1984791
1984792
1984793
1984794
1988866
1989676
1650074
1650272
1650476
1650991
1651173
1651302
1651476
1651540
1651546
1651604
1651634
1651646
1651862
1652039
1652673
1652685
1652842
1652845
1652885
1652887
1652889
1653295
1653476
1653856
1655048
1655249
1655252
1655476
1655643
1655684
1655731
1655746
1655842
1655844
1656167
1657302
1657345
1657368
1657381
1657476
1657698
1657761
1570360
1570361
1570362
1570363
1570364
1570365
1570366
1570367
1570368
1570369
1570476
1571476
1571486
1573476
1575040
1575041
1575042
1575476
1576476
1577140
1577141
1577142
1577143
1577476
1577480
1577481
1577483
1577484
1577485
1577486
1577487
1577488
1577489
1577490
1577491
1577492
1577493
1577494
1577495
1577496
1577497
1577498
1577499
1840476
1840486
1841435
1844716
1844726
1844727
1844728
1870476
1874713
1874714
1874715
1874716
1874717
1874718
1874719
1874760
1874761
1874762
1874763
1874764
1874765
1874766
1874767
1874768
1874769
1874800
1874801
1874802
1874803
1874804
1874805
1874806
1874807
1874808
1874809
1874829
1380476
1384760
1384761
1384762
1384763
1384764
1384765
1384766
1384767
1384768
1384769
1384796
1384806
1384836
1384846
1384856
1384866
1384876
1384886
1384887
1384888
1384889
1384896
1384897
1384898
1384899
1660476
1660486
1664760
1664761
1664762
1664763
1664764
1664765
1664766
1664767
1664768
1664769
1664830
1664831
1664832
1664833
1664834
1664835
1664836
1664837
1664838
1664839
1664860
1664861
1664862
1664863
1664864
1664865
1664866
1664867
1664868
1664869
1730476
1731435
1731437
1739076
1311354
1311355
1311356
1311357
1311358
1313476
1315091
1315092
1315093
1315094
1315095
1315096
1315097
1315098
1315476
1315484
1315485
1315486
1317135
1317136
1317137
1319090
1319091
1319092
1319093
1319094
1319150
1319151
1319152
1580476
1580486
1584705
1584706
1584732
1584733
1584734
1584735
1584736
1584738
1584739
1584749
1584760
1584761
1584762
1584889
1584896
1584897
1584898
1584899
1584960
1584961
1584962
1584963
1584964
1584965
1584966
1584967
1584968
1584969
1584994
1584995
1584996
1584997
1584998
1584999
1760476
1760486
1761476
1761486
1761487
1764733
1764734
1764760
1764761
1764762
1764763
1764764
1764765
1764766
1764767
1764768
1764769
1764816
1764826
1764827
1764828
1764829
1764865
1764868
1764869
1768476
1768486
1340486
1340487
1340488
1340489
1345133
1345136
1347476
1347484
1347486
1347496
1348476
1348856
1348859
1510476
1510480
1510481
1511476
1512490
1512491
1512492
1512493
1512494
1512495
1512496
1512497
1512498
1512499
1514471
1514476
1514733
1514734
1514735
1514736
1514745
1514760
1514761
1514762
1514763
1514764
1514765
1514766
1514767
1514768
1514769
1514810
1514811
1514812
1514813
1514814
1514815
1514816
1514817
1514818
1514819
1514830
1514831
1514832
1514833
1514834
1514835
1514836
1514837
1514838
1514839
1514905
1514906
1514907
1514908
1514909
1514910
1514911
1514912
1514913
1514914
1514915
1514916
1514917
1514918
1514919
1517480
1517481
1517482
1517483
1517484
1517485
1517486
1517487
1517488
1517489
1820476
1820486
1820487
1820488
1820495
1824760
1824761
1824762
1824763
1824764
1824765
1824766
1824767
1824768
1824769
1824800
1824801
1824803
1824804
1824805
1824806
1824809
1824839
