1820345
1820355
1823450
1823451
1823452
1823453
1823454
1823455
1823456
1823457
1823458
1823459
1823550
1823551
1823552
1823553
1823554
1823555
1823556
1823557
1823558
1823559
1510345
1510355
1513550
1513551
1513552
1513553
1513554
1513555
1513556
1513557
1513558
1513559
1340355
1345350
1345351
1345352
1345353
1345354
1345355
1345356
1345357
1345358
1345359
1346700
1346701
1346702
1346703
1346704
1346705
1346706
1346707
1346708
1346709
1760345
1760355
1763550
1763551
1763552
1763553
1763554
1763555
1763629
1763630
1763631
1763632
1763633
1763634
1763635
1763636
1763637
1763638
1763639
1763640
1763641
1769615
1769627
1580345
1580355
1583514
1583515
1583550
1583551
1583552
1583553
1583554
1583555
1583556
1583557
1583558
1583559
1310005
1310015
1310345
1310355
1311115
1311125
1313305
1313315
1313325
1313335
1313345
1313465
1315275
1315285
1315295
1319103
1319115
1319125
1730355
1733505
1733585
1660355
1663410
1663411
1663412
1663413
1663414
1663415
1663416
1663417
1663418
1663419
1663445
1663446
1663505
1663550
1663551
1663552
1663553
1663554
1663555
1663556
1663557
1663558
1663559
1663615
1664930
1664931
1664932
1664933
1664934
1664935
1383405
1383429
1383430
1383477
1383478
1383479
1383550
1383551
1383552
1383553
1383554
1383555
1383556
1383557
1383558
1383559
1870345
1870355
1873449
1873450
1873451
1873452
1873550
1873551
1873552
1873553
1873554
1873555
1873556
1873557
1873558
1873559
1840355
1840493
1840494
1840495
1843423
1843424
1843425
1843453
1843454
1843455
1843456
1843457
1843458
1843459
1843550
1843551
1843552
1843553
1843554
1843555
1843556
1843557
1843558
1843559
1570345
1570355
1571355
1572165
1573550
1573553
1573554
1573555
1573556
1573557
1573558
1573559
1980345
1980355
1981545
1983412
1983413
1983414
1983471
1983472
1983481
1983482
1983494
1983507
1988855
1650355
1652861
1652865
1652869
1653550
1653551
1653554
1656520
1656521
1657184
1701829
1701830
1704936
1704937
1704938
1704939
1704940
1704941
1704942
1704943
1704944
1704945
1704946
1704947
1704948
1704949
1708345
1708346
1708347
1708348
1708349
1320345
1320355
1320985
1322355
1322365
1323334
1323335
1323336
1323337
1323338
1323339
1323345
1323355
1328355
1329355
1329370
1329375
1329385
1329395
1329455
1910355
1913553
1913554
1913557
1750341
1750355
1753545
1753546
1753547
1753548
1753549
1753550
1753551
1753552
1753553
1753554
1753555
1753556
1753557
1753558
1753559
1753629
1755740
1755741
1755742
1755743
1755744
1755745
1755746
1755747
1755748
1755749
1755750
1755751
1755752
1755753
1755754
1755755
1755756
1755757
1755758
1755759
1755760
1755761
1755762
1880345
1880355
1883430
1883431
1883432
1883433
1883434
1883450
1883451
1883452
1883453
1883454
1883455
1883456
1883457
1883458
1883459
1883550
1883551
1883552
1883553
1883554
1883555
1883556
1883557
1883558
1883559
1470345
1470355
1471787
1471788
1473555
1473556
1473557
1473558
1473559
1479731
1479732
1479733
1372094
1372095
1372096
1373423
1373424
1373425
1373426
1375350
1520345
1520355
1523427
1523428
1523429
1523450
1523451
1523452
1523453
1523454
1523455
1523456
1523457
1523458
1523459
1523468
1523469
1523550
1523551
1523552
1523553
1523554
1523555
1523556
1523557
1523558
1523559
1529665
1810345
1810355
1813496
1813543
1813550
1813551
1813552
1813554
1813555
1813557
1813558
1813559
1550355
1551310
1551311
1551312
1551313
1551314
1551355
1551395
1552515
1552516
1552517
1552518
1552519
1552530
1552531
1552532
1552533
1552534
1552535
1552536
1552537
1552538
1552539
1552598
1552599
1553410
1553411
1553412
1553413
1553414
1553415
1553416
1553417
1553418
1553419
1553450
1553451
1553452
1553453
1553454
1553455
1553456
1553457
1553458
1553459
1553465
1553466
1553467
1553468
1553469
1553550
1553551
1553552
1553553
1553554
1553555
1553556
1553557
1553558
1553559
1553610
1553611
1553612
1553613
1553614
1553615
1553616
1553617
1553618
1553619
1558173
1558174
1558244
1558245
1558250
1558251
1558252
1558253
1558254
1558255
1558256
1558257
1558258
1558259
1860342
1860343
1860355
1861355
1863424
1863425
1863426
1863445
1863455
1863545
1863550
1863551
1863552
1863553
1863554
1863555
1863556
1863650
1863651
1863652
1863653
1863654
1863655
1863656
1863657
1863658
1863659
1864955
1671355
1672355
1673355
1674355
1390345
1390355
1393405
1393429
1393430
1393550
1393551
1393552
1393553
1393554
1393555
1393556
1393557
1393558
1393559
1399460
1399461
1399462
1399463
1399464
1399465
1399466
1399467
1399468
1399469
1300806
1300807
1301536
1301546
1302806
1302807
1303346
1303806
1306806
1308035
1309656
1309666
1309756
1309766
1770345
1770355
1773550
1773551
1773552
1773553
1773554
1773555
1773556
1773558
1773559
1779999
1590345
1590355
1593405
1593434
1593435
1593436
1593437
1593438
1593439
1593550
1593551
1593552
1593553
1593554
1593555
1593589
1350355
1350975
1351355
1354615
1354616
1354650
1354651
1354665
1354666
1354667
1354675
1359325
1359326
1359327
1359328
1359329
1450185
1450186
1450187
1450188
1450189
1452275
1452285
1452295
1453097
1453098
1453099
1453270
1453275
1454185
1454195
1830345
1830355
1833450
1833451
1833452
1833453
1833454
1833455
1833456
1833457
1833458
1833459
1833550
1833551
1833552
1833553
1833554
1833555
1833556
1833557
1833558
1833559
1500345
1500355
1503450
1503451
1503452
1503550
1503551
1503552
1503553
1503554
1503555
1503556
1503557
1503558
1503559
1623551
1623552
1623554
1530345
1530355
1533345
1533355
1534083
1534084
1534085
1534355
1536455
1536465
1536475
1536485
1536495
1538345
1538355
1538365
1538685
1538695
1538855
1539255
1800345
1800355
1803550
1803551
1803552
1803553
1803554
1803555
1803556
1803557
1803558
1803559
1361065
1361355
1362065
1362355
1363340
1363355
1364340
1364355
1365345
1365355
1366345
1366355
1366365
1890345
1890355
1893533
1893534
1893535
1893536
1330345
1330355
1331345
1331355
1332745
1332755
1333345
1333355
1335345
1335355
1336345
1336355
1338345
1338355
1339345
1339355
1712936
1712937
1712938
1712939
1712940
1712941
1712942
1712943
1712944
1712945
1712946
1712947
1712948
1712949
1713355
1715355
1716354
1716355
1717350
1717353
1717354
1717355
1717356
1717357
1717358
1717359
1718354
1718355
1719355
1719356
1990345
1990355
1993550
1993552
1993553
1850355
1853403
1853405
1853410
1853411
1853412
1853445
1853458
1853459
1853550
1853551
1853552
1853553
1853554
1853555
1853556
1853557
1853558
1853559
1780355
1783545
1783546
1783547
1783548
1783549
1783557
1783565
1783585
1783608
1783609
1783630
1783641
1783642
1783670
1783671
1786723
1789129
1789785
1560345
1560355
1563550
1563551
1563552
1563553
1563554
1563555
1563556
1563557
1563558
1563559
1569846
1569852
1569860
1569861
