1470776
1473600
1473601
1473602
1473603
1473604
1473605
1473606
1473607
1473608
1473625
1473626
1477736
1477737
1477745
1477746
1477764
1477765
1477766
1477767
1477768
1477769
1370776
1373760
1373761
1373762
1373763
1373764
1373765
1373766
1373767
1373768
1373769
1376806
1376816
1376826
1376836
1376846
1378806
1378816
1378826
1750776
1750786
1757743
1757744
1757745
1757746
1757846
1757847
1757848
1880776
1880786
1887760
1887761
1887762
1887763
1887764
1887765
1887766
1887767
1887768
1887769
1888846
1889760
1889761
1889776
1810776
1810786
1817495
1817496
1817497
1817498
1817499
1817646
1817760
1817761
1817762
1817763
1817764
1817765
1817766
1817767
1817768
1817769
1817780
1817781
1817782
1817783
1817784
1520776
1520786
1524075
1524076
1527764
1527765
1527766
1527767
1527768
1527769
1527860
1527861
1527862
1527863
1527864
1527865
1527866
1527867
1527868
1527869
1528950
1528951
1528952
1529620
1529621
1529622
1529623
1529624
1529625
1529626
1529627
1980776
1981390
1987706
1987716
1987736
1987746
1987760
1987761
1987762
1987763
1987764
1987765
1987766
1987767
1987768
1987769
1989736
1650776
1570776
1571776
1572376
1572386
1577760
1577761
1577762
1577763
1577764
1577765
1577766
1577767
1577768
1577769
1840776
1847760
1847761
1847762
1847763
1847764
1847765
1847766
1847767
1847768
1847769
1910776
1910786
1914840
1914841
1914842
1914843
1914844
1914845
1914846
1914847
1914848
1914849
1914850
1914851
1914852
1914853
1914854
1914855
1914856
1914857
1914858
1914859
1917600
1917601
1917602
1917603
1917604
1917605
1917606
1917607
1917608
1917609
1917610
1917611
1917612
1917613
1917614
1917615
1917616
1917617
1917618
1917619
1917620
1917621
1917622
1917623
1917624
1917625
1917626
1917627
1917628
1917629
1917630
1917631
1917632
1917633
1917634
1917760
1917761
1917762
1917763
1917764
1917765
1917766
1917767
1917768
1917769
1917860
1917861
1917862
1917863
1917864
1917865
1917866
1917867
1917868
1917869
1320776
1320786
1321146
1321776
1321786
1323776
1329776
1730776
1730786
1734450
1737487
1737619
1737742
1739678
1310046
1310056
1311476
1311776
1312346
1312356
1313276
1313286
1313296
1319756
1319776
1870776
1870786
1877560
1877561
1877562
1877563
1877564
1877565
1877566
1877567
1877760
1877761
1877762
1877763
1877764
1877765
1877766
1877767
1877768
1877769
1877860
1877861
1877862
1877863
1877864
1877865
1877866
1877867
1877868
1877869
1877886
1380776
1380786
1387760
1387761
1387762
1387763
1387764
1387765
1387766
1387767
1387768
1387769
1660776
1667486
1667770
1667771
1667772
1667773
1667774
1667775
1667776
1667796
1667976
1510776
1510786
1517702
1517703
1517704
1517705
1517706
1517707
1517760
1517761
1517762
1517763
1820776
1820786
1827607
1827608
1827663
1827664
1827665
1827666
1827760
1827761
1827762
1827763
1827764
1827765
1827766
1827767
1827768
1827769
1827860
1827861
1827862
1827863
1827864
1827865
1827866
1827867
1827868
1827869
1580776
1580786
1587847
1587848
1587849
1587860
1587861
1587862
1587863
1587864
1587865
1587866
1760776
1760786
1767706
1767754
1767755
1767756
1767757
1767758
1767792
1767793
1768730
1768746
1768776
1344683
1344684
1347162
1347163
1347164
1347165
1347166
1347167
1347168
1347169
1348160
1348161
1348162
1348163
1348164
1348165
1348166
1348167
1348168
1348169
1716073
1716075
1716076
1716077
1716078
1330776
1331766
1331776
1332176
1332476
1334766
1336756
1336766
1336776
1336786
1337726
1337746
1337747
1338776
1339776
1339786
1560776
1560786
1567647
1567650
1567651
1567652
1567653
1567660
1567661
1567662
1567663
1567665
1567666
1567667
1567668
1567669
1567760
1567761
1567762
1567763
1567764
1567765
1567766
1567767
1567768
1567769
1569776
1850776
1850786
1857746
1857760
1857764
1857765
1857766
1857767
1857768
1857769
1857996
1858745
1858761
1858762
1858763
1858764
1780776
1784008
1784009
1784041
1787726
1787764
1787765
1787766
1787767
1787768
1787769
1787860
1787861
1787862
1787863
1787864
1787865
1787866
1787867
1787868
1787869
1788044
1789113
1789776
1990776
1990786
1994316
1994794
1994796
1994797
1994798
1994799
1996678
1996679
1997613
1997614
1997617
1997618
1997635
1997760
1997761
1997762
1997763
1997764
1997765
1997766
1997767
1997768
1997769
1997847
1997860
1997861
1997862
1997863
1997864
1997865
1997866
1997867
1997868
1997869
1997870
1997871
1997872
1997873
1997874
1997875
1997876
1997877
1997878
1997879
1999443
1999444
1999450
1999451
1999452
1800776
1800786
1807476
1807486
1807760
1807761
1807762
1807763
1807764
1807765
1807766
1807767
1807768
1807769
1807860
1807861
1807862
1807863
1807864
1807865
1807866
1807867
1807868
1807869
1530776
1890776
1890786
1893499
1897760
1897761
1897762
1897763
1897764
1897765
1897766
1897767
1897768
1897769
1897860
1897861
1897862
1897863
1360776
1361776
1362776
1364776
1365776
1366776
1367776
1368776
1350776
1351756
1351776
1355706
1355716
1355726
1355746
1355776
1355806
1355826
1355836
1452776
1454526
1459140
1459141
1459142
1459143
1459144
1590776
1590786
1594939
1597760
1597761
1597762
1597763
1597764
1597806
1597807
1597808
1597809
1599469
1770776
1770786
1775474
1775475
1775856
1775857
1777476
1777616
1777617
1777760
1777761
1777762
1777763
1777764
1777765
1777766
1777767
1777768
1777769
1500776
1500786
1507739
1507760
1507761
1507762
1507763
1507764
1507765
1507766
1507767
1507768
1507769
1507818
1507819
1507820
1507821
1507822
1507823
1507824
1507866
1507867
1507868
1507869
1830776
1837760
1837761
1837762
1837763
1837764
1837765
1837766
1837767
1837768
1837769
1837860
1837861
1837862
1837863
1837864
1837865
1837866
1837867
1837869
1390776
1397760
1397761
1397762
1397763
1397764
1397765
1397766
1397767
1397768
1397769
1860776
1867760
1867761
1867762
1867763
1867764
1867765
1867766
1867767
1867768
1867769
1550684
1550685
1550686
1550776
1557760
1557761
1557762
1557763
1557764
1557765
1557766
1557767
1557768
1557769
1557804
1557805
1557860
1557861
1557862
1557863
1557864
1557865
1557866
1557867
1557884
1557885
1557886
1559760
1559761
1559762
1559763
1559764
1559765
1559766
1559767
1559768
1559769
1300696
1302696
1303696
1304786
1308490
1308674
1308776
1309776
1309786
1309796
1720079
