1827238
1827239
1827240
1342999
1760722
1767100
1768385
1768386
1582690
1582793
1587184
1311712
1313599
1317749
1319745
1734353
1734354
1734355
1736244
1736287
1736288
1736289
1738661
1738662
1987117
1323552
1326497
1327728
1327744
1327745
1327768
1327769
1887262
1527119
1818659
1554909
1557229
1557230
1557231
1557280
1557281
1557282
1557283
1557285
1557287
1557288
1557290
1558626
1558628
1558629
1558630
1558631
1558632
1860864
1860866
1867280
1867281
1867282
1867283
1867284
1867285
1867287
1867288
1867289
1867428
1869634
1869635
1869636
1869637
1869638
1869639
1397262
1397263
1303534
1303537
1303538
1303539
1304286
1304289
1304712
1308512
1308513
1309329
1309425
1309426
1309429
1309832
1309833
1309834
1597199
1452728
1453701
1458614
1458615
1458616
1458617
1458618
1458619
1359740
1830729
1837155
1837159
1837287
1837288
1502724
1502732
1539280
1539281
1800722
1807198
1360722
1369738
1369739
1897263
1330722
1332974
1332975
1333970
1333971
1333972
1334352
1334970
1334971
1334972
1336720
1336721
1336722
1337793
1337794
1337795
1338520
1338521
1338522
1339601
1339602
1339603
1850866
1852733
1852734
1852735
1852736
1560722
1562927
1562928
1562929
1567113
1567115
1567117
1567118
