1750408
1750409
1750411
1750426
1750428
1750494
1752411
1752426
1752428
1752435
1752436
1752437
1752438
1752439
1754030
1754031
1754032
1754033
1754034
1754035
1754036
1754037
1754038
1754039
1754080
1754081
1754082
1754083
1754084
1754085
1754086
1754087
1754088
1754089
1754090
1754091
1754092
1754093
1754094
1754095
1754096
1754097
1754098
1754099
1754110
1754111
1754112
1754113
1754114
1754115
1754116
1754117
1754118
1754119
1754260
1754261
1754262
1754263
1754264
1754265
1754266
1754267
1754268
1754269
1754280
1754281
1754282
1754283
1754284
1754285
1754286
1754287
1754288
1754289
1880411
1880420
1880426
1880428
1884080
1884081
1884082
1884083
1884084
1884085
1884086
1884087
1884088
1884089
1884090
1884091
1884092
1884093
1884094
1884095
1884096
1884097
1884098
1884099
1884110
1884111
1884112
1884113
1884114
1884115
1884116
1884117
1884118
1884119
1884260
1884261
1884262
1884263
1884264
1884265
1884266
1884267
1884268
1884269
1884280
1884281
1884282
1884283
1884284
1884285
1884286
1884287
1884288
1884289
1470248
1470249
1470411
1474101
1474102
1474103
1474104
1474105
1474106
1474107
1474108
1474109
1474110
1474111
1474112
1474113
1474114
1474115
1474116
1474117
1474118
1474119
1474140
1474141
1474142
1474143
1474144
1474145
1474146
1474147
1474148
1474149
1370008
1370009
1370011
1370408
1370409
1370411
1370426
1370428
1370494
1370986
1374080
1374082
1374083
1374084
1374085
1374086
1374087
1374089
1374090
1374091
1374092
1374093
1374094
1374096
1374097
1374098
1374099
1374110
1374111
1374112
1374113
1374114
1374115
1374116
1374117
1374118
1374119
1374260
1374261
1374262
1374263
1374264
1374265
1374266
1374267
1374268
1374269
1374280
1374281
1374282
1374283
1374284
1374285
1374286
1374287
1374288
1374289
1379510
1379511
1379512
1379513
1379514
1379515
1379516
1379517
1379518
1379519
1524110
1524111
1524112
1524113
1524114
1524115
1524116
1524117
1524118
1524119
1524145
1524146
1524147
1524148
1524149
1524250
1524251
1524252
1524253
1524254
1524255
1524256
1524257
1524258
1524259
1524260
1524261
1524262
1524263
1524264
1524265
1524266
1524267
1524268
1524269
1810042
1810043
1810408
1810409
1810411
1810426
1810428
1814110
1814111
1814112
1814113
1814114
1814115
1814116
1814117
1814118
1814119
1814176
1814178
1814179
1840411
1570411
1571235
1571236
1571237
1571238
1571239
1571405
1571406
1571411
1572450
1572451
1572452
1572453
1572454
1572455
1572456
1572457
1572458
1572459
1573410
1573411
1573412
1573413
1573414
1573415
1573416
1573417
1573418
1573419
1575400
1575401
1575402
1575403
1575404
1575405
1575406
1575407
1575408
1575409
1980411
1980420
1980422
1980423
1980424
1981359
1981890
1981891
1981892
1981893
1981894
1981895
1981896
1981897
1981898
1981899
1982411
1982430
1982431
1982432
1982433
1982434
1982435
1982436
1982437
1982438
1982439
1984110
1984111
1984112
1984113
1984114
1984115
1984116
1984117
1984118
1984119
1650153
1650337
1650411
1650480
1650782
1650961
1651393
1651411
1651479
1651487
1651613
1651802
1652016
1652033
1652036
1652192
1652195
1652220
1652411
1652658
1653026
1653028
1653041
1653144
1653248
1653281
1653343
1653411
1653493
1653913
1655144
1655411
1655487
1655489
1655642
1655714
1655825
1655830
1655851
1656719
1656731
1656749
1656831
1656921
1656931
1656941
1656942
1656943
1657004
1657107
1657114
1657221
1657405
1657411
1657446
1657487
1657562
1700388
1700410
1700411
1700420
1700421
1700423
1700424
1700425
1700426
1700427
1700428
1700429
1701411
1701412
1701413
1701414
1701415
1701416
1701417
1701418
1701419
1702487
1702488
1702489
1702490
1702491
1702492
1702493
1702494
1702495
1702496
1702497
1702498
1702499
1703786
1703787
1703788
1703789
1703790
1703791
1703792
1703793
1703794
1703795
1703796
1703797
1703798
1703799
1703800
1704660
1704661
1704662
1704663
1704664
1704665
1704666
1704667
1704668
1704669
1704670
1704671
1704672
1704673
1704674
1704675
1704676
1704677
1704678
1704679
1705004
1705016
1705070
1705114
1705137
1705176
1705230
1705271
1705380
1705541
1705565
1705618
1705671
1705690
1705741
1705761
1705798
1705799
1705896
1705897
1705898
1706961
1706962
1706963
1706964
1706965
1706966
1706967
1706968
1706969
1706970
1706971
1706972
1706973
1706974
1706975
1706976
1706977
1706978
1706979
1706980
1706981
1706982
1706983
1706984
1706985
1706986
1707410
1707411
1707412
1707413
1707414
1707415
1707416
1707417
1707418
1707419
1708400
1708401
1708402
1708403
1708404
1708405
1708406
1708407
1708408
1708409
1708410
1708411
1708412
1708413
1708414
1708415
1708416
1708417
1708418
1708419
1709400
1709401
1709402
1709403
1709404
1709405
1709406
1709407
1709408
1709409
1320405
1320406
1320407
1320408
1320409
1320411
1321411
1321420
1321422
1321428
1322411
1322420
1322422
1322428
1323405
1323406
1323407
1323408
1323409
1323411
1323690
1323691
1323692
1323693
1323694
1323800
1323801
1323802
1323803
1323804
1323805
1323806
1323807
1323808
1323809
1325290
1325291
1325292
1325293
1325294
1325295
1325296
1325297
1325298
1325299
1327411
1328411
1328422
1328423
1910411
1910422
1910423
1914110
1914111
1914112
1914113
1914114
1914115
1914116
1310411
1310980
1310981
1310982
1310983
1310984
1312410
1312411
1312427
1312428
1312545
1312546
1312547
1312548
1312549
1313000
1313001
1313002
1313003
1313004
1313040
1313041
1313042
1313043
1313044
1313045
1313046
1313047
1313048
1313049
1313411
1313426
1313428
1314784
1314785
1314786
1314787
1314986
1314987
1314988
1314989
1315411
1315426
1316450
1316451
1316452
1316453
1316454
1316455
1316456
1316457
1316458
1316459
1319010
1319011
1319012
1319013
1319014
1319015
1319016
1319017
1319018
1319019
1319411
1319426
1319428
1730410
1730411
1734110
1734111
1660408
1660409
1660411
1660426
1660428
1662411
1662426
1662428
1664080
1664081
1664082
1664083
1664084
1664085
1664086
1664087
1664088
1664089
1664090
1664091
1664092
1664093
1664094
1664095
1664096
1664097
1664098
1664099
1664110
1664111
1664112
1664113
1664114
1664115
1664116
1664117
1664118
1664119
1664260
1664261
1664262
1664263
1664264
1664265
1664266
1664267
1664268
1664269
1664280
1664281
1664282
1664283
1664284
1664285
1664286
1664287
1664288
1664289
1380408
1380409
1380411
1380424
1380425
1380426
1380428
1380494
1380495
1380496
1384080
1384081
1384082
1384083
1384084
1384085
1384086
1384087
1384088
1384089
1384090
1384091
1384092
1384093
1384094
1384095
1384096
1384097
1384098
1384099
1384110
1384111
1384112
1384113
1384114
1384115
1384116
1384117
1384118
1384119
1384260
1384261
1384262
1384263
1384264
1384265
1384266
1384267
1384268
1384269
1384280
1384281
1384282
1384283
1384284
1384285
1384286
1384287
1384288
1384289
1388940
1388941
1388942
1388943
1388944
1388945
1388946
1388947
1388948
1388949
1388950
1388951
1388952
1388953
1388954
1388955
1388956
1388957
1388958
1388959
1388960
1388961
1388962
1388963
1388964
1388965
1388966
1388967
1388968
1388969
1389840
1389841
1389842
1389843
1389844
1389845
1389846
1389847
1389848
1389849
1389860
1389861
1389862
1389863
1389864
1389865
1389866
1389867
1389868
1389869
1870411
1870428
1874026
1874027
1874028
1874110
1874111
1874112
1874113
1874114
1874115
1874116
1874117
1874118
1874119
1874201
1874202
1874203
1874204
1874205
1874206
1874207
1874208
1874209
1874250
1874251
1874252
1874253
1874254
1874255
1874256
1874257
1874258
1874259
1820411
1824110
1824111
1824112
1824113
1824114
1824115
1824116
1824117
1824118
1824119
1824200
1824201
1824202
1824203
1824204
1824205
1824206
1824207
1824208
1824209
1510405
1510406
1510407
1510408
1510409
1510411
1514030
1514031
1514032
1514033
1514034
1514035
1514036
1514037
1514038
1514039
1514040
1514041
1514042
1514043
1514044
1514045
1514046
1514047
1514048
1514049
1514050
1514051
1514052
1514053
1514054
1514055
1514056
1514057
1514058
1514059
1514060
1514061
1514062
1514063
1514064
1514065
1514066
1514067
1514068
1514069
1514110
1514111
1514112
1514113
1514114
1514115
1514116
1514117
1514118
1514119
1514230
1514231
1514232
1514233
1514234
1514235
1514236
1514237
1514238
1514239
1514240
1514241
1514242
1514243
1514244
1514245
1514246
1514247
1514248
1514249
1516400
1516401
1516402
1516403
1516404
1516405
1516406
1516407
1516408
1516409
1518400
1518401
1518402
1518403
1347840
1347841
1347842
1347843
1347844
1347845
1347846
1347847
1347848
1347849
1347850
1347851
1347852
1347853
1347854
1347855
1347856
1347857
1347858
1347859
1347860
1347861
1347862
1347863
1347864
1347865
1347866
1347867
1347868
1347869
1347870
1347871
1347872
1347873
1347874
1347875
1347876
1347877
1347878
1347879
1347890
1347891
1347892
1347893
1347894
1347895
1347896
1347897
1347898
1347899
1760408
1760409
1760411
1760426
1760428
1761408
1761409
1761411
1761426
1761428
1761500
1761501
1761502
1761503
1761504
1761505
1761506
1761507
1761508
1761509
1761510
1761511
1761512
1761513
1761514
1761515
1761516
1761517
1761518
1761519
1761666
1761667
1761669
1762411
1762426
1762428
1764030
1764031
1764032
1764033
1764034
1764035
1764036
1764037
1764038
1764039
1764040
1764041
1764042
1764080
1764081
1764082
1764083
1764084
1764085
1764086
1764087
1764088
1764089
1764090
1764091
1764092
1764093
1764094
1764095
1764096
1764097
1764098
1764099
1764110
1764111
1764112
1764113
1764114
1764115
1764116
1764117
1764118
1764119
1764260
1764261
1764262
1764263
1764264
1764265
1764266
1764267
1764268
1764269
1764280
1764281
1764282
1764283
1764284
1764285
1764286
1764287
1764288
1764289
1580411
1580424
1580425
1580426
1584060
1584061
1584062
1584063
1584064
1584065
1584066
1584067
1584068
1584069
1584080
1584081
1584082
1584083
1584084
1584085
1584086
1584087
1584088
1584089
1584090
1584091
1584092
1584093
1584094
1584095
1584096
1584097
1584098
1584099
1584110
1584111
1584112
1584113
1584114
1584115
1584116
1584117
1584118
1584119
1584240
1584241
1584242
1584243
1584244
1584245
1584246
1584247
1584248
1584249
1584260
1584261
1584262
1584263
1584264
1584265
1584266
1584267
1584268
1584269
1589810
1589811
1589812
1589813
1589814
1589815
1589816
1589817
1589818
1589819
1330408
1330409
1330411
1330426
1330428
1330984
1330985
1330986
1331411
1331426
1331428
1332220
1332221
1332222
1332223
1332224
1332225
1332226
1332227
1332228
1332229
1332411
1332420
1333220
1333221
1333222
1333223
1333224
1333225
1333226
1333227
1333228
1333229
1334220
1334221
1334222
1334223
1334224
1334225
1334226
1334227
1334228
1334229
1335220
1335221
1335222
1335223
1335224
1335225
1335226
1335227
1335228
1335229
1335400
1335401
1335402
1335403
1335404
1335405
1335406
1335407
1335408
1335409
1335411
1335426
1335428
1336411
1337286
1337287
1338411
1338783
1338784
1338785
1338786
1338787
1338788
1338789
1339000
1339001
1339002
1339003
1339004
1339005
1339006
1339050
1339051
1339052
1339053
1339054
1339411
1711197
1711247
1711261
1712650
1712651
1712652
1712653
1712654
1712655
1712656
1712657
1712658
1712659
1712670
1712671
1712672
1712673
1712674
1712675
1712676
1712677
1712678
1712679
1713410
1713411
1713416
1713417
1713418
1713419
1715190
1715191
1715192
1715193
1715194
1715195
1715196
1715197
1715198
1715250
1715251
1715253
1715254
1715255
1715256
1715257
1715258
1715259
1715400
1715401
1715402
1715403
1715404
1715405
1715406
1715407
1715408
1715409
1716020
1716021
1716022
1716023
1716025
1716026
1716027
1716028
1716029
1716190
1716191
1716192
1716193
1716194
1716195
1716196
1716197
1716198
1716199
1716250
1716251
1716252
1716253
1716254
1716255
1716256
1716257
1716258
1716259
1716400
1717020
1717021
1717022
1717023
1717025
1717026
1717027
1717028
1717029
1717190
1717191
1717199
1719070
1719071
1719072
1719073
1719075
1719076
1719077
1719078
1719079
1719080
1719081
1719082
1719083
1719085
1719086
1719087
1719089
1719091
1719092
1719093
1719094
1719095
1719096
1719097
1719098
1719250
1719251
1719252
1719253
1719254
1719255
1719256
1719257
1719258
1719259
1719260
1719261
1719264
1719292
1719299
1990411
1990984
1990985
1990986
1996930
1996931
1996932
1996934
1996935
1996936
1996937
1996938
1996939
1996982
1996983
1996984
1996985
1996987
1996988
1996989
1998410
1998411
1998419
1999007
1999008
1999009
1999780
1999788
1999789
1850243
1850408
1850409
1850411
1850420
1850422
1850423
1850424
1850425
1850428
1852411
1852420
1852530
1852531
1852532
1852533
1852534
1852535
1852536
1852537
1852538
1852539
1852540
1852541
1852542
1852543
1852544
1852545
1852546
1852547
1852548
1852549
1852550
1852551
1852552
1852553
1852554
1852555
1852556
1852557
1852558
1852559
1852560
1852561
1852562
1852563
1852564
1852565
1852566
1852567
1852568
1852569
1854080
1854084
1854087
1854089
1854092
1854096
1854097
1854110
1854112
1854114
1854118
1780411
1782411
1782435
1782480
1782481
1782482
1782483
1782484
1782485
1782486
1782487
1782488
1782489
1784592
1784593
1784791
1786650
1786651
1786652
1786653
1786654
1786655
1786656
1786657
1786658
1786659
1788751
1789621
1560408
1560409
1560411
1560426
1560428
1560984
1560985
1560986
1564080
1564081
1564082
1564083
1564084
1564085
1564086
1564087
1564088
1564089
1564090
1564091
1564092
1564093
1564094
1564095
1564096
1564097
1564098
1564099
1564110
1564111
1564112
1564113
1564114
1564115
1564116
1564117
1564118
1564119
1564230
1564231
1564232
1564233
1564234
1564235
1564236
1564237
1564238
1564239
1564250
1564251
1564252
1564253
1564254
1564255
1564265
1564266
1564267
1564268
1564269
1566315
1566316
1566317
1566318
1566319
1566320
1566321
1566335
1566336
1566337
1566338
1566339
1566860
1566861
1566862
1566865
1566866
1566867
1566868
1566869
1569411
1569885
1569886
1569887
1569888
1569889
1530403
1530404
1530411
1530980
1530981
1530982
1530983
1530984
1532614
1532615
1532616
1532617
1533082
1533083
1533112
1538213
1538214
1538215
1538216
1538217
1538218
1538219
1538220
1538221
1538222
1538223
1538224
1538225
1538226
1538227
1538228
1538229
1800408
1800409
1800411
1800426
1800428
1801890
1801891
1801892
1801893
1801894
1801895
1801896
1801897
1801898
1801899
1804010
1804011
1804012
1804013
1804014
1804110
1804111
1804112
1804113
1804114
1804115
1804116
1804117
1804118
1804119
1804153
1804154
1804155
1804156
1804157
1804158
1804159
1804260
1804261
1804262
1804263
1804264
1804265
1804266
1804267
1804268
1804269
1809880
1809881
1809882
1809883
1809884
1809885
1809886
1809887
1809888
1809889
1360408
1360409
1360411
1360424
1360425
1360426
1360428
1360494
1360984
1360985
1360986
1361084
1361085
1361086
1361091
1361092
1361093
1361094
1361095
1361096
1361408
1361409
1361411
1361426
1361428
1362408
1362409
1362411
1362424
1362425
1362426
1362428
1362491
1362494
1362498
1364408
1364409
1364411
1364423
1364424
1364425
1364426
1364427
1364428
1364491
1364493
1364494
1364495
1364496
1364498
1365408
1365409
1365411
1365420
1365424
1365425
1365426
1365428
1365491
1365492
1365493
1365494
1365498
1366420
1366421
1366422
1366423
1366424
1366425
1366426
1366427
1366428
1366429
1367411
1367424
1367426
1890095
1890096
1890097
1890098
1890099
1890408
1890409
1890411
1890426
1890428
1890984
1890985
1890986
1894080
1894081
1894082
1894083
1894084
1894085
1894086
1894087
1894088
1894089
1894090
1894091
1894092
1894093
1894094
1894095
1894096
1894097
1894098
1894099
1894110
1894111
1894112
1894113
1894114
1894115
1894116
1894117
1894118
1894119
1894133
1894134
1894135
1770411
1770981
1770982
1770983
1770984
1770985
1770986
1770987
1770988
1770989
1774108
1774109
1774110
1774111
1774112
1774113
1774114
1774115
1774116
1774117
1774118
1774119
1774294
1774295
1774296
1779084
1779089
1779090
1779091
1590411
1590424
1590425
1590426
1590494
1590495
1590496
1590984
1590985
1590986
1594080
1594081
1594082
1594083
1594084
1594085
1594086
1594087
1594088
1594089
1594090
1594091
1594092
1594093
1594094
1594095
1594096
1594097
1594098
1594099
1594110
1594111
1594112
1594113
1594114
1594115
1594116
1594117
1594118
1594119
1594240
1594241
1594242
1594243
1594244
1594245
1594246
1594247
1594248
1594249
1594260
1594261
1594262
1594263
1594264
1594265
1594266
1594267
1594268
1594269
1594280
1594281
1594282
1594283
1594284
1594285
1594286
1594287
1594288
1594289
1599840
1599841
1599842
1599843
1599844
1599845
1599846
1599847
1599848
1599849
1599850
1599851
1599852
1599853
1599854
1599855
1599856
1599857
1599858
1599859
1599860
1599861
1599862
1599863
1599864
1599865
1599866
1599867
1599868
1599869
1350070
1350071
1350072
1350073
1350074
1350075
1350076
1350077
1350078
1350079
1350408
1350409
1350411
1350424
1350425
1350426
1350428
1350495
1350496
1351411
1351424
1351605
1355591
1355592
1355593
1355594
1355595
1355596
1355597
1355598
1355599
1359110
1359111
1359112
1359113
1359114
1359115
1359116
1359117
1359118
1359119
1359130
1359131
1359132
1359133
1359134
1359135
1359136
1359137
1359138
1359139
1359170
1359171
1359172
1359173
1359174
1359175
1359176
1359177
1359178
1359179
1359180
1359181
1359182
1359183
1450408
1450409
1450411
1450420
1450428
1450430
1450431
1450432
1450433
1450434
1450435
1450436
1450437
1450438
1450439
1450440
1450441
1450442
1450443
1450444
1450445
1450446
1450447
1450448
1450449
1450450
1450451
1450452
1450453
1450454
1450455
1450456
1450457
1450458
1450459
1450460
1450461
1450462
1450463
1450464
1450465
1450466
1450467
1450468
1450469
1450470
1450471
1450472
1450473
1450474
1450475
1450476
1450477
1450478
1450479
1450480
1450481
1450482
1450483
1452411
1452428
1452430
1452431
1452432
1452433
1452434
1452435
1452436
1453348
1453349
1453350
1453351
1453352
1453353
1453410
1453411
1453412
1453414
1453420
1453421
1453422
1453423
1453424
1453425
1453426
1453427
1453428
1453429
1453434
1454282
1454283
1454292
1454293
1830411
1834080
1834081
1834082
1834083
1834084
1834085
1834086
1834087
1834088
1834089
1834110
1834111
1834112
1834113
1834114
1834115
1834116
1834117
1834118
1834119
1834200
1834201
1834202
1834203
1834204
1834205
1834206
1834207
1834208
1834209
1834220
1834221
1834222
1834223
1834224
1834225
1834226
1834227
1834228
1834229
1500411
1500424
1500425
1500426
1504040
1504041
1504042
1504043
1504044
1504045
1504046
1504047
1504048
1504049
1504050
1504051
1504052
1504053
1504054
1504055
1504056
1504057
1504058
1504059
1504060
1504061
1504062
1504063
1504064
1504110
1504111
1504112
1504113
1504114
1504115
1504116
1504117
1504118
1504119
1504240
1504241
1504242
1504243
1504244
1504245
1504246
1504247
1504248
1504249
1621395
1621396
1622231
1550262
1550263
1550264
1550408
1550409
1550411
1550424
1550425
1550426
1550428
1550494
1550495
1550984
1550985
1550986
1552455
1552456
1552457
1552458
1552459
1552460
1552461
1552462
1552463
1552464
1552465
1552466
1552467
1552468
1552469
1552470
1552471
1552472
1552473
1552474
1552475
1552476
1552477
1552478
1552479
1552480
1552481
1552482
1552483
1552484
1552485
1552486
1552487
1552488
1552489
1554110
1554111
1554112
1554113
1554114
1554115
1554116
1554117
1554118
1554119
1554120
1554121
1554122
1554123
1554124
1554125
1554126
1554230
1554231
1554232
1554233
1554234
1554235
1554236
1554237
1554238
1554239
1554240
1554241
1554242
1554243
1554244
1554245
1554246
1554247
1554248
1554249
1554250
1554251
1554252
1554253
1554254
1554255
1554256
1554257
1554258
1554259
1554260
1554261
1554262
1554263
1554264
1554265
1554266
1554267
1554268
1554269
1554270
1556640
1556641
1556666
1556667
1556680
1556681
1556682
1556683
1556684
1556685
1556686
1556687
1556688
1556689
1556690
1556691
1556692
1556693
1556694
1556695
1556696
1556697
1556698
1556699
1860408
1860409
1860411
1860426
1860428
1860494
1860495
1860984
1860985
1860986
1862411
1862426
1862428
1862435
1862436
1862437
1862438
1862439
1862442
1862443
1862444
1864080
1864081
1864082
1864083
1864084
1864085
1864086
1864087
1864088
1864089
1864090
1864091
1864092
1864093
1864094
1864095
1864096
1864097
1864098
1864099
1864110
1864111
1864112
1864113
1864114
1864115
1864116
1864117
1864118
1864119
1864260
1864261
1864262
1864263
1864264
1864265
1864266
1864267
1864268
1864269
1864280
1864281
1864282
1864283
1864284
1864285
1864286
1864287
1864288
1864289
1869860
1869861
1869862
1869863
1869864
1869865
1869866
1869867
1869868
1869869
1869870
1869871
1869872
1869873
1869874
1671411
1672411
1672423
1672424
1672425
1672426
1672428
1672584
1672604
1672614
1673119
1673120
1673121
1673122
1673123
1673125
1673126
1673127
1673128
1673129
1673130
1673131
1673132
1673133
1673135
1673136
1673137
1673138
1673411
1674411
1675689
1390408
1390409
1390411
1390426
1390428
1390984
1390985
1390986
1394080
1394081
1394082
1394083
1394084
1394085
1394086
1394087
1394088
1394089
1394090
1394091
1394092
1394093
1394094
1394095
1394096
1394097
1394098
1394099
1394110
1394111
1394112
1394113
1394114
1394115
1394116
1394117
1394118
1394119
1394200
1394201
1394202
1394203
1394204
1394205
1394206
1394207
1394208
1394209
1394260
1394261
1394262
1394263
1394264
1394265
1394266
1394267
1394268
1394269
1394280
1394281
1394282
1394283
1394284
1394285
1394286
1394287
1394288
1394289
1399840
1399841
1399842
1399843
1399844
1399845
1399846
1399847
1399848
1399849
1399850
1399851
1399852
1399853
1399854
1399855
1399856
1399857
1399858
1399859
1399860
1399861
1399862
1399863
1399864
1399865
1399866
1399867
1399868
1399869
1720210
1720211
1720212
1720213
1720214
1720215
1720216
1720217
1720218
1720219
1720220
1720221
1720222
1720223
1720224
1720225
1720226
1720227
1720228
1720229
1300094
1300940
1300941
1300942
1300943
1300944
1300945
1300946
1300947
1300948
1300949
1301094
1301940
1301941
1301942
1301943
1301944
1301945
1301946
1301947
1301948
1301949
1302940
1302941
1302942
1302943
1302944
1302945
1302946
1302947
1302948
1302949
1304245
1304246
1304247
1304248
1304249
1305050
1305051
1305052
1305053
1305054
1305055
1305056
1305057
1305058
1305059
1305270
1305271
1305272
1305273
1305274
1305275
1305276
1305277
1305278
1305279
1307410
1307411
1307412
1307413
1307414
1307415
1307416
1307417
1307418
1307419
1307980
1307981
1307982
1307983
1307984
1307985
1307986
1307987
1307988
1307989
1308410
1308411
1308412
1308413
1308414
1308415
1308416
1308417
1308418
1308419
