1800723
1804062
1806227
1806228
1806229
1806290
1806291
1806292
1806293
1806294
1806418
1806419
1807123
1807124
1807148
1807185
1807186
1808616
1808630
1808631
1808632
1808633
1808634
1530723
1532787
1532788
1533427
1533428
1533588
1533738
1534276
1534278
1534729
1537451
1537452
1537453
1538723
1538724
1539164
1539165
1361714
1361721
1364714
1365714
1366904
1367714
1368718
1890723
1893466
1893467
1897175
1897176
1897177
1897178
1897276
1897277
1897278
1897279
1897280
1898657
1898658
1898659
1898660
1899577
1899578
1899579
1899580
1330723
1331723
1332992
1332993
1333990
1333991
1333992
1334982
1336714
1337791
1338526
1338710
1339723
1713714
1715714
1716714
1717710
1717713
1717714
1717718
1990723
1994513
1994787
1997120
1997121
1997122
1997245
1997270
1997271
1997272
1997273
1997274
1998620
1998621
1998622
1560723
1561499
1562939
1562959
1562970
1562971
1562990
1567122
1567123
1567175
1567176
1567177
1567178
1569723
1780278
1780713
1784782
1786632
1787103
1787133
1787145
1787185
1788686
1789714
1850723
1857107
1857108
1857109
1857200
1857201
1857202
1857271
1857272
1860723
1867140
1867141
1867142
1867143
1867144
1867145
1867146
1867148
1867149
1867163
1867200
1867201
1867202
1869627
1869628
1869629
1550723
1554970
1554971
1554972
1557148
1557291
1557292
1557293
1557294
1557295
1557296
1557297
1557298
1557299
1558653
1558654
1558655
1558656
1558657
1558658
1390723
1397175
1397176
1397177
1397178
1397276
1397277
1397278
1397279
1397280
1398657
1398658
1398659
1398660
1399595
1399596
1399597
1399598
1399599
1671714
1672714
1673714
1728238
1728239
1303440
1303441
1303442
1303443
1304270
1308520
1309275
1309276
1309277
1309278
1309279
1309839
1590723
1592690
1592691
1597151
1597152
1597153
1597154
1597155
1597235
1597236
1597237
1597252
1597253
1597254
1599710
1599711
1599712
1599713
1599714
1770714
1770726
1772029
1775447
1776272
1776273
1776274
1776295
1776296
1776424
1777105
1777106
1777107
1777108
1777109
1777115
1777116
1777117
1777118
1777119
1777140
1777190
1778624
1779836
1350723
1354549
1354550
1354551
1354552
1354553
1354554
1354555
1354556
1358128
1358129
1359761
1359762
1359763
1359764
1359765
1359766
1359767
1359768
1359769
1359770
1359771
1359772
1359773
1359774
1452714
1454486
1457383
1458635
1458636
1459801
1500723
1507201
1507202
1507203
1507204
1507205
1507206
1507207
1507293
1830714
1831473
1831474
1832780
1832781
1832782
1832783
1832784
1832785
1832786
1832787
1837140
1837141
1837142
1837143
1837144
1571723
1572714
1577118
1579726
1579727
1840714
1842714
1847152
1847181
1650714
1651714
1652706
1980714
1981381
1987105
1987106
1987140
1987159
1987160
1987220
1987221
1988836
1701040
1701041
1701542
1701543
1704792
1910725
1917145
1917290
1917291
1917292
1917293
1321714
1323723
1323724
1323725
1324723
1329423
1329721
1329722
1329723
1329724
1329764
1329765
1329766
1880723
1882768
1882769
1887140
1887141
1887217
1887218
1887219
1887230
1887231
1887275
1887276
1887277
1750723
1470723
1477183
1477184
1370723
1379777
1379778
1810714
1810869
1812048
1814063
1814064
1816248
1816290
1816291
1816292
1816293
1816294
1816295
1816416
1817162
1817163
1817164
1817165
1817166
1817167
1817168
1817169
1817192
1817193
1817194
1818600
1818601
1818637
1818638
1818639
1520723
1527165
1527166
1527203
1527204
1527205
1510723
1517200
1517201
1517202
1517203
1517204
1517205
1517206
1517207
1517208
1517209
1517210
1517211
1820723
1827162
1827163
1827164
1827165
1827166
1827167
1827168
1827169
1827216
1827217
1344472
1345104
1345105
1345106
1345107
1347678
1347773
1347774
1347775
1580723
1582694
1582695
1582696
1582697
1582698
1587113
1587114
1587115
1587116
1587117
1587118
1587119
1587120
1587121
1589775
1589776
1589777
1589778
1589779
1760723
1767121
1767122
1767123
1767124
1768387
1311442
1311701
1311702
1311703
1313592
1313593
1314723
1316567
1316568
1317730
1317731
1317732
1317733
1319700
1319701
1319702
1319703
1319704
1730726
1734344
1735449
1736233
1736249
1736274
1736275
1736276
1736277
1736278
1736279
1736280
1736281
1736282
1736414
1736423
1737140
1737141
1737176
1737177
1737178
1737185
1737195
1738623
1738624
1738625
1738626
1738627
1738628
1738629
1738648
1380723
1387205
1387206
1387207
1387208
1387209
1387210
1387211
1387212
1387213
1387214
1388645
1388646
1388647
1388648
1388649
1660723
1667138
1667139
1667140
1667141
1667142
1870723
1877226
1877227
1877228
1877229
1877230
1877231
1877232
1877233
1877234
1877235
1877236
1877237
