1390892
1398902
1398992
1868902
1868912
1830802
1830809
1838902
1838908
1452392
1454262
1459430
1459432
1459438
1459439
1459532
1351892
1354902
1770890
1770892
1771192
1771197
1771198
1774070
1774072
1775842
1778452
1778459
1778902
1778991
1778992
1890892
1898902
1898992
1361892
1362892
1363892
1364892
1365892
1365956
1365957
1534892
1800892
1807692
1808902
1808992
1808997
1858910
1858912
1780892
1780898
1786762
1788802
1788808
1788809
1788902
1788908
1788912
1788918
1788922
1788924
1788932
1788934
1788962
1789142
1789902
1789909
1560892
1569262
1990892
1998920
1998922
1998932
1998942
1998947
1998948
1998952
1998956
1998957
1998958
1330892
1332252
1339802
1768902
1768912
1768952
1588902
1344693
1820802
1820807
1820809
1828902
1828909
1828912
1870802
1870809
1879892
1879899
1668902
1388902
1730890
1730892
1735452
1735458
1738902
1738990
1738992
1739710
1739712
1322892
1329892
1910890
1910892
1980982
1980983
1981432
1988912
1988922
1988928
1989950
1989952
1840892
1840898
1848912
1848918
1848922
1570802
1570808
1572672
1572892
1520800
1520801
1520802
1520809
1528902
1528912
1810892
1814140
1814142
1814149
1814320
1814322
1814382
1814387
1814388
1818492
1818498
1818499
1818901
1818902
1818906
1818907
1818908
1818992
1818998
1471892
1472892
1472897
1478902
1750982
1758902
1888902
1889802
1889804
