1810880
1810888
1816467
1816468
1818396
1818397
1818714
1818724
1818793
1520888
1524096
1524097
1524098
1524099
1528447
1528448
1528449
1528727
1528728
1528764
1528765
1880889
1884990
1886900
1886901
1886902
1886903
1886904
1886905
1886906
1886907
1886908
1886909
1888789
1889589
1889599
1750888
1470888
1473679
1478718
1370882
1376900
1376901
1376902
1376903
1707875
1707876
1707877
1707878
1910888
1918848
1320888
1570888
1570889
1571878
1577040
1577041
1577042
1577043
1577044
1577045
1577046
1577047
1577048
1577049
1579871
1840888
1846953
1846954
1846955
1846956
1846957
1846958
1846959
1846960
1848756
1848757
1848758
1651879
1980889
1981108
1981325
1984478
1984479
1984880
1984881
1984882
1984883
1986908
1986909
1986910
1660888
1870888
1870889
1876097
1876098
1878762
1878763
1878764
1878765
1878766
1878767
1310888
1311694
1311696
1315066
1315067
1317077
1317078
1318775
1318779
1730888
1738734
1738763
1738788
1581221
1581222
1581223
1581224
1588756
1588757
1589438
1589439
1760694
1760888
1768718
1510885
1510886
1510887
1510888
1510889
1512607
1512608
1512609
1519865
1519866
1821310
1821326
1821327
1821328
1821329
1828885
1828886
1828887
1828888
1828889
1998878
1560888
1567040
1567041
1568727
1568728
1569462
1786778
1786779
1786924
1786925
1786926
1786927
1787409
1787458
1787459
1858714
1858718
1858728
1330888
1331269
1332041
1336888
1337888
1338888
1339888
1717698
1717701
1717702
1717703
1717704
1717705
1717706
1718477
1719700
1719701
1719702
1719703
1361888
1362888
1368875
1368876
1368877
1368878
1368879
1890888
1898800
1898801
1898802
1898803
1898804
1800888
1808733
1808800
1808808
1808822
1808893
1808897
1530888
1533163
1533164
1533440
1536860
1536888
1500878
1500879
1501222
1501223
1501224
1830888
1838880
1838881
1838882
1838884
1590888
1591149
1591220
1591221
1591222
1591223
1591278
1596936
1596937
1596938
1596939
1598793
1598794
1598795
1770888
1770889
1778778
1350888
1357834
1357835
1357836
1357837
1357838
1357839
1357848
1452888
1453886
1453887
1453888
1453889
1454656
1301338
1301347
1303861
1309523
1309744
1860888
1868795
1868796
1868797
1868798
1868799
1550888
1390888
1398704
1398880
1398881
1398882
1398883
1398884
1398885
1398886
1398887
1398888
1398889
1673901
