1870566
1871547
1871566
1875660
1875661
1875662
1875663
1875664
1875665
1875666
1875667
1875668
1875669
1879215
1879216
1879217
1385660
1385661
1385662
1385663
1385664
1385665
1385666
1385667
1385668
1385669
1386566
1386645
1386646
1386647
1386656
1386657
1386680
1386681
1386682
1660566
1730566
1733468
1733469
1735660
1735661
1735662
1735663
1735664
1735665
1735666
1735667
1735668
1735669
1738438
1738439
1313549
1314566
1315566
1315660
1315661
1315662
1315663
1315664
1315665
1315666
1315667
1315668
1315669
1316760
1317016
1319530
1319549
1319566
1580566
1585660
1585661
1585662
1585663
1585664
1760566
1765656
1767270
1768120
1348566
1510566
1515660
1820566
1821479
1822566
1822694
1822695
1822696
1822697
1822698
1825660
1825661
1825662
1825663
1825664
1825665
1825666
1825667
1825668
1825669
1826990
1829749
1829782
1810566
1813348
1815424
1815660
1815661
1815662
1815663
1815664
1815665
1815666
1815667
1815668
1815669
1817549
1520562
1520566
1521566
1524990
1524991
1524992
1525664
1525665
1525666
1525667
1370566
1470566
1475552
1475553
1475566
1479039
1479286
1750566
1755516
1880566
1881555
1881566
1881570
1881571
1881572
1881573
1881574
1881575
1881576
1881577
1881578
1881579
1885660
1885661
1885662
1885663
1885664
1885665
1885666
1885667
1885668
1885669
1910566
1914266
1915660
1915661
1915662
1915663
1915664
1916649
1320566
1321566
1322566
1327566
1329566
1980566
1981066
1981356
1984023
1985576
1985660
1985661
1985662
1985664
1985666
1650566
1651894
1570566
1571566
1840566
1845660
1845661
1845662
1845663
1845664
1845665
1845666
1845667
1845668
1845669
1505660
1830566
1835624
1835625
1835626
1835660
1835661
1835662
1835663
1835664
1835665
1835666
1835667
1835668
1835669
1452096
1453089
1454116
1457239
1458215
1458216
1458217
1458218
1458219
1590566
1595566
1595623
1595624
1595625
1595660
1595661
1595662
1595663
1595664
1770566
1771941
1773049
1775660
1775661
1775662
1775663
1775664
1775665
1775666
1775667
1775668
1776437
1301304
1303062
1303549
1304553
1305329
1306329
1308304
1308328
1308329
1309349
1309368
1309369
1720566
1390566
1395550
1395551
1395552
1395689
1396590
1396591
1396592
1396593
1396594
1860566
1865660
1865661
1865662
1865664
1865665
1865666
1865667
1865668
1865669
1550566
1560566
1565660
1565661
1565662
1565663
1565664
1565665
1565666
1565667
1565668
1565669
1566566
1569566
1850566
1855529
1855599
1855658
1855659
1780566
1785660
1788014
1788460
1990566
1994264
1995660
1995661
1995662
1995663
1995664
1995665
1995666
1995667
1995668
1995669
1330566
1332916
1333566
1333916
1334566
1334914
1335566
1336566
1338566
1339566
1339966
1890566
1895660
1895661
1895662
1895663
1895664
1895665
1895666
1895667
1895668
1895669
1896373
1896374
1361566
1362560
1363566
1363712
1364566
1366566
1369566
1369663
1950566
1955660
1955661
1800566
1805660
1805661
1805662
1805663
1805664
1805665
1805666
1805667
1805668
1805669
1807549
1809566
1809848
1530566
1532443
1533966
1534566
1535778
1535779
1537566
1538536
1538537
1538538
1538539
1538546
1538547
1538566
1539566
