1510702
1510792
1517025
1517026
1517027
1517028
1517029
1517091
1517092
1517093
1517094
1517095
1517096
1517097
1517098
1517099
1517920
1517921
1517922
1517923
1517924
1517925
1517926
1517927
1517928
1517929
1518060
1518061
1518062
1518063
1518064
1518065
1518066
1518067
1518068
1518069
1820792
1827020
1827021
1827022
1827023
1827024
1827025
1827026
1827027
1827028
1827029
1827065
1827066
1827067
1827068
1827069
1827092
1827920
1827921
1827922
1827923
1827924
1827925
1827926
1827927
1827928
1827929
1829621
1829622
1829623
1829624
1829625
1829626
1829627
1829628
1829629
1340702
1340792
1342658
1342659
1342660
1342661
1342662
1343702
1343792
1347920
1347921
1347922
1347923
1347924
1347925
1347926
1347927
1347928
1347929
1347987
1347988
1347989
1580702
1580792
1587080
1587081
1587082
1587083
1587084
1587085
1587086
1587087
1587088
1587089
1587920
1587921
1587922
1587923
1587924
1587925
1587926
1587927
1587928
1587929
1760702
1760792
1767902
1767912
1767922
1768792
1311782
1311792
1312520
1312522
1313363
1313364
1313365
1313366
1313392
1313401
1315570
1315571
1315572
1315573
1315598
1317082
1317092
1317770
1317771
1317772
1317773
1317792
1318460
1318461
1318462
1319783
1319792
1730702
1730792
1734660
1734669
1734672
1737042
1737920
1737921
1737922
1737923
1737924
1737925
1737926
1737927
1737928
1737929
1380355
1380356
1380702
1380792
1387020
1387021
1387022
1387023
1387024
1387025
1387026
1387027
1387028
1387029
1387920
1387921
1387922
1387923
1387924
1387925
1387926
1387927
1387928
1387929
1660702
1660792
1667902
1870702
1870792
1872013
1872014
1872015
1872016
1872017
1872018
1872019
1872020
1872021
1872022
1872023
1872024
1872025
1872026
1872027
1872028
1872029
1872042
1877020
1877021
1877022
1877023
1877024
1877025
1877026
1877027
1877028
1877029
1877042
1877082
1877092
1877920
1877921
1877922
1877923
1877924
1877925
1877926
1877927
1877928
1877929
1879782
1879792
1570702
1570792
1571702
1571792
1572094
1572095
1572096
1572097
1572098
1577920
1577921
1577922
1577923
1577924
1577925
1577926
1577927
1577928
1577929
1577940
1577941
1577942
1577983
1577984
1577985
1579797
1579798
1840792
1846000
1846001
1846002
1846003
1846004
1846005
1846006
1846007
1846008
1846009
1847020
1847021
1847022
1847023
1847024
1847025
1847026
1847027
1847028
1847029
1847907
1847908
1847920
1847921
1847922
1847923
1847924
1847925
1847926
1847927
1847928
1847929
1980792
1981512
1984140
1984141
1984142
1984143
1987013
1987014
1987015
1987016
1987017
1987018
1987019
1988020
1988021
1988022
1988023
1988024
1988025
1988026
1988027
1988028
1988029
1988066
1988067
1988669
1650792
1651792
1700790
1700792
1700793
1700794
1701695
1701696
1701697
1701698
1701699
1702798
1702799
1708720
1708721
1708722
1708723
1708724
1708725
1708726
1910702
1910706
1910792
1914204
1914205
1914206
1914207
1914208
1917920
1917921
1917922
1917923
1917924
1917925
1917926
1917927
1917928
1917929
1320702
1320792
1321702
1321792
1323702
1323761
1323762
1323792
1324702
1324772
1324782
1324785
1324792
1325702
1325792
1326302
1326392
1750702
1750792
1757902
1880702
1880792
1881640
1881641
1881642
1881643
1882792
1887020
1887021
1887022
1887023
1887024
1887025
1887026
1887092
1887920
1887921
1887922
1887923
1887924
1887925
1887926
1887927
1887928
1887929
1889792
1470702
1470792
1477086
1477087
1477088
1477089
1477950
1477951
1477952
1477953
1477954
1479642
1479691
1479692
1479693
1479694
1479695
1479696
1479697
1479698
1479699
1479782
1479792
1370792
1375520
1375521
1375522
1375523
1375524
1375525
1375526
1375527
1375528
1375529
1376720
1376721
1376722
1376723
1376724
1376725
1376726
1376727
1810702
1810792
1814660
1814672
1816072
1816079
1816212
1816225
1816226
1816227
1816228
1816229
1817020
1817021
1817022
1817023
1817024
1817025
1817026
1817027
1817028
1817029
1817042
1817290
1817291
1817292
1817293
1817294
1817299
1817402
1817892
1817920
1817921
1817922
1817923
1817924
1817925
1817926
1817927
1817928
1817929
1520702
1520792
1527017
1527018
1527019
1527020
1527021
1527022
1527023
1527024
1527025
1527026
1527027
1527028
1527029
1527055
1527056
1527057
1527058
1527059
1527920
1527921
1527922
1527923
1527924
1527925
1527926
1527927
1527928
1527929
1529792
1860702
1860792
1867902
1867920
1867921
1867922
1867923
1867924
1867925
1867926
1867927
1867928
1867929
1550792
1557020
1557021
1557022
1557023
1557024
1557920
1557921
1557922
1557923
1390702
1390792
1397020
1397021
1397022
1397023
1397024
1397025
1397026
1397027
1397028
1397029
1397920
1397921
1397922
1397923
1397924
1397925
1397926
1397927
1397928
1397929
1671792
1672792
1673792
1300725
1300726
1300727
1300729
1302725
1302726
1302727
1302729
1303725
1303726
1303727
1303729
1304492
1304792
1306415
1306416
1306417
1306418
1306419
1309702
1309725
1309726
1309727
1309729
1590702
1590792
1594950
1594951
1594952
1594953
1594954
1594955
1594956
1594957
1594958
1594959
1597990
1597991
1597992
1597993
1597994
1597995
1597996
1597997
1597998
1597999
1770702
1770792
1774660
1774669
1777020
1777021
1777022
1777023
1777024
1777025
1777026
1777027
1777028
1777029
1777920
1777921
1777922
1777923
1777924
1777925
1777926
1777927
1777928
1777929
1350702
1350706
1350792
1351702
1351792
1357620
1357621
1357622
1357623
1357624
1452652
1452662
1454442
1454452
1457022
1458320
1458321
1458322
1458323
1458324
1500702
1500792
1507020
1507021
1507022
1507023
1507024
1507025
1507026
1507027
1507028
1507029
1507920
1507921
1507922
1507923
1507924
1507925
1507926
1507927
1507928
1507929
1830702
1830792
1831792
1836544
1837010
1837011
1837012
1837013
1837020
1837021
1837022
1837023
1837024
1837025
1837026
1837027
1837028
1837029
1837920
1837921
1837922
1837923
1837924
1837925
1837926
1837927
1837928
1837929
1837960
1837961
1837962
1839782
1839792
1800022
1800023
1800024
1800072
1800792
1804660
1804672
1804682
1807020
1807021
1807022
1807023
1807024
1807042
1807052
1807920
1807921
1807922
1807923
1807924
1807925
1807926
1807927
1807928
1807929
1530702
1530792
1534792
1535002
1535013
1535014
1535020
1535021
1535022
1535023
1535024
1535046
1537420
1537421
1537422
1537423
1537431
1537432
1538771
1538772
1538773
1538774
1538775
1538792
1539080
1539081
1539082
1539083
1539084
1539085
1539086
1539087
1539088
1539781
1539782
1539792
1360702
1360792
1361702
1361792
1362702
1362706
1362792
1363597
1363598
1364702
1364792
1365702
1365792
1366702
1366792
1367225
1367226
1367702
1367792
1368482
1368702
1368792
1369481
1369482
1369702
1369792
1369802
1369840
1369842
1890702
1890792
1894225
1897020
1897021
1897022
1897023
1897024
1897025
1897026
1897027
1897028
1897029
1897920
1897921
1897922
1897923
1897924
1897925
1897926
1897927
1897928
1897929
1330702
1330792
1331702
1331792
1331944
1331945
1332002
1332012
1333000
1333001
1333002
1333003
1334002
1334012
1336172
1336702
1336792
1338702
1338792
1339704
1339792
1713792
1715293
1715295
1715296
1715792
1716792
1716841
1716842
1716843
1716844
1717792
1718293
1718295
1718296
1718792
1718845
1718846
1718847
1719792
1990702
1990792
1991450
1991451
1991452
1991453
1991454
1991455
1991456
1994212
1997012
1997020
1997021
1997022
1997023
1997024
1997025
1997026
1997027
1997028
1997029
1997042
1997920
1997921
1997922
1997923
1997924
1997925
1997926
1997927
1997928
1997929
1560702
1560792
1567920
1567921
1567922
1567923
1567924
1567925
1567926
1567927
1567928
1567929
1569782
1569792
1850702
1850792
1857920
1857921
1857922
1857923
1780792
1780882
1784628
1784629
1784630
1787072
1787082
1787092
1787902
1787980
1787981
1787982
1787983
1787984
1787985
1787986
1787987
1787988
1787989
1788742
1789152
1789792
