1820756
1821152
1821833
1821893
1510756
1511313
1511314
1511315
1511316
1511317
1511318
1511319
1511880
1760756
1766600
1766601
1766627
1768817
1768818
1768819
1580756
1581165
1581166
1581167
1581168
1581169
1581260
1581261
1581262
1581263
1581264
1581270
1581271
1581272
1581273
1581274
1581275
1581276
1581277
1581278
1581279
1581895
1581896
1581897
1581898
1581899
1581940
1581941
1581942
1581943
1581944
1581945
1581946
1581947
1581948
1581949
1581980
1581981
1581982
1581983
1581984
1582055
1582056
1582057
1582058
1582059
1587560
1587561
1587562
1587563
1587564
1587565
1587566
1587567
1587568
1587569
1587662
1587663
1587664
1587665
1587666
1587667
1587668
1587669
1588986
1588987
1341135
1341136
1341137
1341138
1341139
1341140
1341141
1341142
1341143
1341144
1341145
1341146
1341147
1341148
1341149
1341150
1341151
1341152
1341153
1341154
1341155
1341156
1341157
1341158
1341159
1341770
1341771
1341772
1341773
1341774
1341775
1341776
1341777
1341778
1341779
1341780
1341781
1341782
1341783
1341784
1341785
1341786
1341787
1341788
1341789
1341790
1341791
1341792
1341793
1341794
1342245
1342246
1342500
1342501
1342502
1342503
1342504
1342505
1342506
1342507
1342508
1342509
1342770
1342771
1342772
1342773
1342774
1342775
1342776
1342777
1342778
1342779
1343155
1343156
1343157
1343158
1343159
1343190
1343191
1343192
1343193
1343194
1730756
1730826
1732246
1732286
1732296
1732575
1732576
1732820
1732821
1732822
1732823
1732824
1732975
1732984
1734284
1734285
1736825
1736826
1736827
1736828
1736829
1737680
1310470
1310471
1310472
1310473
1310474
1310680
1310681
1310682
1310683
1310684
1311230
1311231
1311232
1311233
1311234
1311235
1311236
1311237
1311238
1311239
1311342
1311343
1311344
1312850
1312851
1312852
1312853
1312854
1312855
1312856
1312857
1312858
1312859
1313810
1313811
1313812
1313813
1313814
1314310
1314311
1314312
1314313
1314314
1314930
1314931
1316064
1316065
1316066
1316067
1316068
1316069
1316865
1316866
1316867
1316868
1316869
1316960
1316961
1316962
1316963
1316964
1316965
1316966
1316967
1316968
1316969
1317265
1317266
1319220
1319221
1319222
1319223
1319224
1319225
1319226
1319227
1319228
1319229
1660756
1662620
1662621
1662622
1662623
1662624
1662625
1662626
1662627
1662628
1662629
1666607
1666686
1667560
1667561
1667562
1667563
1667564
1667565
1667566
1667567
1667568
1667569
1380267
1380923
1380980
1382300
1382301
1382302
1382303
1382304
1382305
1382306
1382307
1382308
1382309
1382410
1382411
1382412
1382413
1382414
1382415
1382416
1382417
1382418
1382419
1382560
1382561
1382562
1382563
1382564
1382565
1382566
1382567
1382568
1382569
1650619
1650756
1651176
1651756
1980648
1980756
1981214
1981452
1982051
1982090
1982091
1983013
1983031
1983060
1983093
1984931
1985400
1986405
1986505
1986532
1986595
1986634
1986637
1986740
1986853
1986856
1986859
1987560
1987561
1987562
1987801
1987852
1840756
1571817
1571846
1572829
1572843
1572869
1572870
1321756
1322600
1322601
1322602
1322603
1322604
1322605
1322648
1322649
1322975
1322976
1322977
1322985
1322987
1322988
1323220
1323221
1323222
1323223
1323224
1323225
1323226
1323227
1323228
1323229
1323250
1323251
1323252
1324267
1324268
1324269
1324635
1324636
1324637
1324638
1324639
1325003
1325004
1325005
1325006
1325007
1325756
1326795
1326796
1326797
1326798
1326799
1328600
1328601
1328602
1328603
1328604
1328605
1328606
1328607
1328608
1910756
1912591
1912592
1916885
1916886
1916887
1916888
1916889
1700756
1700775
1700784
1700785
1700786
1700787
1700788
1700789
1701710
1701711
1701712
1701713
1701714
1702755
1702756
1702757
1705115
1705276
1706438
1706439
1706440
1706441
1706442
1706443
1706444
1706445
1708943
1708944
1708945
1708946
1708947
1708948
1708949
1708980
1708981
1708982
1708983
1708984
1708985
1708986
1708987
1708988
1708989
1708990
1708991
1708992
1708993
1708994
1708995
1708996
1708997
1708998
1708999
1709415
1709416
1709417
1709977
1709987
1709989
1709990
1709991
1709992
1709993
1709994
1370231
1370232
1370233
1370257
1370264
1370276
1370277
1370294
1370300
1370968
1370969
1372620
1372621
1372622
1372623
1372624
1372625
1372626
1372627
1372628
1372629
1372700
1372701
1372702
1372703
1372704
1372705
1372706
1372707
1372708
1372709
1372785
1372786
1372787
1372788
1372789
1375000
1375001
1375002
1375003
1375004
1375005
1375006
1375007
1375008
1375009
1379895
1379896
1379897
1379898
1379899
1471465
1471496
1471526
1471551
1471610
1880253
1880756
1881860
1881861
1881862
1881863
1881864
1881865
1882562
1882563
1882564
1882620
1882621
1882690
1882691
1882692
1882693
1882694
1889980
1750626
1750756
1752024
1752025
1752026
1752027
1752028
1520756
1521715
1521716
1521717
1521718
1521785
1521786
1521787
1521788
1522050
1522051
1522052
1522053
1522054
1522055
1810756
1812445
1812506
1812507
1812811
1812812
1812813
1812814
1813868
1814467
1814468
1814882
1816320
1816322
1816323
1816340
1816341
1816342
1816343
1816550
1816551
1816552
1816553
1816554
1816555
1816556
1816557
1816558
1816559
1816560
1816561
1819879
1671756
1672756
1673756
1390253
1390286
1390287
1392336
1392337
1392338
1392339
1392470
1392471
1392690
1392691
1392692
1392693
1392694
1392695
1392696
1392697
1392698
1392699
1392800
1392801
1392802
1392803
1392804
1392805
1392806
1392807
1392808
1392809
1860756
1866610
1866611
1866612
1866613
1866614
1866690
1866691
1866692
1866693
1866694
1866695
1866696
1866697
1866698
1866699
1867560
1867561
1867562
1867563
1867645
1867646
1867647
1867648
1867649
1868815
1868816
1868817
1868818
1868819
1300569
1300576
1300577
1300578
1300579
1301630
1301631
1301632
1301633
1301634
1301635
1301636
1301637
1301638
1301639
1301847
1301848
1301849
1302569
1302576
1302577
1302578
1302579
1304635
1304636
1304637
1304638
1304639
1307560
1307561
1307562
1307563
1307564
1307565
1307566
1307567
1307568
1307569
1308580
1308581
1308582
1308583
1726014
1452953
1452954
1452955
1453918
1453969
1454674
1454675
1454808
1454822
1457914
1458756
1458765
1458930
1458931
1458932
1458933
1458934
1458935
1458936
1350024
1352720
1352721
1352722
1352723
1352724
1352725
1352726
1352727
1352728
1352729
1353220
1353221
1353222
1353223
1353224
1353225
1353226
1353227
1353228
1353229
1353650
1353651
1353652
1353653
1353654
1353655
1353656
1353657
1353658
1353659
1353955
1353956
1353957
1353958
1353959
1354300
1354301
1354302
1354303
1354304
1354305
1354306
1354307
1354308
1354309
1354385
1354386
1354387
1354388
1354389
1354490
1354491
1354492
1354493
1354494
1357060
1357061
1357062
1357063
1357064
1357065
1357066
1357067
1357068
1357069
1770306
1770756
1772202
1772203
1772204
1772205
1772206
1772207
1772208
1772209
1772418
1772419
1772578
1776520
1776521
1776522
1776523
1776568
1776569
1776570
1776571
1776572
1776573
1776590
1776591
1776592
1776593
1776594
1776598
1776599
1590756
1591320
1591321
1591322
1591323
1591324
1591325
1591326
1591327
1591328
1591329
1591620
1591621
1591622
1591623
1591624
1591625
1591626
1591627
1591628
1591629
1591630
1591631
1591632
1591633
1591634
1591910
1591911
1591912
1591913
1591914
1591915
1591916
1591917
1591918
1591919
1591920
1591921
1591922
1591923
1591924
1591925
1591926
1591927
1591928
1591929
1597693
1597694
1597695
1597696
1597697
1597698
1597699
1598975
1598976
1598977
1598978
1598979
1599260
1599261
1599262
1599263
1599264
1599265
1599266
1599267
1599268
1599269
1830756
1831884
1500756
1501490
1501491
1501492
1501493
1501590
1501591
1501592
1501593
1501594
1501595
1501596
1501597
1501598
1501599
1501745
1501746
1501817
1501818
1501819
1501830
1501831
1501832
1501833
1501834
1501885
1501886
1501992
1501993
1501994
1508810
1508915
1508916
1508917
1508918
1508919
1509985
1530756
1532360
1532361
1532362
1532363
1532364
1532397
1532398
1532399
1533815
1533816
1533817
1533818
1533819
1534480
1534481
1534482
1534483
1534484
1534485
1534486
1534487
1534488
1534489
1536277
1536278
1536279
1536350
1536351
1536352
1536353
1536354
1536355
1536356
1536357
1536358
1536359
1536370
1536371
1536372
1536373
1536374
1536375
1536376
1536377
1536378
1536379
1536395
1536396
1536397
1536398
1536399
1538432
1538433
1538434
1538435
1538436
1800756
1802300
1802301
1802302
1802303
1802304
1802305
1802306
1802307
1802308
1802309
1802507
1802508
1802509
1802993
1806360
1806361
1806362
1806363
1806364
1806365
1806366
1806367
1806368
1806369
1806380
1806381
1806382
1806383
1806384
1806385
1806386
1806387
1806388
1806389
1806390
1806391
1806392
1806393
1806394
1806395
1806396
1806397
1806398
1806399
1808882
1890253
1890286
1890287
1892336
1892337
1892338
1892339
1892470
1892471
1892690
1892691
1892692
1892693
1892694
1892695
1892696
1892697
1892698
1892699
1892800
1892801
1892802
1892803
1892804
1892805
1892806
1892807
1892808
1892809
1893320
1893321
1894815
1899816
1899817
1899818
1899819
1950082
1950083
1950164
1950171
1950968
1951050
1951077
1951082
1952756
1953078
1360036
1361220
1361221
1361222
1361223
1362046
1362047
1362254
1362296
1363120
1363121
1363122
1363123
1363124
1363125
1363126
1363127
1363128
1363129
1365224
1365225
1367265
1367266
1367267
1367268
1367269
1367270
1367271
1367272
1367273
1367274
1367275
1367276
1367277
1367278
1367279
1367600
1367601
1367602
1367603
1367604
1367605
1367606
1367607
1367608
1367609
1368030
1368031
1368032
1368033
1368034
1368035
1368036
1368037
1368038
1368039
1369770
1369771
1369772
1369773
1369774
1369775
1369776
1369777
1369778
1369779
1712070
1712071
1713756
1715756
1716756
1716764
1716782
1716783
1716784
1716785
1716786
1716787
1716789
1716860
1716861
1716862
1716863
1716864
1716865
1716867
1716869
1716880
1716881
1716882
1716884
1716964
1717756
1717886
1717887
1718034
1718480
1718756
1718764
1719044
1719756
1719767
1719768
1719867
1719868
1719869
1719880
1719881
1719882
1330253
1330286
1330287
1331847
1331848
1331849
1331894
1331895
1331896
1331897
1331898
1332286
1332287
1332660
1332661
1332662
1332663
1332664
1332665
1332666
1332667
1332668
1332669
1334640
1334641
1334642
1336060
1336061
1336076
1336077
1337756
1338060
1338061
1338062
1338063
1338064
1339252
1339253
1339254
1339295
1339296
1339297
1339298
1339299
1780202
1780667
1780672
1781149
1781724
1781745
1781756
1781772
1781819
1781851
1782004
1782031
1782572
1782573
1782574
1782575
1782576
1782577
1782596
1784155
1784156
1784157
1784158
1784159
1784160
1784161
1784162
1784163
1784164
1784165
1784166
1786812
1786813
1786815
1787560
1787667
1787693
1788073
1789653
1850756
1852960
1852961
1852962
1852963
1852964
1852965
1852966
1857560
1857561
1857562
1857563
1857564
1857565
1857566
1857820
1857821
1857822
1857823
1857824
1857825
1857826
1857827
1857828
1857829
1859014
1560253
1560286
1560287
1562690
1562691
1562692
1562693
1562694
1562695
1562696
1562697
1562698
1562699
1566009
1569203
1569204
1569756
1992552
1992553
1992554
1992555
1996562
1996563
1996564
1996565
1996566
1996567
