1990886
1998879
1560886
1568759
1569460
1786776
1786777
1786938
1786939
1786993
1787477
1787478
1787479
1858707
1858708
1330886
1331275
1332044
1336886
1337886
1338886
1339886
1717707
1717708
1717709
1718479
1719708
1719709
1719800
1361886
1890886
1898836
1898837
1898838
1800886
1530886
1533144
1533442
1500885
1509641
1509680
1509681
1830886
1590886
1591186
1592555
1598730
1598731
1770886
1778797
1452886
1454657
1459428
1459429
1350886
1357846
1303593
1308744
1860886
1866923
1866924
1550886
1398860
1398861
1398862
1398863
1398864
1398865
1398866
1398867
1398868
1398869
1673896
1673897
1673898
1818350
1520886
1880698
1880884
1880886
1884991
1886979
1750886
1470886
1473689
1700886
1708423
1708424
1708425
1910886
1918849
1320886
1321194
1570884
1570885
1570886
1577020
1577021
1577022
1577023
1577024
1840886
1846920
1846921
1848759
1980886
1981153
1981326
1984476
1986962
1986963
1988750
1988751
1660886
1870886
1872480
1872481
1872482
1872549
1876099
1311693
1315072
1317056
1318749
1318799
1730886
1738754
1581225
1588758
1760881
1760886
1519861
1821311
1821312
1821313
1828880
1828881
