1500740
1500741
1500742
1500743
1507430
1507431
1507432
1507433
1507434
1507435
1507436
1507437
1507438
1507439
1508085
1508086
1508087
1508088
1508089
1830743
1837428
1837430
1837431
1837432
1837433
1837434
1837435
1837436
1837437
1837438
1837439
1452743
1453743
1454517
1458773
1458774
1458775
1458776
1350843
1351743
1357430
1357431
1357432
1357433
1357434
1357435
1357436
1357437
1357438
1357439
1590741
1590742
1590743
1597430
1597431
1597432
1597433
1597434
1770743
1771170
1774260
1774261
1774262
1774263
1775260
1775261
1775262
1775263
1777430
1777431
1777432
1777433
1777434
1777435
1777436
1777437
1777438
1777593
1303740
1303741
1303742
1303743
1308545
1308546
1726448
1726743
1390743
1397430
1397431
1397432
1397433
1397434
1397435
1397436
1397437
1397438
1397439
1860743
1860843
1861392
1862743
1867043
1867430
1867431
1867432
1867433
1867434
1869258
1869259
1550743
1557690
1557691
1557692
1557693
1557694
1557695
1557696
1557697
1557698
1557699
1558043
1558044
1558045
1558046
1558047
1558048
1558049
1558050
1558051
1558052
1558053
1560743
1561689
1567430
1567431
1567432
1567433
1567434
1567435
1567436
1567437
1567438
1567439
1569743
1787208
1787290
1787291
1787360
1787361
1787777
1850743
1852580
1852581
1852582
1852583
1852584
1856909
1856970
1856971
1856972
1856973
1856974
1857043
1857399
1857430
1857431
1857432
1857433
1857434
1857435
1857474
1857475
1997430
1997431
1997432
1997433
1997434
1997435
1997436
1997437
1997438
1997439
1330743
1331743
1331963
1332723
1333728
1334873
1334963
1335723
1336583
1336743
1337893
1338743
1339743
1339763
1890743
1894203
1897430
1897431
1897432
1897433
1897434
1897435
1897436
1897437
1897438
1897439
1361743
1362743
1363743
1956883
1800743
1807430
1807431
1807432
1807433
1807434
1807435
1807436
1807437
1807438
1807439
1807583
1807584
1530743
1534323
1534443
1534843
1536440
1536441
1536442
1536720
1536721
1536722
1536743
1537743
1538633
1538743
1870743
1877430
1877431
1877432
1877433
1879744
1879745
1879746
1879747
1879748
1660743
1661883
1667043
1730743
1730842
1730843
1734260
1734261
1734262
1734263
1734264
1734366
1734367
1734368
1734369
1734743
1736942
1736943
1737430
1737431
1737432
1737433
1737434
1737436
1737437
1737439
1737593
1737771
1310027
1310713
1310723
1310743
1311743
1313509
1313514
1313520
1314160
1314161
1314162
1314163
1314164
1317043
1317422
1317423
1580743
1587430
1587431
1587432
1587433
1587434
1587435
1587436
1587437
1587438
1587439
1589743
1760743
1765243
1767022
1767343
1767430
1767431
1767432
1767433
1767434
1767435
1767436
1767437
1767438
1767439
1768042
1768043
1340743
1346743
1346798
1346799
1346909
1348741
1348742
1348743
1348783
1510740
1510741
1510742
1510743
1510747
1510748
1510749
1517430
1517431
1517432
1517433
1517434
1517435
1517436
1517437
1517438
1517439
1820743
1822950
1822951
1822952
1822953
1822954
1810743
1817430
1817431
1817432
1817433
1817434
1817435
1817436
1817437
1817438
1817439
1520075
1520076
1520077
1520078
1520079
1520743
1527430
1527431
1527432
1527433
1527434
1527435
1527436
1527437
1527438
1527439
1370743
1373900
1373901
1373902
1373903
1373904
1376210
1376211
1376212
1376213
1376214
1376215
1376216
1378743
1378790
1378791
1378792
1378793
1378933
1470743
1477345
1477346
1477347
1477348
1477349
1478682
1478683
1478684
1478685
1478686
1478687
1478688
1478689
1880743
1886720
1886721
1886722
1886723
1886724
1886725
1887430
1887431
1887432
1887433
1887434
1887435
1887436
1887437
1887438
1887439
1889062
1889063
1889743
1750743
1757430
1757431
1757432
1757433
1757434
1757435
1757436
1757437
1757438
1757439
1320498
1320743
1321260
1321743
1323743
1325743
1329743
1980743
1570743
1571743
1840743
1847430
1847431
1847432
1847433
1847434
1847435
1847436
1847437
1847438
1847439
1847835
1847836
1847837
