1650261
1650955
1651251
1980955
1980959
1980965
1981421
1989505
1989515
1989519
1989965
1570955
1570965
1571955
1571956
1572955
1576955
1840845
1840848
1840860
1840865
1840869
1840955
1840957
1840961
1840965
1840967
1846505
1846515
1910955
1919515
1320955
1320957
1320964
1320965
1320967
1323955
1323957
1325955
1325957
1325959
1325965
1325967
1325969
1328955
1328957
1329955
1329957
1372333
1372334
1372335
1373950
1373951
1373952
1373953
1373954
1373955
1373956
1373957
1373958
1373959
1470955
1479505
1479506
1880955
1880965
1889505
1750955
1759505
1759509
1759510
1759515
1759516
1759519
1759525
1759535
1759542
1759545
1759554
1759555
1810955
1810956
1815238
1815239
1815240
1815241
1815245
1815246
1815247
1816155
1816905
1816906
1816907
1816955
1819505
1819507
1819525
1819550
1819551
1819552
1819553
1819554
1819555
1819556
1819557
1819558
1819559
1520265
1520955
1520965
1522625
1529695
1529699
1510955
1510956
1510965
1512185
1512189
1512195
1512199
1820955
1820965
1829515
1829525
1829535
1829545
1829546
1829555
1829565
1580955
1580956
1580965
1580967
1582535
1760955
1760957
1769505
1769515
1340955
1340957
1346965
1346967
1730955
1730956
1734127
1734128
1734129
1739555
1739556
1870955
1870956
1870965
1870966
1879505
1879515
1879525
1879526
1879535
1660955
1660957
1669505
1669515
1669517
1669525
1800956
1809550
1809551
1530955
1530956
1534955
1534958
1890955
1899545
1899546
1899547
1899548
1899549
1362953
1362955
1364955
1364958
1715955
1716955
1717955
1717956
1336955
1338955
1338956
1560955
1560957
1569505
1569509
1780955
1780965
1781115
1781119
1781125
1781135
1784825
1784826
1788775
1789955
1850950
1850955
1859500
1990955
1990956
1994442
1994443
1997655
1997656
1999506
1999545
1999546
1999547
1999550
1999551
1999552
1999553
1999554
1999555
1999556
1671950
1671955
1671956
1671957
1860955
1860957
1869550
1869551
1869552
1869553
1869554
1869556
1550087
1550965
1559505
1559515
1559525
1559546
1559547
1559548
1559549
1559555
1452875
1452877
1454638
1454639
1459606
1459607
1459608
1459609
1351923
1351924
1351925
1590955
1590956
1590959
1590965
1770955
1770956
1771185
1775235
1775245
1779550
1779551
1779552
1779553
1779554
1779555
1779556
1779557
1779558
1779559
1621956
1500863
1500865
1500869
1500955
1500957
1500965
1500969
1830955
1839515
