1347630
1347631
1347632
1347633
1347634
1347635
1347636
1347637
1347638
1347639
1347640
1347641
1347642
1347643
1347644
1347759
1348710
1348711
1348712
1348713
1348714
1348715
1348716
1348717
1348718
1760727
1767115
1767116
1767117
1767280
1768390
1768391
1768392
1768393
1580727
1587100
1587101
1587102
1587103
1587104
1587105
1587106
1587107
1587196
1587197
1587220
1587221
1587222
1587223
1587224
1587225
1587226
1587227
1587228
1587229
1587230
1587231
1587232
1587233
1587234
1587244
1589795
1589796
1589797
1589798
1589799
1820727
1827120
1827121
1827122
1827123
1827124
1827125
1827126
1827127
1827128
1827178
1827203
1827204
1827205
1827206
1827207
1827247
1510727
1517100
1517255
1517256
1517257
1517258
1517259
1517260
1517261
1517262
1517263
1517264
1517265
1517266
1517267
1517268
1517269
1660727
1660867
1667107
1667159
1667210
1667211
1667212
1667213
1667214
1667215
1667216
1667217
1667218
1667219
1667220
1380071
1380727
1387160
1387161
1387162
1387163
1387164
1387165
1387166
1387167
1387168
1387169
1387170
1387171
1387172
1387173
1387174
1387175
1387176
1387177
1387178
1387179
1388620
1388621
1388622
1388623
1388624
1388625
1388626
1388627
1388628
1388629
1870727
1872700
1872701
1872702
1872703
1872704
1872705
1872706
1872707
1872708
1872709
1872710
1872711
1872712
1872713
1872714
1872715
1872716
1872717
1872718
1872719
1877144
1877145
1877146
1877147
1877148
1877149
1877150
1877151
1877152
1877153
1877154
1877155
1877156
1877157
1310077
1311447
1311448
1311721
1311722
1311723
1313586
1313587
1313588
1314727
1316564
1317720
1317721
1317722
1317723
1317724
1319714
1319715
1319716
1319717
1319718
1319719
1732057
1734058
1734340
1734356
1736237
1736248
1736263
1736264
1736265
1736420
1737100
1737101
1737102
1737103
1737104
1737105
1737116
1737117
1738647
1738663
1738664
1738665
1738666
1739618
1739619
1701510
1701511
1701520
1701521
1702716
1702717
1320723
1320724
1320725
1321710
1321720
1322750
1322751
1322752
1322753
1322754
1322755
1322756
1322757
1322758
1322759
1323568
1323569
1324727
1325710
1325727
1325729
1326477
1326478
1326479
1327710
1327711
1327727
1327729
1329425
1329729
1910279
1910869
1914500
1917119
1917245
1840710
1842710
1847100
1847101
1847102
1847103
1847104
1847105
1847106
1847107
1847108
1847109
1847142
1847164
1847165
1847184
1847185
1570720
1570721
1570722
1570723
1570724
1571727
1571785
1571786
1572710
1572727
1577100
1577110
1579714
1579715
1579718
1579740
1579741
1980710
1980729
1981373
1984165
1984166
1984167
1987120
1987121
1987122
1987124
1987128
1987148
1987163
1987164
1987165
1987166
1987167
1987168
1987169
1987200
1987201
1987202
1987203
1987204
1987205
1650015
1650710
1650889
1651710
1651711
1652055
1652636
1653983
1655264
1655266
1655600
1655987
1655988
1657710
1520727
1527100
1527101
1527102
1527103
1527104
1527105
1527106
1527107
1527108
1527109
1527110
1527111
1527112
1527195
1527196
1527197
1527198
1527199
1810710
1812026
1812027
1812028
1812045
1814060
1815435
1815436
1815444
1815445
1816236
1816237
1816247
1816280
1816281
1816309
1816310
1816311
1816312
1816356
1816357
1816412
1817152
1817153
1817158
1817159
1818625
1818626
1818627
1818628
1818629
1818630
1818674
1818675
1818676
1750277
1750727
1750867
1757180
1757181
1757182
1757183
1757184
1757185
1757186
1757187
1757188
1757189
1757224
1757225
1757226
1757227
1757228
1757229
1880727
1880867
1882748
1882749
1882750
1882751
1882752
1882753
1882754
1882755
1882756
1887100
1887101
1887102
1887103
1887104
1887105
1887106
1887107
1887108
1887109
1887155
1887156
1887245
1887246
1887255
1887256
1887257
1887258
1887259
1370727
1377415
1377416
1377417
1377418
1379756
1379757
1379758
1379759
1379760
1379761
1379762
1379763
1379764
1379765
1379766
1379767
1379768
1379769
1379770
1379771
1379772
1379773
1379774
1379775
1379776
1470727
1477100
1477187
1477188
1477189
1477190
1728224
1728228
1728229
1728230
1303520
1303521
1303522
1303523
1303524
1304278
1304279
1304280
1304281
1304282
1304283
1308528
1308529
1309410
1309411
1309412
1309413
1309845
1309846
1550270
1550271
1550727
1554984
1554985
1554986
1554987
1554988
1554989
1557040
1557041
1557042
1557043
1557044
1557045
1557046
1557047
1557048
1557060
1557061
1557062
1557063
1557064
1557065
1557066
1557067
1557068
1557069
1557100
1557101
1557102
1557103
1557104
1557105
1557106
1557107
1557108
1557109
1557110
1557111
1557112
1557113
1557114
1557115
1557116
1557117
1557118
1557119
1557245
1557246
1558638
1558639
1558640
1558641
1558682
1558683
1558684
1558685
1558686
1558770
1558771
1558772
1558773
1558774
1558775
1558776
1558777
1558778
1558779
1860277
1860727
1860867
1867100
1867101
1867102
1867103
1867104
1867105
1867106
1867107
1867108
1867109
1867147
1867194
1867195
1867213
1867214
1867215
1867216
1867270
1867271
1867272
1867412
1869620
1869621
1869622
1869623
1869643
1869644
1390727
1390867
1397205
1397206
1397207
1397208
1397209
1397220
1397221
1397222
1397223
1397224
1397225
1397226
1397227
1397228
1397229
1398630
1398631
1398632
1398633
1398634
1398635
1398636
1398637
1398638
1398639
1399570
1399571
1399572
1399573
1399574
1399575
1399576
1399577
1399578
1399579
1830710
1830720
1830721
1831470
1831471
1831472
1832740
1832741
1832742
1832750
1832751
1832752
1832753
1832754
1832755
1832756
1832757
1832758
1832759
1837100
1837101
1837102
1837103
1837104
1837105
1837106
1837107
1837108
1837109
1837226
1837227
1837228
1837229
1500727
1507150
1507151
1507152
1507153
1507154
1507155
1507156
1507220
1507221
1507222
1507223
1507224
1507225
1507226
1507227
1507228
1507229
1509096
1509097
1621713
1770725
1774056
1774057
1774058
1774059
1775445
1776275
1776276
1776277
1776429
1777100
1777101
1777102
1777103
1777104
1777110
1777111
1777112
1777113
1777114
1777123
1777124
1778677
1778678
1778679
1590727
1592688
1592689
1597100
1597101
1597102
1597103
1597104
1597105
1597106
1597107
1597108
1597109
1597110
1597111
1597112
1597113
1597114
1597115
1597116
1597223
1597224
1597225
1597226
1599717
1599718
1599719
1599720
1599721
1599722
1599723
1599724
1599725
1599726
1599727
1599728
1599729
1599730
1599731
1452710
1452727
1454489
1454906
1454907
1457380
1457381
1458630
1458631
1458632
1458633
1458634
1350727
1350728
1350866
1354530
1354531
1354532
1354533
1358141
1358142
1358143
1358144
1359746
1359747
1359748
1359749
1359750
1359751
1359752
1359753
1953610
1957127
1957128
1957129
1957130
1957131
1957132
1957133
1957134
1957135
1957136
1360727
1361710
1361720
1362719
1363578
1363579
1363580
1364710
1365710
1366900
1367710
1368710
1368728
1368729
1369710
1369711
1369720
1369721
1369722
1890727
1890867
1893460
1893461
1897205
1897206
1897207
1897208
1897209
1897220
1897221
1897222
1897223
1897224
1897225
1897226
1897227
1897228
1897229
1898630
1898631
1898632
1898633
1898634
1898635
1898636
1898637
1898638
1898639
1899566
1899567
1899568
1530727
1530867
1532747
1532790
1532791
1532792
1532793
1533422
1533423
1533424
1533591
1533592
1533593
1533734
1534230
1534231
1534232
1534718
1534719
1534728
1539157
1539158
1539159
1539160
1539277
1539278
1539279
1800727
1800867
1804060
1806223
1806224
1806225
1806226
1806280
1806281
1806413
1806414
1807115
1807116
1807156
1807176
1807177
1807178
1808612
1808613
1990727
1990867
1994506
1994507
1994508
1994509
1994510
1994511
1994789
1997190
1997191
1997192
1997193
1997194
1997195
1997196
1997197
1997222
1997223
1997224
1997225
1997226
1997227
1997228
1997229
1997296
1997297
1997298
1997299
1998623
1998624
1998625
1998626
1998643
1998644
1998645
1850727
1857116
1857117
1857118
1857119
1857120
1857121
1857144
1857205
1857206
1857220
1857221
1857222
1857223
1857224
1857228
1857270
1780719
1780725
1786623
1787115
1787122
1787138
1787155
1787159
1787160
1787161
1787162
1787163
1787188
1789710
1560727
1560867
1561494
1561495
1561496
1562930
1562931
1562932
1567126
1567127
1567128
1567129
1567130
1567131
1567132
1567133
1567134
1567148
1567149
1569710
1330727
1330867
1331727
1331753
1331754
1331755
1332986
1332987
1333980
1333981
1333982
1334356
1334357
1334980
1336710
1337797
1338721
1338722
1338723
1338724
1339610
1339611
1339612
