1671374
1671649
1671654
1671656
1672374
1673374
1674171
1674374
1390374
1390399
1393740
1393741
1393742
1393743
1393744
1393745
1393746
1393747
1393748
1393749
1393877
1393878
1393879
1393890
1393891
1394980
1394981
1394982
1394983
1394984
1550374
1551738
1551739
1553740
1553741
1553742
1553743
1553744
1553745
1553746
1553747
1553748
1553749
1553975
1553976
1556529
1556530
1556531
1556532
1860374
1860399
1862380
1863740
1863741
1863742
1863743
1863744
1863745
1863746
1863747
1863748
1863749
1863971
1863972
1869735
1869736
1869737
1869738
1300767
1301759
1302767
1304374
1306950
1306951
1306952
1306953
1306954
1308015
1308016
1308017
1308019
1308361
1308374
1452323
1452324
1454212
1458430
1458431
1458432
1458433
1458434
1350374
1350389
1351374
1352328
1352329
1352374
1356945
1356946
1356947
1356948
1356949
1356990
1356991
1356992
1356993
1356994
1356995
1356996
1356997
1356998
1356999
1359895
1359896
1359897
1359898
1359899
1960374
1770374
1770399
1771626
1771991
1771993
1773086
1773087
1773472
1773487
1773728
1773744
1773767
1773768
1773785
1773933
1773963
1774467
1774699
1777288
1779669
1779678
1779771
1590374
1593630
1593631
1593632
1593633
1593634
1593635
1593636
1593637
1593638
1593639
1593740
1593741
1593742
1593743
1593744
1593745
1593746
1593747
1593748
1593749
1593990
1593991
1593992
1593993
1593994
1593995
1593996
1593997
1593998
1593999
1599360
1599361
1599362
1599363
1599364
1599365
1599366
1599367
1599368
1599369
1599405
1599406
1599407
1599408
1599409
1830374
1831740
1831741
1831742
1831743
1831744
1831745
1831746
1833740
1833741
1833742
1833743
1833744
1833745
1833746
1833747
1833748
1833749
1833900
1833901
1833902
1833903
1833904
1833905
1833906
1833907
1833908
1833909
1500374
1503740
1503741
1503742
1503743
1503744
1503745
1503746
1503747
1503748
1503749
1503890
1503891
1503892
1503893
1503894
1503895
1503896
1503897
1503898
1503899
1509025
1509026
1509027
1509028
1509029
1530374
1530399
1533374
1533385
1533399
1534374
1539377
1539378
1539379
1800374
1800395
1800399
1803990
1803991
1803995
1803999
1890374
1890399
1893740
1893741
1893742
1893743
1893744
1893745
1893746
1893747
1893748
1893749
1893910
1893911
1893912
1360374
1360843
1360848
1361374
1361988
1362374
1362988
1363374
1363966
1364374
1365374
1366374
1367374
1367381
1368374
1369374
1712260
1712261
1712262
1712263
1712264
1712265
1712266
1712267
1712268
1712269
1712270
1712271
1712272
1712273
1712274
1712275
1712276
1713374
1715374
1716374
1717361
1717362
1717363
1717365
1717367
1717374
1717460
1717461
1717462
1717463
1717464
1718360
1718368
1718374
1719374
1719390
1330374
1330399
1332374
1332399
1333374
1333399
1334374
1334669
1334670
1335374
1338374
1780374
1781496
1783709
1783740
1783741
1783742
1783743
1783744
1783745
1783746
1783747
1783748
1783749
1783912
1783913
1783914
1783915
1788494
1788495
1789683
1850374
1853900
1853901
1853902
1853903
1853904
1853905
1853906
1853907
1853908
1853909
1856730
1856731
1856732
1856733
1856734
1856735
1856736
1856737
1560374
1560385
1560386
1560387
1560388
1560389
1561720
1561721
1561722
1561723
1561724
1561725
1561726
1561727
1561728
1561748
1561749
1563740
1563741
1563742
1563743
1563744
1563745
1563746
1563747
1563748
1563749
1563875
1563876
1563877
1563878
1563879
1564980
1564981
1564982
1564983
1564984
1566420
1566421
1569089
1990374
1990399
1991374
1993743
1993744
1993919
1993983
1994399
1820374
1823680
1823681
1823682
1823683
1823684
1823740
1823741
1823742
1823743
1823744
1823745
1823746
1823747
1823748
1823749
1510374
1513680
1513681
1513682
1513683
1513684
1513685
1513686
1513687
1513688
1513689
1513740
1513741
1513742
1513743
1513744
1513745
1513746
1513747
1513748
1513749
1518850
1518851
1518852
1518853
1518854
1760374
1761332
1761333
1761334
1761356
1763030
1763031
1763032
1763033
1763080
1763081
1763082
1763083
1763084
1763085
1763086
1763087
1763088
1763089
1763470
1763471
1763472
1763473
1763474
1763475
1763476
1763870
1763871
1763900
1763901
1763902
1763903
1763904
1763905
1763906
1763907
1763908
1763909
1765626
1765628
1769800
1769801
1769802
1769803
1580374
1583650
1583651
1583652
1583653
1583654
1583655
1583656
1583657
1583658
1583659
1583740
1583741
1583742
1583743
1583744
1583745
1583746
1583747
1583748
1583749
1589370
1589371
1589372
1589373
1589374
1589375
1589376
1589377
1589378
1589379
1340374
1340935
1340936
1340937
1340938
1340939
1346050
1346051
1346052
1346053
1346054
1346055
1346056
1346057
1346058
1346059
1346210
1346211
1346212
1346213
1346214
1346215
1346216
1346217
1346218
1346219
1730374
1730399
1732622
1732938
1732948
1733527
1733528
1733529
1733540
1733741
1733744
1733746
1733747
1733749
1733900
1733901
1733902
1733903
1734464
1734474
1735257
1739585
1310374
1310388
1313740
1313741
1313742
1313743
1313788
1313789
1314062
1318302
1318303
1319343
1319344
1319345
1319346
1870374
1873740
1873741
1873742
1873743
1873744
1873745
1873746
1873747
1873748
1873749
1874955
1874956
1874957
1874958
1874959
1876880
1876881
1876882
1876883
1876884
1660374
1663740
1663741
1663742
1663743
1663744
1663745
1663746
1663747
1663748
1663749
1663853
1663854
1663855
1663856
1663857
1663858
1663859
1663860
1663861
1663862
1663863
1663865
1663866
1664977
1664978
1669655
1669680
1669681
1669682
1669683
1669684
1669685
1669686
1669687
1669688
1669689
1380374
1383740
1383741
1383742
1383743
1383744
1383745
1383746
1383747
1383748
1383749
1383900
1383901
1383902
1383903
1383904
1384985
1384986
1384987
1384988
1384989
1650026
1650374
1651197
1651650
1653374
1655274
1655631
1655705
1980374
1981273
1983613
1983740
1983741
1983742
1983743
1983744
1983745
1983746
1983748
1983749
1983995
1983996
1840374
1843606
1843621
1843740
1843741
1843742
1843743
1843744
1843745
1843746
1843747
1843748
1843749
1570374
1571374
1571650
1571651
1571679
1573680
1573681
1573682
1573683
1573684
1573743
1573744
1573745
1573746
1573747
1573748
1573749
1573845
1573869
1321335
1321336
1321337
1321338
1321339
1324333
1324334
1324335
1324336
1325370
1325371
1325372
1325373
1325374
1327118
1327119
1327120
1327121
1327122
1327123
1327124
1327125
1327126
1327127
1327128
1327129
1327374
1327385
1327386
1327387
1328374
1329075
1329504
1329820
1329821
1329822
1329823
1329824
1329825
1329826
1329843
1329844
1329845
1910374
1910399
1914374
1914399
1701388
1701389
1704249
1704250
1704251
1704252
1704253
1704254
1704255
1704256
1704257
1704258
1704259
1704260
1704261
1704262
1704263
1704264
1707374
1707385
1707386
1707387
1708374
1708483
1370089
1370374
1370760
1373360
1373361
1373362
1373363
1373364
1373365
1373366
1373367
1373368
1373369
1373370
1373371
1373372
1373373
1373374
1374985
1374986
1374987
1374988
1374989
1378220
1378221
1378222
1378223
1378224
1378225
1378226
1378227
1378228
1378229
1378230
1378231
1378232
1378233
1378234
1378235
1378236
1378237
1378238
1378239
1378374
1473866
1473874
1475660
1475674
1478355
1478356
1478357
1478358
1478359
1478374
1478430
1478431
1478432
1478433
1478434
1880374
1880381
1880399
1883740
1883741
1883742
1883743
1883744
1883745
1883746
1883747
1883748
1883749
1883846
1883847
1883856
1883990
1883991
1883992
1883993
1883994
1883995
1883996
1883997
1883998
1883999
1886031
1886460
1886461
1886462
1886463
1886464
1886465
1886466
1886467
1886468
1886469
1750374
1750388
1751623
1751624
1751625
1751697
1751698
1751699
1752710
1752711
1752712
1752713
1752714
1752715
1752716
1752717
1752718
1752719
1753740
1753741
1753742
1753743
1753744
1753745
1753746
1753747
1753748
1753749
1753900
1753901
1753902
1753903
1753904
1753905
1753906
1753907
1753908
1753909
1755010
1755011
1755012
1755013
1755014
1755015
1755016
1755017
1755018
1755019
1755094
1755095
1755096
1755097
1755098
1755099
1759402
1759403
1759620
1759799
1520374
1523740
1523741
1523742
1523743
1523744
1523745
1523746
1523747
1523748
1523749
1529090
1529091
1529092
1529093
1529094
1529095
1529096
1529097
1529098
1529099
1810374
1810399
1813746
1813749
1814399
