1890427
1890987
1894175
1894275
1894276
1894277
1894278
1894279
1360423
1360427
1360493
1361087
1361097
1361427
1362427
1362496
1800427
1800984
1800985
1800986
1804270
1804271
1804272
1804273
1804274
1804275
1804276
1804277
1804278
1804279
1530427
1530498
1532628
1533098
1538203
1538204
1560427
1560987
1564270
1564271
1564272
1564273
1564274
1564275
1564276
1564277
1564278
1564279
1566388
1566389
1566390
1566391
1566392
1566393
1566872
1569427
1569877
1569878
1780427
1782404
1782405
1782406
1782427
1782428
1782474
1782475
1782476
1784616
1784617
1784798
1788759
1789629
1850242
1850427
1852427
1852499
1852570
1852571
1854275
1990427
1990497
1996980
1996981
1999785
1999786
1999787
1711325
1712060
1712061
1712062
1712063
1712064
1712065
1712066
1712067
1712068
1712069
1330427
1330987
1331427
1332237
1332238
1332425
1332427
1333237
1333238
1334237
1334238
1335237
1335238
1335427
1335890
1335891
1336425
1336427
1337281
1337291
1338427
1338680
1338681
1339027
1339038
1339041
1339427
1300822
1300823
1300825
1301994
1301995
1301996
1302822
1302823
1302825
1303076
1303077
1304386
1304387
1305085
1305086
1305087
1305088
1305089
1306525
1306526
1306527
1306528
1306529
1308222
1308223
1390427
1390987
1394270
1394271
1394272
1394273
1394274
1394275
1394276
1394277
1394278
1394279
1399870
1399871
1399872
1399873
1399874
1399875
1399876
1399877
1399878
1399879
1671426
1671427
1671428
1672427
1673100
1673101
1673102
1673103
1673105
1673427
1674427
1860427
1860987
1862427
1862449
1862450
1862451
1862452
1862453
1862454
1862455
1864270
1864271
1864272
1864273
1864274
1864275
1864276
1864277
1864278
1864279
1869879
1550427
1554133
1554134
1554135
1554136
1554137
1554138
1554139
1554140
1554278
1554279
1555134
1621385
1622427
1500427
1504230
1504231
1504275
1504276
1504277
1504278
1504279
1830426
1830427
1830428
1834230
1834231
1834232
1834233
1834234
1834270
1834271
1834272
1834273
1834274
1834275
1834276
1834277
1834278
1834279
1450427
1450595
1450596
1450597
1450598
1452427
1453437
1453438
1454288
1350427
1351427
1590427
1590490
1590493
1590987
1594270
1594271
1594272
1594273
1594274
1594275
1594276
1594277
1594278
1594279
1770427
1774194
1774270
1774271
1774272
1774273
1774274
1774277
1774297
1779093
1914117
1320427
1321427
1322427
1323427
1323428
1323677
1323678
1323823
1323896
1327427
1328427
1701428
1701429
1701498
1701499
1703836
1703837
1703838
1703839
1703840
1704740
1704741
1704742
1704743
1704744
1704745
1704746
1704747
1704748
1704749
1650027
1650055
1650077
1650091
1650092
1650098
1650168
1650333
1650427
1650487
1650488
1650648
1650766
1650784
1650902
1650909
1651135
1651172
1651188
1651215
1651240
1651290
1651426
1651427
1651441
1651442
1651522
1651804
1651967
1652193
1652427
1652967
1653039
1653427
1655427
1655745
1655905
1656004
1656060
1656081
1656218
1656277
1656288
1656423
1656427
1656514
1656579
1656590
1656591
1656592
1656594
1656636
1656699
1656764
1656911
1657095
1657096
1657097
1657098
1657109
1657181
1657207
1657332
1657427
1657515
1657618
1657744
1980427
1980428
1981370
1982425
1982426
1982427
1982493
1982494
1982495
1984109
1570427
1571404
1571427
1572436
1572437
1840426
1840427
1840428
1840623
1840624
1840625
1810427
1810984
1810985
1810986
1810987
1814270
1520425
1520426
1520427
1520428
1520429
1524172
1524173
1524174
1524175
1524176
1524275
1524276
1524277
1524278
1524279
1370007
1370423
1370427
1370987
1374271
1374272
1374273
1374274
1374275
1374276
1374277
1374278
1379504
1379505
1379506
1470426
1470427
1880427
1884270
1884271
1884272
1884273
1884274
1884275
1884276
1884277
1884278
1884279
1750427
1752427
1752450
1752451
1752452
1752453
1752454
1752455
1752470
1752471
1752472
1752473
1752474
1752475
1752476
1752477
1752478
1752479
1754270
1754271
1754272
1754273
1754274
1754275
1754276
1754277
1754278
1754279
1580427
1584270
1584271
1584272
1584273
1584274
1584275
1584276
1584277
1584278
1584279
1760427
1761427
1762427
1764058
1764059
1764270
1764271
1347018
1347019
1510427
1510428
1512427
1512428
1513426
1513427
1514270
1514271
1514272
1514273
1514274
1514275
1514276
1514277
1514278
1514279
1518425
1518426
1518427
1518428
1820426
1820427
1824270
1824271
1824272
1824273
1824274
1824275
1824276
1824277
1824278
1824279
1870423
1870424
1870425
1870426
1870427
1874230
1874231
1874232
1874233
1874234
1874235
1874236
1874237
1874238
1874239
1380427
1384270
1384271
1384272
1384273
1384274
1384275
1384276
1384277
1384278
1384279
1389870
1389871
1389872
1389873
1660427
1662427
1664270
1664271
1664272
1664273
1664274
1664275
1664276
1664277
1664278
1664279
1730427
1734107
1310427
1313088
1313090
1313091
1313092
1313093
1313094
1313427
1314798
1315427
1315428
1318855
1318856
1318857
1318858
1318859
1319030
1319031
1319032
1319033
1319034
1319427
