1711514
1713539
1715539
1716539
1716547
1716548
1716549
1716604
1716614
1716674
1716676
1716678
1716679
1716680
1716681
1716682
1716683
1716684
1716685
1716686
1716687
1716689
1717160
1717161
1717162
1717163
1717164
1717165
1717167
1717539
1718539
1719539
1719547
1719548
1719549
1719604
1719614
1719674
1719682
1719683
1719684
1719685
1719686
1719687
1719689
1330539
1330549
1332507
1332508
1332509
1334127
1334128
1334507
1334508
1334509
1335500
1335501
1335502
1335503
1335504
1335505
1335506
1335507
1335508
1335509
1335539
1335549
1336539
1336549
1337065
1337066
1337126
1337127
1337128
1337129
1337539
1337549
1337568
1337569
1338539
1338549
1339539
1339549
1560539
1560549
1561042
1561065
1561066
1561067
1561068
1561517
1561529
1561539
1561549
1561559
1561569
1561579
1561589
1561599
1565390
1565391
1565392
1565393
1565394
1565395
1565396
1565397
1565398
1565399
1566615
1566619
1566639
1566683
1566687
1566699
1568460
1568461
1568462
1568463
1568956
1568957
1568958
1568959
1568960
1568961
1569239
1569827
1569828
1780539
1780549
1780610
1780611
1780612
1780613
1780614
1780615
1780616
1780617
1780618
1780619
1780639
1785209
1785227
1785239
1785249
1785250
1785274
1785279
1785390
1785391
1785392
1785393
1785394
1785395
1785396
1785397
1785398
1785399
1785490
1785491
1785492
1785493
1785494
1785495
1785496
1785497
1785498
1785499
1786000
1786001
1786002
1786003
1786004
1786005
1786006
1786049
1786064
1786065
1786066
1786139
1786148
1786160
1786161
1786162
1786163
1786164
1786165
1786166
1786167
1786168
1786169
1786220
1786221
1786222
1786223
1786224
1786225
1786226
1786227
1786228
1786229
1786452
1786453
1786454
1786455
1786456
1786505
1786506
1786507
1786508
1786509
1786539
1786549
1786668
1786719
1788839
1789539
1789549
1789639
1850539
1850549
1855390
1855391
1855392
1855393
1855394
1855395
1855396
1855397
1855398
1855399
1856050
1856051
1856052
1856053
1856054
1856055
1856056
1856057
1856058
1856247
1856248
1859620
1859621
1859622
1859623
1859638
1990539
1990549
1991254
1991269
1995380
1995381
1995382
1995383
1995384
1995390
1995391
1995392
1995393
1995394
1995395
1995396
1995397
1995398
1995399
1995406
1995407
1995408
1995448
1996345
1996365
1996397
1996398
1996992
1996993
1996996
1996997
1800539
1800549
1800649
1805390
1805391
1805392
1805393
1805394
1805395
1805396
1805397
1805398
1805399
1805453
1805454
1805458
1806315
1806316
1530539
1530549
1531407
1531438
1531507
1531508
1531509
1531539
1531549
1531822
1531823
1531850
1531851
1531852
1531853
1531854
1531855
1531856
1531857
1531858
1531859
1533539
1533549
1533997
1534539
1534541
1537600
1537601
1537602
1537603
1537604
1537605
1537606
1537607
1537608
1537609
1537624
1537634
1537644
1537647
1537691
1537692
1890539
1890549
1895393
1895394
1895395
1895396
1895397
1895398
1895399
1895490
1895491
1895492
1895493
1895494
1895495
1895496
1895497
1895498
1895499
1360539
1360549
1360890
1360899
1361539
1361549
1361649
1362539
1362549
1364539
1364549
1364649
1365539
1365549
1365649
1366539
1366549
1366639
1366869
1367539
1367549
1367639
1367869
1368539
1368549
1368639
1369539
1369549
1369639
1369780
1369781
1950808
1952539
1952711
1452523
1452524
1452525
1452539
1452549
1454351
1454769
1454789
1457011
1457012
1457013
1457014
1457333
1457334
1457335
1457764
1457765
1458595
1458596
1458597
1458598
1350539
1350549
1350899
1351539
1351549
1351639
1351869
1356290
1356291
1356292
1356293
1356294
1356295
1356296
1356297
1356298
1356299
1356390
1356391
1356392
1356393
1356394
1356395
1356396
1356397
1356398
1356399
1357390
1357391
1357392
1357393
1357394
1357395
1357396
1357397
1357398
1357399
1358105
1358106
1358107
1358108
1358109
1358390
1358391
1358392
1358393
1358394
1358395
1358396
1358397
1358398
1358399
1358965
1358966
1358967
1358968
1358969
1590539
1590549
1591013
1591014
1591015
1591016
1591017
1591018
1594977
1595390
1595391
1595392
1595393
1595394
1595395
1595396
1595397
1595398
1595399
1595407
1595438
1596332
1596333
1596334
1596335
1596348
1596390
1596391
1596392
1596393
1596394
1596395
1596396
1596397
1596398
1596399
1596408
1596409
1596480
1596481
1596482
1596483
1596484
1596485
1596486
1596487
1596488
1596489
1596539
1596549
1596579
1596640
1596641
1596642
1596643
1596676
1596972
1596973
1596991
1596992
1596993
1596994
1596995
1596996
1770539
1770549
1775385
1775386
1775390
1775391
1775392
1775393
1775394
1775395
1775396
1775397
1775398
1775399
1776204
1776205
1776206
1622690
1622691
1622692
1622693
1622694
1622695
1622696
1622697
1622699
1623438
1623439
1623477
1500539
1500549
1500649
1500659
1502030
1502031
1502032
1502033
1502034
1502035
1502036
1502037
1502038
1502039
1502090
1502091
1502092
1502093
1502094
1502095
1502096
1502097
1502098
1502099
1505390
1505391
1505392
1505393
1505394
1505395
1505396
1505397
1505398
1505399
1505461
1505462
1505463
1505464
1505490
1505491
1505492
1505493
1505494
1505495
1505496
1505497
1505498
1505499
1506329
1506490
1506491
1506492
1506493
1506494
1506495
1506496
1506497
1506498
1506499
1506539
1506549
1506590
1506591
1506592
1506593
1506594
1506595
1506596
1506597
1506598
1506599
1506990
1506991
1506992
1506993
1506994
1506995
1506996
1506997
1506998
1506999
1509237
1509238
1509239
1509286
1509287
1509288
1509289
1509290
1509291
1509292
1509293
1509294
1509295
1509296
1509297
1509298
1509299
1509470
1509471
1509472
1509473
1509474
1509475
1509476
1830040
1830041
1830042
1830043
1830044
1830045
1830046
1830047
1830048
1830049
1830539
1830549
1830650
1830651
1830652
1830653
1830654
1830655
1830656
1830657
1830658
1830659
1831549
1831560
1831561
1831562
1831563
1831564
1831565
1831566
1831567
1831568
1831569
1831570
1831571
1831572
1831573
1831574
1831575
1831576
1831577
1831578
1831579
1832549
1835390
1835391
1835392
1835393
1835394
1835395
1835396
1835397
1835398
1835399
1835440
1835441
1835442
1835443
1835444
1835445
1835446
1835447
1835448
1835449
1835490
1835491
1835492
1835493
1835494
1835495
1835496
1835497
1835498
1835499
1836930
1836931
1836932
1836933
1836934
1836935
1836936
1836937
1836938
1836939
1836940
1836941
1836942
1836943
1836944
1836945
1836946
1836947
1836948
1836949
1836950
1836951
1836952
1836953
1836954
1836955
1836956
1836957
1836958
1836959
1837549
1839670
1839671
1839672
1839673
1839674
1839675
1839676
1839677
1839678
1839679
1390053
1390539
1390549
1395390
1395391
1395392
1395393
1395394
1395395
1395396
1395397
1395398
1395399
1395440
1395441
1395442
1395443
1395444
1395445
1395446
1395447
1395448
1395449
1395490
1395491
1395492
1395493
1395494
1395495
1395496
1395497
1395498
1395499
1396990
1396991
1396992
1396993
1396994
1396995
1396996
1396997
1396998
1396999
1671539
1672539
1672640
1672641
1672642
1672643
1672644
1672645
1672646
1672647
1672648
1672649
1673050
1673051
1673052
1673053
1673054
1673055
1673056
1673057
1673058
1673059
1673360
1673361
1673362
1673363
1673364
1673365
1673366
1673367
1673368
1673369
1673380
1673381
1673382
1673383
1673384
1673385
1673386
1673387
1673388
1673389
1673500
1673501
1673502
1673503
1673504
1673505
1673506
1673507
1673508
1673539
1675617
1675619
1675638
1675639
1860539
1860541
1860549
1860639
1861539
1865353
1865355
1865390
1865391
1865392
1865393
1865394
1865395
1865396
1865397
1865398
1865399
1865497
1865498
1865499
1866090
1866091
1866092
1866093
1866094
1866095
1866096
1866097
1866098
1866099
1866930
1866931
1866932
1866944
1866945
1866946
1866947
1866948
1866949
1866950
1866951
1866952
1866953
1866954
1866955
1866956
1866957
1866958
1866959
1866960
1866961
1866962
1866963
1866964
1866965
1866966
1866967
1866968
1866969
1866990
1866991
1866992
1866993
1866994
1866995
1866996
1866997
1866998
1866999
1867847
1867848
1867849
1550539
1550549
1555049
1555079
1555090
1555091
1555092
1555093
1555094
1555095
1555096
1555097
1555098
1555099
1555247
1555248
1555290
1555291
1555292
1555293
1555294
1555295
1555296
1555297
1555298
1555299
1555390
1555391
1555392
1555393
1555394
1555395
1555396
1555397
1555398
1555399
1555481
1555482
1555488
1555489
1555490
1555497
1555498
1556217
1556218
1556219
1556290
1556291
1556292
1556293
1556294
1556295
1556296
1556297
1556298
1556299
1556321
1556322
1556323
1556324
1556325
1556326
1556327
1556328
1556329
1556337
1556338
1556339
1556362
1556363
1556364
1556365
1556366
1556367
1556368
1556369
1556420
1556421
1556422
1556423
1556424
1556425
1556426
1556427
1556428
1556429
1556490
1556491
1556492
1556493
1556494
1556495
1556496
1556497
1556498
1556499
1558362
1558363
1558364
1558365
1558366
1558367
1558368
1558369
1558800
1558801
1558802
1558803
1558804
1558805
1558806
1558807
1558808
1558809
1558810
1558811
1558812
1558813
1558814
1558815
1558816
1558817
1558818
1558819
1558890
1558891
1558900
1558901
1558902
1558903
1558904
1558905
1558906
1558907
1558908
1558909
1558910
1558911
1300157
1300279
1301279
1301350
1301351
1301352
1301353
1301354
1301355
1302065
1302066
1302157
1302279
1304404
1304405
1304406
1304747
1305390
1305391
1305392
1305393
1305394
1305395
1305396
1305397
1305398
1305399
1305490
1305491
1305492
1305493
1305494
1308264
1308265
1308266
1309020
1935396
1935397
1370539
1370549
1372199
1373435
1373436
1373437
1373438
1373439
1374864
1375470
1375471
1375472
1375473
1375474
1379150
1379151
1379152
1379153
1379154
1379155
1379156
1379157
1379158
1379159
1379240
1379241
1379292
1379293
1379294
1379295
1379296
1379297
1379298
1379299
1379390
1379391
1379392
1379393
1379394
1470539
1470548
1470549
1471760
1471761
1471762
1471763
1471764
1471765
1471766
1471767
1471768
1471769
1475389
1475390
1475391
1475392
1475393
1475394
1475395
1475396
1475397
1475398
1475399
1476317
1476318
1476319
1476810
1476811
1476812
1476813
1476814
1476815
1476816
1476817
1476818
1476819
1476820
1476821
1476822
1476823
1476824
1476825
1476826
1476827
1476828
1476829
1476830
1476831
1476832
1476833
1476834
1476835
1476836
1476837
1476838
1476839
1476840
1476841
1476990
1476991
1476992
1476993
1476994
1476995
1476996
1476997
1476998
1476999
1880539
1880549
1881539
1885390
1885391
1885392
1885393
1885394
1885395
1885396
1885397
1885398
1885399
1885440
1885441
1885442
1885443
1885444
1885445
1885446
1885447
1885448
1885449
1885490
1885491
1885492
1885493
1885494
1885495
1885496
1885497
1885498
1885499
1886539
1886549
1886690
1886691
1886692
1886693
1886694
1886695
1886696
1886697
1886698
1886699
1750539
1750549
1751539
1751549
1755390
1755391
1755392
1755393
1755394
1755395
1755396
1755397
1755398
1755399
1755440
1755441
1755442
1755443
1755444
1755445
1755446
1755447
1755448
1755449
1755539
1755549
1755736
1755737
1755738
1755739
1756014
1756015
1756016
1756040
1756041
1756042
1756043
1756044
1756045
1756046
1756047
1756048
1756049
1756090
1756091
1756092
1756093
1756094
1756095
1756096
1756097
1756098
1756099
1756230
1756231
1756232
1756233
1756234
1756235
1756236
1756237
1756238
1756239
1756250
1756251
1756252
1756253
1756254
1756255
1756256
1756257
1756258
1756259
1756290
1756291
1756292
1756293
1756294
1756295
1756296
1756297
1756298
1756299
1756300
1756301
1756302
1756740
1756741
1756742
1756743
1756744
1756745
1756746
1756747
1756748
1756749
1756800
1756801
1756802
1756803
1756804
1756805
1756806
1756807
1756808
1756809
1756810
1756811
1756812
1756813
1756814
1756815
1756816
1756817
1756818
1756819
1756820
1756821
1756822
1756823
1756824
1756825
1756826
1756827
1756828
1756829
1756830
1756831
1756832
1756833
1756834
1756835
1756836
1756837
1756838
1756839
1756840
1756841
1756842
1756843
1756844
1756845
1756846
1756847
1756848
1756849
1758330
1758331
1758332
1758333
1758334
1758335
1758336
1758337
1758338
1758339
1758340
1758341
1758342
1758343
1758344
1758345
1758346
1758347
1758348
1758349
1758834
1758835
1758836
1758837
1758838
1758839
1810539
1810549
1816209
1520539
1520549
1520639
1520649
1520680
1520681
1520682
1520683
1520684
1521539
1521549
1521650
1521651
1521652
1521653
1521654
1521655
1521656
1521657
1521658
1521659
1522439
1522449
1524430
1524431
1524432
1524433
1524434
1524435
1524436
1524437
1524438
1524439
1525390
1525391
1525392
1525393
1525394
1525395
1525396
1525397
1525398
1525399
1525449
1525490
1525491
1525492
1525493
1525494
1525495
1525496
1525497
1525498
1525499
1526390
1526391
1526392
1526393
1526394
1526395
1526396
1526397
1526398
1526399
1526446
1526447
1526448
1526449
1526490
1526491
1526492
1526493
1526494
1526495
1526496
1526497
1526498
1526499
1526510
1526511
1526512
1526513
1526514
1526515
1526516
1526517
1526518
1526519
1526539
1526549
1526589
1526590
1526591
1526592
1526593
1526594
1526595
1526596
1526597
1526598
1526599
1526639
1526649
1526662
1526663
1526664
1526665
1526666
1526667
1526668
1526669
1526990
1526991
1526992
1526993
1526994
1526995
1526996
1526997
1526998
1526999
1527539
1527549
1527558
1527559
1527578
1527579
1650050
1650051
1650056
1650059
1650177
1650179
1650277
1650278
1650288
1650300
1650402
1650505
1650539
1650549
1650636
1650639
1650655
1650694
1650788
1650863
1650900
1650926
1650957
1650966
1650968
1650978
1650987
1650996
1651011
1651017
1651034
1651098
1651149
1651163
1651164
1651253
1651300
1651314
1651326
1651445
1651517
1651518
1651539
1651583
1651713
1651788
1651977
1651995
1652049
1652077
1652078
1652226
1652231
1652232
1652233
1652234
1652235
1652236
1652237
1652238
1652239
1652240
1652256
1652267
1652273
1652276
1652280
1652281
1652282
1652283
1652284
1652285
1652286
1652287
1652289
1652290
1652291
1652292
1652293
1652294
1652295
1652296
1652297
1652298
1652301
1652302
1652333
1652360
1652361
1652362
1652363
1652364
1652365
1652366
1652372
1652373
1652375
1652379
1652380
1652401
1652423
1652506
1652507
1652515
1652522
1652526
1652527
1652535
1652539
1652564
1652570
1652571
1652588
1652599
1652631
1652634
1652647
1652688
1652766
1652777
1652843
1652846
1652877
1652919
1652923
1652926
1652927
1652928
1652930
1652931
1652939
1652940
1652947
1652952
1652953
1652956
1652958
1652964
1652977
1652988
1653044
1653045
1653060
1653064
1653070
1653074
1653077
1653080
1653081
1653082
1653090
1653094
1653097
1653102
1653103
1653105
1653114
1653115
1653133
1653139
1653141
1653150
1653171
1653173
1653176
1653183
1653185
1653189
1653190
1653206
1653207
1653211
1653219
1653220
1653226
1653230
1653256
1653257
1653278
1653308
1653321
1653339
1653380
1653487
1653490
1653503
1653539
1653557
1653565
1653566
1653587
1653597
1653598
1653599
1653627
1653628
1653688
1653690
1653692
1653693
1653696
1653697
1653698
1653699
1653739
1653755
1653766
1653773
1653776
1653777
1653778
1653779
1653780
1653788
1653798
1653818
1653839
1653875
1653877
1653879
1653899
1653980
1653981
1653988
1655006
1655019
1655230
1655231
1655232
1655233
1655234
1655235
1655236
1655237
1655238
1655239
1655290
1655291
1655292
1655293
1655294
1655295
1655296
1655297
1655298
1655299
1655390
1655391
1655392
1655393
1655394
1655395
1655396
1655397
1655398
1655399
1655490
1655491
1655492
1655493
1655494
1655495
1655496
1655497
1655498
1655499
1655539
1655599
1655634
1655662
1655696
1655739
1655805
1655822
1655823
1655826
1655872
1655875
1655923
1656022
1656055
1656058
1656061
1656067
1656068
1656085
1656087
1656088
1656095
1656097
1656100
1656112
1656117
1656118
1656119
1656120
1656152
1656160
1656199
1656205
1656212
1656228
1656239
1656266
1656278
1656285
1656291
1656292
1656293
1656294
1656295
1656296
1656297
1656298
1656300
1656301
1656303
1656314
1656317
1656318
1656360
1656369
1656387
1656389
1656390
1656392
1656397
1656398
1656399
1656403
1656490
1656491
1656492
1656493
1656494
1656495
1656496
1656497
1656498
1656499
1656512
1656515
1656517
1656539
1656540
1656549
1656552
1656558
1656580
1656581
1656582
1656583
1656586
1656589
1656600
1656602
1656603
1656606
1656612
1656613
1656616
1656623
1656626
1656627
1656628
1656639
1656650
1656652
1656653
1656671
1656672
1656673
1656675
1656676
1656679
1656680
1656681
1656682
1656683
1656685
1656686
1656687
1656689
1656690
1656691
1656692
1656693
1656695
1656696
1656697
1656698
1656701
1656702
1656717
1656718
1656723
1656735
1656772
1656773
1656787
1656798
1656812
1656813
1656835
1656837
1656839
1656850
1656858
1656878
1656880
1656881
1656882
1656883
1656884
1656885
1656886
1656887
1656889
1656898
1656901
1656918
1656962
1656966
1656978
1656987
1656990
1656991
1656992
1656994
1656995
1656996
1656997
1656998
1657020
1657033
1657039
1657189
1657195
1657196
1657199
1657203
1657218
1657233
1657239
1657241
1657247
1657259
1657261
1657267
1657268
1657273
1657284
1657288
1657293
1657298
1657308
1657310
1657311
1657317
1657321
1657322
1657326
1657334
1657337
1657342
1657349
1657360
1657365
1657369
1657376
1657383
1657384
1657389
1657390
1657391
1657392
1657396
1657397
1657398
1657399
1657428
1657440
1657441
1657449
1657450
1657463
1657511
1657513
1657518
1657539
1657544
1657549
1657550
1657551
1657569
1657571
1657590
1657707
1657727
1657767
1657770
1657787
1980539
1980549
1980600
1980601
1980602
1980603
1980639
1981247
1981485
1981910
1981916
1981917
1981918
1981919
1981945
1985390
1985391
1985392
1985393
1985394
1985395
1985396
1985397
1985398
1985399
1986094
1986095
1986096
1986097
1986098
1986099
1986249
1986290
1986291
1986292
1986293
1986294
1986295
1986390
1986391
1986392
1986393
1986394
1986395
1986396
1986397
1986398
1986399
1570539
1570549
1570649
1571539
1571549
1572519
1572529
1572539
1572549
1572577
1572578
1572579
1572595
1572596
1572597
1572598
1572599
1575390
1575391
1575392
1575393
1575394
1575395
1575396
1575397
1575398
1575399
1576200
1576201
1576202
1576203
1576204
1576205
1576206
1576207
1576208
1576209
1576290
1576291
1576292
1576293
1576294
1576295
1576296
1576297
1576298
1576299
1840539
1840549
1840639
1845390
1845391
1845392
1845393
1845394
1845395
1845396
1845397
1845398
1845399
1845484
1845485
1845486
1845487
1845488
1845489
1845490
1845491
1845492
1845493
1845494
1845495
1845496
1845497
1845498
1845499
1846230
1846231
1846232
1846233
1846234
1846387
1846388
1846389
1846490
1846491
1846492
1846493
1846494
1910049
1910539
1910549
1915390
1915391
1915392
1915393
1915394
1915395
1915396
1915397
1915398
1915399
1916304
1916305
1916306
1916307
1916313
1916344
1320539
1321042
1321043
1321065
1321066
1322053
1322054
1322065
1322066
1322539
1322549
1323539
1324539
1324549
1325539
1325549
1325650
1325651
1325652
1325653
1325654
1325655
1325656
1325657
1325658
1325659
1327539
1327549
1328042
1328043
1328050
1328051
1328052
1328053
1328054
1328055
1328056
1328057
1328058
1328059
1328539
1328549
1328712
1328713
1328714
1328715
1328716
1328717
1328718
1328719
1329020
1329021
1329035
1329539
1329549
1700539
1700667
1700728
1700729
1701130
1701131
1701132
1701133
1701134
1702122
1702123
1702124
1702125
1702126
1703026
1703027
1703028
1703029
1703030
1703031
1703893
1703894
1703895
1705227
1705875
1707539
1707648
1708539
1708627
1708628
1708629
1708630
1708631
1708632
1708633
1708634
1708635
1708636
1708637
1708638
1708639
1709620
1709621
1730539
1730549
1735390
1735391
1735392
1735393
1735394
1735395
1735396
1735397
1735398
1735399
1736203
1736204
1736205
1310539
1310549
1312729
1314539
1314549
1315390
1315391
1315392
1315393
1315394
1315395
1315396
1315397
1315398
1315399
1316527
1316528
1316529
1316539
1316549
1317307
1317308
1317309
1317344
1317607
1317608
1317609
1317696
1317697
1317698
1317699
1318120
1318121
1318122
1318123
1318124
1318148
1318149
1318870
1318871
1318872
1318873
1870539
1870549
1870637
1870644
1875390
1875391
1875392
1875393
1875394
1875395
1875396
1875397
1875398
1875399
1875490
1875491
1875492
1875493
1875494
1875495
1875496
1875497
1875498
1875499
1876370
1876371
1876372
1876373
1876374
1876375
1876376
1876377
1876378
1876379
1876490
1876491
1876492
1876493
1876494
1876495
1876496
1876497
1876498
1876499
1876539
1876549
1876990
1876991
1876992
1876993
1876994
1876995
1876996
1876997
1876998
1876999
1380539
1380549
1385390
1385391
1385392
1385393
1385394
1385395
1385396
1385397
1385398
1385399
1385490
1385491
1385492
1385493
1385494
1385495
1385496
1385497
1385498
1385499
1386490
1386491
1386492
1386493
1386494
1386495
1386496
1386497
1386498
1386499
1386990
1386991
1386992
1386993
1386994
1386995
1386996
1386997
1386998
1386999
1388487
1388488
1388489
1388490
1660539
1660549
1660646
1660647
1660648
1660649
1665292
1665293
1665294
1665295
1665296
1665297
1665298
1665299
1665390
1665391
1665392
1665393
1665394
1665395
1665396
1665397
1665398
1665399
1665415
1665416
1665417
1665418
1665419
1667800
1667801
1667802
1667803
1667804
1667805
1667806
1667807
1667808
1667809
1510539
1510549
1510639
1510649
1510660
1510661
1510662
1510663
1510664
1510665
1510666
1510667
1510668
1510669
1515390
1515391
1515392
1515393
1515394
1515395
1515396
1515397
1515398
1515399
1516390
1516391
1516392
1516393
1516394
1516395
1516396
1516397
1516398
1516399
1516539
1516549
1516550
1516551
1516552
1516553
1516554
1516555
1516556
1516557
1516558
1516559
1516649
1516890
1516891
1516892
1516893
1516894
1516895
1516896
1516897
1516898
1516899
1519281
1519282
1519283
1519284
1519285
1519286
1519287
1519288
1519289
1519290
1519291
1519292
1519293
1519294
1519295
1519296
1519297
1519298
1519299
1519403
1519404
1519405
1519406
1519407
1519408
1519409
1820539
1820549
1820639
1820649
1825390
1825391
1825392
1825393
1825394
1825395
1825396
1825397
1825398
1825399
1825441
1825442
1825443
1825444
1825490
1825491
1825492
1825493
1825494
1825495
1825496
1825497
1825498
1825499
1826390
1826391
1826392
1826393
1826394
1826395
1826396
1826397
1826398
1826399
1826490
1826491
1826492
1826493
1826494
1826495
1826496
1826497
1826498
1826499
1826510
1826511
1826512
1826513
1826514
1826515
1826516
1826517
1826518
1826519
1826539
1826549
1826590
1826591
1826592
1826593
1826594
1826595
1826596
1826597
1826598
1826599
1826670
1826671
1826672
1826673
1826674
1826675
1580539
1580549
1580690
1580691
1580692
1580693
1580694
1585384
1585385
1585390
1585391
1585392
1585393
1585394
1585395
1585396
1585397
1585398
1585399
1585490
1585491
1585492
1585493
1585494
1585495
1585496
1585497
1585498
1585499
1586385
1586386
1586387
1586388
1586390
1586391
1586392
1586393
1586394
1586395
1586396
1586397
1586398
1586399
1586480
1586481
1586482
1586483
1586484
1586485
1586486
1586487
1586488
1586489
1586496
1586497
1586498
1586499
1586524
1586539
1586596
1586597
1586620
1586641
1586642
1586643
1586644
1586690
1586691
1586692
1586693
1586694
1586695
1586696
1586697
1586698
1586699
1589879
1760539
1760549
1761539
1765723
1765871
1766055
1766056
1766058
1766059
1766111
1766112
1766114
1766115
1766119
1766150
1766151
1766152
1766153
1766154
1766155
1766156
1766157
1766158
1766159
1766160
1766161
1766162
1766163
1766164
1766165
1766166
1766167
1766168
1766169
1766203
1766204
1766280
1766281
1766282
1766283
1766284
1766285
1766286
1766287
1766288
1766289
1766290
1766291
1766292
1766293
1766294
1766295
1766296
1766297
1766298
1766299
1766453
1766454
1766455
1766456
1766457
1766458
1766459
1766460
1766461
1766462
1766463
1766464
1766465
1766466
1766467
1766468
1766469
1766912
1766913
1766914
1766915
1766916
1768690
1768691
1768692
1768693
1768694
1768695
1768696
1768697
1768698
1768699
1769438
1769439
1769440
1769441
1769442
1340539
1340549
1340684
1340762
1340763
1340764
1340765
1340766
1340767
1340768
1340769
1344457
1344569
1345590
1345591
1345592
1345593
1345594
1345595
1345596
1345597
1346539
1346549
1346808
1346809
1346810
1346811
1346812
1346813
1346814
1346815
1346816
1346817
1346818
1346819
1346820
1346821
1347539
1347549
