1348151
1760775
1760785
1767705
1767724
1767730
1767735
1767739
1767743
1767790
1767791
1768720
1768745
1768749
1768755
1768758
1768775
1820775
1820785
1826920
1826921
1826922
1826923
1826924
1826925
1826926
1826927
1826928
1826929
1826930
1826931
1826932
1826933
1826934
1826935
1826936
1826937
1826938
1826939
1826940
1826941
1826942
1826943
1826944
1826945
1826946
1826947
1826948
1826949
1826950
1826951
1826952
1826953
1826954
1826955
1826956
1826957
1826958
1826959
1826960
1826961
1826962
1826963
1826964
1826965
1826966
1826967
1826968
1827600
1827601
1827602
1827603
1827604
1827605
1827606
1827650
1827651
1827652
1827653
1827654
1827655
1827656
1827657
1827658
1827659
1827750
1827751
1827752
1827753
1827754
1827755
1827756
1827757
1827758
1827759
1827850
1827851
1827852
1827853
1827854
1827855
1827856
1827857
1827858
1827859
1660775
1667495
1667726
1667727
1667730
1310047
1310057
1311766
1311769
1312344
1313266
1313284
1313288
1313289
1313299
1319755
1319766
1730775
1730785
1734428
1734429
1737486
1737630
1737631
1737632
1737633
1737635
1737637
1737638
1737639
1737706
1737707
1737708
1737750
1737751
1737752
1737753
1737754
1737755
1737756
1737757
1737758
1737759
1739676
1739677
1320789
1321147
1321149
1321157
1323775
1323785
1326389
1910785
1914820
1914821
1914822
1914823
1914824
1914825
1914826
1914827
1914828
1914829
1914830
1914831
1914832
1914833
1914834
1914835
1914836
1914837
1914838
1914839
1917550
1917551
1917552
1917553
1917554
1917555
1917556
1917557
1917558
1917559
1917560
1917561
1917562
1917563
1917564
1917565
1917566
1917567
1917568
1917569
1917570
1917571
1917572
1917573
1917574
1917575
1917576
1917577
1917578
1917579
1917580
1917581
1917582
1917583
1917584
1917585
1917586
1917587
1917588
1917589
1917590
1917591
1917592
1917593
1917594
1917595
1917596
1917597
1917598
1917599
1917850
1917851
1917852
1917853
1917854
1917855
1917856
1917857
1917858
1917859
1840674
1840675
1840775
1847700
1847701
1847702
1847703
1847704
1847705
1847706
1847707
1847708
1847709
1847750
1847751
1847752
1847753
1847754
1847755
1847756
1847757
1847758
1847759
1570775
1572387
1572389
1577706
1577750
1577751
1577752
1577753
1577754
1577756
1577757
1577758
1577759
1577850
1577851
1577852
1577853
1577854
1577855
1577856
1577857
1577858
1577859
1577860
1577861
1577862
1577863
1577864
1577865
1577866
1980775
1980782
1980785
1980786
1980789
1981389
1987735
1987745
1987750
1987751
1987752
1987753
1987754
1989796
1989797
1989798
1989799
1989915
1989916
1989917
1989918
1989919
1524061
1810775
1810785
1815466
1815467
1815468
1815469
1816970
1816971
1816972
1816973
1816974
1817245
1817246
1817253
1817254
1817255
1817256
1817257
1817258
1817259
1817480
1817481
1817482
1817483
1817484
1817485
1817486
1817487
1817488
1817489
1817643
1817644
1817645
1817647
1817649
1817650
1817651
1817652
1817653
1817654
1817655
1817656
1817657
1817658
1817659
1817660
1817661
1817662
1817663
1817664
1817665
1817666
1817667
1817668
1817669
1817690
1817691
1817692
1817693
1817694
1817695
1817696
1817697
1817698
1817699
1817750
1817751
1817752
1817753
1817754
1817755
1817756
1817757
1817758
1817759
1817800
1817801
1817802
1817803
1817804
1817805
1817806
1817807
1817808
1817809
1817850
1817851
1817852
1817853
1817854
1817855
1817856
1817857
1817858
1817859
1750775
1750785
1757703
1757723
1757735
1757736
1757738
1757778
1757785
1757788
1757835
1757836
1757837
1757838
1757839
1757840
1757841
1757842
1757843
1757844
1757845
1881540
1881541
1881542
1881543
1881580
1881581
1881582
1881583
1881584
1881585
1881586
1881587
1881589
1887702
1887703
1887704
1887705
1887706
1887707
1887708
1887709
1887810
1887811
1887812
1887813
1887814
1887815
1887816
1887850
1887851
1887852
1887853
1887854
1887855
1887856
1887857
1887858
1887859
1888849
1889460
1889461
1889462
1889463
1889464
1889465
1889466
1889467
1889468
1889469
1889480
1889481
1889482
1889483
1889484
1889485
1889486
1889487
1889488
1889489
1889750
1889751
1889752
1889753
1889754
1889755
1889756
1889757
1889758
1889759
1889765
1889775
1889785
1376825
1376879
1473635
1473636
1477705
1477706
1477750
1477751
1477752
1477753
1477754
1477755
1477756
1477757
1477758
1477759
1477760
1477761
1477762
1477763
1477784
1477785
1477786
1477787
1477788
1477789
1479510
1479511
1479512
1479513
1479514
1479515
1479516
1479517
1479518
1479519
1479520
1479521
1479522
1479523
1479524
1479525
1479526
1479527
1479528
1479529
1479606
1479607
1479608
1479609
1479610
1479611
1479775
1720081
1720082
1301481
1301482
1303680
1303685
1304784
1304789
1308495
1308677
1309782
1309792
1557758
1864883
1864884
1864898
1864940
1864945
1830775
1830785
1837650
1837651
1837652
1837653
1837654
1837655
1837656
1837657
1837658
1837659
1837750
1837751
1837752
1837753
1837754
1837755
1837756
1837757
1837758
1837759
1837805
1837806
1837850
1837851
1837852
1837853
1837854
1837855
1837856
1837857
1837858
1837859
1837868
1837876
1837879
1837896
1837897
1837898
1837899
1770775
1770785
1775451
1775452
1775453
1775454
1775455
1775470
1775472
1775473
1775852
1775854
1775855
1777475
1777489
1777612
1777613
1777614
1777615
1777635
1777636
1777637
1777638
1777639
1777642
1777670
1777671
1777672
1777673
1777674
1777675
1777676
1777677
1777678
1777679
1777750
1777751
1777752
1777753
1777754
1777755
1777756
1777757
1777758
1777759
1452766
1454525
1459130
1459131
1459132
1459133
1459134
1459135
1459136
1459137
1459138
1459139
1459813
1351765
1355745
1364946
1890785
1893485
1893486
1893487
1893488
1893489
1893490
1893491
1897799
1897850
1897851
1897852
1897853
1897854
1897855
1897856
1897857
1897858
1897859
1897877
1897878
1897879
1800775
1800785
1807095
1807096
1807097
1807098
1807099
1807475
1807479
1807485
1807487
1807488
1807640
1807641
1807642
1807643
1807644
1807645
1807646
1807647
1807648
1807649
1807750
1807751
1807752
1807753
1807754
1807755
1807756
1807757
1807758
1807759
1807772
1807774
1807790
1807791
1807800
1807801
1807802
1807803
1807804
1807805
1807850
1807851
1807852
1807853
1807854
1807855
1807856
1807857
1807858
1807859
1807870
1807871
1807872
1807873
1807874
1807875
1807876
1807877
1807878
1807879
1990775
1990785
1994314
1994315
1994793
1994795
1997750
1997751
1997752
1997753
1997754
1997755
1997756
1997757
1997758
1997759
1997850
1997851
1997852
1997853
1997854
1997855
1997856
1997857
1850785
1852987
1857750
1857751
1857754
1857757
1857793
1857985
1857998
1858993
1859394
1859395
1859396
1780775
1780785
1784073
1784074
1784075
1784076
1784077
1784078
1784079
1787705
1787725
1787752
1787753
1787754
1787755
1787756
1787800
1787801
1787802
1787803
1787804
1787805
1787806
1787807
1787808
1787809
1787810
1787811
1787812
1787813
1787814
1787815
1787816
1787817
1787818
1787819
1787850
1787851
1787852
1787853
1787854
1787855
1787856
1787857
1787858
1787859
1788046
1789115
1332167
1332168
1332177
1332178
1332475
1332486
1334757
1334767
1336757
1336765
1337736
1339785
1717092
1717093
1717095
1717096
1717097
