1550829
1550835
1552023
1552024
1552025
1552862
1552863
1552864
1552865
1552890
1552891
1558350
1558351
1558352
1860835
1868350
1868351
1868353
1868355
1868358
1868359
1390816
1398017
1398160
1398161
1398162
1398163
1398164
1720830
1720831
1726097
1726873
1930816
1305656
1305657
1305658
1305659
1308430
1308630
1308631
1309457
1309627
1771397
1772347
1772348
1773825
1773826
1773827
1773828
1773829
1773830
1773831
1773832
1773869
1773885
1774093
1774338
1774675
1774676
1774871
1776090
1776139
1776147
1776671
1777841
1777868
1778035
1778081
1778160
1778161
1778179
1779020
1779045
1598350
1598351
1598352
1598353
1598354
1598450
1598451
1598452
1598453
1598454
1452835
1453820
1453821
1453822
1453823
1453824
1454578
1350816
1351834
1354142
1354742
1354745
1354746
1354747
1354748
1354749
1355155
1355156
1355157
1355158
1355159
1355894
1356874
1356875
1356876
1356877
1838350
1838351
1838352
1838353
1838354
1838355
1838356
1838357
1838358
1838359
1839826
1839827
1500830
1500831
1530816
1532816
1532868
1535146
1537816
1537868
1537869
1538841
1539033
1539775
1804845
1805473
1805474
1806498
1808057
1808058
1808059
1808147
1808699
1809010
1809011
1809049
1809507
1809508
1809509
1360826
1361815
1362815
1364815
1367835
1368445
1368446
1369834
1890816
1894287
1898017
1898160
1898161
1898162
1898163
1898164
1330816
1332060
1333060
1334060
1335042
1335056
1337838
1338834
1339840
1990820
1990821
1990822
1991170
1991171
1993404
1993405
1993421
1993868
1993869
1996179
1780835
1782825
1786605
1788320
1850835
1858162
1858163
1858164
1858165
1858166
1858167
1858168
1858169
1858208
1858340
1859995
1859996
1859997
1859998
1859999
1560816
1568017
1568160
1568161
1568162
1568163
1568164
1569402
1822415
1822416
1822417
1822418
1822419
1822755
1822756
1822757
1822758
1822759
1828241
1828350
1828351
1828352
1828353
1828354
1828355
1828356
1828357
1828358
1828359
1518120
1518121
1518122
1518123
1518124
1518350
1518351
1518352
1518353
1519656
1519657
1340405
1340835
1341934
1341935
1343868
1343869
1344013
1345885
1345886
1760835
1768305
1580814
1580815
1580835
1588120
1588121
1588122
1588123
1588124
1589268
1589269
1310835
1311182
1311183
1311184
1315853
1315854
1318374
1319470
1319471
1732190
1732191
1732192
1732193
1732194
1734548
1734549
1734550
1736696
1737885
1737886
1737887
1737889
1738104
1738340
1738398
1739964
1739965
1660835
1388160
1388161
1388162
1388163
1388164
1388243
1388244
1872815
1872816
1872817
1872818
1872819
1878350
1878351
1878352
1878353
1878354
1878355
1878356
1878357
1878358
1878359
1848355
1848356
1848357
1848358
1848359
1570835
1572973
1575691
1575692
1575693
1651835
1980835
1981297
1982744
1982781
1982782
1982797
1988146
1988190
1988191
1988192
1988193
1320835
1321978
1328169
1328199
1910835
1913048
1913049
1915894
1918017
1918160
1918162
1918163
1918164
1918350
1918351
1918352
1918353
1918354
1880816
1880835
1882860
1882890
1882891
1888280
1888281
1888282
1888283
1888284
1750835
1377875
1377876
1379584
1379585
1379586
1472655
1472656
1478120
1478121
1478122
1478123
1528125
1528126
1528127
1528128
1528129
1528350
1528351
1528352
1528477
1528478
1528479
1811152
1811388
1811389
1811655
1812347
1812348
1814137
1814818
1818000
1818035
1818844
