1320914
1323914
1325914
1325918
1328914
1329914
1329918
1910298
1910914
1650914
1651914
1980914
1981527
1982904
1982928
1988894
1989086
1989118
1989119
1989140
1989144
1989878
1840914
1842914
1570914
1571914
1571924
1576914
1576919
1577188
1520914
1522914
1522948
1522954
1522998
1524914
1528924
1529144
1529156
1529167
1529189
1529192
1810914
1816178
1816508
1819255
1470914
1472778
1472789
1472916
1472983
1472989
1472997
1479186
1479187
1479188
1479189
1375961
1377299
1880914
1882914
1882968
1882974
1882985
1889149
1889159
1889186
1889187
1750914
1760914
1760918
1769128
1769136
1580914
1582913
1582916
1582917
1582956
1582957
1582996
1582997
1587745
1587762
1589109
1589136
1589137
1589152
1342974
1344590
1346873
1348830
1820914
1822044
1822069
1822089
1822095
1822096
1822097
1822098
1822099
1824084
1829219
1829258
1829269
1829278
1510914
1510918
1512914
1512949
1512963
1512990
1519140
1519159
1519169
1519195
1870056
1870057
1870914
1871058
1871069
1871744
1871758
1872914
1872944
1872968
1872969
1872989
1874054
1874058
1874074
1879115
1879118
1879159
1879199
1660914
1389140
1389141
1389142
1730914
1731968
1731969
1734235
1734246
1734247
1734248
1734249
1734290
1734291
1738254
1738255
1738691
1738692
1738693
1738694
1739207
1739242
1739243
1739860
1739861
1310801
1314914
1315225
1315226
1315406
1315407
1316577
1890914
1899140
1899141
1899142
1899143
1899144
1899145
1899146
1899147
1899148
1899149
1899150
1899156
1899240
1899241
1899242
1899243
1899244
1899245
1899246
1899247
1899248
1899249
1361914
1362914
1364914
1367914
1368914
1530914
1530918
1534914
1535323
1535324
1535330
1535340
1535390
1535391
1538458
1538468
1538914
1538952
1538953
1539414
1539914
1539938
1539939
1800914
1804914
1809140
1809141
1809142
1809143
1809144
1809145
1809146
1809147
1780294
1780684
1780914
1782914
1782928
1782934
1782944
1782994
1784774
1786734
1786829
1786859
1786889
1789914
1850914
1859109
1859229
1560914
1561914
1561998
1561999
1566790
1566791
1566792
1566793
1566794
1568634
1568635
1568636
1568637
1568638
1568639
1569166
1569167
1990914
1991618
1992916
1994658
1999140
1999141
1999156
1330914
1331914
1332466
1332467
1332534
1335914
1337914
1338914
1339914
1339924
1303851
1303852
1303853
1308099
1308764
1309822
1309823
1390914
1399140
1399141
1399142
1399143
1399144
1399145
1399146
1399147
1399148
1399149
1399150
1399156
1399240
1399241
1399242
1399243
1399244
1399245
1399246
1399247
1399248
1399249
1550914
1552914
1559140
1559141
1559142
1559143
1559194
1559195
1559196
1559197
1559198
1559627
1559628
1559629
1559635
1559636
1559637
1559638
1559639
1860914
1869009
1869140
1869141
1869142
1869143
1869144
1869145
1869146
1869147
1869148
1869149
1869443
1869444
1830914
1832944
1832987
1832988
1832989
1832997
1832998
1839190
1839191
1839192
1839193
1839194
1839195
1839196
1839197
1839290
1839291
1839292
1839293
1839544
1839548
1500914
1502915
1502989
1509136
1509156
1350914
1452694
1454474
1459450
1459451
1459452
1459453
1459454
1770914
1771972
1772914
1772926
1772941
1773467
1778925
1779118
1779406
1590925
1592965
1599125
1599140
1599187
1599199
