1750373
1750383
1751635
1751636
1751637
1751638
1751639
1751640
1751641
1751642
1751643
1751650
1751651
1751652
1751653
1751654
1751675
1751676
1751677
1751678
1751679
1751680
1751681
1751682
1751683
1752591
1752592
1752593
1752594
1752595
1752596
1752597
1752598
1752599
1752700
1752701
1752702
1752703
1752704
1752705
1752706
1752707
1752708
1752709
1752745
1752746
1752747
1752748
1752749
1753020
1753021
1753022
1753023
1753024
1753070
1753071
1753072
1753073
1753074
1753730
1753731
1753732
1753733
1753734
1753735
1753736
1753737
1753738
1753739
1753832
1753833
1753892
1753893
1753894
1753983
1753984
1756470
1756471
1756472
1756473
1756474
1756475
1756476
1756477
1756478
1756479
1756480
1756481
1756482
1756483
1756484
1759608
1759609
1880373
1880389
1881240
1881241
1881242
1881243
1881244
1881245
1881246
1881247
1881248
1881249
1883730
1883731
1883732
1883733
1883734
1883735
1883736
1883737
1883738
1883739
1883870
1883871
1883872
1883873
1883874
1883875
1883876
1886024
1886025
1370073
1370343
1370373
1370765
1374934
1374935
1374936
1374937
1374938
1374939
1378190
1378191
1378192
1378193
1378194
1378195
1378196
1378197
1378198
1378199
1378250
1378251
1378252
1378253
1378254
1378255
1378256
1378257
1378258
1378259
1378373
1473803
1473856
1473873
1473883
1475673
1478373
1478397
1478399
1478845
1478846
1478847
1478848
1478849
1478850
1478851
1478852
1478853
1478854
1478855
1478856
1478857
1478858
1478859
1810373
1813739
1813765
1815309
1520373
1522590
1522591
1522592
1522593
1522594
1522595
1522596
1522597
1522598
1522599
1523645
1523646
1523647
1523648
1523649
1523660
1523661
1523662
1523663
1523664
1523730
1523731
1523732
1523733
1523734
1523735
1523736
1523737
1523738
1523739
1524970
1524971
1524972
1524973
1524974
1529485
1529486
1529487
1529488
1529489
1570373
1571373
1571646
1571647
1571668
1571669
1571677
1573690
1573691
1573692
1573693
1573694
1573695
1573696
1573697
1573698
1573699
1573730
1573731
1573732
1573733
1573734
1573735
1573736
1573737
1573738
1573739
1573844
1573865
1573866
1573867
1840373
1843615
1843616
1843629
1843730
1843731
1843732
1843733
1843734
1843735
1843736
1843737
1843738
1843739
1843820
1843900
1843901
1843902
1843903
1843904
1843905
1843906
1843907
1843908
1843909
1843950
1843951
1843952
1843953
1843954
1980373
1981267
1983730
1983731
1983732
1983733
1983734
1983735
1983736
1983737
1983738
1983739
1983990
1984099
1650062
1650373
1650873
1651373
1651671
1651673
1651677
1651678
1651814
1653373
1653495
1653518
1653520
1655073
1655186
1655187
1655273
1655516
1655517
1655703
1656195
1656200
1656209
1656231
1656240
1656373
1657757
1657868
1701302
1701303
1702194
1702195
1702196
1704232
1704233
1704234
1704235
1704236
1704237
1704238
1704239
1704240
1704241
1704242
1704243
1704244
1704245
1704246
1704247
1704248
1707373
1708373
1708380
1708381
1708382
1708482
1910373
1913730
1914373
1322373
1322374
1322375
1322376
1322377
1323380
1323381
1323382
1323383
1323384
1324328
1324329
1324349
1326210
1326211
1326212
1326213
1326214
1326215
1326216
1326217
1326218
1326219
1327372
1327373
1328372
1328373
1310173
1310373
1310380
1313730
1313731
1313732
1314058
1314059
1318309
1318310
1318311
1730373
1730380
1732488
1732937
1732947
1733525
1733526
1733732
1733733
1733734
1733735
1733737
1733909
1734463
1734473
1734480
1735252
1735258
1736460
1380373
1380380
1383730
1383731
1383732
1383733
1383734
1383735
1383736
1383737
1383738
1383739
1383905
1383906
1383907
1383908
1383909
1384934
1384935
1384936
1384937
1384938
1384939
1660373
1662768
1662769
1662770
1662771
1662772
1662773
1662774
1662775
1662776
1662777
1662778
1662779
1663730
1663731
1663732
1663733
1663734
1663735
1663736
1663737
1663738
1663739
1663836
1663837
1663838
1663839
1663840
1663841
1663850
1663851
1663852
1665028
1665029
1665030
1665031
1665032
1665033
1665034
1665035
1665036
1665037
1665038
1665039
1665040
1665041
1665042
1665043
1665044
1870373
1873730
1873731
1873732
1873733
1873734
1873735
1873736
1873737
1873738
1873739
1873830
1873831
1873832
1873833
1873834
1873835
1873836
1873837
1873838
1873839
1873850
1873851
1873852
1873853
1873854
1873855
1873856
1873857
1873858
1873859
1874910
1874911
1874912
1874913
1874914
1874915
1874916
1874917
1874918
1874919
1879050
1879051
1879052
1879053
1879054
1879055
1879056
1879057
1879058
1879059
1879060
1879061
1879062
1879063
1879064
1879065
1879066
1879067
1879068
1879069
1510373
1513670
1513671
1513672
1513673
1513674
1513675
1513676
1513677
1513678
1513679
1513730
1513731
1513732
1513733
1513734
1513735
1513736
1513737
1513738
1513739
1820373
1822455
1822456
1822457
1822458
1822459
1823610
1823611
1823612
1823613
1823614
1823615
1823616
1823617
1823618
1823619
1823730
1823731
1823732
1823733
1823734
1823735
1823736
1823737
1823738
1823739
1823860
1823861
1823862
1823863
1823864
1823865
1823866
1823867
1823868
1823869
1823875
1823876
1823877
1823878
1823879
1824065
1824066
1824067
1824068
1824069
1340373
1340920
1340921
1340922
1340923
1340924
1341985
1341986
1341987
1341988
1341989
1346024
1346042
1346043
1346047
1346048
1346049
1346220
1346221
1346222
1346223
1346224
1346225
1346226
1346227
1346228
1346229
1346230
1346231
1346232
1346233
1346234
1346235
1346236
1346237
1346238
1346239
1580373
1583600
1583601
1583602
1583603
1583604
1583605
1583606
1583607
1583608
1583609
1583610
1583611
1583612
1583613
1583614
1583615
1583616
1583617
1583618
1583619
1583730
1583731
1583732
1583733
1583734
1583735
1583736
1583737
1583738
1583739
1589380
1589381
1589382
1589383
1589384
1589385
1589386
1589387
1589388
1589389
1760373
1760383
1761307
1761383
1761384
1762470
1762471
1762472
1762473
1762474
1763015
1763016
1763017
1763018
1763019
1763020
1763021
1763022
1763023
1763024
1763025
1763026
1763027
1763028
1763070
1763071
1763072
1763073
1763074
1763427
1763428
1763429
1763730
1763731
1763732
1763733
1763734
1763735
1763737
1763738
1763832
1763833
1765193
1765454
1765615
1765621
1769475
1769821
1769822
1769823
1769824
1330373
1330380
1332373
1332380
1333373
1333380
1334373
1334380
1334666
1334667
1334668
1335366
1335367
1335368
1335373
1337373
1337374
1337375
1337376
1338373
1338380
1712242
1712243
1712244
1712245
1712246
1712247
1712248
1712249
1712250
1712251
1712252
1712253
1712254
1712255
1712256
1712257
1712258
1712259
1713373
1715373
1716151
1716152
1716153
1716155
1716156
1716157
1716158
1716373
1716446
1716447
1716448
1716449
1716460
1717373
1718373
1719373
1719397
1719432
1719433
1990373
1991373
1993973
1993974
1560373
1560380
1560381
1560382
1561710
1561711
1561712
1561713
1561714
1561715
1561716
1561717
1561718
1561719
1561747
1563730
1563731
1563732
1563733
1563734
1563735
1563736
1563737
1563738
1563739
1564960
1564961
1564962
1564963
1564964
1566013
1566014
1566068
1566069
1566408
1566409
1567044
1567049
1567050
1567051
1567052
1567053
1567055
1567056
1567057
1567058
1567059
1567265
1567266
1569078
1569079
1850373
1853020
1853021
1853022
1853023
1853024
1853070
1853071
1853072
1853073
1853074
1853730
1853731
1853732
1853733
1856738
1856739
1856743
1856747
1856748
1856749
1856753
1856754
1856755
1856756
1856757
1856758
1856820
1856821
1856822
1856823
1856824
1856825
1856826
1856850
1856851
1856852
1856853
1856854
1856855
1856856
1856857
1856858
1856859
1856863
1856870
1856871
1856872
1856873
1857407
1857408
1857409
1780373
1780397
1783704
1783730
1783731
1783732
1783733
1783734
1783735
1783736
1783737
1783738
1783739
1783983
1783984
1783985
1783986
1783987
1783988
1783989
1788661
1788850
1789678
1800373
1800380
1803739
1530373
1533125
1533373
1534373
1360373
1360393
1361373
1361390
1362373
1362390
1363373
1363390
1363963
1364373
1364390
1365373
1365390
1366303
1366373
1366390
1367350
1367351
1367352
1367353
1367354
1367373
1368373
1369373
1955557
1890373
1890380
1893730
1893731
1893732
1893733
1893734
1893735
1893736
1893737
1893738
1893739
1590300
1590301
1590302
1590303
1590304
1590305
1590306
1590307
1590308
1590309
1590373
1590385
1590386
1590387
1590388
1590389
1593650
1593651
1593652
1593653
1593654
1593655
1593656
1593657
1593658
1593659
1593730
1593731
1593732
1593733
1593734
1593735
1593736
1593737
1593738
1593739
1599300
1599301
1599302
1599303
1599304
1599305
1599306
1599307
1599308
1599309
1770373
1771995
1772488
1773088
1773089
1773477
1773489
1773727
1773734
1773735
1773736
1773911
1773918
1773919
1774048
1774466
1774633
1777287
1777289
1779679
1779770
1960373
1452307
1452308
1452309
1454205
1454206
1458425
1458426
1458427
1458428
1458429
1350343
1350344
1350373
1350380
1351373
1352322
1352323
1352324
1352325
1352373
1352384
1352385
1352386
1352387
1352500
1352501
1352502
1352503
1352504
1352505
1352506
1352507
1352508
1352509
1356940
1356941
1356942
1356943
1356944
1356980
1356981
1356982
1356983
1356984
1356985
1356986
1356987
1356988
1356989
1359860
1359861
1359862
1359863
1359864
1359865
1359866
1359867
1359868
1359869
1359870
1359871
1359872
1359873
1359874
1500373
1503660
1503661
1503662
1503663
1503664
1503730
1503731
1503732
1503733
1503734
1503735
1503736
1503737
1503738
1503739
1508310
1508311
1508312
1508313
1508314
1509005
1509006
1509007
1509008
1509009
1509030
1509031
1509032
1509033
1509034
1509035
1509036
1509037
1509038
1509039
1509040
1509041
1509042
1509043
1509044
1509045
1509046
1509047
1509048
1509049
1830360
1830361
1830362
1830363
1830364
1830365
1830366
1830373
1831756
1831757
1831758
1831759
1833606
1833607
1833608
1833609
1833644
1833730
1833731
1833732
1833733
1833734
1833735
1833736
1833737
1833738
1833739
1833890
1833891
1833892
1833893
1833894
1833895
1833896
1833897
1833898
1833899
1833950
1833951
1833952
1833953
1833954
1623732
1623734
1623735
1860373
1860380
1861373
1862373
1862470
1862471
1862472
1862473
1862474
1862590
1862591
1862592
1862593
1862594
1862595
1862596
1863730
1863731
1863732
1863733
1863734
1863735
1863736
1863737
1863738
1863739
1863830
1863831
1863832
1863909
1869591
1869592
1869593
1869594
1550373
1551640
1551641
1551642
1551643
1551644
1551645
1551646
1551647
1551648
1551649
1551650
1551651
1551652
1551653
1551654
1551655
1551656
1551657
1551658
1551659
1551660
1551661
1551662
1551730
1551731
1551732
1551733
1551734
1551735
1551736
1551737
1553730
1553731
1553732
1553733
1553734
1553735
1553736
1553737
1553738
1553739
1554428
1554429
1556010
1556011
1556012
1556013
1556014
1556015
1556016
1556017
1556018
1556019
1556020
1556021
1556022
1556023
1556024
1556025
1556026
1556027
1556028
1556029
1556521
1556522
1556523
1556524
1556525
1556526
1556527
1556528
1556543
1556544
1556579
1390373
1390380
1393730
1393731
1393732
1393733
1393734
1393735
1393736
1393737
1393738
1393739
1393870
1393871
1393872
1393873
1393874
1393875
1393876
1394960
1394961
1394962
1394963
1394964
1671373
1671378
1671390
1671391
1671397
1671399
1671623
1671624
1671625
1671626
1671627
1671628
1671629
1671650
1671651
1671652
1671653
1671840
1671841
1671842
1671843
1671844
1671845
1671846
1671847
1672373
1673373
1674154
1674155
1674156
1674373
1300766
1301753
1301754
1301760
1302755
1302766
1304373
1304475
1306935
1306936
1306937
1306938
1306939
1307260
1307261
1307262
1307263
1307264
1307265
1307266
1307267
1307268
1307269
1308373
1308380
1308381
1308382
1308420
1308421
