1320467
1320695
1320696
1321287
1321467
1322467
1323467
1325167
1325852
1325853
1327458
1327467
1328408
1328467
1328497
1910467
1650087
1650162
1650274
1650363
1650467
1650675
1650786
1651285
1651304
1651405
1651467
1651570
1651979
1652326
1652327
1652467
1652692
1652933
1652934
1653467
1653631
1653650
1653654
1653686
1653749
1655241
1655547
1655744
1656405
1656406
1656409
1656411
1656419
1656467
1656663
1656757
1656782
1657420
1657467
1657650
1980467
1981556
1984505
1984536
1984582
1984583
1984584
1984585
1984638
1988992
1840360
1840361
1840362
1840363
1840364
1840365
1840366
1840367
1840368
1840369
1840380
1840467
1844529
1570467
1571457
1573467
1575467
1576467
1576564
1576565
1576566
1576567
1576568
1576569
1521467
1521468
1524622
1524623
1524624
1524625
1524626
1524627
1524628
1524629
1810467
1814590
1814591
1818277
1470467
1478467
1479465
1479466
1479467
1370468
1376364
1376365
1376366
1376367
1376669
1379640
1379641
1379642
1379643
1379644
1379645
1379692
1379693
1880467
1881467
1881477
1884670
1750467
1759767
1760467
1761467
1764535
1764536
1764537
1764566
1764567
1580467
1584532
1584533
1584534
1584535
1584536
1584537
1584538
1584643
1584644
1584645
1584670
1584671
1584672
1820467
1824670
1824671
1824672
1824673
1824674
1824675
1824676
1824677
1824948
1824949
1514579
1514613
1514614
1514615
1514616
1514617
1514618
1514619
1514670
1514671
1514672
1514673
1514674
1514675
1514676
1514677
1514678
1518462
1518463
1518464
1870467
1871449
1871459
1871467
1872466
1872467
1874670
1874671
1874672
1874673
1874674
1874675
1874676
1874677
1874678
1660467
1664670
1664671
1664672
1664673
1664674
1664675
1664676
1664677
1664678
1380488
1380489
1383650
1383651
1383652
1383653
1383654
1383655
1383656
1383657
1383658
1383659
1384600
1384601
1384602
1384603
1384604
1384605
1384606
1384607
1384608
1384609
1389594
1738273
1310157
1310167
1310467
1311467
1311537
1311546
1311547
1312597
1313694
1313695
1313696
1314466
1314467
1314967
1315989
1315995
1316356
1319916
1319917
1319918
1319942
1319943
1890467
1890487
1894467
1894513
1894514
1894515
1894580
1894581
1894582
1894583
1894584
1894585
1894586
1360468
1361468
1362467
1363467
1363487
1366467
1367457
1368467
1530367
1530487
1532663
1533183
1534458
1800367
1800467
1804571
1804574
1804575
1804576
1804579
1780467
1784523
1784557
1784579
1788417
1788425
1788705
1789175
1789705
1850462
1850467
1854549
1854613
1560367
1560467
1560487
1563634
1563635
1563685
1563686
1563687
1563688
1563689
1564580
1564581
1564582
1564583
1564584
1564585
1564586
1567290
1569967
1990467
1990487
1991779
1996974
1330367
1330487
1331467
1332956
1332957
1333956
1333957
1334956
1334957
1335107
1335117
1335167
1335177
1335187
1335197
1335989
1335995
1335996
1338467
1339467
1300995
1301974
1302989
1303989
1304535
1304536
1305432
1306980
1306981
1308956
1308957
1308958
1308979
1308980
1309146
1309157
1309158
1309159
1671467
1672106
1672114
1672115
1672123
1672132
1672467
1673467
1674467
1674486
1674487
1675653
1390467
1390487
1394580
1394581
1394582
1394583
1394584
1394585
1394586
1394680
1394681
1394682
1394683
1394684
1394685
1394686
1394687
1394688
1394689
1550467
1554527
1554528
1554529
1554570
1554571
1554572
1554573
1554574
1556173
1556174
1556175
1556176
1556177
1556178
1556179
1556199
1558199
1559081
1559082
1860466
1860467
1864670
1864671
1864672
1864673
1864674
1864675
1864676
1864677
1864678
1864679
1622746
1622747
1830467
1834522
1504576
1504577
1504578
1504579
1509463
1509464
1509465
1509466
1509467
1509468
1509469
1350468
1350486
1355504
1355505
1355506
1355546
1355547
1452467
1452473
1453468
1453469
1453474
1453475
1454310
1454960
1454961
1457120
1457121
1457122
1770367
1774527
1775880
1590465
1590466
1590467
1594666
1594667
1594668
1594669
1594670
1594671
1594672
1594673
1594674
1594675
1594676
1594677
1594678
1594679
1990455
1990485
1991780
1991781
1991782
1991783
1991784
1997575
1997576
1999755
1999756
1999757
1560455
1560465
1560485
1563650
1563651
1563652
1563653
1563654
1563655
1563656
1563657
1563660
1563661
1563662
1563663
1563664
1563684
1563690
1563691
1563692
1563693
1563694
1564550
1564551
1564552
1564553
1564554
1564555
1564556
1566500
1566501
1567279
1567281
1567282
1567296
1569455
1850455
1854533
1780455
1784505
1784531
1784532
1784552
1784554
1784583
1784584
1784585
1788427
1788708
1789178
1789708
1330455
1330485
1331455
1332935
1332945
1333935
1333945
1334935
1334945
1335115
1335125
1335135
1335145
1335255
1335455
1335991
1335992
1338455
1339455
1360455
1360485
1361455
1362455
1363455
1364455
1364465
1366455
1366465
1367455
1952829
1890455
1890485
1894455
1894462
1894534
1894535
1894536
1894548
1894550
1894551
1894552
1894553
1894554
1894555
1894556
1800455
1804550
1804551
1804552
1804554
1804555
1804557
1804558
1804559
1808875
1530455
1530485
1532655
1533192
1533195
1534455
1534465
1500455
1504550
1504551
1504552
1504553
1504554
1504555
1504556
1504557
1504650
1504651
1504652
1504653
1504654
1504655
1504656
1504657
1504658
1504659
1504660
1504661
1504662
1504663
1504664
1832457
1834640
1834644
1834645
1834682
1622187
1622189
1622190
1622191
1590455
1594550
1594551
1594552
1594553
1594554
1594555
1594556
1594557
1594558
1594559
1594610
1594611
1594612
1594613
1594614
1594615
1594616
1594617
1594618
1594619
1770455
1774534
1774550
1774551
1774552
1775887
1450635
1450636
1450637
1450638
1450639
1452444
1452445
1452455
1350455
1355530
1355531
1355532
1355533
1355534
1355535
1355536
1355537
1355538
1355539
1300991
1300992
1302991
1302992
1303994
1303995
1304528
1304529
1305425
1305439
1306977
1306996
1308993
1308994
1308995
1308996
1308997
1309153
1309154
1309155
1309156
1860455
1860465
1861452
1861453
1861454
1861455
1861456
1861457
1861458
1861459
1864550
1864551
1864552
1864553
1864554
1864555
1864556
1864557
1864558
1864559
1864579
1869700
1869701
1869702
1869703
1869704
1869705
1869706
1869707
1869708
1550455
1554550
1554551
1554552
1554553
1554555
1554654
1554655
1554656
1554657
1559098
1559099
1390455
1390485
1394550
1394551
1394552
1394553
1394554
1394555
1394556
1671455
1672107
1672116
1672455
1673455
1674389
1674400
1674455
1674488
1674489
1810455
1814554
1814555
1818275
1818285
1520455
1521450
1521451
1521452
1521455
1524550
1524551
1524552
1524553
1524554
1524555
1524556
1524557
1524558
1524559
1524620
1524621
1524650
1524651
1524652
1524653
1524654
1524655
1524656
1524657
1524658
1524659
1750455
1750465
1754515
1754516
1754517
1754518
1754535
1754536
1754537
1754538
1754539
1759750
1759751
1759752
1759755
1759756
1759757
1759758
1759759
1759760
1759761
1759762
1759763
1759764
1759765
1759766
1880455
1881470
1881471
1884550
1370455
1374550
1374551
1374552
1374553
1374554
1374555
1374556
1374557
1374558
1374559
1374583
1374584
1374586
1374661
1374662
1374663
1374664
1376371
1376372
1376373
1376374
1376375
1376376
1376377
1376378
1376379
1376676
1379654
1379655
1379656
1379657
1379658
1379697
1470455
1474585
1478455
1478465
1478466
1479455
1701468
1701469
1702946
1702947
1702948
1910365
1910455
1320455
1320690
1320691
1320692
1321285
1321455
1321465
1322455
1322465
1323455
1325155
1325165
1325857
1325858
1327455
1327456
1328404
1328405
1328455
1328495
1329875
1571455
1576520
1576521
1576522
1576523
1576524
1576525
1576526
1576527
1576528
1576529
1576570
1576571
1576572
1576573
1576574
1576575
1576576
1576577
1576578
1576579
1577465
1577601
1577602
1577603
1577604
1577605
1840386
1840455
1844550
1844551
1844552
1844553
1844554
1844555
1844556
1844557
1844558
1844559
1980455
1981553
1984534
1984535
1984537
1984538
1984550
1984551
1984552
1984553
1984554
1984555
1984556
1984634
1984635
1984636
1988995
1650086
1650276
1650338
1650425
1650455
1650465
1650755
1651058
1651118
1651137
1651169
1651212
1651246
1651252
1651444
1651449
1651455
1651485
1651493
1651571
1651885
1652015
1652225
1652251
1652253
1652275
1652322
1652324
1652325
1652348
1652441
1652445
1652446
1652455
1652465
1652466
1652495
1652505
1652519
1652525
1652545
1652550
1652553
1652557
1652645
1652720
1652721
1652723
1652734
1652740
1652743
1652749
1652754
1652764
1652774
1652789
1652794
1652830
1652894
1653053
1653073
1653401
1653408
1653455
1653465
1653640
1653651
1653652
1653653
1653655
1653657
1653660
1653661
1653662
1653872
1653894
1655065
1655068
1655143
1655423
1655455
1655540
1655541
1655654
1655664
1655709
1656029
1656065
1656374
1656379
1656455
1656463
1656465
1656511
1656543
1656551
1656554
1656559
1656645
1656665
1656711
1656715
1656728
1656733
1656734
1656737
1656740
1656755
1656756
1656770
1656771
1656785
1656797
1656873
1656891
1656945
1657007
1657018
1657200
1657226
1657230
1657231
1657240
1657289
1657372
1657455
1657465
1657472
1657554
1657643
1657651
1657657
1657765
1380486
1383640
1383641
1383642
1383643
1383644
1383645
1383646
1383647
1383648
1383649
1384550
1384551
1384552
1384553
1384554
1384555
1384556
1384557
1384558
1384559
1384670
1384671
1384672
1384673
1384674
1384675
1384676
1384677
1384678
1384679
1660455
1664550
1664551
1664552
1664553
1664554
1664555
1664556
1664557
1664558
1664559
1664560
1664561
1664562
1664563
1664564
1664655
1664656
1664657
1664658
1664659
1870455
1871455
1872435
1872436
1872437
1872438
1872439
1872440
1872441
1872442
1872443
1872444
1872445
1872446
1872455
1874550
1874551
1874552
1874553
1874554
1874555
1874556
1874557
1874558
1874559
1874608
1874609
1874650
1874651
1874652
1874653
1874654
1874655
1874656
1874657
1874658
1874659
1874692
1874693
1874694
1874695
1310155
1310455
1311455
1311465
1311565
1312455
1312595
1312596
1313455
1313691
1313692
1314455
1314955
1315455
1316347
1316348
1316357
1316358
1316359
1316363
1316364
1316365
1319455
1319900
1319901
1319902
1319903
1730455
1734565
1738275
1738285
1739064
1580455
1584505
1584506
1584507
1584508
1584509
1584550
1584551
1584552
1584553
1584554
1584555
1584556
1584557
1584558
1584559
1584664
1584665
1584666
1584667
1584668
1760455
1761455
1764550
1764551
1764552
1764553
1764562
1764563
1513469
1514550
1514551
1514552
1514553
1514554
1514555
1514556
1514557
1514558
1514559
1514570
1514571
1514572
1514573
1514574
1514575
1514576
1514577
1514650
1514651
1514652
1514653
1514654
1514655
1514656
1514657
1514658
1514659
1518450
1518451
1518452
1518453
1518454
1518455
1518456
1518457
1518458
1518459
1820455
1824550
1824551
1824552
1824553
1824554
1824555
1824556
1824557
1824558
1824559
1824581
1824582
1824583
1824584
1824585
1824586
1824587
1824589
1622740
1622741
1623375
1500457
1500458
1500459
1504587
1504588
1504589
1504590
1504591
1504592
1504593
1504594
1504595
1504596
1504597
1504598
1504599
1504688
1504689
1830459
1832459
1834540
1834541
1834542
1834543
1834544
1834550
1834551
1834552
1834553
1834554
1834555
1834556
1834557
1834558
1834559
1834590
1834591
1834592
1834593
1834594
1834595
1834596
1834597
1834598
1834599
1834660
1834661
1834662
1834663
1834664
1834665
1834666
1834667
1834668
1834669
1450640
1450641
1450642
1450643
1450644
1452459
1452470
1452471
1452472
1454308
1454309
1350459
1350465
1350466
1350467
1350489
1355549
1355550
1355551
1355552
1355553
1355554
1355555
1355556
1355557
1590459
1594590
1594591
1594592
1770365
1770450
1770459
1771339
1774525
1774526
1774529
1774535
1774553
1774554
1774555
1774556
1774557
1774558
1774559
1775884
1300981
1300982
1300983
1300990
1301907
1301908
1301977
1302981
1302982
1302983
1302990
1303980
1303981
1303982
1303983
1303984
1303985
1303986
1303987
1303988
1304539
1304549
1305420
1305421
1305422
1305423
1305904
1305905
1305906
1305907
1305908
1305909
1306960
1306961
1306962
1306964
1306965
1306966
1306967
1306969
1306974
1308900
1308901
1308902
1308903
1308904
1308905
1308906
1308907
1308908
1309140
1309141
1309142
1309166
1309167
1309168
1309169
1390369
1390459
1390469
1390486
1390489
1393670
1393671
1393672
1393673
1393674
1393675
1393676
1393677
1393678
1393679
1393680
1393681
1393682
1393683
1393684
1393685
1393686
1393687
1393688
1393689
1393690
1393691
1393692
1393693
1393694
1393695
1393696
1393697
1393698
1393699
1394560
1394561
1394562
1394590
1394591
1394592
1394593
1394594
1394595
1394596
1394597
1394598
1394599
1394690
1394691
1394692
1394693
1394694
1394695
1394696
1394697
1394698
1394699
1671459
1672036
1672037
1672038
1672039
1672050
1672051
1672052
1672053
1672055
1672056
1672057
1672058
1672059
1672060
1672061
1672062
1672063
1672065
1672066
1672067
1672068
1672069
1672070
1672071
1672072
1672073
1672075
1672076
1672077
1672078
1672079
1672080
1672081
1672125
1672129
1672130
1672133
1672138
1672139
1672459
1673459
1674403
1674404
1674405
1674406
1674407
1674408
1674409
1674440
1674441
1674442
1674443
1674444
1674445
1674446
1674447
1674448
1674449
1674450
1674459
1674460
1674461
1674462
1674463
1674465
1674466
1674470
1674471
1860367
1860369
1860459
1864402
1864523
1864524
1864529
1864590
1864591
1864592
1864593
1864594
1864595
1864596
1864597
1864598
1864599
1864665
1864666
1864667
1864668
1864669
1550459
1554509
1560369
1560459
1560486
1560489
1563697
1563698
1563699
1564560
1564561
1564562
1564590
1564591
1564592
1564593
1564594
1564595
1564596
1564597
1564598
1564599
1567285
1567293
1567298
1569459
1569965
1780459
1784509
1784535
1784536
1784537
1784538
1784539
1784587
1784588
1784589
1788418
1788419
1788429
1788709
1789179
1789709
1850459
1854505
1854506
1854507
1854534
1854572
1854573
1854574
1854575
1854576
1854577
1854578
1854579
1854590
1854591
1854592
1854593
1854594
1854595
1854596
1854597
1854598
1854599
1854658
1854664
1854665
1854666
1854667
1854668
1854669
1854693
1854695
1854696
1854697
1854698
1854699
1990369
1990459
1990486
1990488
1990489
1994590
1994591
1994598
1994599
1996976
1996977
1997579
1710715
1710728
1712439
1712440
1712441
1712442
1712443
1712444
1712445
1712446
1712447
1712448
1712449
1712450
1712452
1712453
1712454
1712455
1712456
1712457
1712458
1712459
1712460
1712461
1712462
1712463
1712464
1713459
1715171
1715172
1715173
1715175
1715176
1715177
1715178
1715179
1715180
1715181
1715459
1716459
1717174
1717184
1717450
1717452
1717453
1717455
1717456
1717457
1717459
1718170
1718172
1718173
1718175
1718459
1719455
1719456
1719457
1719458
1719459
1330369
1330459
1330469
1330486
1330489
1331459
1332939
1332947
1332949
1332950
1332959
1333939
1333947
1333949
1333950
1333959
1334939
1334947
1334949
1334950
1334959
1335109
1335118
1335119
1335129
1335139
1335149
1335169
1335174
1335175
1335179
1335184
1335185
1335189
1335199
1335259
1335459
1335950
1335959
1335960
1335961
1335980
1335981
1335982
1335983
1338459
1339459
1339463
1339464
1339465
1339466
1890367
1890369
1890459
1890486
1890489
1894457
1894458
1894459
1894525
1894526
1894527
1894529
1894560
1894561
1894562
1894590
1894591
1894592
1894593
1894594
1894595
1894596
1894597
1894598
1894599
1360459
1360464
1360465
1360466
1360467
1360489
1361459
1361464
1361465
1361466
1362459
1362466
1363457
1363459
1363466
1363489
1364459
1364469
1366459
1366466
1367459
1368459
1369459
1369460
1953597
1800369
1800459
1804553
1804570
1804583
1804584
1804590
1804591
1804592
1804593
1804594
1804595
1804596
1804597
1804598
1804599
1808871
1808879
1530369
1530459
1530469
1530486
1530489
1532659
1532667
1533190
1533199
1534459
1870459
1874590
1874591
1874592
1874593
1874594
1874595
1874596
1874597
1874598
1874599
1874660
1874661
1874662
1874663
1874664
1874665
1874666
1874667
1874668
1380464
1380465
1380466
1380467
1380468
1380469
1383670
1383671
1383672
1383673
1383674
1383675
1383676
1383677
1383678
1383679
1383680
1383681
1383682
1383683
1383684
1383685
1383686
1383687
1383688
1383689
1383690
1383691
1383692
1383693
1383694
1383695
1383696
1383697
1383698
1383699
1384590
1384591
1384592
1384593
1384594
1384595
1384596
1384597
1384598
1384599
1660459
1660460
1664539
1664540
1664541
1664542
1664546
1664547
1664548
1664549
1664565
1664566
1664567
1664568
1664569
1664590
1664591
1664592
1664597
1664598
1664599
1664679
1730367
1730369
1730459
1734566
1738279
1738283
1738289
1739063
1310089
1310159
1310164
1310409
1310459
1311459
1311539
1311542
1311543
1311544
1311549
1311559
1311567
1312459
1312594
1312599
1313459
1313680
1313681
1313682
1313683
1313684
1313685
1314459
1314465
1314959
1314965
1315459
1315981
1315982
1315983
1315994
1315999
1316352
1316353
1316354
1316355
1319459
1319904
1319905
1319906
1319907
1319908
1319909
1319940
1319941
1580459
1584529
1584580
1584581
1584582
1584583
1584584
1584585
1584586
1584587
1584588
1584589
1584590
1584591
1584592
1584593
1584594
1584595
1584596
1584597
1584598
1584599
1584616
1584617
1584618
1584689
1584690
1584691
1584692
1584693
1584694
1584695
1584696
1760459
1760465
1761459
1764546
1764547
1764548
1764549
1764585
1764586
1764587
1764588
1764589
1764591
1764592
1764593
1764594
1764595
1764596
1764599
1767860
1767861
1767862
1767863
1767864
1767865
1767866
1767867
1767868
1767869
1514592
1514593
1514594
1514595
1514596
1514597
1514598
1514599
1514634
1514635
1514636
1514637
1516452
1516453
1516454
1516455
1516456
1516457
1516458
1516459
1820457
1820459
1824569
1824570
1824571
1824572
1824573
1824574
1824575
1824576
1824577
1824578
1824579
1824580
1824588
1824590
1824591
1824592
1824593
1824594
1824595
1824596
1824597
1824598
1824599
1824667
1824678
1824679
1824683
1824684
1824691
1824692
1824693
1824694
1824695
1824955
1824956
1824957
1824958
1824960
1824961
1824962
1824963
1824964
1824965
1824966
1824967
1824968
1824969
1824984
1810459
1810463
1810465
1810466
1814592
1814593
1814594
1814595
1814596
1814597
1814598
1814599
1818273
1818289
1520459
1521459
1521460
1521461
1524590
1524591
1524592
1524593
1524594
1524595
1524596
1524597
1524598
1524599
1524600
1524601
1524602
1524603
1524604
1524605
1524606
1524607
1524608
1524609
1524610
1524611
1524612
1524613
1524614
1524615
1524616
1524617
1524618
1524619
1370459
1370465
1370466
1370467
1370489
1373455
1373456
1373457
1373458
1373459
1374590
1374591
1374592
1374593
1374594
1374595
1374596
1374597
1374598
1374599
1376650
1376677
1376678
1376679
1379659
1379698
1379699
1470459
1474598
1474599
1478459
1479459
1880459
1881459
1881461
1881476
1881479
1884590
1884591
1884592
1884593
1884594
1884595
1884596
1884597
1884598
1884599
1884628
1884629
1884648
1884649
1884660
1884661
1884662
1884663
1884664
1884665
1884666
1884667
1884668
1884669
1750459
1754528
1754529
1754590
1754591
1754592
1754593
1754594
1754595
1754596
1754597
1754598
1754599
1754600
1754601
1754602
1754603
1754604
1754605
1754606
1754607
1754608
1754609
1754610
1754611
1754612
1754613
1754614
1754615
1754616
1754617
1754618
1754619
1754620
1754621
1754622
1754623
1754624
1754625
1754626
1754627
1754628
1754629
1754630
1754631
1754632
1754633
1754634
1754635
1754636
1754637
1754690
1754691
1754692
1754693
1754694
1754695
1754696
1754697
1754698
1754699
1910369
1910459
1910463
1320459
1320680
1320681
1320682
1320683
1320684
1320685
1320844
1320845
1320846
1320847
1320848
1321289
1321459
1322457
1322458
1322459
1323459
1323490
1323491
1323492
1324459
1324469
1325159
1325166
1325863
1325864
1325865
1326358
1326359
1326364
1326365
1327459
1327465
1328409
1328459
1328466
1328490
1329877
1700459
1701460
1701461
1701462
1701463
1701464
1702440
1702441
1702442
1702443
1702940
1702941
1703676
1703677
1703678
1703679
1703680
1704459
1704460
1704461
1704462
1704463
1704464
1704465
1704466
1704467
1704468
1704469
1704470
1704471
1704472
1704473
1704474
1704475
1704476
1704477
1704478
1704479
1704480
1704481
1704482
1704483
1704484
1704485
1704486
1704487
1704488
1705576
1705745
1705866
1706738
1706739
1706740
1706741
1706742
1708452
1708453
1708454
1708455
1708456
1708457
1708458
1708459
1650192
1650459
1650644
1650740
1650749
1651443
1651459
1651702
1651945
1652097
1653459
1655459
1656459
1656940
1657061
1657062
1657063
1657064
1980459
1980465
1981552
1984527
1984529
1984531
1984532
1984590
1984591
1984592
1984593
1984594
1984595
1984596
1984597
1984637
1984648
1984649
1988996
1570459
1571459
1571461
1573459
1573465
1573466
1575459
1576459
1576465
1576466
1576580
1576581
1576582
1576583
1576584
1576585
1576586
1576587
1576588
1576589
1576590
1576595
1576596
1576597
1576598
1577459
1577610
1577611
1577612
1577613
1577614
1577615
1577616
1577617
1577618
1577619
1577650
1577651
1577652
1577653
1577654
1577655
1577656
1577657
1577658
1577659
1840383
1330456
1331456
1332936
1332946
1333936
1333946
1334936
1334946
1335136
1335146
1335256
1335456
1335993
1335994
1338456
1339456
1850456
1854521
1854522
1854524
1854527
1854528
1854529
1854564
1854567
1854568
1854569
1854656
1854691
1854692
1780456
1784506
1784522
1784527
1784582
1788707
1789177
1789707
1560456
1563671
1564571
1564572
1564573
1564574
1569456
1990456
1991785
1999754
1530456
1532660
1533182
1534456
1800456
1804560
1804561
1804563
1804567
1804568
1890456
1894456
1894516
1894537
1894571
1894572
1894573
1894574
1360456
1361456
1362456
1363456
1364466
1366456
1367456
1368456
1369456
1369457
1450650
1450651
1450652
1450653
1450654
1452456
1454319
1454967
1454968
1454969
1457123
1457124
1457125
1457126
1457127
1457128
1457129
1355520
1355521
1355522
1355523
1355524
1355525
1355526
1355527
1355528
1355529
1770456
1771336
1774537
1590456
1594526
1594527
1594560
1594561
1594562
1594563
1594564
1594565
1622147
1622148
1622149
1623301
1623302
1623306
1623307
1830456
1832456
1834683
1834684
1500456
1504560
1504561
1504686
1504687
1504695
1504696
1504697
1504698
1504699
1508450
1671456
1672093
1672095
1672096
1672097
1672098
1672099
1672100
1672101
1672102
1672103
1672456
1673456
1674456
1674478
1674479
1674480
1674481
1674482
1674483
1390456
1394571
1394572
1394573
1394574
1550456
1554506
1556160
1556161
1556162
1556163
1556164
1556165
1556166
1556167
1556168
1556169
1860456
1864560
1864561
1864562
1864563
1864564
1864565
1864566
1864567
1864568
1864569
1300993
1300994
1302993
1302994
1303976
1303977
1303978
1308909
1308952
1308976
1309152
1309176
1309177
1370456
1370487
1374560
1374561
1374564
1374565
1374566
1374567
1374568
1374569
1374570
1374571
1374572
1374573
1374575
1374576
1374577
1374578
1374579
1374630
1374631
1374632
1374633
1374634
1374635
1374636
1374637
1374638
1374639
1374650
1374651
1374652
1374653
1374654
1374655
1374656
1374657
1374658
1374659
1376369
1376370
1379653
1379695
1379696
1470456
1474560
1478456
1479456
1750456
1754519
1754560
1754561
1754562
1754563
1754564
1754565
1754566
1754567
1880456
1881456
1881457
1881465
1884560
1884565
1884566
1884567
1884568
1884569
1884571
1884573
1884574
1884625
1884626
1884627
1520456
1521456
1524564
1524565
1524566
1524567
1524568
1524569
1524695
1524696
1524697
1524698
1524699
1810456
1814552
1814553
1818286
1980456
1981557
1984515
1984560
1984561
1984562
1984563
1984633
1988991
1650083
1650088
1650190
1650293
1650426
1650456
1650484
1650767
1650901
1650906
1651089
1651233
1651287
1651343
1651456
1651575
1651963
1652146
1652323
1652340
1652341
1652343
1652346
1652347
1652349
1652440
1652442
1652448
1652456
1652459
1652547
1652548
1652549
1652551
1652556
1652646
1652674
1652681
1652684
1652694
1652741
1652814
1652824
1653004
1653154
1653184
1653192
1653201
1653289
1653403
1653456
1653643
1653656
1653671
1653674
1653678
1653680
1653681
1653682
1653748
1653844
1653845
1653854
1653994
1655145
1655456
1655520
1655521
1655522
1655523
1655524
1655525
1655526
1655527
1655528
1655529
1655551
1655624
1656256
1656456
1656466
1656519
1656547
1656563
1656566
1656655
1656656
1656658
1656796
1656799
1656890
1656914
1657123
1657124
1657163
1657215
1657224
1657290
1657341
1657343
1657456
1657567
1840385
1840456
1844537
1844538
1844560
1844561
1844562
1844563
1570456
1570465
1570466
1571456
1573456
1573457
1575456
1575465
1575466
1576456
1576560
1576561
1576562
1576563
1577456
1320456
1320670
1320679
1320693
1320694
1321286
1321456
1321466
1322456
1323456
1325156
1328406
1328456
1910456
1730456
1734560
1310086
1310094
1310154
1310456
1311456
1311552
1311556
1311562
1312456
1313456
1313693
1314456
1314956
1315456
1319456
1319928
1319929
1319930
1870456
1871456
1871479
1872431
1872432
1872433
1872434
1872456
1874560
1874561
1874562
1874563
1874564
1874565
1874566
1660456
1660465
1660466
1664578
1664579
1664650
1664651
1664652
1664653
1664654
1380483
1384560
1384561
1384562
1384563
1384564
1384565
1384566
1384567
1384568
1384569
1384630
1384631
1384632
1384633
1384634
1384635
1384636
1384637
1384638
1384639
1384650
1384651
1384652
1384653
1384654
1389590
1389591
1820456
1824560
1824561
1824562
1824563
1824564
1824565
1824566
1824567
1824568
1824959
1513468
1514560
1514561
1514567
1514568
1514578
1760456
1761456
1764556
1764557
1764560
1764561
1580456
1584685
1584686
1584687
1701465
1701466
1701467
1702942
1702943
1702944
1702945
1703681
1703682
1703683
1703684
1703685
1910362
1910452
1910462
1910466
1320452
1320650
1320651
1320660
1320661
1320662
1320663
1320672
1320673
1321282
1321295
1321296
1321452
1321462
1322452
1322462
1323452
1323460
1323461
1323462
1323463
1323464
1323493
1323494
1325152
1325162
1325868
1325869
1326352
1327452
1327466
1328402
1328452
1328498
1329871
1329872
1570452
1570462
1571452
1571462
1573452
1573462
1575452
1575462
1576452
1576462
1576504
1576505
1576506
1576507
1576508
1576509
1577452
1577462
1840452
1844520
1844521
1844522
1844528
1980452
1980462
1981551
1984520
1984521
1984523
1984524
1984528
1984558
1984559
1984564
1984565
1984566
1984567
1984568
1984569
1984589
1984625
1984630
1984631
1984632
1988997
1650082
1650191
1650332
1650452
1650462
1650947
1650948
1651040
1651042
1651062
1651091
1651096
1651259
1651313
1651346
1651384
1651452
1651707
1651946
1652018
1652087
1652299
1652342
1652402
1652444
1652452
1652462
1652482
1652520
1652521
1652639
1652652
1652664
1652682
1652742
1652746
1652747
1652828
1652844
1652852
1653034
1653232
1653233
1653239
1653245
1653252
1653259
1653307
1653452
1653462
1653620
1653621
1653622
1653623
1653624
1653625
1653642
1653644
1653658
1653672
1653673
1653684
1653685
1653740
1653741
1653774
1653775
1653852
1653874
1653993
1655041
1655452
1655553
1655566
1655640
1655733
1655747
1655770
1655778
1655885
1655887
1655889
1656005
1656345
1656346
1656452
1656462
1656611
1656754
1656774
1656778
1656788
1656815
1656824
1656934
1656952
1657022
1657140
1657193
1657202
1657209
1657220
1657248
1657295
1657370
1657402
1657452
1657507
1657510
1657523
1657529
1657542
1657656
1657840
1657892
1810362
1810452
1814532
1814533
1818272
1818282
1520452
1521440
1521441
1521442
1521443
1521444
1521445
1521446
1521447
1521448
1521449
1524520
1524521
1524522
1524523
1524524
1524525
1524526
1524527
1524528
1524529
1524572
1524573
1524580
1524581
1524582
1524583
1524584
1750452
1750462
1754502
1754503
1754504
1754505
1754506
1754507
1754508
1754509
1754520
1754521
1754522
1880452
1881452
1881462
1881466
1881472
1884520
1884521
1884522
1884523
1884524
1884525
1884526
1884527
1884528
1884529
1884620
1884630
1884631
1884632
1884633
1884634
1884635
1884636
1884637
1884638
1884639
1370369
1370452
1370461
1370462
1370482
1374520
1374521
1374522
1374523
1374524
1374525
1374526
1374527
1374528
1374529
1374620
1374621
1374622
1374623
1374624
1374625
1374626
1374627
1374628
1374629
1376345
1376346
1376347
1376348
1376349
1376350
1376351
1376352
1376353
1376354
1376355
1376356
1376357
1376358
1376359
1376651
1376652
1376653
1376654
1376655
1376656
1376657
1376658
1379624
1379625
1379626
1379627
1379628
1379629
1379630
1379631
1379632
1379633
1379634
1379684
1379685
1379686
1379687
1379688
1379689
1470452
1470462
1470465
1474561
1474562
1474563
1474564
1474565
1474566
1474586
1474587
1474589
1478452
1478462
1478463
1479452
1479462
1479463
1479803
1479804
1479805
1479806
1479807
1479808
1479809
1344069
1580452
1584520
1584521
1584522
1584523
1584524
1584525
1584526
1584527
1584528
1584560
1584561
1584562
1584563
1584564
1584565
1584566
1584567
1584568
1584569
1584570
1584571
1584572
1584573
1584574
1584575
1584576
1584577
1584578
1584579
1584620
1584621
1584622
1584623
1584624
1584625
1584626
1584627
1584628
1760452
1760462
1761452
1764521
1764522
1764523
1764524
1764525
1764570
1764571
1764572
1514520
1514521
1514522
1514523
1514524
1514525
1514526
1514527
1514528
1514529
1514530
1514531
1514540
1514541
1514620
1514621
1514622
1514623
1514624
1514665
1514666
1514667
1514668
1514669
1516460
1516461
1516462
1516463
1516464
1516465
1516466
1516467
1516468
1516469
1517450
1517451
1517452
1517453
1517454
1517455
1517456
1517457
1517458
1517459
1517460
1517461
1517462
1517463
1517464
1517465
1820452
1820462
1820465
1820466
1824520
1824521
1824522
1824523
1824524
1824525
1824526
1824527
1824528
1824529
1824620
1824621
1824622
1824623
1824624
1824625
1824626
1824627
1824628
1824629
1824668
1824669
1824927
1824928
1824929
1824952
1380360
1380361
1380362
1380363
1383620
1383621
1383622
1383623
1383624
1383625
1383626
1383627
1383628
1383629
1384520
1384521
1384522
1384523
1384524
1384525
1384526
1384527
1384528
1384529
1384620
1384621
1384622
1384623
1384624
1384625
1384626
1384627
1384628
1384629
1389595
1389596
1389597
1389598
1389599
1660452
1660461
1660462
1660463
1664571
1664572
1664573
1664574
1664575
1664576
1664577
1664620
1664621
1664622
1664623
1664624
1664625
1664626
1664627
1664628
1664629
1870452
1871430
1871431
1871432
1871433
1871434
1871435
1871436
1871437
1871438
1871452
1871471
1871472
1871473
1871474
1871475
1872447
1872448
1872452
1874520
1874521
1874522
1874523
1874524
1874525
1874526
1874527
1874528
1874529
1874620
1874621
1874622
1874623
1874624
1874625
1874626
1874627
1874628
1874629
1874681
1874682
1874683
1874684
1874685
1874686
1874687
1874688
1874689
1310082
1310092
1310098
1310099
1310152
1310162
1310402
1310403
1310404
1310452
1311452
1311462
1311466
1311532
1311566
1312452
1313452
1313660
1313661
1313662
1313663
1313672
1313673
1314452
1314457
1314952
1314957
1314962
1315452
1316340
1319452
1319962
1319963
1319964
1319965
1319966
1319967
1319968
1319969
1730362
1730452
1734562
1738272
1738282
1739062
1360452
1360461
1360462
1360482
1361452
1361461
1361462
1362452
1362462
1363452
1363462
1363482
1363483
1363484
1363486
1364452
1364462
1366452
1366462
1367452
1368452
1369452
1953596
1890362
1890452
1890462
1894452
1894512
1894520
1894521
1894522
1894523
1894524
1894528
1894620
1894621
1894622
1894623
1894624
1894625
1894626
1894627
1894628
1894629
1800362
1800452
1800462
1804520
1804521
1804522
1804523
1804524
1804525
1804526
1804527
1804528
1804529
1808872
1530362
1530452
1530462
1530482
1532652
1532668
1533184
1533189
1533197
1534452
1534460
1534461
1534462
1990362
1990452
1990462
1990482
1991770
1991771
1991772
1991773
1991774
1991775
1991776
1991777
1991778
1996978
1996979
1997570
1999750
1999751
1999752
1560362
1560452
1560462
1560482
1563620
1563621
1563622
1563623
1563624
1563625
1563626
1563627
1563628
1563629
1563695
1563696
1564520
1564521
1564522
1564523
1564524
1564525
1564526
1564527
1564528
1564529
1567283
1567286
1567292
1567295
1567297
1569452
1569962
1850452
1854520
1854560
1854610
1854611
1854650
1780452
1784502
1784543
1784544
1784545
1784546
1784547
1784570
1784571
1784572
1788410
1788411
1788421
1788701
1789171
1789701
1330362
1330452
1330462
1330482
1331452
1331462
1331465
1331466
1332942
1332952
1333942
1333952
1334942
1334952
1335102
1335112
1335122
1335132
1335142
1335162
1335172
1335182
1335192
1335252
1335452
1335952
1335957
1335973
1335974
1335975
1338452
1338462
1339452
1339462
1300973
1300974
1300975
1301097
1301903
1301909
1301973
1301978
1302973
1302974
1302975
1303974
1304520
1304521
1304522
1304523
1304524
1304527
1305424
1305430
1305431
1306963
1306968
1306973
1306997
1306998
1306999
1307960
1307961
1307962
1307963
1307964
1307965
1307966
1307967
1307968
1307969
1308973
1308974
1308975
1860362
1860452
1860462
1864520
1864521
1864522
1864660
1864661
1864662
1864663
1868690
1868691
1868692
1868693
1868694
1868695
1868696
1868697
1868698
1868699
1550452
1554502
1554520
1554521
1554522
1554523
1554524
1554560
1554561
1554562
1554563
1554564
1554565
1554566
1554567
1554568
1554569
1554623
1554624
1554625
1554626
1554627
1554628
1554629
1556192
1558192
1559080
1390362
1390452
1390462
1390482
1394520
1394521
1394522
1394523
1394524
1394525
1394526
1394527
1394528
1394529
1394620
1394621
1394622
1394623
1394624
1394625
1394626
1394627
1394628
1394629
1671452
1672082
1672083
1672085
1672086
1672087
1672088
1672089
1672090
1672091
1672092
1672452
1673452
1674363
1674364
1674365
1674366
1674452
1674476
1674477
1675616
1675652
1504520
1504521
1504522
1504523
1504524
1504620
1504621
1504622
1504623
1504624
1504625
1504626
1504627
1504628
1504629
1508451
1508452
1508453
1508454
1508455
1508456
1508457
1508458
1508459
1830452
1832452
1834520
1834521
1834525
1834526
1834527
1834528
1834529
1622135
1622137
1590452
1590462
1594520
1594521
1594522
1594523
1594524
1594525
1594620
1594621
1594622
1594623
1594624
1594625
1594626
1594627
1594628
1594629
1594645
1594646
1594647
1594648
1594649
1594650
1594651
1594652
1770362
1770452
1771332
1774520
1774524
1774528
1775886
1779060
1779061
1779062
1779063
1450620
1450621
1450622
1450623
1450624
1452440
1452441
1452442
1452443
1452452
1454302
1454964
1454965
1454966
1350452
1350461
1350462
1350482
1351460
1351461
1351462
1351463
1351464
1351465
1351466
1351467
1351468
1351469
1550450
1550451
1550457
1550460
1550461
1550462
1550463
1550465
1550466
1554500
1554501
1554504
1554505
1554510
1554511
1554512
1554513
1554514
1554515
1554516
1554517
1554518
1554519
1554525
1554526
1554533
1554534
1554543
1554544
1554545
1554546
1554547
1554548
1554549
1554554
1554556
1554557
1554558
1554559
1554595
1554596
1554597
1554598
1554599
1554600
1554601
1554602
1554603
1554604
1554605
1554606
1554607
1554608
1554609
1554610
1554611
1554612
1554613
1554614
1554615
1554616
1554617
1554618
1554619
1554620
1554621
1554622
1554630
1554631
1554632
1554633
1554634
1554635
1554636
1554637
1554638
1554639
1554640
1554641
1554642
1554643
1554644
1554645
1554646
1554647
1554648
1554649
1554650
1554651
1554652
1554653
1554660
1554661
1554662
1554663
1554664
1554665
1554666
1554667
1554668
1554669
1556180
1556181
1556182
1556183
1556184
1556185
1556186
1556187
1556188
1556189
1559085
1559086
1559087
1559088
1559089
1860360
1860361
1860365
1860366
1860450
1860451
1860460
1860461
1861450
1861451
1864404
1864405
1864406
1864407
1864408
1864409
1864500
1864501
1864502
1864503
1864504
1864505
1864506
1864507
1864508
1864509
1864510
1864511
1864512
1864513
1864514
1864517
1864518
1864519
1864600
1864601
1864602
1864603
1864604
1864605
1864606
1864607
1864608
1864609
1864610
1864611
1864612
1864613
1864614
1864615
1864616
1864617
1864618
1864619
1864620
1864621
1864622
1864623
1864624
1864625
1864626
1864627
1864628
1864629
1864630
1864631
1864632
1864633
1864634
1864635
1864636
1864637
1864638
1864639
1864650
1864651
1864652
1864653
1864654
1864655
1864656
1864657
1864658
1864659
1864664
1868670
1868671
1868672
1868673
1868674
1868675
1868676
1868677
1868678
1868679
1868680
1868681
1868682
1868683
1868684
1868685
1868686
1868687
1868688
1868689
1671450
1671451
1671460
1671461
1671462
1671463
1671465
1671466
1671860
1671861
1671862
1671863
1671864
1671865
1671866
1671867
1671868
1671869
1671870
1671871
1671872
1671873
1671874
1671875
1671876
1671877
1671878
1671879
1671880
1671881
1671882
1671883
1671884
1671885
1671886
1671887
1671888
1671889
1671900
1671901
1671902
1671903
1671904
1671905
1671906
1671907
1671908
1671909
1671920
1671921
1671922
1671923
1671924
1671925
1671926
1671927
1671928
1671929
1671960
1671961
1671962
1671963
1671964
1671965
1671966
1671967
1671968
1671969
1671970
1671971
1671972
1671973
1671974
1671975
1671976
1671977
1671978
1671979
1671980
1671981
1671982
1671983
1671984
1671985
1671986
1671987
1671988
1671989
1671990
1671991
1671992
1671993
1671994
1671995
1671996
1671997
1671998
1671999
1672000
1672001
1672002
1672003
1672004
1672005
1672006
1672007
1672008
1672009
1672010
1672011
1672014
1672024
1672034
1672040
1672041
1672042
1672043
1672044
1672045
1672046
1672047
1672048
1672049
1672054
1672064
1672074
1672084
1672094
1672104
1672140
1672141
1672142
1672143
1672144
1672145
1672146
1672147
1672148
1672149
1672450
1672451
1672460
1672461
1672462
1672463
1672465
1672466
1673450
1673451
1673460
1673461
1673462
1673463
1673465
1673466
1674290
1674291
1674292
1674293
1674294
1674295
1674296
1674297
1674298
1674299
1674300
1674301
1674302
1674303
1674304
1674305
1674306
1674307
1674308
1674309
1674320
1674321
1674322
1674323
1674324
1674325
1674326
1674451
1675651
1390036
1390048
1390360
1390361
1390365
1390366
1390450
1390451
1390460
1390461
1390463
1390464
1390465
1390466
1390480
1390481
1393600
1393601
1393602
1393603
1393604
1393605
1393606
1393607
1393608
1393609
1393610
1393611
1393612
1393613
1393614
1393615
1393616
1393617
1393618
1393619
1393620
1393621
1393622
1393623
1393624
1393625
1393626
1393627
1393628
1393629
1393630
1393631
1393632
1393633
1393634
1393635
1393636
1393637
1393638
1393639
1393640
1393641
1393642
1393643
1393644
1393645
1393646
1393647
1393648
1393649
1393650
1393651
1393652
1393653
1393654
1393655
1393656
1393657
1393658
1393659
1393660
1393661
1393662
1393663
1393664
1393665
1393666
1393667
1393668
1393669
1394500
1394501
1394502
1394503
1394504
1394505
1394506
1394507
1394508
1394509
1394510
1394511
1394512
1394513
1394514
1394515
1394516
1394517
1394518
1394519
1394563
1394564
1394565
1394566
1394567
1394568
1394569
1394600
1394601
1394602
1394603
1394604
1394605
1394606
1394607
1394608
1394609
1394610
1394611
1394612
1394613
1394614
1394615
1394616
1394617
1394618
1394619
1394749
1394800
1394801
1394802
1394803
1394804
1394805
1394806
1394883
1300098
1300970
1300971
1300972
1300980
1300984
1300985
1300986
1300987
1300999
1301098
1301900
1301901
1301970
1301971
1301972
1302970
1302971
1302972
1302980
1302984
1302985
1302986
1302987
1302999
1303000
1303001
1303002
1303003
1303004
1303005
1303006
1303007
1303008
1303009
1303996
1303997
1303998
1303999
1304510
1304511
1304512
1304513
1304514
1304515
1304516
1304517
1304518
1304519
1305426
1305427
1305428
1305429
1305900
1305901
1305902
1305903
1306970
1306971
1306972
1306986
1306987
1306988
1306989
1307450
1307451
1307452
1307453
1307454
1307455
1307456
1307457
1307458
1307459
1308970
1308971
1308972
1308998
1308999
1309143
1309144
1309145
1309170
1309171
1309172
1309186
1309187
1309188
1309189
1770360
1770361
1770364
1770366
1770451
1771331
1774510
1774511
1774512
1774513
1774514
1774515
1774516
1774517
1774518
1774519
1774536
1774560
1774561
1774562
1774563
1774564
1774565
1774566
1774567
1774568
1774569
1775881
1775882
1775888
1776651
1776652
1776653
1776654
1776655
1776656
1776657
1776658
1776659
1778886
1778887
1779998
1590450
1590451
1590460
1590461
1590483
1594500
1594501
1594502
1594503
1594504
1594505
1594506
1594507
1594508
1594509
1594510
1594511
1594512
1594513
1594514
1594515
1594516
1594517
1594518
1594519
1594545
1594546
1594566
1594567
1594568
1594569
1594576
1594577
1594578
1594579
1594593
1594594
1594595
1594596
1594597
1594598
1594599
1594600
1594601
1594602
1594603
1594604
1594605
1594606
1594607
1594608
1594609
1594638
1594639
1350360
1350361
1350362
1350363
1350364
1350365
1350366
1350367
1350368
1350450
1350451
1350480
1350481
1350484
1351483
1450540
1450541
1450542
1450543
1450544
1450545
1450546
1450547
1450548
1450549
1450550
1450551
1450552
1450553
1450554
1450555
1450556
1450557
1450558
1450559
1452450
1452451
1452460
1452461
1452462
1452463
1452465
1452466
1452476
1452477
1452478
1452479
1453470
1453471
1453472
1453473
1454300
1454301
1454305
1454306
1454307
1960451
1830450
1830451
1830455
1830461
1830462
1830463
1832450
1832451
1832460
1832461
1834500
1834501
1834502
1834503
1834504
1834505
1834506
1834507
1834508
1834509
1834510
1834511
1834512
1834513
1834514
1834515
1834516
1834517
1834518
1834519
1834523
1834530
1834531
1834532
1834533
1834534
1834535
1834536
1834537
1834538
1834539
1834548
1834549
1834570
1834571
1834572
1834573
1834574
1834575
1834576
1834578
1834579
1834600
1834601
1834602
1834603
1834604
1834605
1834606
1834607
1834608
1834609
1834610
1834611
1834612
1834613
1834614
1834615
1834616
1834617
1834618
1834619
1834620
1834621
1834622
1834623
1834624
1834625
1834626
1834627
1834628
1834629
1834650
1834651
1834652
1834653
1834654
1834655
1834656
1834657
1834658
1834659
1834850
1834851
1834852
1834853
1834854
1834855
1834856
1834857
1834858
1834859
1834860
1834861
1834862
1834863
1834864
1834865
1834866
1834867
1834868
1834869
1500450
1500451
1500452
1500454
1500460
1500461
1500462
1500463
1500464
1500465
1500466
1500467
1500468
1500469
1504500
1504501
1504502
1504503
1504504
1504505
1504506
1504507
1504508
1504509
1504510
1504511
1504512
1504513
1504514
1504515
1504516
1504517
1504518
1504519
1504526
1504527
1504528
1504529
1504534
1504535
1504536
1504537
1504538
1504539
1504542
1504543
1504544
1504545
1504546
1504547
1504548
1504549
1504558
1504559
1504562
1504563
1504564
1504565
1504566
1504567
1504568
1504569
1504580
1504581
1504582
1504583
1504584
1504585
1504586
1504600
1504601
1504602
1504603
1504604
1504605
1504606
1504607
1504608
1504609
1504610
1504611
1504612
1504613
1504614
1504615
1504616
1504617
1504618
1504619
1504665
1504666
1504667
1504668
1504669
1504670
1504671
1504672
1504673
1504674
1504675
1504676
1504677
1504678
1504679
1504680
1504681
1504830
1504831
1508460
1508461
1508462
1508463
1508464
1508465
1508466
1508467
1508468
1508469
1622100
1622101
1622102
1622104
1622106
1622107
1622108
1622461
1622753
1530360
1530361
1530364
1530365
1530366
1530450
1530451
1530460
1530461
1530463
1530464
1530465
1530466
1530480
1530481
1530484
1532661
1532662
1532664
1532666
1533111
1533180
1533188
1533194
1533198
1534450
1534451
1800360
1800361
1800364
1800365
1800366
1800450
1800451
1800460
1800461
1800463
1800465
1800466
1804406
1804450
1804500
1804501
1804502
1804503
1804504
1804505
1804506
1804507
1804508
1804509
1804510
1804511
1804512
1804513
1804514
1804515
1804516
1804517
1804518
1804519
1804536
1804537
1804547
1804556
1804562
1804564
1804565
1804566
1808870
1808874
1808877
1808878
1360360
1360361
1360362
1360363
1360364
1360365
1360366
1360367
1360368
1360450
1360451
1360480
1360481
1360484
1360488
1361360
1361361
1361362
1361363
1361364
1361365
1361366
1361367
1361450
1361451
1361483
1362450
1362451
1362460
1362461
1362473
1363360
1363361
1363362
1363363
1363364
1363365
1363366
1363367
1363368
1363369
1363450
1363451
1363460
1363461
1363473
1363480
1363481
1363488
1364450
1364451
1364456
1364457
1364458
1364460
1364461
1364464
1365450
1365451
1365452
1365453
1365454
1365455
1365456
1365457
1365458
1365459
1365460
1365461
1365462
1365463
1365464
1365465
1365466
1365467
1365468
1365469
1365483
1366450
1366451
1366457
1366460
1366461
1366483
1367450
1367451
1367460
1367461
1367462
1367463
1367464
1367465
1367466
1367467
1367468
1367469
1368450
1368451
1368455
1368457
1368460
1368461
1368462
1368463
1368465
1368466
1369450
1369451
1369455
1369461
1369462
1369465
1890360
1890361
1890365
1890366
1890450
1890451
1890460
1890461
1890463
1890465
1890466
1890480
1890481
1890488
1894450
1894451
1894460
1894461
1894463
1894465
1894466
1894500
1894501
1894502
1894503
1894504
1894505
1894506
1894507
1894508
1894509
1894510
1894511
1894563
1894564
1894565
1894566
1894567
1894568
1894569
1894600
1894601
1894602
1894603
1894604
1894605
1894606
1894607
1894608
1894609
1894610
1894611
1894612
1894613
1894614
1894615
1894616
1894617
1894618
1894619
1330360
1330361
1330364
1330365
1330366
1330450
1330451
1330460
1330461
1330463
1330464
1330465
1330466
1330480
1330481
1330484
1331360
1331361
1331362
1331363
1331364
1331365
1331366
1331367
1331368
1331369
1331450
1331451
1331460
1331461
1332930
1332931
1332940
1332941
1332951
1333930
1333931
1333940
1333941
1333951
1334930
1334931
1334940
1334941
1334951
1335100
1335101
1335110
1335111
1335120
1335121
1335127
1335128
1335130
1335131
1335140
1335141
1335160
1335161
1335168
1335170
1335171
1335178
1335180
1335181
1335188
1335190
1335191
1335198
1335250
1335251
1335450
1335451
1335951
1335970
1335971
1335972
1335984
1335985
1335986
1335987
1335998
1335999
1338450
1338451
1338460
1338461
1338465
1338466
1339450
1339451
1339460
1339461
1900366
1900450
1710693
1710701
1712400
1712401
1712402
1712403
1712404
1712405
1712406
1712407
1712408
1712409
1712410
1712411
1712412
1712413
1712414
1712415
1712416
1712417
1712418
1712419
1712420
1712421
1712422
1712423
1712424
1712425
1712426
1712427
1712428
1712429
1712430
1712431
1712432
1712433
1712434
1712435
1712436
1712437
1712438
1712451
1713450
1713451
1713452
1713453
1713455
1713456
1713457
1713458
1715170
1715174
1715184
1715188
1715450
1715451
1715452
1715453
1715455
1715456
1715457
1715458
1716170
1716174
1716176
1716177
1716178
1716179
1716180
1716181
1716182
1716183
1716184
1716185
1716186
1716187
1716188
1716189
1716450
1716451
1716452
1716453
1716455
1716456
1716457
1716458
1717170
1717171
1717172
1717173
1717175
1717176
1717177
1717178
1717179
1717180
1717181
1717182
1717183
1717185
1717186
1717187
1717188
1717189
1717451
1718171
1718174
1718176
1718177
1718178
1718179
1718180
1718181
1718182
1718183
1718184
1718185
1718186
1718187
1718188
1718189
1718450
1718451
1718452
1718453
1718454
1718455
1718456
1718457
1718458
1719450
1719451
1719452
1719453
1719454
1990360
1990361
1990365
1990366
1990450
1990451
1990460
1990461
1990463
1990465
1990466
1990480
1990481
1991750
1991751
1991752
1991753
1991754
1991755
1991756
1991757
1991758
1991759
1991760
1991761
1991762
1991763
1991764
1991765
1991766
1994594
1996960
1996961
1996962
1996963
1996964
1996965
1996966
1996967
1996968
1996969
1996970
1996971
1996972
1996975
1999070
1999071
1999072
1999073
1999074
1999075
1999076
1999077
1999078
1999079
1850360
1850361
1850362
1850363
1850364
1850365
1850366
1850367
1850368
1850369
1850450
1850451
1850460
1850461
1850465
1850466
1854500
1854501
1854510
1854511
1854512
1854513
1854514
1854515
1854516
1854517
1854518
1854519
1854550
1854551
1854552
1854553
1854554
1854555
1854556
1854557
1854558
1854559
1854562
1854563
1854565
1854566
1854580
1854581
1854582
1854583
1854584
1854585
1854586
1854587
1854588
1854589
1854600
1854601
1854602
1854603
1854604
1854605
1854606
1854607
1854608
1854609
1854616
1854617
1854622
1854623
1854624
1854625
1854629
1854651
1854652
1854653
1854654
1854655
1854661
1854673
1854680
1854683
1854685
1854688
1855664
1855665
1855666
1855667
1855668
1855669
1780050
1780051
1780052
1780053
1780054
1780055
1780056
1780057
1780058
1780059
1780450
1780451
1780460
1780461
1780462
1780463
1780464
1780465
1780466
1784500
1784501
1784510
1784512
1784513
1784514
1784515
1784516
1784517
1784518
1784519
1784520
1784525
1784529
1784530
1784534
1784542
1784555
1784560
1784561
1784562
1784563
1784564
1784565
1784566
1784567
1784568
1784569
1788400
1788401
1788402
1788403
1788404
1788405
1788406
1788407
1788408
1788409
1788420
1788700
1789170
1789700
1560360
1560361
1560364
1560365
1560366
1560450
1560451
1560460
1560461
1560466
1560480
1560481
1563600
1563601
1563602
1563603
1563604
1563605
1563606
1563607
1563608
1563609
1563610
1563611
1563612
1563613
1563614
1563615
1563616
1563617
1563618
1563619
1563630
1563631
1563632
1563633
1563670
1563680
1563681
1563682
1563683
1564500
1564501
1564502
1564503
1564504
1564505
1564506
1564507
1564508
1564509
1564510
1564511
1564512
1564513
1564514
1564515
1564516
1564517
1564518
1564519
1564563
1564564
1564565
1564566
1564567
1564568
1564569
1566345
1566359
1566360
1566367
1566370
1566372
1566375
1566377
1566380
1566381
1566382
1566385
1566387
1567287
1567291
1569450
1569451
1569960
1569961
1569966
1820450
1820451
1820460
1820461
1824500
1824501
1824502
1824503
1824504
1824505
1824506
1824507
1824508
1824509
1824510
1824511
1824512
1824513
1824514
1824515
1824516
1824517
1824518
1824519
1824600
1824601
1824602
1824603
1824604
1824605
1824606
1824607
1824608
1824609
1824610
1824611
1824612
1824613
1824614
1824615
1824616
1824617
1824618
1824619
1824640
1824641
1824642
1824643
1824644
1824645
1824647
1824648
1824650
1824651
1824652
1824653
1824654
1824655
1824656
1824657
1824658
1824659
1824660
1824661
1824662
1824663
1824664
1824665
1824680
1824681
1824682
1824685
1824686
1824687
1824688
1824689
1824696
1824697
1824900
1824901
1824902
1824903
1824904
1824905
1824906
1824907
1824908
1824909
1824910
1824911
1824912
1824913
1824914
1824915
1824916
1824917
1824918
1824919
1824920
1824921
1824944
1824945
1824946
1824947
1824950
1824951
1824970
1824971
1824972
1824973
1824974
1824975
1824976
1824977
1824978
1824979
1510450
1510451
1510452
1510453
1510454
1510455
1510456
1510457
1510458
1510459
1510460
1510461
1510462
1510463
1510464
1510465
1510466
1510467
1510468
1510469
1510483
1511450
1511451
1511452
1511453
1511454
1511455
1511456
1511457
1511458
1511459
1511460
1511461
1511462
1511463
1511464
1511465
1511466
1511467
1511468
1511469
1512450
1512451
1512452
1512453
1512454
1512455
1512456
1512457
1512458
1512459
1512460
1512461
1512462
1512463
1512464
1512465
1512466
1512467
1512468
1512469
1513450
1513451
1513452
1513453
1513454
1513455
1513456
1513457
1513458
1513459
1513460
1513461
1513462
1513463
1513464
1513465
1514500
1514501
1514502
1514503
1514504
1514505
1514506
1514507
1514508
1514509
1514510
1514511
1514512
1514513
1514514
1514515
1514516
1514517
1514518
1514519
1514600
1514601
1514602
1514603
1514604
1514605
1514606
1514607
1514608
1514609
1514610
1514611
1514612
1514625
1514626
1514627
1514628
1514629
1514638
1514639
1514640
1514641
1514642
1514643
1514644
1514645
1514646
1514647
1514660
1514661
1514662
1514663
1514664
1514679
1514684
1514689
1514700
1514898
1344070
1344170
1344270
1760360
1760361
1760362
1760363
1760364
1760365
1760366
1760367
1760368
1760369
1760450
1760451
1760460
1760461
1760466
1761450
1761451
1761460
1761461
1761462
1761463
1761465
1761466
1764500
1764501
1764502
1764503
1764504
1764505
1764506
1764507
1764508
1764509
1764510
1764511
1764512
1764513
1764514
1764516
1764517
1764518
1764519
1764545
1764554
1764555
1764565
1764576
1764577
1764578
1764579
1764624
1764625
1764628
1764629
1764630
1764633
1764636
1764637
1764639
1764662
1764666
1764667
1764668
1764880
1764881
1764882
1764883
1764884
1764885
1764886
1764887
1764888
1764889
1764890
1764891
1764892
1764893
1764894
1764895
1764896
1764897
1764898
1764899
1764943
1764946
1764947
1764948
1580450
1580451
1580460
1580461
1580462
1580463
1580466
1584500
1584501
1584502
1584503
1584504
1584510
1584511
1584512
1584513
1584514
1584600
1584601
1584602
1584603
1584604
1584605
1584606
1584607
1584608
1584609
1584610
1584611
1584612
1584613
1584614
1584615
1584630
1584631
1584632
1584633
1584634
1584635
1584636
1584637
1584638
1584639
1584650
1584651
1584652
1584653
1584654
1584655
1584656
1584657
1584658
1584659
1584660
1584661
1584662
1584663
1584673
1584680
1584681
1584682
1310080
1310081
1310083
1310084
1310085
1310087
1310088
1310090
1310091
1310093
1310095
1310096
1310097
1310150
1310151
1310156
1310158
1310160
1310161
1310166
1310400
1310401
1310405
1310407
1310408
1310450
1310451
1310460
1310461
1310462
1310463
1310465
1310466
1311450
1311451
1311460
1311461
1311530
1311531
1311540
1311541
1311545
1311550
1311551
1311555
1311560
1311561
1312450
1312451
1312590
1312591
1312592
1312598
1313450
1313451
1313664
1313665
1313666
1313667
1313668
1313669
1313674
1313675
1313676
1314450
1314451
1314460
1314461
1314462
1314950
1314951
1314960
1314961
1315450
1315451
1315980
1315984
1315985
1315986
1315987
1316341
1316342
1316343
1316344
1316366
1316367
1316368
1316369
1319450
1319451
1319944
1319945
1319946
1319947
1319948
1319949
1319950
1319951
1319952
1319953
1319954
1319955
1319956
1319957
1319958
1730360
1730361
1730364
1730365
1730366
1730450
1730451
1734567
1738271
1738274
1738276
1738277
1738280
1738284
1738286
1738288
1739060
1739061
1660360
1660361
1660362
1660363
1660364
1660365
1660366
1660367
1660368
1660369
1660450
1660451
1664500
1664501
1664502
1664503
1664504
1664505
1664506
1664507
1664508
1664509
1664510
1664511
1664512
1664513
1664514
1664515
1664516
1664517
1664518
1664519
1664520
1664521
1664522
1664523
1664524
1664525
1664526
1664527
1664528
1664529
1664530
1664531
1664532
1664533
1664534
1664535
1664600
1664601
1664602
1664603
1664604
1664605
1664606
1664607
1664608
1664609
1664610
1664611
1664612
1664613
1664614
1664615
1664616
1664617
1664618
1664619
1664660
1664661
1664662
1664663
1664664
1664665
1664666
1664667
1664668
1664669
1664689
1664699
1380045
1380046
1380364
1380450
1380451
1380452
1380453
1380454
1380455
1380456
1380457
1380458
1380459
1380460
1380461
1380462
1380463
1380473
1383600
1383601
1383602
1383603
1383604
1383605
1383606
1383607
1383608
1383609
1383610
1383611
1383612
1383613
1383614
1383615
1383616
1383617
1383618
1383619
1384500
1384501
1384502
1384503
1384504
1384505
1384506
1384507
1384508
1384509
1384510
1384511
1384512
1384513
1384514
1384515
1384516
1384517
1384518
1384519
1389570
1389571
1389572
1389573
1389574
1389575
1389576
1389577
1389578
1389579
1389580
1389581
1389582
1389583
1389584
1870450
1870451
1870460
1870461
1870462
1870463
1870465
1870466
1871450
1871451
1871460
1871461
1871470
1872420
1872449
1872450
1872451
1872459
1872460
1872461
1872462
1872463
1872465
1874500
1874501
1874502
1874503
1874504
1874505
1874506
1874507
1874508
1874509
1874510
1874511
1874512
1874513
1874514
1874515
1874516
1874517
1874518
1874519
1874567
1874568
1874569
1874570
1874571
1874572
1874573
1874574
1874575
1874576
1874577
1874578
1874579
1874582
1874583
1874584
1874585
1874586
1874587
1874600
1874601
1874602
1874603
1874604
1874605
1874606
1874607
1874610
1874611
1874612
1874613
1874614
1874615
1874616
1874617
1874618
1874619
1874638
1874639
1874642
1874643
1874644
1874645
1874646
1874647
1874648
1874669
1840388
1840389
1840400
1840401
1840402
1840403
1840404
1840405
1840406
1840407
1840408
1840409
1840440
1840441
1840442
1840443
1840444
1840445
1840446
1840447
1840448
1840449
1840450
1840451
1840466
1844500
1844501
1844502
1844503
1844504
1844505
1844506
1844507
1844508
1844509
1844510
1844511
1844512
1844513
1844514
1844515
1844516
1844517
1844518
1844519
1844565
1844566
1844567
1844568
1844569
1844570
1844571
1844572
1844573
1844574
1844575
1844576
1844577
1844578
1844579
1844585
1844586
1844587
1844588
1844589
1844590
1844591
1844592
1844593
1844594
1844595
1844596
1844597
1844598
1844599
1844600
1844601
1844602
1844603
1844604
1844605
1844606
1844607
1844608
1844609
1844610
1844611
1844612
1844613
1844614
1844615
1844616
1844617
1844618
1844619
1844620
1844621
1844622
1844623
1844624
1844625
1844626
1844627
1844628
1844629
1844630
1844631
1844632
1844633
1844634
1844635
1844636
1844637
1844638
1844639
1849100
1849101
1849102
1849103
1849104
1849105
1849106
1849107
1849109
1849110
1570450
1570451
1570460
1570461
1571450
1571451
1571458
1571460
1573450
1573451
1573460
1573461
1575450
1575451
1575457
1575460
1575461
1576450
1576451
1576457
1576460
1576461
1576517
1576518
1576519
1576550
1576551
1576552
1576553
1576554
1576555
1576556
1576557
1576558
1576559
1576591
1576592
1576593
1576594
1577450
1577451
1577460
1577461
1577607
1577608
1577609
1577620
1577621
1577622
1577623
1577624
1577625
1577626
1577627
1577628
1577629
1577630
1577631
1577632
1577633
1577634
1577635
1577636
1577637
1577638
1577639
1577640
1577641
1577642
1577643
1577644
1577645
1577646
1577647
1577648
1577649
1577660
1577661
1577662
1577663
1577664
1577665
1577666
1577667
1577668
1577669
1577670
1577671
1577672
1577673
1577674
1577675
1577676
1577677
1577678
1577679
1577680
1577681
1577682
1577683
1577684
1577685
1577686
1577687
1577688
1577689
1577690
1577691
1577692
1577693
1577694
1577695
1577696
1577697
1577698
1577699
1980450
1980451
1980460
1980461
1980466
1981550
1984501
1984502
1984503
1984504
1984506
1984507
1984509
1984510
1984512
1984516
1984517
1984518
1984519
1984525
1984526
1984546
1984547
1984548
1984549
1984586
1984587
1984588
1984600
1984601
1984602
1984603
1984604
1984605
1984606
1984607
1984608
1984609
1984610
1984611
1984612
1984613
1984614
1984615
1984616
1984617
1984618
1984619
1984621
1984622
1984623
1984624
1984640
1984641
1984642
1984643
1984644
1988984
1988986
1988987
1988988
1988998
1988999
1650011
1650089
1650123
1650149
1650194
1650344
1650360
1650361
1650365
1650366
1650388
1650450
1650451
1650741
1650747
1650864
1651055
1651095
1651141
1651166
1651448
1651450
1651451
1651465
1651577
1651700
1651708
1651709
1651966
1651976
1652000
1652147
1652167
1652190
1652211
1652288
1652344
1652351
1652359
1652388
1652450
1652451
1652460
1652483
1652497
1652643
1652904
1652924
1652945
1652992
1652993
1652994
1652995
1652997
1652998
1653001
1653002
1653003
1653005
1653006
1653007
1653008
1653009
1653033
1653071
1653084
1653202
1653236
1653255
1653300
1653344
1653345
1653450
1653451
1653460
1653461
1653466
1653585
1653600
1653601
1653602
1653603
1653610
1653611
1653612
1653636
1653641
1653663
1653664
1653668
1653669
1653675
1653677
1653866
1653881
1653883
1653886
1653887
1653889
1653919
1655042
1655067
1655069
1655111
1655147
1655148
1655149
1655450
1655451
1655556
1655557
1655668
1655678
1655679
1655870
1655871
1655873
1655886
1655909
1656153
1656159
1656161
1656206
1656319
1656340
1656341
1656342
1656343
1656365
1656444
1656450
1656451
1656471
1656544
1656561
1656567
1656662
1656688
1656741
1656742
1656743
1656781
1656783
1656784
1656786
1656804
1656818
1656841
1656843
1656944
1656955
1657002
1657003
1657011
1657012
1657023
1657044
1657046
1657047
1657048
1657049
1657055
1657056
1657057
1657058
1657059
1657060
1657065
1657066
1657067
1657068
1657069
1657071
1657072
1657073
1657074
1657075
1657076
1657077
1657078
1657079
1657080
1657128
1657180
1657190
1657305
1657355
1657451
1657459
1657461
1657473
1657480
1657491
1657517
1657570
1657678
1657734
1657771
1657789
1657889
1657890
1657891
1700450
1700451
1700452
1700453
1700454
1700455
1700456
1700457
1700458
1700460
1701450
1701451
1701452
1701453
1701454
1701455
1701456
1701457
1701458
1701459
1701887
1701888
1701889
1702444
1702445
1702446
1702447
1702448
1702449
1702450
1702451
1702452
1702453
1702454
1702455
1702456
1702457
1702458
1702459
1702460
1702461
1702462
1702463
1702464
1702465
1702466
1702467
1702468
1702469
1702949
1703651
1703652
1703653
1703654
1703655
1703656
1703657
1703658
1703659
1703660
1703661
1703662
1703663
1703664
1703665
1703666
1703667
1703668
1703669
1703670
1703671
1703672
1703673
1703674
1703675
1704400
1704401
1704402
1704403
1704404
1704405
1704406
1704407
1704408
1704409
1704410
1704411
1704412
1704413
1704414
1704415
1704416
1704417
1704418
1704419
1704420
1704421
1704422
1704423
1704424
1704425
1704426
1704427
1704428
1704429
1704430
1704431
1704432
1704433
1704434
1704435
1704436
1704437
1704438
1704439
1704440
1704441
1704442
1704443
1704444
1704445
1704446
1704447
1704448
1704449
1704450
1704451
1704452
1704453
1704454
1704455
1704456
1704457
1704458
1704489
1705025
1705087
1705164
1705168
1705174
1705191
1705209
1705260
1705376
1705535
1705575
1705586
1705622
1705686
1705738
1705753
1705857
1706715
1706716
1706717
1706718
1706719
1706720
1706721
1706722
1706723
1706724
1706725
1706726
1706727
1706728
1706729
1706730
1706731
1706732
1706733
1706734
1706735
1706736
1706737
1707450
1707451
1707452
1707453
1707454
1707455
1707456
1707457
1707458
1707459
1707460
1707461
1707462
1707463
1707464
1707465
1707466
1707467
1707468
1707469
1708450
1708451
1709450
1709451
1709452
1709453
1709454
1709455
1709456
1709457
1709458
1709459
1709630
1709631
1709632
1709633
1709634
1709635
1709636
1709637
1709638
1709639
1320450
1320451
1320457
1320460
1320461
1320462
1320463
1320465
1320466
1320652
1320653
1320654
1320655
1320656
1320657
1320658
1320659
1320664
1320665
1320666
1320667
1320668
1320669
1320674
1320675
1320676
1321280
1321281
1321290
1321291
1321292
1321293
1321450
1321451
1321460
1321461
1322450
1322451
1322460
1322461
1323450
1323451
1323465
1323466
1323495
1323496
1323497
1323498
1323499
1324450
1324451
1324452
1324453
1324454
1324455
1324456
1324457
1324458
1324460
1324461
1324462
1324463
1324464
1324465
1324466
1324467
1324468
1325150
1325151
1325160
1325161
1325866
1325867
1326350
1326351
1326354
1326355
1326360
1326361
1326362
1326363
1326366
1326367
1326368
1326369
1327450
1327451
1327460
1327461
1327462
1327463
1328400
1328401
1328450
1328451
1328460
1328461
1328462
1328463
1328499
1329870
1329878
1910360
1910361
1910364
1910366
1910450
1910451
1910460
1910461
1910465
1914510
1914511
1914512
1914513
1750360
1750361
1750362
1750363
1750364
1750365
1750366
1750367
1750368
1750369
1750450
1750451
1750460
1750461
1750466
1751950
1751951
1751952
1751953
1751954
1751955
1751956
1751957
1751958
1751959
1754510
1754511
1754512
1754513
1754514
1754523
1754524
1754525
1754526
1754527
1754548
1754549
1754550
1754551
1754552
1754553
1754554
1754555
1754556
1754557
1754558
1754559
1754568
1754569
1754580
1754581
1754582
1754583
1754584
1754585
1754586
1754587
1754588
1754589
1754638
1754639
1754641
1754642
1754643
1754644
1754645
1754646
1754647
1754648
1754649
1754650
1754651
1754652
1754653
1754654
1754655
1754656
1754657
1754658
1754659
1754660
1754661
1754662
1754663
1754664
1754665
1754666
1754667
1754668
1754669
1754680
1754681
1754682
1754683
1754684
1754685
1754686
1754687
1754688
1754689
1759730
1759731
1759732
1759733
1759734
1759735
1759736
1759737
1759738
1759739
1759740
1759741
1759742
1759743
1759744
1759745
1759746
1759747
1759748
1759749
1880040
1880041
1880042
1880043
1880044
1880045
1880046
1880047
1880048
1880049
1880450
1880451
1880460
1880461
1880462
1880463
1880465
1880466
1880483
1880487
1881450
1881451
1884500
1884501
1884502
1884503
1884504
1884505
1884506
1884507
1884508
1884509
1884510
1884511
1884512
1884513
1884514
1884515
1884516
1884517
1884518
1884519
1884555
1884556
1884557
1884558
1884559
1884561
1884562
1884563
1884564
1884572
1884575
1884576
1884577
1884578
1884579
1884587
1884588
1884589
1884600
1884601
1884602
1884603
1884604
1884605
1884606
1884607
1884608
1884609
1884610
1884611
1884612
1884613
1884614
1884615
1884616
1884617
1884618
1884619
1884641
1884642
1884643
1884644
1884645
1884675
1884676
1884677
1884678
1884679
1884681
1884682
1884683
1884691
1884692
1884693
1470080
1470081
1470082
1470083
1470084
1470085
1470086
1470087
1470088
1470089
1470450
1470451
1470460
1470461
1474510
1474511
1474512
1474513
1474514
1474515
1474516
1474517
1474518
1474519
1474570
1474571
1474572
1474573
1474574
1474575
1474576
1474577
1474578
1474579
1474580
1474581
1474582
1474583
1474584
1474590
1474591
1474592
1474593
1474594
1474595
1476535
1478450
1478451
1478460
1478461
1479450
1479451
1479460
1479461
1479800
1479801
1479802
1370360
1370361
1370362
1370363
1370364
1370365
1370366
1370367
1370368
1370450
1370451
1370480
1370481
1370484
1370488
1374500
1374501
1374502
1374503
1374504
1374505
1374506
1374507
1374508
1374509
1374510
1374511
1374512
1374513
1374514
1374515
1374516
1374517
1374518
1374519
1376340
1376341
1376342
1376343
1376344
1376680
1376681
1376682
1376683
1376684
1376685
1376686
1376687
1376688
1376689
1376690
1376691
1376692
1376693
1376694
1376695
1376696
1376697
1376698
1376699
1379600
1379601
1379602
1379603
1379604
1379605
1379606
1379607
1379608
1379609
1379610
1379611
1379612
1379613
1379614
1379615
1379616
1379617
1379618
1379619
1379620
1379621
1379622
1379623
1379660
1379661
1379662
1379663
1379664
1379665
1379666
1379667
1379668
1379669
1379670
1379671
1379672
1379673
1379674
1379675
1379676
1379677
1379678
1379679
1379680
1379681
1379682
1379683
1520450
1520451
1520460
1520461
1520462
1520463
1520465
1520466
1520467
1520469
1520483
1524460
1524461
1524462
1524463
1524464
1524465
1524466
1524467
1524468
1524469
1524470
1524471
1524472
1524473
1524474
1524475
1524476
1524477
1524500
1524501
1524502
1524503
1524504
1524505
1524506
1524507
1524508
1524509
1524510
1524511
1524512
1524513
1524514
1524515
1524516
1524517
1524518
1524519
1524560
1524561
1524570
1524571
1524585
1524660
1524661
1524662
1524663
1524664
1524665
1524666
1524667
1524668
1524669
1524670
1524671
1524672
1524673
1524674
1524675
1524676
1524677
1524678
1524679
1524680
1524830
1524831
1810044
1810045
1810360
1810361
1810363
1810364
1810365
1810366
1810367
1810368
1810369
1810450
1810451
1810460
1810461
1810462
1814510
1814511
1814512
1814513
1814514
1814515
1814516
1814517
1814518
1814519
1814534
1814550
1814551
1814556
1814557
1814558
1814559
1814560
1814561
1814562
1814563
1814564
1814565
1814566
1814567
1814568
1814569
1818271
1818274
1818280
1818281
1330488
1331469
1332933
1332934
1333933
1333934
1334933
1334934
1335104
1335105
1335106
1335116
1335965
1335978
1338469
1339469
1990469
1991768
1991769
1994596
1997571
1997572
1997573
1784521
1784553
1788415
1788704
1789174
1560469
1563665
1563666
1563667
1563668
1563669
1564577
1564578
1564579
1566309
1567280
1569969
1530488
1532656
1533181
1534457
1800469
1360458
1361369
1362469
1363464
1363469
1366469
1368469
1890469
1894469
1894518
1894519
1894577
1894578
1894579
1590469
1452469
1452475
1350464
1350485
1355503
1355510
1355511
1355512
1355513
1355514
1355515
1355516
1355517
1355518
1355519
1355544
1355545
1830469
1834580
1834581
1834582
1834583
1834584
1834585
1504571
1504572
1504573
1504574
1504575
1504682
1504683
1504684
1504690
1504691
1504692
1504693
1504694
1622743
1623378
1550469
1554535
1554539
1554577
1554578
1554579
1556172
1556190
1559083
1559084
1860469
1864516
1864690
1864691
1864692
1864693
1864694
1864695
1864696
1864697
1864698
1864699
1671469
1672110
1672119
1672128
1672134
1672137
1672469
1673469
1674469
1674492
1674497
1390468
1394577
1394578
1394579
1394660
1394661
1394662
1394663
1394664
1394665
1394666
1394667
1394668
1394669
1300998
1301904
1302977
1303975
1304547
1304548
1305437
1306990
1306991
1308978
1308981
1308982
1309147
1309178
1309179
1309180
1759769
1880469
1884690
1373450
1373451
1376667
1376668
1379637
1379638
1379639
1379690
1379691
1470469
1524685
1524686
1524687
1524688
1524689
1524690
1571469
1980469
1981558
1984533
1984577
1984578
1984579
1984639
1988990
1650161
1650469
1650822
1651052
1651063
1651090
1651348
1651357
1651469
1651578
1651705
1652328
1652329
1652352
1652409
1652449
1652461
1652469
1652552
1652670
1652942
1653469
1653639
1653665
1653667
1653871
1653884
1653990
1653991
1653992
1653995
1653996
1653997
1655542
1655756
1656469
1656477
1656664
1656816
1657469
1657490
1657659
1320469
1320677
1320678
1320849
1321294
1321469
1322469
1323469
1325169
1325854
1325855
1326357
1327469
1328469
1328494
1910363
1910469
1310169
1310406
1310469
1311469
1311557
1311569
1313677
1313678
1314469
1314969
1315990
1315991
1316345
1319919
1319920
1319921
1319922
1660469
1664690
1664691
1664692
1664693
1664694
1664695
1664696
1664697
1664698
1380369
1384690
1384691
1384692
1384693
1384694
1384695
1384696
1384697
1384698
1384699
1389585
1389586
1389587
1389588
1389589
1870469
1871445
1871446
1871447
1871448
1871469
1872469
1874690
1874691
1874696
1874697
1874698
1874699
1820469
1824690
1824698
1824699
1824941
1824942
1824943
1514588
1514589
1514590
1514591
1514690
1514691
1514692
1514693
1514694
1514695
1514696
1514697
1514698
1514699
1518466
1518467
1518468
1518469
1580469
1584642
1584683
1584684
1530368
1530454
1532654
1532657
1532669
1533187
1533196
1534454
1800368
1800454
1804540
1804541
1804542
1804543
1804544
1804545
1804546
1804548
1804549
1804569
1804573
1804582
1804585
1804586
1804587
1804589
1808876
1890364
1890368
1890454
1894454
1894540
1894541
1894542
1894543
1894544
1894640
1894641
1894642
1894643
1894644
1894645
1894646
1894647
1894648
1894649
1953068
1360369
1360454
1360469
1360486
1361454
1361469
1362454
1362465
1363454
1363465
1364454
1364468
1366454
1367454
1368454
1369454
1369466
1712465
1712466
1712467
1712468
1712469
1712470
1712471
1712472
1712473
1712474
1712475
1712476
1712477
1712478
1712479
1713454
1715182
1715183
1715185
1715186
1715187
1715189
1715454
1716171
1716172
1716173
1716175
1716454
1717454
1717458
1330368
1330454
1331454
1332944
1332954
1332955
1333944
1333954
1333955
1334944
1334954
1334955
1335134
1335144
1335164
1335165
1335166
1335176
1335186
1335254
1335454
1335954
1335955
1335963
1335964
1335976
1338454
1339454
1339457
1780454
1780468
1780469
1784504
1784528
1784540
1784541
1784551
1784575
1784576
1784577
1788414
1788423
1788703
1789173
1789703
1789704
1789706
1850454
1850468
1850469
1854502
1854503
1854504
1854508
1854509
1854525
1854532
1854540
1854541
1854542
1854543
1854544
1854545
1854546
1854561
1854615
1854640
1854641
1854642
1854660
1854690
1855660
1855661
1855662
1855663
1560368
1560454
1563644
1563645
1563646
1563647
1563648
1563649
1564540
1564541
1564542
1564543
1564544
1564545
1564546
1564547
1564548
1564549
1566302
1566307
1567294
1569454
1990364
1990368
1990454
1991786
1991787
1991788
1991789
1996973
1997577
1997578
1671454
1672012
1672013
1672015
1672016
1672017
1672018
1672019
1672020
1672021
1672022
1672023
1672025
1672026
1672027
1672028
1672029
1672030
1672031
1672032
1672033
1672035
1672118
1672122
1672127
1672131
1672454
1673454
1674327
1674328
1674329
1674360
1674361
1674362
1674367
1674368
1674369
1674380
1674381
1674382
1674383
1674384
1674385
1674386
1674454
1675654
1675684
1390364
1390368
1390454
1394540
1394541
1394542
1394543
1394544
1394545
1394546
1394547
1394548
1394549
1394640
1394641
1394642
1394643
1394644
1394645
1394646
1394647
1394648
1394649
1550454
1554540
1554541
1554542
1554575
1554576
1556170
1556171
1559090
1559091
1559092
1559093
1559094
1559095
1860364
1860368
1860454
1864400
1864401
1864527
1864528
1864540
1864541
1864542
1864543
1864544
1864545
1864546
1864547
1864548
1864549
1869709
1300097
1300976
1300977
1300978
1301975
1301976
1302978
1302997
1302998
1303960
1303961
1303962
1303963
1303964
1303965
1304540
1304541
1304542
1304543
1304544
1305436
1306975
1306976
1306992
1306993
1308963
1308964
1308965
1308966
1308967
1308968
1308969
1309162
1309163
1309164
1309165
1350369
1350454
1350469
1351260
1351261
1351262
1351263
1351264
1351265
1351266
1351267
1351268
1351269
1355502
1355542
1355543
1355558
1355559
1450630
1450631
1450632
1450633
1450634
1450655
1450656
1450657
1450658
1450659
1452448
1452449
1452454
1453476
1453477
1453478
1453479
1454304
1454315
1454316
1454317
1454318
1770368
1770369
1770454
1771330
1771334
1771338
1774521
1774523
1774532
1775883
1776650
1779067
1779068
1779069
1590454
1594540
1594541
1594542
1594543
1594544
1594586
1594587
1594588
1594589
1594653
1594654
1594655
1594656
1594657
1594658
1594659
1622174
1830454
1832454
1832464
1834545
1834546
1834547
1834562
1834564
1834680
1834681
1834685
1834686
1834687
1834688
1834689
1834690
1834691
1834692
1834693
1834694
1834695
1834696
1834697
1834699
1504540
1504541
1504642
1504643
1504644
1504645
1504646
1504647
1504648
1504649
1650080
1650163
1650454
1650748
1650761
1650867
1651044
1651048
1651060
1651401
1651454
1651579
1651701
1651944
1652136
1652353
1652354
1652355
1652356
1652357
1652358
1652454
1652948
1652973
1653056
1653214
1653335
1653454
1653647
1653648
1653649
1655043
1655244
1655422
1655454
1655554
1655558
1655559
1655780
1655781
1655782
1655783
1655784
1655785
1655786
1655787
1655788
1655789
1655794
1655804
1655814
1655824
1655833
1655834
1655854
1655874
1655926
1656454
1656564
1656569
1656625
1656678
1656720
1656721
1656722
1656724
1656725
1656726
1656727
1656729
1656738
1656745
1657131
1657137
1657138
1657139
1657146
1657237
1657442
1657454
1980454
1981555
1984508
1984513
1984514
1984540
1984541
1984542
1984543
1984544
1984545
1984645
1988985
1988994
1840381
1840382
1840454
1840460
1840461
1840468
1840469
1844539
1844540
1844541
1844542
1844543
1844544
1844545
1844546
1844547
1844548
1844549
1570454
1570468
1570469
1571454
1571466
1573454
1573468
1573469
1575454
1575468
1575469
1576454
1576468
1576469
1576512
1576513
1576514
1576515
1576516
1576530
1576531
1576532
1576533
1576534
1576535
1576536
1576537
1576538
1576539
1576540
1576541
1576542
1576543
1576544
1576545
1576546
1576547
1576548
1576549
1577454
1577466
1577468
1577469
1320454
1320697
1320698
1320699
1320840
1320841
1320842
1321284
1321298
1321299
1321454
1322454
1322464
1322466
1323454
1325154
1325860
1325861
1325862
1327454
1327468
1328407
1328454
1328465
1328491
1329873
1329876
1910368
1910454
1703691
1703692
1703693
1703694
1703695
1470454
1470466
1474568
1474569
1474588
1474596
1474597
1478454
1478468
1478469
1479454
1479468
1479469
1370454
1370469
1370486
1373452
1373453
1373454
1374540
1374541
1374542
1374543
1374544
1374545
1374546
1374547
1374548
1374549
1374610
1374611
1374612
1374613
1374614
1374615
1374616
1374617
1374618
1374619
1374680
1374681
1374682
1374683
1374684
1374685
1374686
1374687
1374688
1374689
1374690
1374691
1374692
1374693
1374694
1374695
1374696
1374697
1374698
1374699
1376363
1379635
1379636
1880454
1881454
1881468
1881469
1881474
1881475
1884540
1884541
1884542
1884543
1884544
1884545
1884546
1884547
1884548
1884549
1884621
1884684
1884685
1884686
1884687
1884688
1884689
1884694
1884695
1884696
1884697
1884698
1884699
1750454
1750469
1754500
1754501
1754540
1754541
1754542
1754543
1754544
1754545
1754546
1754547
1759753
1759754
1520454
1521454
1521457
1521466
1521469
1524478
1524479
1524540
1524541
1524542
1524543
1524544
1524545
1524546
1524547
1524548
1524549
1524562
1524563
1524642
1524643
1524644
1524645
1524646
1524647
1524648
1524649
1810454
1810468
1810469
1814535
1814536
1814537
1814538
1814543
1814544
1814545
1814546
1814547
1814548
1814549
1818270
1818278
1818279
1818284
1820454
1824540
1824541
1824542
1824543
1824544
1824545
1824546
1824547
1824548
1824549
1824636
1824637
1824638
1824639
1824922
1824923
1824924
1824925
1824926
1824940
1824954
1824982
1824983
1514542
1514543
1514544
1514545
1514546
1514547
1514548
1514549
1516450
1516451
1760454
1760463
1760468
1760469
1761454
1761468
1761469
1764526
1764538
1764539
1764540
1764541
1764542
1764543
1764544
1764568
1764569
1764573
1764574
1764575
1580454
1584515
1584516
1584517
1584518
1584519
1584540
1584541
1584542
1584543
1584544
1584545
1584697
1584698
1584699
1344269
1730368
1730454
1734568
1734569
1738270
1738281
1739068
1739069
1310165
1310454
1311454
1311534
1311535
1311536
1311554
1312454
1313454
1313697
1313698
1313699
1314454
1314954
1314966
1315454
1315997
1315998
1316349
1316350
1316351
1319454
1319910
1319911
1319912
1319913
1319914
1319915
1870454
1871454
1872421
1872422
1872423
1872424
1872425
1872426
1872427
1872428
1872429
1872454
1874540
1874541
1874542
1874543
1874544
1874545
1874546
1874547
1874548
1874549
1874634
1874635
1874636
1874637
1660454
1664543
1664544
1664545
1664584
1664585
1664586
1664587
1664588
1664589
1664644
1664645
1664646
1664647
1664648
1664649
1380365
1380366
1380367
1383660
1383661
1383662
1383663
1383664
1383665
1383666
1383667
1383668
1383669
1384540
1384541
1384542
1384543
1384544
1384545
1384546
1384547
1384548
1384549
1384610
1384611
1384612
1384613
1384614
1384615
1384616
1384617
1384618
1384619
1390363
1390453
1390483
1390484
1394530
1394531
1394532
1394533
1394534
1394535
1394536
1394537
1394538
1394539
1394630
1394631
1394632
1394633
1394634
1394635
1394636
1394637
1394638
1394639
1671453
1672108
1672117
1672124
1672126
1672135
1672453
1673453
1674453
1674490
1674495
1860363
1860453
1860463
1864403
1864525
1864526
1864530
1864531
1864532
1864533
1864534
1864535
1864536
1864537
1864538
1864539
1864575
1864576
1864577
1864578
1550453
1554503
1554530
1554531
1554532
1556193
1556194
1556195
1556196
1556197
1558193
1558194
1558195
1558196
1558197
1300979
1300988
1300989
1301905
1301906
1302988
1302995
1302996
1303970
1303971
1303972
1304530
1304531
1304532
1304533
1304534
1305433
1305434
1306978
1306979
1306982
1306983
1308983
1308984
1308985
1308986
1308987
1308988
1308989
1309181
1309182
1309183
1309184
1309185
1350453
1350460
1350463
1350483
1351450
1351451
1351452
1351453
1351454
1351455
1351456
1351457
1351458
1351459
1355500
1355501
1355540
1355541
1450625
1450626
1450627
1450628
1450629
1452446
1452447
1452453
1454303
1590453
1590463
1594530
1594531
1594532
1594533
1594534
1594535
1594536
1594537
1594538
1594539
1594547
1594548
1594549
1594571
1594572
1594573
1594574
1594575
1594630
1594631
1594632
1594633
1594634
1594635
1594636
1594637
1770453
1771333
1774530
1774531
1774538
1775885
1779064
1779065
1779066
1622161
1622164
1500453
1504530
1504531
1504532
1504533
1504630
1504631
1504632
1504633
1504634
1504635
1504636
1504637
1504638
1504639
1830453
1832453
1832463
1832467
1834630
1834631
1834632
1834633
1834634
1834635
1834636
1834637
1834638
1834639
1834646
1834647
1834648
1834649
1834670
1834671
1834672
1834673
1834674
1834675
1834676
1834677
1834678
1834679
1800363
1800453
1804530
1804531
1804532
1804533
1804534
1804535
1804538
1804539
1808873
1530363
1530453
1530483
1532653
1532665
1533186
1533191
1533193
1534453
1534463
1890363
1890453
1890484
1894453
1894530
1894531
1894532
1894533
1894538
1894630
1894631
1894632
1894633
1894634
1894635
1894636
1894637
1894638
1894639
1360453
1360460
1360463
1360483
1361453
1361460
1361463
1362453
1362463
1363453
1363463
1364453
1364463
1366453
1366463
1367453
1368453
1368464
1369453
1369463
1369464
1369467
1369468
1330363
1330453
1330483
1331453
1331463
1332943
1332953
1333943
1333953
1334943
1334953
1335103
1335113
1335123
1335133
1335143
1335163
1335173
1335183
1335253
1335453
1335953
1335956
1335968
1335969
1335988
1338453
1338463
1339453
1560363
1560453
1560463
1560483
1560484
1563636
1563637
1563638
1563639
1564530
1564531
1564532
1564533
1564534
1564535
1564536
1564537
1564538
1564539
1567284
1567288
1569453
1569963
1780453
1784503
1784548
1784549
1784550
1784573
1784574
1788413
1788422
1788702
1789172
1789702
1850453
1854530
1854531
1854535
1854536
1854537
1854538
1854539
1854631
1854635
1854636
1854638
1990363
1990453
1990483
1990484
1999753
1999758
1999759
1514532
1514533
1514534
1514535
1514536
1514537
1514538
1514539
1514630
1514631
1514632
1514633
1517466
1517467
1517468
1517469
1820453
1820463
1824530
1824531
1824532
1824533
1824534
1824535
1824536
1824537
1824538
1824539
1824630
1824631
1824632
1824633
1824634
1824635
1824930
1824931
1824932
1824933
1824934
1824935
1824936
1824937
1824938
1580453
1584530
1584531
1584646
1584647
1584648
1584649
1584674
1584675
1584676
1584677
1584678
1584679
1760453
1761453
1764530
1764533
1764582
1764583
1764584
1730363
1730453
1738278
1738287
1310153
1310163
1310453
1311453
1311463
1311533
1311553
1311563
1312453
1312593
1313453
1313686
1313687
1313688
1313689
1314453
1314463
1314953
1314963
1315453
1316360
1316361
1316362
1319453
1319933
1319934
1319935
1319936
1319937
1319938
1319939
1870453
1871439
1871440
1871441
1871442
1871443
1871444
1871453
1872430
1872453
1874530
1874531
1874532
1874533
1874534
1874535
1874536
1874537
1874538
1874539
1874630
1874631
1874632
1874633
1380480
1380481
1380482
1383630
1383631
1383632
1383633
1383634
1383635
1383636
1383637
1383638
1383639
1384530
1384531
1384532
1384533
1384534
1384535
1384536
1384537
1384538
1384539
1660453
1664536
1664593
1664594
1664595
1664596
1664630
1664631
1664632
1664633
1664634
1664635
1664636
1664637
1664638
1664639
1650085
1650204
1650386
1650453
1650463
1650681
1650808
1650983
1650984
1651053
1651171
1651262
1651453
1651947
1652149
1652403
1652419
1652453
1652690
1653107
1653121
1653143
1653158
1653182
1653224
1653453
1653463
1653687
1653689
1653743
1653744
1653880
1653882
1653885
1655453
1655925
1656453
1656473
1656780
1656819
1656854
1656953
1657339
1657453
1657483
1657493
1980453
1980463
1981554
1984530
1984539
1984571
1984572
1984573
1984574
1984598
1984599
1984620
1984646
1984647
1988993
1570453
1570463
1571453
1571463
1573453
1573463
1575453
1575463
1576453
1576463
1576500
1576501
1576502
1576503
1576510
1576511
1577453
1577463
1577467
1840453
1844530
1844531
1844532
1844533
1844534
1844535
1910453
1320453
1320686
1320687
1320688
1320689
1320843
1321283
1321453
1321463
1322453
1322463
1323453
1325153
1325163
1325850
1325851
1326353
1327453
1327457
1328403
1328453
1328496
1329874
1329879
1703686
1703687
1703688
1703689
1703690
1470453
1470463
1478453
1479453
1370453
1370460
1370463
1370483
1374530
1374531
1374532
1374533
1374534
1374535
1374536
1374537
1374538
1374539
1374600
1374601
1374602
1374603
1374604
1374605
1374606
1374607
1374608
1374609
1374640
1374641
1374642
1374643
1374644
1374645
1374646
1374647
1374648
1374649
1374870
1374871
1374872
1374873
1374874
1374875
1374876
1374877
1374878
1374879
1374880
1374881
1374882
1374883
1374884
1374890
1374891
1374892
1374893
1374894
1376360
1376361
1376362
1376659
1376660
1376661
1376662
1376663
1376664
1376665
1376666
1880453
1881453
1881463
1881473
1884530
1884531
1884532
1884533
1884534
1884535
1884536
1884537
1884538
1884539
1884622
1884624
1884646
1884647
1884671
1884672
1884673
1884674
1750453
1750463
1754530
1754531
1754532
1754533
1754534
1810453
1814530
1814531
1818283
1520453
1521453
1521462
1521463
1524530
1524531
1524532
1524533
1524534
1524535
1524536
1524537
1524538
1524539
1524630
1524631
1524632
1524633
1524634
1524635
1524636
1524637
1524638
1524639
1452468
1452474
1350458
1350487
1590468
1594528
1594529
1594581
1594582
1594583
1594584
1594585
1594660
1594661
1594662
1594663
1594664
1594665
1622169
1622198
1509450
1509451
1509452
1509453
1509454
1509455
1830457
1830468
1834524
1834560
1834561
1834563
1834565
1834566
1834567
1834568
1834569
1390488
1394575
1394576
1394670
1394671
1394672
1394673
1394674
1394675
1394676
1394677
1394678
1394679
1671468
1672105
1672113
1672468
1673468
1674468
1674474
1674475
1674484
1674485
1860468
1864515
1864680
1864681
1864682
1864683
1864684
1864685
1864686
1864687
1864688
1864689
1550468
1554537
1554538
1554580
1554581
1554582
1554583
1554584
1554585
1554586
1554587
1554588
1554589
1554590
1554591
1554592
1554593
1554594
1554658
1554659
1559096
1559097
1300997
1301902
1302976
1303973
1304545
1304546
1305438
1306994
1306995
1308950
1308951
1308977
1309149
1309150
1309151
1330468
1331468
1332958
1333958
1334948
1334958
1335193
1335194
1335195
1335196
1335958
1335977
1335997
1338468
1339468
1560468
1560488
1563672
1563673
1563674
1563675
1563676
1563677
1563678
1563679
1564575
1564576
1567273
1567289
1569968
1784524
1784559
1784580
1788412
1788706
1789176
1990468
1991767
1994592
1997574
1800468
1804581
1530468
1532658
1533185
1890468
1894468
1894517
1894575
1894576
1361368
1362468
1363468
1366468
1368468
1369469
1310168
1310468
1311468
1311538
1311548
1311564
1311568
1313690
1314468
1314968
1315988
1315992
1315993
1316346
1319959
1319960
1319961
1870468
1871462
1871463
1871465
1871466
1871468
1872468
1874679
1874680
1380368
1384680
1384681
1384682
1384683
1384684
1384685
1384686
1384687
1384688
1384689
1389592
1660468
1664680
1664681
1664682
1664683
1664684
1664685
1664686
1664687
1664688
1514584
1514585
1514586
1514587
1514680
1514681
1514682
1514683
1514685
1514686
1514687
1514688
1518465
1820468
1824666
1824953
1824985
1824986
1580468
1584546
1584547
1584548
1584629
1584669
1584688
1370464
1376368
1376670
1376671
1379646
1379647
1379694
1470468
1750468
1759768
1880468
1884680
1520468
1524681
1524682
1524683
1524684
1980468
1981560
1984511
1984575
1984576
1984629
1988980
1650081
1650275
1650468
1650684
1650841
1650964
1651054
1651093
1651297
1651334
1651468
1651576
1651706
1651974
1652075
1652320
1652321
1652350
1652468
1652748
1652862
1653014
1653468
1653746
1653998
1655242
1656468
1656588
1657340
1657468
1657658
1571468
1910468
1320468
1321297
1321468
1322468
1323468
1325168
1325856
1328468
1328493
1310458
1311458
1311558
1312458
1313458
1313671
1314458
1314958
1315458
1319458
1319925
1319926
1319927
1730458
1734561
1660458
1664538
1664580
1664581
1664582
1664583
1380485
1384580
1384581
1384582
1384583
1384584
1384585
1384586
1384587
1384588
1384589
1384660
1384661
1384662
1384663
1384664
1384665
1384666
1384667
1384668
1384669
1389593
1870458
1871458
1871476
1871477
1871478
1872458
1874580
1874581
1874588
1874589
1820458
1824980
1824981
1824987
1824988
1824989
1513466
1513467
1514580
1514581
1514582
1514583
1760458
1761458
1764558
1764559
1764580
1764581
1580458
1750458
1880458
1881455
1881458
1881478
1884551
1884552
1884553
1884554
1884580
1884581
1884582
1884583
1884584
1884585
1884586
1884623
1884650
1884651
1884652
1884653
1884654
1884655
1884656
1884657
1884658
1884659
1470458
1478458
1479458
1370458
1370485
1374580
1374581
1374582
1374585
1374587
1374588
1374589
1374660
1374665
1374666
1374667
1374668
1374669
1374670
1374671
1374672
1374673
1374674
1374675
1374676
1374677
1374678
1374679
1376672
1376673
1376674
1376675
1379648
1379649
1379650
1379651
1379652
1520458
1521458
1524586
1524587
1524588
1524589
1524691
1524692
1524693
1524694
1810458
1814542
1818288
1840458
1844580
1844581
1844582
1844583
1844584
1570455
1570458
1571465
1573455
1573458
1575455
1575458
1576455
1576458
1576599
1577455
1577458
1577600
1577606
1980458
1981559
1984500
1984580
1984581
1984628
1988981
1650193
1650302
1650458
1651061
1651271
1651341
1651458
1651703
1651981
1652107
1652458
1653458
1655458
1656840
1657458
1320458
1320671
1321288
1321458
1323458
1325158
1328458
1910458
1770458
1774522
1775889
1590458
1594580
1350457
1450645
1450646
1450647
1450648
1450649
1452458
1830458
1832455
1832458
1832462
1832465
1832466
1832468
1832469
1834586
1834587
1834588
1834589
1834641
1834642
1834643
1834698
1509456
1509457
1509458
1509459
1622754
1550458
1554508
1556191
1558191
1860458
1864580
1864581
1864582
1864583
1864584
1864585
1864586
1864587
1864588
1864589
1671458
1672111
1672120
1672458
1673458
1674401
1674402
1674458
1674493
1674498
1390458
1394587
1394588
1394589
1303966
1303967
1303968
1303969
1304525
1308959
1308960
1308961
1308962
1309148
1309160
1309161
1330458
1331458
1332938
1332948
1333938
1333948
1334938
1335108
1335138
1335148
1335258
1335458
1335966
1335967
1338458
1339458
1990458
1994593
1850458
1854526
1854548
1780458
1784508
1784526
1784556
1784558
1784581
1788426
1560458
1563640
1563641
1563642
1564587
1564588
1564589
1569458
1530458
1532650
1800458
1804580
1804588
1361458
1362458
1363458
1363485
1364467
1366458
1367458
1368458
1369458
1890458
1894545
1894546
1894587
1894588
1894589
1310457
1311457
1312457
1313457
1313670
1315457
1319457
1319931
1319932
1730457
1734564
1660457
1664537
1664570
1380484
1384570
1384571
1384572
1384573
1384574
1384575
1384576
1384577
1384578
1384579
1384655
1384656
1384657
1384658
1384659
1870457
1871457
1872457
1760457
1761457
1580457
1880457
1881460
1884570
1750457
1470457
1478457
1479457
1374574
1520457
1524574
1524575
1524576
1524577
1524578
1524579
1810457
1814539
1818287
1840387
1840457
1570457
1571467
1577457
1650195
1650401
1650457
1650800
1651457
1651572
1652109
1652394
1652426
1652457
1653457
1653670
1653676
1653679
1653857
1655457
1656457
1656739
1656759
1656845
1656846
1656847
1656848
1656849
1657026
1657457
1980457
1981562
1984570
1984626
1988983
1321457
1323457
1325157
1328457
1910457
1770457
1771337
1774539
1590457
1594570
1350456
1355507
1355508
1355509
1355548
1452457
1453460
1453461
1453462
1453463
1504570
1509460
1509461
1509462
1623318
1623320
1554507
1860457
1864570
1864571
1864572
1864573
1864574
1671457
1672109
1672136
1672457
1673457
1674457
1674472
1674473
1674491
1674496
1390457
1394570
1303990
1303991
1303992
1303993
1304526
1308990
1308991
1308992
1309173
1309174
1309175
1330457
1331457
1332937
1333937
1334937
1335137
1335147
1335257
1335457
1335962
1335990
1338457
1990457
1994597
1780457
1784507
1784511
1784586
1788428
1850457
1854523
1854547
1560457
1563643
1564570
1569457
1530457
1800457
1804577
1360487
1361457
1362457
1890457
1894539
1894570
1810464
1814540
1814541
1818276
1520464
1521464
1521465
1524640
1524641
1750464
1754640
1880464
1881464
1884640
1370457
1470464
1474567
1478464
1479464
1910367
1910464
1320464
1321464
1325164
1325859
1326356
1327464
1328464
1328492
1570464
1571464
1573464
1575464
1576464
1577464
1840384
1840462
1840463
1840464
1840465
1980464
1981561
1984522
1984557
1984627
1988982
1650160
1650407
1650464
1650787
1650994
1651235
1651464
1651573
1652384
1652464
1653464
1653659
1653683
1656464
1656640
1657464
1380487
1384640
1384641
1384642
1384643
1384644
1384645
1384646
1384647
1384648
1384649
1660464
1664640
1664641
1664642
1664643
1870464
1871464
1872464
1874640
1874641
1874649
1310464
1311464
1313679
1314464
1314964
1315996
1319923
1319924
1734563
1739066
1580464
1580465
1584539
1584549
1584619
1584640
1584641
1760464
1761464
1764564
1514562
1514563
1514564
1514565
1514566
1514569
1514648
1514649
1518460
1518461
1820464
1824646
1824649
1824939
1990367
1990464
1994595
1560464
1563658
1563659
1564557
1564558
1564559
1567270
1569964
1850463
1850464
1854570
1854571
1854670
1784533
1784578
1788416
1788424
1330467
1331464
1332932
1333932
1334932
1335114
1335124
1335126
1335979
1338464
1360457
1361467
1362464
1366464
1890464
1894464
1894547
1894549
1894557
1894558
1894559
1800464
1804572
1804578
1530467
1532651
1534464
1504525
1504640
1504641
1504685
1830460
1830464
1830465
1830466
1834577
1622744
1590464
1594640
1594641
1594642
1594643
1594644
1770363
1771335
1774533
1452464
1453464
1453465
1453466
1453467
1454311
1454312
1454313
1454314
1454962
1454963
1350488
1300996
1301979
1302979
1303979
1304537
1304538
1305435
1306984
1306985
1308953
1308954
1308955
1860464
1864640
1864641
1864642
1864643
1864644
1864645
1864646
1864647
1864648
1864649
1550464
1554536
1556198
1558198
1390367
1394557
1394558
1394559
1394650
1394651
1394652
1394653
1394654
1394655
1394656
1394657
1394658
1394659
1671464
1672112
1672121
1672464
1673464
1674387
1674388
1674464
1674494
1674499
