1671730
1672159
1672160
1672161
1672162
1672163
1672730
1673730
1674283
1674284
1674285
1674286
1390074
1390084
1390730
1390740
1390840
1397300
1397301
1397302
1397303
1397304
1397305
1397306
1397400
1397401
1397402
1397403
1397404
1397405
1397406
1397407
1397408
1397409
1397500
1397501
1397502
1397503
1397504
1397505
1397506
1397507
1397508
1397509
1550730
1557300
1557301
1557302
1557303
1557304
1557305
1557306
1557307
1557308
1557309
1557400
1557401
1557402
1557403
1557404
1557405
1557406
1557407
1557408
1557409
1557500
1557501
1557502
1557503
1557504
1557505
1557506
1557507
1557508
1557509
1557600
1557601
1557602
1557603
1557604
1557605
1557606
1557607
1557608
1557609
1558010
1558011
1558012
1860730
1860740
1861390
1861391
1862730
1862740
1862750
1862751
1862752
1867040
1867300
1867301
1867302
1867303
1867304
1867305
1867306
1867307
1867308
1867309
1867340
1867490
1867491
1867492
1867493
1867494
1867495
1867496
1867497
1867498
1867499
1868450
1868451
1869210
1869211
1869212
1869213
1869214
1869215
1869216
1869217
1869218
1869219
1300730
1300747
1301073
1301720
1301721
1301722
1301723
1301730
1302730
1302747
1303730
1304720
1305407
1305408
1305507
1305508
1307710
1307711
1307712
1307713
1307714
1307715
1307716
1307717
1307718
1307719
1308730
1726730
1350730
1351730
1354890
1354891
1354892
1354893
1357400
1357401
1357402
1357403
1357404
1357475
1357476
1357500
1357501
1357502
1357503
1357504
1357505
1357506
1357507
1357508
1357509
1452730
1452740
1453740
1454507
1454514
1457376
1458689
1458770
1458771
1458772
1459730
1770020
1770730
1770740
1771160
1771670
1771671
1771672
1771673
1771674
1771890
1771891
1771892
1771893
1774250
1775282
1775283
1776930
1777300
1777301
1777302
1777303
1777304
1777305
1777306
1777307
1777308
1777309
1777590
1590730
1597300
1597301
1597302
1597303
1597304
1597435
1597436
1830730
1837300
1837301
1837302
1837303
1837304
1837305
1837306
1837307
1837308
1837309
1837490
1837491
1837492
1837493
1837494
1839000
1839001
1839002
1839003
1839004
1839005
1839006
1839007
1839008
1839009
1839010
1839011
1839012
1839013
1839014
1839015
1839016
1839017
1839018
1839019
1500730
1507300
1507301
1507302
1507303
1507304
1507305
1507306
1507307
1507308
1507309
1507400
1507401
1507402
1507403
1507404
1507405
1507406
1507407
1507408
1507409
1508095
1508096
1508097
1508098
1508099
1530730
1530740
1534300
1534320
1534330
1534730
1534830
1534840
1536410
1536411
1536412
1536700
1536701
1536702
1536703
1536704
1536730
1536740
1537730
1537740
1538730
1538740
1800730
1807300
1807301
1807302
1807303
1807304
1807305
1807306
1807307
1807308
1807309
1807570
1807571
1807572
1807573
1890730
1890740
1890840
1897300
1897301
1897302
1897303
1897304
1897305
1897306
1897307
1897308
1897309
1897400
1897401
1897402
1897403
1897404
1897405
1897406
1897407
1897408
1897409
1897500
1897501
1897502
1897503
1897504
1897505
1897506
1953337
1360730
1360740
1361730
1361740
1361840
1362730
1362740
1363730
1363840
1364730
1364740
1365730
1366740
1713730
1713746
1713747
1713748
1715730
1716730
1717131
1717132
1717133
1717730
1718730
1719730
1719738
1719749
1330730
1330740
1331730
1331740
1332720
1332730
1333250
1333720
1333730
1334130
1334250
1334720
1334730
1334860
1334870
1335730
1336580
1336730
1336740
1337800
1337890
1338730
1338740
1339730
1339740
1339750
1850730
1850740
1852805
1852806
1852807
1852808
1852809
1852830
1852831
1852832
1852833
1852834
1852835
1857040
1857050
1857058
1857059
1857300
1857301
1857302
1857303
1857304
1857305
1857306
1857307
1857308
1857309
1857442
1857443
1859337
1859886
1859888
1859889
1859890
1859891
1859892
1859893
1859894
1859895
1859896
1859897
1859898
1859899
1780730
1787200
1787201
1787202
1787250
1787251
1787252
1787253
1787254
1787300
1787301
1787302
1787303
1787304
1787305
1787306
1787307
1787308
1787309
1787322
1787323
1787324
1787325
1787326
1787327
1787328
1787329
1787770
1789105
1789106
1789730
1560730
1560740
1561650
1561651
1561652
1561653
1561654
1561655
1561656
1561657
1561658
1561659
1567300
1567301
1567302
1567303
1567304
1567305
1567306
1567400
1567401
1567402
1567403
1567404
1567405
1567500
1567501
1567502
1567503
1567504
1567505
1567506
1567507
1567508
1567509
1568490
1568491
1569740
1990730
1990740
1990840
1991800
1991801
1991802
1991803
1991804
1991805
1991806
1991807
1991808
1991809
1991830
1995800
1995801
1995802
1995803
1995804
1995805
1995806
1995807
1995808
1995809
1996700
1996701
1996702
1996703
1996704
1996705
1996706
1996707
1996708
1996709
1997300
1997301
1997302
1997303
1997304
1997305
1997306
1997307
1997308
1997309
1997670
1997690
1820730
1821630
1821631
1821632
1821633
1821634
1821635
1821636
1821637
1821638
1821639
1822940
1822941
1827300
1827301
1827302
1827303
1827304
1827305
1827306
1827307
1827308
1827309
1827388
1827389
1827400
1827401
1827402
1827403
1827404
1827405
1827406
1827407
1827408
1827409
1827410
1827411
1827412
1827413
1827414
1827415
1827416
1510730
1511500
1511501
1511502
1511503
1511504
1511505
1511506
1511507
1511508
1511509
1517300
1517301
1517302
1517303
1517304
1517305
1517306
1517307
1517308
1517309
1519700
1519701
1519702
1519703
1519704
1519705
1519706
1519707
1519708
1519709
1519710
1519711
1519712
1519713
1519714
1760730
1760740
1765010
1765011
1765012
1765013
1765014
1765030
1765240
1767320
1767323
1767324
1767325
1767345
1767346
1767347
1767348
1767349
1767876
1767877
1767878
1767879
1768030
1768044
1768045
1768046
1768047
1768048
1580730
1584280
1584281
1584282
1584283
1584284
1584285
1584286
1584287
1584288
1584289
1587300
1587301
1587302
1587303
1587304
1587305
1587306
1587307
1587308
1587309
1589730
1340730
1346730
1346923
1346924
1346925
1346926
1346927
1348730
1348770
1348771
1348772
1348776
1348777
1348778
1348779
1971330
1972220
1730730
1734370
1734730
1734750
1734751
1734752
1734753
1734754
1736570
1736571
1736572
1736573
1736574
1736940
1736941
1737300
1737301
1737302
1737303
1737304
1737305
1737306
1737307
1737308
1737309
1737770
1737825
1737826
1737827
1737828
1737829
1738200
1738201
1738202
1738203
1738204
1738205
1738206
1738207
1738208
1738209
1739730
1310020
1310030
1310710
1310720
1310730
1310747
1311730
1311740
1311750
1313500
1313510
1313530
1870730
1871120
1871121
1871122
1871123
1871124
1871125
1871126
1871127
1871128
1871129
1877300
1877301
1877302
1877303
1877304
1877305
1877306
1877307
1877308
1877309
1877410
1877411
1877412
1877413
1877414
1660730
1660740
1667030
1667040
1667300
1667301
1667302
1667303
1667304
1667305
1667306
1667307
1667308
1667309
1667425
1667426
1667427
1667428
1667429
1668000
1668001
1668002
1668003
1668004
1668005
1668006
1668007
1668008
1668009
1668620
1668621
1668622
1668623
1668624
1668630
1668631
1668632
1380073
1380730
1380740
1380840
1387300
1387301
1387302
1387303
1387304
1387305
1387306
1387307
1387308
1387309
1387400
1387401
1387402
1387403
1387404
1387405
1387406
1387407
1387408
1387409
1980730
1980740
1981330
1987300
1987301
1987302
1987303
1987304
1989180
1989181
1989182
1989230
1989231
1989232
1989250
1989251
1989252
1989253
1989254
1989255
1989256
1989257
1989437
1989438
1989439
1989627
1989628
1650583
1650730
1651730
1651741
1840730
1847265
1847300
1847301
1847302
1847303
1847304
1847305
1847306
1847307
1847308
1847309
1847830
1847831
1847832
1847833
1847834
1570080
1570081
1570082
1570083
1570084
1570085
1570086
1570087
1570088
1570089
1570730
1571730
1571740
1577300
1577301
1577302
1577303
1577304
1577305
1577306
1577307
1577308
1577309
1320300
1320301
1320302
1320303
1320730
1320740
1321730
1321740
1323730
1323740
1325730
1325740
1327880
1329730
1329850
1329851
1910730
1910740
1916520
1916521
1916530
1917300
1917301
1917302
1917303
1917304
1917305
1917306
1917307
1917308
1917309
1917690
1917691
1917692
1917693
1917694
1917695
1917696
1917697
1917698
1917699
1705388
1706818
1706819
1706820
1707730
1708075
1708076
1708077
1708078
1470730
1477300
1477334
1477335
1477336
1477337
1477338
1477339
1477358
1477359
1478950
1478951
1478960
1478961
1478962
1478963
1478964
1478965
1478966
1478967
1478968
1478969
1370730
1370740
1376200
1376201
1376202
1376203
1376204
1376205
1376206
1376207
1376208
1376209
1376274
1376275
1376276
1376277
1376278
1376279
1378600
1378601
1378602
1378603
1378604
1378605
1378606
1378607
1378608
1378609
1378730
1378784
1378785
1378798
1378799
1378900
1378901
1378902
1378903
1378904
1378905
1750730
1750740
1752630
1752631
1752632
1757260
1757261
1757262
1757263
1757264
1757300
1757301
1757302
1757303
1757304
1757305
1757306
1757307
1757308
1757309
1757440
1757441
1757442
1757443
1757444
1757445
1757446
1757447
1757448
1757449
1757980
1757981
1757982
1757983
1757984
1757985
1757986
1757987
1757988
1757989
1758030
1758040
1758140
1758160
1758161
1758162
1758163
1758164
1758230
1758240
1880730
1881700
1881701
1881702
1881703
1881704
1882185
1882186
1882187
1882188
1882189
1882190
1886743
1886744
1887300
1887301
1887302
1887303
1887304
1887305
1887306
1887307
1887308
1887309
1889040
1889041
1889042
1889043
1889044
1520020
1520021
1520022
1520023
1520024
1520025
1520026
1520027
1520028
1520029
1520030
1520031
1520730
1527300
1527301
1527302
1527303
1527304
1527305
1527306
1527307
1527308
1527309
1527400
1527401
1527402
1527403
1527404
1527405
1527406
1527407
1527408
1527409
1529200
1529201
1529202
1529203
1529204
1810730
1810740
1815260
1815261
1815262
1815263
1815264
1815330
1815380
1816930
1816940
1817300
1817301
1817302
1817303
1817304
1817305
1817306
1817307
1817308
1817309
1818200
1818201
1818202
1818203
