1510768
1511374
1511399
1820768
1821121
1821820
1821848
1580768
1581265
1581266
1581267
1581268
1581269
1581490
1581491
1581492
1581493
1581494
1581495
1581496
1581614
1581615
1581616
1581617
1581618
1581619
1581652
1581653
1581654
1581655
1581656
1581657
1581658
1581659
1582013
1582014
1582015
1587680
1587681
1587682
1587683
1587684
1587685
1587686
1587687
1587688
1588981
1760768
1766698
1766699
1767610
1767611
1767612
1767613
1767614
1767615
1768805
1341370
1341371
1341372
1341373
1341374
1341375
1341376
1341377
1341378
1341379
1342105
1342106
1342107
1342108
1342109
1342690
1342691
1342692
1343370
1343371
1343372
1343373
1343374
1343375
1343376
1343377
1343378
1343379
1343555
1343556
1343557
1343558
1343559
1730304
1730767
1730768
1730868
1730869
1732470
1732471
1732472
1735304
1735305
1737668
1311250
1311251
1311252
1311253
1311860
1311861
1311862
1311863
1312840
1312841
1312842
1314405
1314406
1314446
1316060
1316061
1316062
1316063
1316826
1316827
1316904
1316905
1316906
1317255
1317256
1317257
1317258
1317259
1319210
1319211
1319212
1319213
1319214
1380230
1382730
1382731
1382732
1382733
1382734
1382735
1382736
1382737
1382738
1382739
1382830
1382831
1382832
1382833
1382834
1382835
1382836
1382837
1382838
1382839
1382900
1382901
1382902
1382903
1382904
1382905
1382906
1382907
1382908
1382909
1660767
1660768
1667686
1667687
1667688
1667689
1980656
1980768
1981215
1981453
1982073
1983003
1983026
1983038
1983053
1983092
1983296
1984255
1984926
1986061
1986062
1986063
1986401
1986435
1986501
1986529
1986591
1986625
1986626
1987680
1987893
1988648
1989696
1650768
1651768
1570768
1571836
1572810
1572845
1572887
1576883
1840768
1910767
1910768
1321767
1321768
1322610
1322611
1322612
1322613
1322614
1324257
1324258
1324259
1325768
1328875
1328876
1328877
1328878
1471478
1471543
1471618
1477835
1371570
1371571
1371572
1371573
1371574
1371575
1371576
1371577
1371578
1371579
1371580
1371581
1371582
1371583
1371584
1372790
1372791
1372792
1372793
1372794
1372795
1372796
1372797
1372798
1372799
1750767
1750768
1757684
1757685
1757686
1757687
1757688
1757689
1880767
1880768
1881186
1881378
1881834
1881835
1881836
1881837
1881838
1881990
1882037
1882350
1882351
1882352
1889978
1810768
1812580
1812581
1812582
1812583
1812584
1812585
1812586
1812587
1812588
1812589
1812693
1812694
1812716
1812717
1812749
1812817
1813855
1814440
1814441
1814886
1819881
1520768
1521694
1521695
1521696
1521697
1521853
1521854
1521855
1521856
1521986
1521987
1390279
1390309
1392350
1392351
1392352
1392472
1671768
1672768
1673768
1860768
1866664
1867609
1867680
1867681
1867682
1867683
1867684
1867685
1867686
1867687
1867689
1868805
1300531
1301667
1302531
1304700
1304701
1305846
1305847
1306052
1306053
1306054
1307640
1307641
1307642
1307643
1307644
1307645
1307646
1307647
1307648
1307649
1308573
1308574
1726616
1350010
1350011
1350142
1350250
1350255
1350261
1350262
1350263
1350989
1353150
1353151
1353152
1353153
1353154
1353155
1353156
1353157
1353158
1353159
1353460
1353461
1353462
1353463
1353464
1353465
1353466
1353467
1353468
1353469
1353935
1353936
1353937
1353938
1353939
1355370
1355371
1355372
1355373
1355374
1355375
1355376
1355377
1355378
1355379
1452975
1453988
1454838
1458768
1459068
1459069
1459070
1590767
1590768
1591300
1591301
1591302
1591303
1591304
1591305
1591306
1591307
1591308
1591309
1591645
1591646
1591647
1591648
1591649
1591716
1591717
1591718
1591950
1591951
1591952
1591953
1591954
1591955
1591956
1591957
1591958
1591959
1597630
1597631
1597632
1597633
1597634
1597635
1597636
1597637
1597638
1597639
1597658
1597659
1599232
1599233
1599234
1599235
1599236
1599237
1599238
1599239
1599495
1599496
1599497
1599498
1599499
1770768
1770824
1772221
1772405
1772589
1772847
1772867
1772868
1776889
1500768
1501457
1501650
1501651
1501810
1508816
1508976
1508977
1508978
1830768
1831606
1831982
1831986
1832066
1834455
1800080
1800096
1800768
1802390
1802391
1802392
1802393
1802394
1802570
1802571
1802572
1802573
1802574
1802978
1802979
1802985
1802986
1802987
1803328
1808881
1809810
1809811
1809812
1809813
1809814
1530767
1530768
1532270
1532271
1532354
1532355
1534764
1534765
1536335
1536336
1536337
1536338
1536339
1890279
1890309
1892350
1892351
1892352
1892472
1892710
1892711
1892712
1892713
1892714
1893329
1893348
1893349
1893880
1893881
1893882
1899873
1899874
1360012
1361244
1361245
1362255
1362308
1362309
1363100
1363101
1363102
1363103
1363104
1363200
1363201
1363202
1363203
1363204
1365280
1365281
1365282
1365283
1367070
1367071
1367072
1367073
1367074
1367075
1367076
1367077
1367140
1367141
1367142
1367143
1367144
1369000
1369001
1369002
1369003
1369004
1369005
1369006
1369007
1369008
1369009
1712078
1713768
1715768
1716768
1717768
1717964
1717993
1330279
1331892
1331893
1332278
1332279
1333277
1333278
1333279
1334278
1334279
1336062
1337673
1337674
1337675
1337676
1337768
1338046
1338047
1560279
1560309
1566030
1569768
1850768
1857629
1857852
1857889
1858891
1859820
1859821
1780768
1781152
1781768
1781815
1781876
1781885
1781929
1781946
1781947
1782095
1782589
1782590
1782591
1782592
1782597
1784196
1784197
1787566
1787631
1787680
1788067
1789668
1990289
1990308
1992486
1992556
1992557
1992628
1998829
