1313943
1319586
1730943
1732638
1732639
1732644
1732645
1735818
1735819
1738942
1738943
1738944
1739410
1739411
1739412
1739413
1739430
1739434
1739602
1739747
1660943
1669415
1669416
1669417
1669418
1669419
1380930
1383000
1383001
1383002
1383003
1383004
1383005
1383006
1383007
1383008
1383009
1388420
1388421
1388422
1388423
1388424
1388425
1388426
1388427
1388428
1388429
1389300
1389301
1389302
1389303
1389304
1389305
1389306
1389307
1389308
1389309
1870698
1870699
1870943
1879430
1879431
1879432
1879433
1879434
1879435
1879436
1879437
1879438
1879439
1879440
1879441
1879442
1879443
1879444
1820943
1821976
1829480
1829481
1829482
1829483
1829484
1829485
1829486
1829487
1829488
1829489
1829490
1829491
1829492
1829493
1829494
1829495
1829496
1829497
1829498
1829499
1829867
1829868
1829869
1829877
1829878
1829879
1829891
1829892
1510140
1510141
1510142
1510143
1510144
1510145
1510943
1519300
1519301
1519302
1519303
1519304
1519305
1519306
1519307
1519308
1519309
1760943
1760949
1580943
1750943
1880943
1889300
1889301
1889302
1889303
1889304
1889385
1889415
1889430
1889446
1889454
1470936
1471719
1471926
1471927
1471928
1471929
1479376
1479377
1479378
1479379
1520942
1520943
1521390
1521391
1521418
1521419
1529304
1529305
1529306
1810943
1811943
1813998
1814151
1814373
1815216
1815217
1815218
1815393
1818943
1818944
1819430
1819431
1819432
1819433
1819434
1819436
1819437
1819438
1819439
1819448
1819805
1840943
1841933
1841943
1841957
1841958
1841964
1841979
1570179
1570943
1571930
1575193
1576936
1980943
1981593
1989060
1989061
1989062
1989063
1989064
1989065
1989066
1989067
1989068
1989069
1650943
1655943
1656143
1320943
1320949
1322041
1323943
1327034
1329104
1329106
1329933
1910941
1911980
1911981
1911982
1911983
1911984
1919304
1919362
1919363
1919364
1919365
1919366
1919367
1770446
1770943
1778942
1778943
1778944
1778958
1779430
1779431
1779432
1779433
1779434
1779435
1779436
1779437
1779438
1779439
1779441
1779442
1779443
1351901
1351943
1452843
1454583
1459646
1459647
1459648
1459649
1830936
1830937
1830943
1836896
1839309
1839311
1839376
1839384
1839385
1839386
1839387
1839430
1839431
1839432
1839489
1839499
1500943
1509577
1509578
1509579
1509713
1509714
1509715
1509716
1550943
1556984
1556985
1559308
1559309
1559335
1559336
1559395
1559396
1559397
1559398
1559399
1860943
1869430
1869431
1869432
1869433
1869434
1869435
1671936
1671937
1671939
1672930
1390943
1302872
1302873
1302874
1303415
1303416
1304290
1308590
1309927
1309928
1330943
1332127
1335932
1339943
1339949
1713943
1713949
1717935
1717936
1717939
1990943
1995860
1995861
1995862
1999430
1999431
1999432
1999433
1999434
1999435
1999616
1999617
1999618
1999619
1850943
1859306
1859373
1780943
1783441
1560943
1560949
1569362
1569363
1569365
1569367
1569369
1569392
1569395
1569396
1530943
1533605
1533608
1533708
1533709
1533943
1533989
1534367
1534699
1534903
1534908
1534943
1534944
1535200
1535229
1535240
1537441
1537942
1537943
1537944
1537996
1537997
1537998
1537999
1539064
1539069
1539338
1539339
1539349
1539359
1539404
1800942
1800943
1803466
1808942
1808943
1809313
1809314
1361930
1363930
1364930
1365933
1367930
1368943
1368944
1890943
1891943
1899338
1899339
1899359
1899395
1899396
1899397
1899398
1899399
