1472680
1472681
1472682
1478045
1478046
1478047
1478048
1478049
1478160
1478161
1478162
1478163
1478164
1478165
1478166
1478167
1478168
1478169
1370096
1370811
1370812
1373070
1373071
1377800
1377801
1377802
1377803
1377804
1377805
1377806
1377807
1377808
1377809
1377810
1377811
1377812
1377813
1377814
1377815
1377816
1377817
1379576
1379577
1379595
1750814
1750815
1750816
1880811
1888080
1888081
1888082
1888083
1888084
1888110
1888111
1888112
1888113
1888114
1888115
1888116
1888117
1888118
1888119
1888160
1888161
1888162
1888163
1888164
1888165
1888166
1888167
1888168
1888169
1888245
1888246
1888247
1888248
1888249
1811111
1811112
1811113
1811340
1811341
1812189
1814034
1814035
1814036
1814037
1814138
1814254
1814255
1814256
1814424
1814425
1814426
1814800
1814801
1814802
1814806
1814840
1814841
1814842
1814843
1816013
1816100
1816101
1816102
1816103
1816104
1816105
1816106
1818016
1818173
1818174
1818175
1818176
1818177
1818178
1818838
1818840
1818841
1819000
1819001
1819062
1819063
1819064
1819065
1819066
1819067
1522830
1522831
1522832
1522833
1522834
1522835
1522836
1522837
1522838
1522839
1522840
1522841
1522842
1522843
1522844
1522845
1522870
1522871
1522872
1522873
1522874
1522875
1522876
1522877
1522878
1522879
1528090
1528091
1528092
1528093
1528094
1528095
1528096
1528097
1528098
1528099
1528110
1528111
1528112
1528113
1528114
1528115
1528116
1528117
1528118
1528119
1528160
1528161
1528162
1528163
1528164
1528165
1528166
1528167
1528168
1528169
1528400
1528401
1528402
1528403
1528404
1980811
1980816
1980821
1981281
1984866
1984867
1984868
1984869
1988158
1988159
1988160
1988161
1988162
1988163
1988164
1988165
1988166
1988167
1988168
1988169
1650816
1651505
1651816
1656135
1570020
1570021
1570022
1570023
1570024
1570025
1570026
1570027
1570028
1570029
1570816
1572962
1572963
1576042
1576043
1576050
1576051
1576052
1576053
1576054
1840816
1840817
1848160
1848161
1848162
1848163
1848164
1848165
1848166
1848167
1848168
1848169
1910811
1910816
1911360
1911361
1911362
1911363
1911364
1911365
1911366
1911367
1911368
1911369
1911370
1911371
1911372
1911373
1911374
1911375
1911376
1911377
1911378
1911379
1911380
1911381
1911382
1911400
1911401
1911402
1911403
1911404
1911405
1911406
1911407
1911408
1911409
1913070
1913071
1914910
1914911
1914912
1914913
1914914
1914915
1914916
1914917
1914918
1914919
1915080
1915081
1915082
1915083
1915084
1915085
1915086
1915899
1916042
1916043
1916050
1916051
1916052
1916053
1916054
1918012
1918013
1918014
1918110
1918111
1918112
1918113
1918114
1918115
1918116
1918117
1918118
1918119
1918360
1918361
1918362
1918363
1918364
1918365
1918366
1918367
1918368
1918369
1320826
1320827
1320828
1320829
1321948
1321993
1321994
1321995
1321996
1321997
1321998
1321999
1322823
1322824
1322839
1325842
1325843
1325844
1325845
1328140
1328150
1328151
1328152
1328153
1328154
1328155
1328156
1328157
1328158
1328159
1701084
1701085
1702808
1702809
1703255
1703256
1703257
1703258
1705549
1730811
1730815
1730816
1730818
1730819
1730900
1730901
1730902
1730903
1730904
1731356
1731357
1731358
1731359
1731360
1731361
1731362
1731363
1731364
1731365
1731366
1731367
1731368
1731369
1731370
1731371
1734045
1734046
1734047
1734048
1734049
1734142
1734143
1734144
1734145
1734146
1734147
1734148
1736120
1736121
1736122
1736123
1736124
1736125
1736126
1736127
1736128
1736129
1736490
1736491
1736492
1736493
1736494
1736495
1736496
1737497
1737498
1737846
1737847
1737848
1737849
1737850
1737851
1737852
1737853
1737854
1737855
1737856
1737857
1737858
1737859
1737860
1737861
1737862
1737863
1737864
1737865
1737866
1737867
1737868
1737869
1737870
1737871
1738115
1738116
1738117
1738118
1738119
1738165
1738166
1738167
1738168
1738169
1738336
1738337
1738338
1738339
1738670
1738671
1738672
1738673
1738674
1738675
1738676
1738677
1738678
1738679
1738834
1738835
1738836
1738837
1738838
1738839
1739010
1739011
1739012
1739013
1739014
1739490
1739690
1739691
1739692
1739693
1739698
1310810
1310811
1310814
1310815
1310816
1310819
1311816
1311817
1311818
1311819
1315444
1315445
1315446
1315845
1315886
1315887
1315888
1315889
1318343
1318377
1318378
1318379
1319482
1319483
1319807
1319808
1319809
1319866
1319867
1319868
1878030
1878031
1878032
1878033
1878034
1878035
1878036
1878037
1878038
1878039
1878040
1878041
1878042
1878043
1878044
1878045
1878046
1878047
1878048
1878049
1878050
1878051
1878052
1878053
1878054
1878055
1878056
1878057
1878058
1878059
1878110
1878111
1878112
1878113
1878114
1878115
1878116
1878117
1878118
1878119
1878160
1878161
1878162
1878163
1878164
1878165
1878166
1878167
1878168
1878169
1878400
1878401
1878402
1878403
1878404
1878405
1878406
1878407
1878408
1878409
1380811
1388110
1388111
1388112
1388113
1388114
1388115
1388116
1388117
1388118
1388119
1389010
1389011
1389012
1389013
1389014
1389015
1389016
1389017
1389018
1389019
1389045
1389046
1660816
1662814
1662815
1662816
1665960
1665966
1518144
1518145
1518160
1518161
1518162
1518163
1518164
1518165
1518166
1518167
1518168
1518169
1518230
1518231
1518232
1518233
1518234
1518235
1518236
1518237
1518238
1518239
1518240
1518241
1518242
1518243
1518244
1518245
1518246
1518247
1518248
1518249
1519622
1519623
1519624
1519625
1519626
1519627
1519628
1519629
1822700
1822701
1822702
1822703
1822704
1822705
1822706
1822707
1822708
1822709
1822743
1822744
1824438
1824439
1828075
1828076
1828077
1828078
1828079
1828140
1828141
1828142
1828143
1828144
1828145
1828146
1828147
1828148
1828149
1828150
1828151
1828152
1828153
1828154
1828155
1828156
1828157
1828158
1828159
1828160
1828161
1828162
1828163
1828164
1828165
1828166
1828167
1828168
1828169
1828190
1828191
1828192
1828193
1828194
1828195
1828196
1828197
1828198
1828199
1580816
1588142
1588143
1588160
1588161
1588162
1588163
1588164
1588165
1588166
1588167
1588168
1588169
1588277
1588278
1588279
1588280
1588281
1588282
1588283
1588284
1588285
1588286
1588287
1588288
1588289
1588374
1588375
1588376
1588377
1588378
1588379
1588460
1588461
1588462
1588463
1588464
1588465
1588466
1588467
1588468
1588469
1589249
1589259
1589260
1589261
1589262
1589263
1589264
1589265
1589266
1589267
1760815
1760816
1768301
1768325
1768326
1768327
1340233
1340234
1340235
1340236
1340237
1340238
1340239
1340400
1340401
1340810
1340811
1340816
1343840
1344000
1345800
1345801
1345802
1345803
1345804
1345805
1345806
1345807
1345808
1345809
1345830
1345831
1345832
1345843
1345844
1713816
1715816
1716816
1717144
1717284
1717816
1717821
1717822
1717823
1717825
1717826
1717827
1330811
1330901
1332088
1332089
1332090
1333088
1333089
1333090
1334088
1334089
1334090
1335000
1335001
1335002
1335094
1335095
1335096
1335097
1335098
1335099
1337815
1337816
1338810
1338811
1339835
1339836
1339837
1339838
1339839
1339849
1560811
1560825
1560826
1560901
1567681
1567682
1567683
1567684
1567685
1567686
1567687
1567689
1568012
1568013
1568014
1568110
1568111
1568112
1568113
1568114
1568115
1568116
1568117
1568118
1568119
1568120
1568121
1568122
1568123
1568124
1568190
1568191
1568192
1568193
1568194
1568195
1568196
1568197
1568198
1568199
1569294
1569295
1850816
1858266
1858267
1858316
1858317
1858318
1858319
1858350
1858353
1858354
1858355
1858356
1858357
1858358
1858359
1858403
1858404
1858414
1859990
1782865
1782866
1782867
1784495
1784496
1784497
1784498
1786701
1788343
1788390
1788391
1788392
1788393
1788394
1788395
1788846
1990906
1990907
1990908
1990909
1991530
1991531
1991537
1991595
1991596
1991597
1991598
1991599
1993840
1994950
1994951
1994952
1994953
1994954
1994955
1994956
1994957
1994958
1994959
1995069
1995080
1995081
1995082
1995083
1995084
1995085
1995086
1996042
1996043
1996050
1996051
1996052
1996053
1996054
1996167
1998110
1998111
1998112
1998113
1998114
1998115
1998116
1998117
1998118
1998119
1998199
1998270
1998271
1998272
1998273
1998274
1998275
1998276
1998277
1998278
1998279
1800816
1800905
1800906
1800907
1800908
1800909
1801110
1801111
1801112
1801113
1801114
1801160
1801161
1801162
1803092
1803093
1803094
1803095
1803096
1803097
1803098
1803099
1803476
1803477
1803478
1804817
1804818
1804819
1804860
1804861
1804890
1804891
1808024
1808025
1808026
1808120
1808121
1808122
1808123
1808124
1808125
1808126
1808487
1808488
1808489
1530811
1530830
1530831
1530832
1530833
1530834
1530901
1532811
1532820
1532821
1532822
1532823
1533135
1535123
1535124
1535125
1537821
1537822
1537823
1537849
1538660
1538661
1538662
1538663
1538664
1538665
1538666
1539025
1539026
1539027
1539048
1539777
1539778
1890811
1890901
1898012
1898013
1898014
1898110
1898111
1898112
1898113
1898114
1898115
1898116
1898117
1898118
1898119
1898927
1898928
1898929
1899010
1899011
1899012
1899013
1899014
1899015
1899016
1899017
1899018
1899019
1360811
1360812
1361811
1362808
1362811
1364811
1365811
1365812
1365813
1365902
1366832
1366833
1367823
1368967
1368968
1368969
1369625
1369626
1369627
1369628
1369629
1369812
1369813
1369960
1369961
1369962
1369963
1950006
1350810
1350811
1350812
1351830
1351831
1354172
1354173
1354174
1354175
1354176
1354710
1354711
1354712
1354713
1354714
1354841
1354842
1354843
1354844
1355080
1355081
1355082
1355083
1355084
1355085
1355086
1355899
1356826
1356827
1356842
1356843
1452814
1452815
1452816
1453815
1453816
1454564
1454872
1454888
1454889
1457205
1457206
1457207
1457208
1459305
1459306
1459307
1459308
1459309
1590820
1590821
1590822
1590823
1590824
1592820
1592821
1598295
1598296
1598360
1598361
1598362
1598363
1598364
1598365
1598366
1598367
1598368
1598369
1598440
1598441
1598460
1598461
1598462
1598463
1598464
1598465
1598466
1598467
1598468
1598469
1770900
1770901
1770902
1770903
1770904
1770905
1770906
1771140
1771365
1771366
1771367
1771368
1771680
1771681
1771682
1771684
1772189
1772190
1772191
1772336
1773824
1773840
1773841
1773842
1773843
1773844
1773874
1774013
1774014
1774024
1774090
1774431
1774544
1774546
1774679
1774805
1774814
1774815
1774816
1774845
1776004
1776008
1776009
1776093
1776101
1776102
1776103
1776111
1776536
1776539
1776672
1777554
1777555
1777846
1777849
1777856
1778015
1778016
1778019
1778020
1778095
1778096
1778097
1778197
1778198
1778199
1778863
1779034
1779035
1500815
1500816
1500817
1500818
1500819
1508215
1508216
1508217
1508218
1508219
1830845
1830846
1830847
1830848
1830849
1834950
1834951
1834952
1834953
1834954
1834955
1834956
1834957
1834958
1834959
1838050
1838051
1838052
1838053
1838054
1838055
1838056
1838057
1838058
1838059
1838160
1838161
1838162
1838163
1838164
1838165
1838166
1838167
1838168
1838169
1839840
1839841
1390811
1390901
1398012
1398013
1398014
1398110
1398111
1398112
1398113
1398114
1398115
1398116
1398117
1398118
1398119
1398927
1398928
1398929
1399010
1399011
1399012
1399013
1399014
1399015
1399016
1399017
1399018
1399019
1671816
1672816
1673810
1673811
1673812
1673813
1673814
1673815
1673816
1673818
1860808
1860809
1860814
1860815
1860816
1868124
1868126
1868129
1868160
1868161
1868162
1868163
1868164
1868165
1868166
1868167
1868168
1868169
1868354
1868365
1868366
1868367
1550800
1550801
1550802
1550803
1550804
1550805
1550806
1550816
1552053
1552054
1552055
1552056
1552057
1552058
1552059
1552850
1552851
1552852
1552853
1552854
1552855
1552856
1552857
1552858
1552859
1300648
1300649
1301813
1301814
1302648
1302649
1303563
1303564
1303565
1303566
1303567
1303568
1303569
1306017
1306018
1306019
1308448
1308449
1308640
1308641
1308810
1308811
1308825
1308826
1308827
1309604
1309612
1309617
1309623
1309648
1309649
1930811
1726081
