1500938
1502597
1502598
1509569
1509570
1509571
1509572
1509725
1509726
1509727
1509728
1509729
1830938
1830948
1836890
1839316
1839317
1839318
1839333
1839334
1839335
1839336
1839337
1839338
1839339
1839344
1839345
1839346
1839350
1839351
1839352
1839374
1839383
1839398
1839421
1839422
1839423
1839444
1839445
1839446
1839447
1839469
1839478
1452848
1454582
1459639
1459640
1459641
1351908
1351938
1770443
1770444
1770445
1770938
1771860
1771861
1771862
1775222
1775223
1775224
1778940
1778948
1778949
1778968
1779380
1779381
1779382
1779383
1779384
1779385
1779386
1779387
1779388
1779389
1303411
1303412
1304295
1304297
1304298
1308594
1308597
1308598
1935772
1935773
1939378
1939379
1939544
1939545
1939546
1939547
1390938
1391962
1391963
1391964
1391965
1391966
1391967
1399380
1399381
1399382
1399383
1399384
1399385
1399386
1399387
1399388
1399389
1671938
1672932
1672933
1672935
1672938
1673938
1860938
1869335
1869380
1869381
1869382
1869383
1869384
1550938
1556979
1556981
1556982
1556983
1559337
1559338
1559339
1559380
1559381
1559382
1559383
1559384
1559385
1559386
1559387
1559388
1559389
1560938
1560944
1569380
1569381
1569383
1569384
1569386
1569388
1569389
1780900
1780901
1780902
1780903
1780904
1780905
1780906
1780907
1780908
1780909
1780938
1780948
1783410
1783411
1783412
1783413
1783414
1783415
1783416
1783417
1783418
1783419
1783438
1784888
1786617
1788088
1789938
1850938
1859068
1859304
1990938
1994420
1994421
1995850
1995851
1995852
1995853
1995854
1995855
1995856
1995857
1995858
1995859
1995864
1995865
1995866
1995867
1995868
1995907
1995908
1995909
1999380
1999381
1999382
1999383
1999384
1999385
1999386
1999387
1999388
1999389
1999600
1999601
1999602
1999603
1999604
1999605
1999606
1999607
1999608
1999609
1713938
1713948
1715938
1716938
1717938
1330938
1332138
1335938
1336938
1336941
1338938
1338948
1339938
1890938
1891920
1891921
1891922
1891923
1891924
1891938
1891948
1899380
1899381
1899382
1899383
1899384
1899385
1899386
1899387
1899388
1361938
1362938
1363938
1364938
1365938
1367938
1368938
1368940
1368941
1368942
1800938
1808944
1808945
1809380
1809381
1809382
1809383
1809385
1809386
1809387
1809388
1809389
1530938
1530948
1533601
1533701
1533938
1533978
1534368
1534678
1534698
1534808
1534938
1534946
1535221
1535222
1535244
1535245
1537448
1537880
1537881
1537882
1537883
1537884
1537885
1537886
1537887
1537888
1537889
1537938
1537984
1537985
1537986
1537987
1537988
1537989
1539054
1539065
1539305
1539306
1539307
1539308
1539309
1539405
1539406
1870693
1870694
1870938
1871983
1871984
1871985
1871986
1871987
1871988
1871989
1879380
1879381
1879382
1879383
1879384
1879385
1879386
1879387
1879388
1879389
1879414
1879415
1879416
1879417
1879418
1879419
1879465
1879466
1879467
1879468
1879469
1380938
1383080
1383081
1383082
1383083
1383084
1383085
1383086
1383087
1383088
1383089
1389380
1389381
1389382
1389383
1389384
1389385
1389386
1389387
1389388
1389389
1660938
1669308
1669371
1669372
1669373
1669374
1669375
1669376
1669377
1669378
1669379
1669380
1669381
1669382
1669383
1669384
1669385
1669386
1669387
1669388
1669389
1730938
1733996
1733997
1733998
1733999
1734415
1736150
1736151
1736152
1736153
1736154
1737066
1737067
1738955
1738956
1738957
1738958
1738959
1739380
1739383
1739384
1739385
1739386
1739389
1739443
1739601
1310946
1311938
1313938
1313944
1314192
1314193
1314524
1315006
1315007
1319581
1580938
1580940
1580941
1580942
1582580
1760938
1760940
1769308
1769328
1769380
1769381
1769387
1510193
1510194
1510195
1510196
1510197
1510198
1510199
1510938
1512057
1512058
1512059
1519380
1519381
1519382
1519383
1519384
1519385
1519386
1519387
1519388
1519389
1820938
1820948
1821968
1821988
1821998
1829367
1829368
1829369
1829380
1829381
1829382
1829383
1829384
1829385
1829386
1829387
1829388
1829389
1829420
1829421
1829422
1829423
1829424
1829425
1829426
1829427
1829428
1829429
1829430
1829431
1829432
1829433
1829434
1829435
1829436
1829437
1829438
1829439
1829860
1829861
1829862
1810938
1814158
1814370
1814371
1815394
1819380
1819381
1819382
1819383
1819384
1819385
1819386
1819387
1819388
1819389
1819435
1819440
1819809
1520938
1520948
1520949
1524937
1524938
1524939
1529355
1529356
1529357
1529358
1529359
1529380
1529381
1529382
1529383
1529384
1529385
1529386
1529387
1529435
1529436
1529437
1529438
1529439
1373938
1470938
1471714
1471715
1471716
1471952
1471953
1471954
1471955
1471956
1471957
1471958
1479352
1479353
1479354
1479355
1479356
1479357
1479358
1479359
1880938
1889305
1889306
1889307
1889308
1889309
1889326
1889374
1889378
1889387
1889398
1889414
1889420
1889421
1889437
1889445
1889458
1750938
1759380
1759381
1759382
1759383
1759384
1759385
1759386
1759387
1759388
1759389
1759396
1759397
1759398
1759399
1910938
1910944
1910945
1910946
1910947
1910948
1910949
1911988
1911989
1914000
1914001
1914002
1914003
1914004
1919354
1919374
1919378
1919379
1919380
1919381
1919382
1919383
1919384
1919385
1919386
1919387
1919388
1919389
1919394
1320938
1322043
1323938
1326994
1701936
1701937
1650938
1980938
1981587
1989072
1989073
1989074
1989380
1989381
1989382
1989383
1989384
1989385
1989386
1989387
1989388
1989389
1989617
1989618
1989619
1570171
1570938
1570948
1571938
1571968
1573093
1573094
1575197
1576931
1576948
1579118
1840938
1840942
1841812
1841813
1841814
1841815
1841816
1841817
1841818
1841819
1841901
1841902
1841903
1841919
1841920
1841939
1841947
1841948
1841974
1841984
1841995
1841996
