1320554
1321554
1322554
1327554
1328554
1329554
1910554
1910964
1914247
1914248
1914254
1915407
1915408
1915409
1915540
1915541
1915542
1915543
1915544
1915545
1915546
1915547
1915548
1915549
1916554
1700554
1980554
1981064
1981070
1981079
1981351
1984009
1984011
1985504
1985540
1985541
1985542
1985544
1985545
1985546
1985547
1985548
1985549
1985613
1985619
1650554
1651286
1652554
1655545
1655548
1655549
1656648
1840554
1845540
1845541
1845542
1845543
1845544
1845545
1845546
1845547
1845548
1845549
1570554
1571554
1572054
1575540
1575541
1575542
1575543
1575544
1575545
1575546
1575547
1575548
1575549
1520554
1521240
1521266
1521267
1521268
1521554
1522294
1524014
1525540
1525541
1525542
1525543
1525544
1525671
1525672
1810554
1810964
1811950
1811951
1811952
1811953
1811954
1813010
1813011
1813012
1813013
1813014
1813015
1813016
1813017
1813018
1813019
1815400
1815416
1815540
1815541
1815542
1815543
1815544
1815545
1815546
1815547
1815548
1815549
1815688
1815889
1816444
1470554
1475543
1475544
1475545
1370554
1372112
1372113
1372114
1372115
1750554
1755504
1880554
1881554
1885540
1885541
1885542
1885543
1885544
1885545
1885546
1885547
1885548
1885549
1889545
1889546
1889547
1889548
1889549
1760554
1767274
1767275
1768128
1580554
1585540
1585541
1585542
1585543
1585544
1585545
1585546
1585568
1585569
1585668
1585669
1348554
1348580
1820554
1821476
1822554
1825540
1825541
1825542
1825543
1825544
1825545
1825546
1825547
1825548
1825549
1829760
1829761
1829762
1510554
1515540
1515541
1515542
1515543
1515544
1515661
1515662
1515663
1515664
1870554
1871485
1871486
1871535
1871536
1871537
1871554
1871568
1871569
1872554
1875540
1875541
1875542
1875543
1875544
1875545
1875546
1875547
1875548
1875549
1660554
1665504
1665540
1665541
1665542
1665543
1665544
1380554
1385540
1385541
1385542
1385543
1385544
1385545
1385546
1385547
1385548
1385549
1386554
1386630
1386631
1386632
1386633
1386634
1386664
1730554
1730964
1733064
1733065
1734403
1735374
1735375
1735540
1735541
1735542
1735543
1735545
1735546
1735547
1735548
1735549
1736430
1736431
1736432
1736433
1736434
1736435
1736436
1736437
1736438
1736439
1739836
1313554
1314554
1315540
1315541
1315542
1315543
1315544
1315545
1315546
1315547
1315548
1315549
1317020
1319547
1319554
1890054
1890554
1890964
1894965
1894966
1894967
1894968
1894969
1895540
1895541
1895542
1895543
1895544
1895545
1895546
1895547
1895548
1895549
1896377
1360554
1361554
1362554
1362562
1363554
1363711
1364554
1365554
1365561
1367554
1368554
1369554
1369561
1369672
1530554
1530964
1532444
1534554
1535798
1535799
1537515
1537516
1537554
1538554
1539176
1539540
1539541
1539542
1539543
1539544
1539545
1539546
1539547
1539548
1539549
1539554
1800554
1800964
1805400
1805540
1805541
1805542
1805543
1805544
1805545
1805546
1805547
1805548
1805549
1806300
1807545
1809643
1809867
1809868
1809869
1850554
1855504
1855554
1855590
1855591
1855592
1855593
1855594
1855595
1855596
1780554
1785540
1785541
1785542
1785543
1785544
1785545
1785546
1785547
1785548
1785549
1785664
1785666
1785680
1785689
1785695
1785696
1785697
1785698
1788433
1788449
1789163
1560554
1565540
1565541
1565542
1565543
1565544
1565545
1565546
1565547
1565548
1565549
1566554
1567554
1569554
1990554
1990964
1993011
1994248
1994255
1994453
1995540
1995541
1995542
1995543
1995544
1995545
1995546
1995547
1995548
1995549
1996552
1996554
1996555
1996556
1996559
1996578
1996644
1996657
1996658
1996659
1330554
1330964
1332910
1332928
1333554
1333918
1334554
1335554
1335903
1336554
1339554
1339954
1930554
1300307
1300400
1301305
1302307
1302400
1303307
1303547
1305307
1305317
1306346
1306347
1308307
1308346
1308508
1308554
1309547
1309554
1720166
1720568
1390554
1390964
1395540
1395541
1395542
1395543
1395544
1395545
1395546
1395547
1395548
1395549
1395640
1395641
1395642
1395643
1395644
1395645
1395646
1396645
1396646
1396647
1396648
1396649
1550554
1555128
1555129
1860554
1865540
1865541
1865542
1865543
1865544
1865546
1865547
1865548
1865549
1869753
1869754
1869755
1830554
1835540
1835541
1835542
1835543
1835544
1835545
1835546
1835547
1835548
1835549
1836520
1500554
1505540
1505541
1505542
1505543
1505590
1505591
1505592
1505593
1507793
1507794
1507795
1507796
1350057
1350554
1351554
1351642
1351643
1452084
1454104
1457224
1457988
1457989
1458230
1458231
1458232
1458233
1458234
1770554
1770964
1772990
1773015
1773016
1773017
1775400
1775484
1775540
1775541
1775542
1775543
1775544
1775545
1775546
1775547
1775548
1775549
1775699
1777520
1777521
1777522
1777549
1590554
1595540
1595541
1595542
1595543
1595544
1595545
1595546
1595547
1595548
1595549
1595665
1595666
1595667
1595668
1595669
