1953067
1956886
1360746
1361746
1362746
1363746
1363841
1364746
1365746
1890746
1893217
1893218
1893249
1894209
1894258
1894495
1894496
1894497
1897460
1897461
1897462
1897463
1897464
1897465
1897466
1897467
1897468
1897469
1897577
1897578
1897579
1530746
1534326
1534446
1534449
1534846
1536446
1536447
1536448
1536746
1536750
1536751
1536752
1536753
1536754
1537746
1538629
1538630
1538631
1538638
1538746
1539984
1539985
1539986
1539987
1539996
1800746
1807460
1807461
1807462
1807463
1807464
1807465
1807466
1807467
1807468
1807469
1807577
1807578
1807579
1807580
1807581
1807582
1990746
1991820
1991821
1991822
1991823
1991824
1991825
1991826
1991827
1991828
1991829
1991846
1995826
1995827
1995828
1995829
1996760
1996761
1996762
1996763
1996764
1996765
1996766
1996767
1996768
1996769
1996775
1996776
1997460
1997461
1997462
1997463
1997464
1997465
1997466
1997467
1997468
1997469
1997660
1997661
1997662
1997663
1997664
1784754
1784755
1784756
1787248
1787249
1787270
1787298
1787299
1787335
1787336
1787337
1787338
1787339
1787775
1788699
1850746
1856936
1856937
1856938
1856939
1857445
1857446
1857460
1857461
1857462
1857464
1857465
1857466
1857469
1857950
1857951
1857952
1857953
1857954
1857955
1857956
1857957
1857958
1857959
1560746
1561690
1567347
1567348
1567349
1567460
1567461
1567462
1567463
1567464
1567465
1567466
1567467
1567468
1567469
1568496
1568497
1568826
1568827
1569746
1330746
1331746
1331966
1332726
1333726
1334876
1334966
1335726
1335728
1336586
1336746
1337896
1338746
1339746
1339762
1726746
1303677
1303746
1303747
1303748
1303749
1308542
1308543
1308544
1550746
1557460
1557461
1557462
1557463
1557464
1557465
1557466
1557467
1557468
1557469
1557520
1557521
1557522
1557523
1557524
1557525
1557526
1557527
1557528
1557529
1557530
1557531
1557532
1557533
1557534
1557535
1557536
1557537
1557538
1557539
1557675
1557676
1557677
1557678
1557679
1558136
1558137
1558138
1558139
1558140
1558141
1558142
1558143
1558144
1558145
1558146
1558147
1558148
1558149
1860746
1860749
1860846
1862746
1862749
1867046
1867460
1867461
1867462
1867463
1867464
1867465
1867466
1867467
1867468
1867469
1869268
1869269
1390746
1397347
1397348
1397349
1397460
1397461
1397462
1397463
1397464
1397465
1397466
1397467
1397468
1397469
1830746
1830747
1830748
1830749
1837415
1837416
1837417
1837418
1837419
1837460
1837461
1837462
1837463
1837464
1837465
1837466
1837467
1837468
1837469
1839749
1500746
1507460
1507461
1507462
1507463
1507464
1507465
1507466
1507467
1507468
1507469
1770025
1770026
1770027
1770073
1770074
1770075
1770076
1770746
1771176
1776365
1776366
1776367
1776368
1776369
1776925
1776926
1776927
1776929
1776946
1776947
1776948
1777460
1777461
1777462
1777463
1777464
1777465
1777466
1777467
1777468
1777469
1777595
1777596
1590746
1590747
1590748
1590749
1597406
1597407
1597408
1597409
1452746
1453746
1454519
1457378
1457379
1458781
1458782
1458783
1458784
1351746
1354969
1357460
1357461
1357462
1357463
1357464
1357465
1357466
1357467
1357468
1357469
1320495
1320496
1320497
1320746
1321266
1321746
1323746
1324360
1324361
1324362
1324363
1324364
1324365
1324366
1324367
1324368
1324369
1325746
1327881
1329746
1329867
1910746
1916522
1916523
1916524
1917460
1917461
1917462
1917463
1917464
1917465
1917466
1917467
1917468
1917469
1917680
1917681
1917682
1917683
1917684
1917685
1917686
1917687
1917688
1917689
1840746
1847460
1847461
1847462
1847463
1847464
1847465
1847466
1847467
1847468
1847469
1847475
1847476
1847477
1847478
1847479
1570746
1570747
1571746
1571747
1572748
1577410
1577411
1577412
1577413
1577414
1577415
1577416
1577417
1577418
1650589
1650746
1651742
1651746
1652560
1980746
1980748
1981336
1984814
1984815
1987366
1987367
1987368
1987369
1989197
1989198
1989217
1989218
1989219
1989258
1989259
1989268
1989269
1989423
1989424
1989648
1989649
1520095
1520096
1520097
1520098
1520099
1520746
1520747
1521160
1521161
1521162
1521163
1521164
1521165
1521166
1521167
1521168
1521169
1522630
1522631
1522632
1522633
1522634
1522635
1522636
1522637
1522638
1522639
1527460
1527461
1527462
1527463
1527464
1527465
1527466
1527467
1527468
1527469
1810746
1814331
1815334
1815335
1815336
1815337
1815338
1815339
1815389
1816627
1816922
1816946
1817460
1817461
1817462
1817463
1817464
1817465
1817466
1817467
1817468
1817469
1818892
1880746
1882197
1882198
1882199
1887460
1887461
1887462
1887463
1887464
1887465
1887466
1887467
1887468
1887469
1889746
1750746
1750749
1757460
1757461
1757462
1757463
1757464
1757465
1757466
1757467
1757468
1757469
1757950
1757951
1757952
1757953
1757954
1757955
1757956
1757957
1757958
1757959
1758046
1758050
1758051
1758052
1758053
1758054
1758146
1758220
1758221
1758222
1758223
1758224
1758246
1370746
1376296
1376297
1376298
1376299
1378746
1378760
1378761
1378762
1378763
1378764
1378765
1378766
1378767
1378768
1378769
1378920
1378921
1378922
1378923
1470746
1470747
1477325
1477326
1477327
1477328
1477329
1478630
1478631
1478632
1478633
1478634
1478635
1478636
1478637
1478638
1478639
1478647
1478648
1478649
1340746
1346746
1346747
1346748
1346749
1346796
1346797
1346936
1346937
1346938
1346939
1348746
1348747
1348748
1972221
1760746
1760749
1765246
1767341
1767342
1767460
1767461
1767462
1767463
1767464
1767465
1767466
1767467
1767468
1767469
1767490
1767491
1767492
1767494
1767498
1768036
1768075
1580746
1580747
1580748
1580749
1586995
1586996
1586997
1586998
1586999
1587460
1587461
1587462
1587463
1587464
1587465
1587466
1587467
1587468
1587469
1589746
1589747
1589748
1589749
1820746
1822945
1822946
1824470
1824471
1824472
1824473
1824474
1824475
1824476
1824477
1824478
1824479
1827460
1827461
1827462
1827463
1827464
1827465
1827466
1827467
1827468
1827469
1827490
1827491
1827492
1827493
1510746
1511160
1511161
1511162
1511163
1511164
1511165
1511166
1511167
1511168
1511169
1511650
1511651
1511652
1511653
1511654
1511655
1511656
1511657
1511658
1511659
1511660
1511661
1511662
1511663
1511664
1511665
1511666
1511667
1511668
1511669
1660746
1661885
1661886
1667046
1667460
1667461
1667462
1667463
1667464
1667465
1667466
1667467
1667468
1667469
1668144
1668145
1668146
1668147
1668148
1668149
1668616
1668617
1668618
1668619
1380743
1380746
1387435
1387436
1387437
1387438
1387439
1387460
1387461
1387462
1387463
1387464
1387465
1387466
1387467
1387468
1387469
1387470
1387471
1387472
1387473
1387474
1387475
1387476
1387477
1387478
1387479
1870740
1870741
1870742
1870746
1870747
1877459
1877460
1877461
1877462
1877463
1877464
1877465
1877466
1877467
1877468
1877469
1879764
1879765
1879766
1879767
1879768
1879769
1879770
1879771
1879772
1879773
1879774
1879775
1879776
1310022
1310716
1310726
1310746
1311746
1313522
1313527
1317046
1317426
1317427
1318710
1318711
1318712
1318713
1730073
1730074
1730075
1730076
1730746
1730747
1730846
1734365
1734690
1734691
1734692
1734693
1734694
1734695
1734696
1734697
1734698
1734699
1734746
1734747
1735880
1736575
1736946
1737460
1737461
1737462
1737463
1737464
1737465
1737466
1737467
1737468
1737469
1737560
1737561
1737562
1737563
1737564
1737565
1737566
1737568
1737596
1737597
1737598
1737776
