1470415
1470425
1474050
1474051
1474052
1474053
1474054
1474055
1474056
1474057
1474058
1474059
1370015
1370018
1370415
1370425
1370495
1374150
1374151
1374152
1374153
1374154
1374155
1374156
1374157
1374158
1374159
1374250
1374251
1374252
1374253
1374254
1374255
1374256
1374257
1374258
1374259
1880415
1884150
1884151
1884152
1884153
1884154
1884155
1884156
1884157
1884158
1884159
1750415
1750425
1750495
1752415
1752425
1754150
1754151
1754152
1754153
1754154
1754155
1754156
1754157
1754158
1754159
1754250
1754251
1754252
1754253
1754254
1754255
1754256
1754257
1754258
1754259
1524155
1524156
1524157
1524158
1524159
1810405
1810415
1810425
1810495
1814105
1650030
1650097
1650185
1650321
1650399
1650415
1650495
1650897
1651227
1651280
1651307
1651311
1651415
1651425
1651525
1651615
1651806
1652067
1652084
1652415
1652657
1653021
1653405
1653415
1653498
1653815
1653925
1655253
1655254
1655255
1655256
1655257
1655258
1655259
1655415
1655720
1655831
1655852
1655853
1655895
1656258
1656415
1656577
1656578
1656617
1656618
1656758
1656776
1656779
1656820
1656939
1656965
1656967
1656969
1657009
1657015
1657134
1657235
1657329
1657362
1657415
1657577
1657587
1657627
1657807
1980415
1981364
1982405
1982406
1982415
1982473
1982474
1982475
1982476
1982477
1840415
1840610
1840611
1840612
1840613
1840614
1840615
1840616
1840617
1840618
1840619
1842450
1842451
1842452
1842453
1842454
1842455
1842456
1842457
1570415
1571415
1571425
1572442
1572443
1320415
1321415
1322415
1323415
1323425
1323426
1323697
1323698
1323815
1323825
1327415
1328415
1910415
1701426
1701427
1701494
1701495
1702414
1702415
1730415
1730428
1734115
1310415
1310425
1312415
1312556
1312557
1312558
1312559
1313050
1313051
1313052
1313053
1313054
1313415
1315415
1318835
1318836
1318837
1318838
1318839
1319020
1319021
1319022
1319023
1319024
1319415
1870415
1874150
1874151
1874152
1874153
1874154
1874155
1874156
1874157
1874158
1874159
1660415
1660425
1662415
1662425
1664150
1664151
1664152
1664153
1664154
1664155
1664156
1664157
1664158
1664159
1664250
1664251
1664252
1664253
1664254
1664255
1664256
1664257
1664258
1664259
1380415
1384150
1384151
1384152
1384153
1384154
1384155
1384156
1384157
1384158
1384159
1384250
1384251
1384252
1384253
1384254
1384255
1384256
1384257
1384258
1384259
1389850
1389851
1389852
1389853
1820415
1824150
1824151
1824152
1824153
1824154
1824155
1824156
1824157
1824158
1824159
1824240
1824241
1824242
1824243
1824244
1824245
1824246
1824247
1824248
1824249
1824250
1824251
1824252
1824253
1824254
1824255
1824256
1824257
1824258
1824259
1510241
1510242
1510243
1510244
1510245
1510415
1511410
1511411
1511412
1511413
1511414
1511415
1511416
1511417
1511418
1511419
1514150
1514151
1514152
1514153
1514154
1514155
1514156
1514157
1514158
1514159
1517415
1517416
1517417
1517418
1760415
1760425
1761415
1761425
1762415
1762425
1764046
1764047
1764150
1764151
1764152
1764153
1764154
1764155
1764156
1764157
1764158
1764159
1764250
1764251
1764252
1764253
1764254
1764255
1764256
1764257
1764258
1764259
1580415
1584150
1584151
1584152
1584153
1584154
1584155
1584156
1584157
1584158
1584159
1584250
1584251
1584252
1584253
1584254
1584255
1584256
1584257
1584258
1584259
1344040
1346452
1346453
1346454
1346455
1346456
1346457
1346458
1346459
1347000
1347001
1347002
1347003
1347004
1347005
1347006
1347007
1347008
1347009
1347044
1347045
1347046
1347047
1347048
1347049
1330415
1330425
1330495
1331408
1331415
1332216
1332217
1332415
1332428
1333216
1333217
1334216
1334217
1335216
1335217
1335415
1335877
1335878
1336415
1336428
1337298
1337299
1338415
1338425
1339036
1339045
1339415
1339425
1339426
1780415
1780424
1780425
1780426
1780428
1782415
1782451
1782452
1782453
1784601
1784602
1784794
1788754
1789625
1850415
1852415
1852425
1852435
1852436
1852437
1852438
1852439
1560415
1560425
1560495
1564150
1564151
1564152
1564153
1564154
1564155
1564156
1564157
1564158
1564159
1566342
1566343
1566344
1566883
1566884
1569415
1569425
1569897
1569898
1990415
1990425
1997594
1997595
1530405
1530406
1530407
1530415
1530495
1532621
1533088
1533089
1533115
1535097
1800405
1800415
1800425
1800495
1804150
1804151
1804152
1890415
1890425
1890495
1894150
1894151
1894152
1894153
1894154
1894155
1894156
1894157
1894158
1894159
1360415
1360495
1361415
1361425
1361495
1362415
1362495
1364415
1365415
1367415
1369414
1369415
1369416
1350415
1351415
1351607
1359150
1359151
1359152
1450415
1450425
1450492
1450493
1450494
1452415
1452425
1453415
1453435
1454286
1770415
1774143
1774150
1774151
1774159
1774189
1774215
1779087
1590245
1590415
1594150
1594151
1594152
1594153
1594154
1594155
1594156
1594157
1594158
1594159
1594250
1594251
1594252
1594253
1594254
1594255
1594256
1594257
1594258
1594259
1622259
1622415
1830415
1834150
1834151
1834152
1834153
1834154
1834155
1834156
1834157
1834158
1834159
1834250
1834251
1834252
1834253
1834254
1834255
1834256
1834257
1834258
1834259
1500415
1504150
1504151
1504152
1504153
1504154
1504155
1504156
1504157
1504158
1504159
1671415
1672415
1672624
1672654
1672664
1672674
1672684
1673161
1673162
1673163
1673165
1673166
1673167
1673168
1673169
1673170
1673171
1673172
1673415
1674415
1390049
1390415
1390425
1390495
1394150
1394151
1394152
1394153
1394154
1394155
1394156
1394157
1394158
1394159
1394250
1394251
1394252
1394253
1394254
1394255
1394256
1394257
1394258
1394259
1550415
1554280
1860415
1860425
1862415
1862425
1864150
1864151
1864152
1864153
1864154
1864155
1864156
1864157
1864158
1864159
1864250
1864251
1864252
1864255
1864256
1864257
1864258
1864259
1300920
1300921
1301092
1301969
1301980
1302035
1302920
1302921
1303074
1303075
1304266
1305030
1305031
1305032
1305033
1305034
1305035
1305036
1305037
1305038
1305039
1308125
1308126
1720280
1720281
1720282
1720283
1720284
