1303052
1303053
1303054
1303329
1304496
1304796
1308616
1309706
1309714
1309722
1390072
1390706
1390796
1397044
1397045
1397046
1397060
1397061
1397062
1397063
1397064
1397065
1397066
1397067
1397068
1397069
1397960
1397961
1397962
1397963
1397964
1397965
1397966
1397967
1397968
1397969
1671796
1672796
1673796
1860706
1860796
1867960
1867961
1867962
1867963
1867964
1867965
1867966
1867967
1867968
1867969
1550796
1557960
1557961
1557962
1557963
1557964
1557965
1557966
1557967
1557968
1500796
1507060
1507061
1507062
1507063
1507064
1507065
1507066
1507067
1507068
1507069
1507960
1507961
1507962
1507963
1507964
1507965
1507966
1507967
1507968
1507969
1830706
1830796
1831796
1836549
1837008
1837009
1837060
1837061
1837062
1837063
1837064
1837065
1837066
1837067
1837068
1837069
1837967
1837968
1837969
1839786
1839796
1350796
1351706
1351796
1357660
1357661
1357662
1357663
1357664
1357680
1357681
1357682
1357683
1357684
1357685
1357686
1357687
1357688
1357689
1452656
1452666
1454446
1454456
1457026
1458325
1458326
1458327
1458328
1458329
1590706
1590796
1594960
1594961
1594962
1594963
1594964
1594965
1594966
1594967
1594968
1594969
1597020
1597021
1597022
1597023
1597024
1597960
1597961
1597962
1597963
1597964
1597965
1597966
1597967
1597968
1597969
1770706
1770796
1777060
1777061
1777062
1777063
1777064
1777065
1777066
1777067
1777068
1777069
1777960
1777961
1777962
1777963
1777964
1777965
1777966
1777967
1777968
1777969
1890706
1890796
1897044
1897045
1897046
1897060
1897061
1897062
1897063
1897064
1897065
1897066
1897067
1897068
1897069
1897960
1897961
1897962
1897963
1897964
1897965
1897966
1897967
1897968
1897969
1360796
1361706
1361796
1362796
1364706
1364796
1365706
1365796
1366796
1367796
1368486
1368706
1368796
1369486
1369706
1369796
1369846
1953455
1800026
1800073
1800076
1800796
1807046
1807056
1807960
1807961
1807962
1807963
1807964
1807965
1807966
1807967
1807968
1807969
1530706
1530796
1534796
1535006
1535033
1535034
1535035
1537427
1537428
1538776
1538777
1538796
1539079
1539786
1539796
1560706
1560796
1567960
1567961
1567962
1567963
1567964
1567965
1567966
1567967
1567968
1567969
1569786
1569796
1850706
1850796
1857960
1857961
1857962
1857963
1857966
1780796
1780886
1784647
1784648
1784649
1787002
1787003
1787004
1787035
1787036
1787037
1787038
1787039
1787076
1787086
1787096
1787906
1787960
1787961
1787962
1787963
1787964
1787965
1787966
1787967
1787968
1787969
1788746
1789156
1789796
1990706
1990796
1991464
1991465
1994216
1997016
1997046
1997060
1997061
1997062
1997063
1997064
1997065
1997066
1997067
1997068
1997069
1997960
1997961
1997962
1997963
1997967
1997968
1997969
1713796
1715796
1716796
1717796
1717842
1718283
1718796
1718841
1718842
1719796
1330706
1330796
1331704
1331706
1331796
1331933
1332006
1332016
1334006
1334014
1336176
1336706
1336796
1338704
1338796
1339706
1339796
1580706
1580796
1587940
1587941
1587942
1587960
1587961
1587962
1587963
1587964
1587965
1587966
1587967
1587968
1587969
1760706
1760796
1767906
1767916
1767926
1768796
1340706
1340796
1342656
1342657
1343706
1343796
1347904
1347905
1347906
1347907
1347908
1347909
1347960
1347961
1347962
1347963
1347964
1347965
1347966
1347967
1347968
1347969
1510706
1510796
1517065
1517066
1517067
1517068
1517069
1517080
1517081
1517082
1517083
1517084
1517085
1517086
1517087
1517088
1517089
1517960
1517961
1517962
1517963
1517964
1517965
1517966
1517967
1517968
1517969
1820796
1827096
1827960
1827961
1827962
1827963
1827964
1827965
1827966
1827967
1827968
1827969
1827980
1827981
1827982
1827983
1827990
1827991
1829660
1829661
1829662
1829663
1829664
1829665
1829666
1829667
1829668
1870256
1870266
1870706
1870796
1872046
1872064
1877040
1877041
1877046
1877047
1877060
1877061
1877062
1877063
1877064
1877065
1877066
1877067
1877068
1877069
1877086
1877096
1877960
1877961
1877962
1877963
1877964
1877965
1877966
1877967
1877968
1877969
1877993
1877994
1877995
1877996
1877997
1879786
1879796
1380796
1387960
1387961
1387962
1387963
1387964
1387965
1387966
1387967
1387968
1387969
1660796
1730706
1730796
1734676
1737046
1737960
1737961
1737962
1737963
1737964
1737965
1737966
1737967
1737968
1737969
1311786
1311796
1312526
1312534
1312535
1313367
1313368
1313369
1313396
1313406
1313407
1315584
1315585
1315586
1317096
1317760
1317761
1317762
1317796
1318469
1319789
1319796
1910796
1917052
1917960
1917961
1917962
1917963
1917964
1917965
1917966
1917967
1917968
1917969
1320706
1320796
1321706
1321796
1323706
1323796
1324706
1324796
1325796
1326396
1707170
1707171
1707172
1707173
1707174
1980707
1980708
1980709
1980796
1981513
1984148
1984149
1984159
1987028
1987029
1987030
1987031
1987060
1987061
1987062
1987063
1987064
1987065
1987066
1987067
1987068
1987069
1988037
1988074
1988075
1650796
1651796
1570796
1571706
1571796
1572760
1572761
1572762
1572769
1577060
1577061
1577062
1577063
1577064
1577065
1577066
1577067
1577068
1577069
1577916
1577917
1577918
1577919
1577960
1577961
1577962
1577963
1577964
1577965
1577966
1577967
1577968
1577969
1840796
1846020
1846021
1846022
1846023
1846024
1846025
1846026
1846027
1846028
1846029
1847060
1847061
1847062
1847063
1847064
1847065
1847066
1847067
1847068
1847069
1847960
1847961
1847962
1847963
1847964
1847965
1847966
1847967
1847968
1847969
1810706
1810796
1814676
1816076
1817046
1817060
1817061
1817062
1817063
1817064
1817065
1817066
1817406
1817960
1817961
1817962
1817963
1817964
1817965
1817966
1817967
1817968
1817969
1520706
1520796
1521623
1521624
1521628
1521629
1527006
1527016
1527045
1527046
1527047
1527048
1527049
1527960
1527961
1527962
1527963
1527964
1527965
1527966
1527967
1527968
1527969
1527980
1527981
1527982
1527983
1527984
1529796
1470706
1470796
1477074
1477075
1477076
1477965
1477966
1477967
1477968
1477969
1479641
1479662
1479663
1479664
1479665
1479666
1479786
1479796
1370706
1370796
1375540
1375541
1375542
1375543
1375544
1375545
1375546
1375547
1375548
1375549
1376620
1376621
1376622
1376623
1376624
1376625
1376626
1376627
1376628
1376629
1750796
1757906
1880706
1880796
1882776
1882777
1882778
1882779
1882780
1882796
1887060
1887061
1887062
1887063
1887064
1887065
1887066
1887096
1887960
1887961
1887962
1887963
1887964
1887965
1887966
1887967
1887968
1887969
1889796
