1820066
1820067
1820074
1820088
1820089
1820099
1820200
1820201
1820202
1820203
1820204
1820206
1820207
1820208
1820209
1820666
1820764
1821120
1821122
1821133
1821147
1821148
1821153
1821157
1821801
1821818
1821822
1821834
1821835
1821840
1821844
1821846
1821847
1821849
1821863
1821867
1821870
1821876
1821888
1821945
1824490
1824494
1824499
1510200
1510201
1510202
1510203
1510204
1510205
1510206
1510207
1510208
1510209
1511200
1511201
1511202
1511203
1511204
1511205
1511206
1511207
1511208
1511209
1511210
1511211
1511212
1511213
1511214
1511215
1511216
1511217
1511218
1511219
1511220
1511221
1511222
1511223
1511224
1511380
1511381
1511382
1511383
1511384
1511385
1511386
1511387
1511388
1511389
1511886
1511887
1511888
1511889
1760200
1760201
1760202
1760203
1760204
1760205
1760206
1760207
1761200
1761201
1761202
1761203
1761204
1761205
1761206
1761207
1761208
1761209
1762000
1762001
1762002
1762003
1762004
1762005
1762006
1762007
1762008
1762009
1762010
1762011
1762012
1762013
1762014
1762015
1762016
1762017
1762018
1762019
1762020
1762021
1762022
1762023
1762024
1762025
1762026
1762027
1762028
1762029
1762070
1762071
1762072
1762073
1762074
1762075
1762076
1762077
1762078
1762079
1762080
1762081
1762082
1762083
1762084
1762085
1762086
1762087
1762088
1762089
1762090
1762091
1762092
1762093
1762094
1762095
1762096
1762097
1762098
1762099
1766470
1766471
1766472
1766473
1766474
1766475
1766476
1766477
1766478
1766479
1766480
1766481
1766482
1766483
1766484
1766485
1766486
1766487
1766488
1766489
1766490
1766491
1766492
1766493
1766494
1766495
1766496
1766497
1766498
1766499
1766500
1766501
1766502
1766503
1766504
1766505
1766506
1766507
1766508
1766509
1766510
1766511
1766512
1766513
1766514
1766515
1766516
1766517
1766518
1766519
1766540
1766541
1766542
1766543
1766544
1766545
1766570
1766571
1766572
1766573
1766574
1766575
1766576
1766577
1766578
1766579
1766580
1766581
1766582
1766583
1766584
1766585
1766586
1766587
1766588
1766589
1766590
1766591
1766592
1766593
1766594
1766595
1766596
1766597
1766598
1766599
1766603
1766604
1766605
1766606
1766650
1766651
1766652
1766653
1766654
1766655
1766656
1766657
1766658
1766659
1766660
1766661
1766662
1766663
1766664
1766665
1766666
1766667
1766668
1766669
1766670
1766671
1766672
1766673
1766674
1766675
1766676
1766677
1766678
1766679
1766680
1766681
1766682
1766683
1766684
1766685
1766686
1766687
1766688
1767560
1767561
1767563
1767564
1767565
1767566
1767567
1767568
1767569
1767570
1767571
1767572
1767573
1767574
1767575
1767576
1767577
1767578
1767579
1767580
1767581
1767583
1767584
1767585
1767586
1767587
1767588
1767589
1767590
1767592
1767593
1767594
1767595
1767596
1767598
1768837
1768838
1768839
1768840
1768841
1768842
1768843
1768844
1768845
1768846
1768847
1768848
1768849
1768884
1768885
1768886
1768887
1768888
1580000
1580001
1580002
1580003
1580004
1580020
1580021
1580022
1580023
1580024
1580025
1580026
1580027
1580028
1580029
1580200
1580201
1580202
1580203
1580204
1581185
1581186
1581187
1581188
1581189
1581240
1581241
1581242
1581243
1581244
1581245
1581246
1581247
1581248
1581249
1581330
1581331
1581332
1581333
1581334
1581335
1581336
1581337
1581338
1581339
1581450
1581451
1581452
1581453
1581454
1581455
1581456
1581457
1581458
1581459
1581480
1581481
1581482
1581483
1581484
1581485
1581486
1581487
1581488
1581489
1581580
1581581
1581582
1581583
1581584
1581585
1581586
1581587
1581588
1581589
1581700
1581701
1581702
1581703
1581704
1581705
1581706
1581707
1581708
1581709
1581710
1581711
1581712
1581713
1581714
1581715
1581716
1581717
1581718
1581719
1581810
1581811
1581812
1581813
1581814
1581815
1581816
1581817
1581818
1581819
1581880
1581881
1581882
1581883
1581884
1581885
1581886
1581887
1581888
1581889
1582020
1582021
1582022
1582023
1582024
1582025
1582026
1582027
1582028
1582029
1587530
1587531
1587532
1587533
1587534
1587650
1587651
1587652
1587653
1587654
1587655
1587656
1587657
1587658
1587659
1587689
1588990
1588991
1588992
1588993
1588994
1588995
1588996
1588997
1588998
1588999
1589995
1589996
1589997
1589999
1341115
1341116
1341117
1341118
1341119
1341410
1341411
1341412
1341413
1341414
1341610
1341611
1341612
1341613
1341614
1341615
1341616
1341617
1341618
1341619
1341620
1341621
1341622
1341623
1341624
1341625
1341626
1341627
1341628
1341629
1341630
1341631
1341632
1341633
1341634
1341635
1341636
1341637
1341638
1341639
1341640
1341641
1341642
1341643
1341644
1341645
1341646
1341647
1341648
1341649
1341800
1341801
1341802
1341803
1341804
1341805
1341806
1341807
1341808
1341809
1341810
1341811
1341812
1341813
1341814
1341815
1341816
1341817
1341818
1341819
1342200
1342201
1342202
1342203
1342204
1342205
1342206
1342207
1342208
1342209
1342210
1342211
1342212
1342213
1342214
1342215
1342216
1342217
1342218
1342219
1342220
1342221
1342222
1342223
1342224
1342225
1342226
1342227
1342228
1342229
1342230
1342231
1342232
1342233
1342234
1342235
1342236
1342237
1342238
1342239
1342360
1342361
1342362
1342363
1342364
1342365
1342366
1342367
1342368
1342369
1342400
1342401
1342402
1342403
1342404
1342405
1342406
1342407
1342408
1342409
1342410
1342411
1342412
1342413
1342414
1342445
1342446
1342447
1342448
1342449
1342750
1342751
1342752
1342753
1342754
1342755
1342756
1342757
1342758
1342759
1342760
1342761
1342762
1342763
1342764
1342765
1342766
1342767
1342768
1342769
1342880
1342881
1342882
1342883
1342884
1342885
1342886
1342887
1342888
1342889
1343020
1343021
1343022
1343023
1343024
1343025
1343026
1343027
1343028
1343029
1343030
1343031
1343032
1343033
1343034
1343035
1343036
1343037
1343038
1343039
1343100
1343101
1343102
1343103
1343104
1343105
1343106
1343107
1343108
1343109
1343200
1343201
1343202
1343203
1343204
1343205
1343206
1343207
1343208
1343209
1343390
1343391
1343392
1343393
1343394
1343395
1343396
1343397
1343398
1343399
1343410
1343411
1343412
1343413
1343414
1343415
1343416
1343417
1343418
1343419
1343420
1343421
1343422
1343423
1343424
1343425
1343426
1343427
1343428
1343429
1343430
1343431
1343432
1343433
1343434
1343435
1343436
1343437
1343438
1343439
1343560
1343561
1343562
1343563
1343564
1343565
1343566
1343567
1343568
1343569
1343780
1343781
1343782
1343783
1343784
1344020
1344021
1344022
1344023
1344024
1344025
1344026
1344027
1344220
1344221
1344222
1344223
1344224
1344225
1344226
1344227
1345020
1345021
1345022
1345023
1345024
1345025
1345026
1345027
1345028
1345029
1345035
1345036
1345037
1345038
1345039
1345040
1345041
1345042
1345043
1345044
1345045
1345046
1345047
1345048
1345049
1348020
1348021
1348022
1348023
1348024
1348025
1348026
1348027
1348028
1348029
1730200
1730201
1730202
1730203
1730204
1730205
1730206
1730207
1730208
1730209
1730661
1730664
1730665
1730666
1730667
1730669
1731680
1731681
1731682
1731683
1731684
1731685
1731686
1731687
1731688
1731689
1732200
1732201
1732202
1732203
1732204
1732205
1732206
1732207
1732208
1732209
1732220
1732221
1732222
1732223
1732224
1732225
1732226
1732227
1732228
1732229
1732400
1732401
1732402
1732403
1732405
1732406
1732407
1732408
1732409
1732420
1732421
1732422
1732423
1732424
1732425
1732426
1732427
1732428
1732429
1732430
1732431
1732432
1732433
1732434
1732830
1732831
1732832
1732833
1732834
1732850
1732851
1732852
1732853
1732854
1732855
1732856
1732857
1732858
1732859
1732860
1732861
1732862
1732863
1732864
1732865
1732866
1732867
1732868
1732869
1732990
1732991
1732992
1732993
1732994
1732995
1732996
1732997
1732998
1732999
1310485
1310486
1310487
1310488
1310489
1311220
1311221
1311222
1311223
1311224
1311225
1311226
1311227
1311228
1311229
1311330
1311331
1311332
1311333
1311334
1311335
1311336
1311337
1311338
1311339
1311395
1311396
1311397
1311398
1311399
1311950
1311951
1311952
1311953
1311954
1311955
1311956
1311957
1311958
1311959
1312640
1312641
1312642
1312643
1312644
1312645
1312646
1312647
1312648
1312649
1312820
1312821
1312822
1312823
1312824
1312825
1312826
1312827
1312828
1312829
1312860
1312861
1312862
1312863
1312864
1312865
1312866
1312867
1312868
1312869
1312930
1312931
1312932
1312933
1312934
1312935
1312936
1312937
1312938
1312939
1313845
1313846
1313847
1313848
1313849
1313860
1313861
1313862
1313863
1313864
1313865
1313866
1313867
1313868
1313869
1314330
1314331
1314332
1314333
1314334
1314335
1314336
1314337
1314338
1314339
1314350
1314351
1314352
1314353
1314354
1314365
1314366
1314367
1314368
1314369
1314370
1314371
1314372
1314373
1314374
1314375
1314376
1314377
1314378
1314379
1314440
1314441
1314442
1314443
1314444
1314445
1314570
1314571
1314572
1314573
1314574
1314575
1314576
1314577
1314578
1314579
1314890
1314891
1314892
1314893
1314894
1314895
1314896
1314897
1314898
1314899
1314934
1314935
1314936
1314937
1314938
1314939
1316080
1316081
1316082
1316083
1316084
1316085
1316086
1316087
1316088
1316089
1316830
1316831
1316832
1316833
1316834
1316835
1316836
1316837
1316838
1316839
1316880
1316881
1316882
1316883
1316884
1316885
1316886
1316887
1316888
1316889
1317200
1317201
1317202
1317203
1317204
1317205
1317207
1317208
1317209
1317880
1317881
1317882
1317883
1317884
1317885
1317886
1317887
1317888
1317889
1318900
1318901
1318902
1318903
1318904
1318905
1318906
1318907
1318908
1318909
1318910
1318911
1318912
1318913
1318914
1318915
1318916
1318917
1318918
1318919
1870200
1870201
1870202
1870203
1870204
1870207
1870208
1870209
1871839
1871840
1871841
1871874
1871884
1871887
1871888
1871890
1871891
1871913
1871914
1871924
1871925
1871926
1871936
1871937
1871938
1871940
1871941
1871946
1871947
1660200
1660201
1660202
1660203
1660204
1660205
1660206
1660207
1660208
1660209
1661660
1661661
1661662
1661663
1661664
1661665
1661666
1661667
1661668
1661669
1661677
1661688
1662000
1662001
1662002
1662003
1662004
1662005
1662006
1662007
1662008
1662009
1662010
1662011
1662012
1662013
1662014
1662015
1662016
1662017
1662018
1662019
1662030
1662031
1662032
1662033
1662034
1662035
1662036
1662037
1662038
1662039
1662040
1662041
1662042
1662043
1662044
1662045
1662046
1662047
1662048
1662049
1662050
1662051
1662052
1662053
1662054
1662055
1662056
1662057
1662058
1662059
1662460
1662461
1662462
1662463
1662464
1662465
1662466
1662467
1662468
1662469
1662470
1662471
1662472
1662473
1662474
1662475
1662476
1662477
1662478
1662479
1662480
1662481
1662482
1662483
1662484
1662485
1662486
1662487
1662488
1662489
1662490
1662491
1662492
1662493
1662494
1662495
1662496
1662497
1662498
1662499
1662500
1662501
1662502
1662503
1662504
1662505
1662506
1662507
1662508
1662509
1662630
1662631
1662632
1662633
1662634
1662635
1662636
1662637
1662638
1662639
1662640
1662641
1662642
1662643
1662644
1662670
1662671
1662672
1665800
1665801
1665802
1665803
1665805
1665806
1665807
1665808
1665809
1667624
1667625
1667630
1667631
1667632
1667633
1667634
1667635
1667670
1667671
1667672
1667673
1667674
1667675
1667676
1667677
1667678
1667679
1667680
1667681
1667682
1667683
1667684
1667685
1380009
1380020
1380240
1380241
1380242
1380243
1380244
1380250
1380251
1380252
1380253
1380254
1380272
1380273
1380274
1380275
1380276
1380277
1380278
1380279
1380280
1380283
1380284
1380288
1380290
1380291
1380292
1380293
1380294
1380295
1380296
1380297
1380298
1380299
1380881
1380882
1380884
1380886
1380887
1380888
1380889
1380920
1380924
1380928
1380977
1382210
1382211
1382212
1382213
1382214
1382215
1382216
1382217
1382218
1382219
1382220
1382221
1382222
1382223
1382224
1382225
1382226
1382227
1382228
1382229
1382440
1382441
1382442
1382443
1382444
1382445
1382446
1382447
1382448
1382449
1382500
1382501
1382502
1382503
1382504
1382505
1382506
1382507
1382508
1382509
1382510
1382511
1382512
1382513
1382514
1382515
1382516
1382517
1382518
1382519
1382600
1382601
1382602
1382603
1382604
1382605
1382606
1382607
1382608
1382609
1382610
1382611
1382612
1382613
1382614
1382615
1382616
1382617
1382618
1382619
1382620
1382621
1382622
1382623
1382624
1382625
1382626
1382627
1382628
1382629
1382640
1382641
1382642
1382643
1382644
1382645
1382646
1382647
1382648
1382649
1382840
1382841
1382842
1382843
1382844
1382845
1382846
1382847
1382848
1382849
1382970
1382971
1382972
1382973
1382974
1382975
1382976
1382977
1382978
1382979
1388990
1980200
1980201
1980202
1980203
1980204
1980205
1980206
1980207
1980208
1980209
1980641
1980642
1980647
1980666
1980683
1980685
1981194
1981198
1981200
1981438
1982080
1982087
1983000
1983008
1983043
1983047
1983055
1983070
1983085
1983087
1983088
1983094
1983276
1983289
1983597
1983599
1984190
1984195
1984197
1984198
1984199
1984203
1984208
1984209
1984213
1984217
1984219
1984223
1984227
1984229
1984234
1984235
1984237
1984240
1984241
1984242
1984243
1984244
1984245
1984246
1984247
1984249
1984250
1984253
1984254
1984257
1984260
1984263
1984264
1984268
1984901
1984904
1984908
1984935
1984941
1984948
1984954
1984970
1984973
1984977
1984984
1984993
1984994
1984999
1985402
1985403
1985404
1985405
1985406
1985407
1985409
1985445
1985446
1985447
1985454
1985456
1985457
1985471
1985473
1985479
1985480
1985481
1985482
1985484
1985494
1985495
1985496
1986001
1986007
1986011
1986018
1986020
1986040
1986041
1986048
1986078
1986081
1986407
1986409
1986424
1986428
1986437
1986439
1986448
1986454
1986464
1986467
1986471
1986473
1986474
1986476
1986478
1986479
1986480
1986482
1986485
1986489
1986497
1986500
1986504
1986518
1986543
1986548
1986557
1986558
1986575
1986583
1986584
1986586
1986588
1986598
1986599
1986600
1986603
1986606
1986607
1986608
1986610
1986613
1986616
1986617
1986622
1986663
1986666
1986667
1986668
1986669
1986670
1986672
1986675
1986677
1986679
1986680
1986691
1986693
1986696
1986697
1986699
1986737
1986757
1986758
1986761
1986762
1986763
1986765
1986768
1986769
1986794
1986800
1986828
1986838
1986848
1986857
1986858
1986865
1986866
1986868
1986869
1986890
1986891
1987244
1987245
1987246
1987247
1987249
1987250
1987253
1987254
1987257
1987260
1987263
1987264
1987267
1987270
1987271
1987272
1987273
1987275
1987276
1987277
1987278
1987279
1987281
1987286
1987290
1987293
1987294
1987297
1987400
1987401
1987402
1987403
1987405
1987406
1987408
1987409
1987420
1987421
1987422
1987423
1987424
1987425
1987426
1987427
1987428
1987429
1987440
1987441
1987442
1987443
1987444
1987445
1987446
1987447
1987448
1987449
1987451
1987464
1987469
1987511
1987514
1987516
1987518
1987527
1987528
1987537
1987545
1987547
1987548
1987549
1987563
1987564
1987569
1987584
1987586
1987588
1987597
1987598
1987599
1987610
1987613
1987618
1987619
1987629
1987638
1987639
1987640
1987642
1987644
1987645
1987666
1987670
1987672
1987674
1987675
1987682
1987683
1987685
1987686
1987689
1987800
1987804
1987807
1987827
1987834
1987837
1987847
1987856
1987858
1987859
1987863
1987864
1987867
1987870
1987871
1987872
1987880
1987881
1987882
1987883
1987884
1987885
1987886
1987887
1987888
1987889
1987908
1987909
1987930
1987931
1987932
1987935
1987936
1987956
1988083
1988088
1988089
1988096
1988097
1988099
1988615
1988617
1988618
1988631
1988633
1988634
1988641
1988644
1988649
1988658
1988659
1989684
1989694
1989800
1989802
1989807
1989818
1989819
1989822
1989824
1989828
1989829
1989837
1989838
1989839
1989842
1989845
1989847
1989854
1989855
1989858
1989859
1989866
1989867
1989868
1989869
1650602
1650606
1650607
1651020
1651101
1651102
1651103
1651720
1651721
1651767
1652129
1653918
1655020
1656020
1840014
1840200
1840201
1840202
1840660
1840661
1840767
1842001
1842010
1847503
1847534
1847620
1847621
1847624
1847634
1847668
1847689
1849440
1849441
1849442
1849443
1849444
1849445
1849446
1849447
1849448
1849449
1849450
1849451
1849452
1849453
1849454
1849455
1849456
1849457
1849458
1849459
1849460
1849461
1849462
1849463
1849464
1849465
1849466
1849467
1849468
1849469
1849849
1849850
1849851
1849852
1849853
1849854
1849855
1849856
1849857
1849858
1849859
1849860
1849861
1849862
1849863
1849864
1849865
1849866
1849867
1849868
1849869
1849870
1849871
1849872
1849873
1849874
1849875
1849876
1849877
1849878
1849879
1849880
1849881
1849882
1849883
1849884
1849885
1849886
1849887
1849888
1849889
1849890
1849891
1849892
1849893
1849894
1849895
1849896
1849897
1849898
1849899
1849940
1849941
1849942
1849943
1849944
1849945
1849946
1849947
1849948
1849949
1849950
1849951
1849952
1849953
1849954
1849955
1849956
1849957
1849958
1570200
1570201
1570202
1570203
1570204
1570205
1570206
1570207
1571070
1571071
1571072
1571073
1571074
1571085
1571086
1571087
1571088
1571089
1571170
1571171
1571172
1571173
1571174
1571175
1571176
1571177
1571178
1571179
1571180
1571181
1571182
1571183
1571184
1571185
1571186
1571187
1571188
1571189
1571190
1571191
1571192
1571193
1571194
1571810
1571811
1571814
1571838
1571841
1571844
1572405
1572406
1572407
1572411
1572818
1572819
1572820
1572841
1572849
1572854
1572857
1572873
1572875
1572876
1576702
1576720
1576741
1576747
1576748
1576757
1576765
1576767
1576785
1576787
1576841
1576874
1576888
1576890
1576891
1576892
1576893
1576894
1576895
1576896
1576897
1576898
1576899
1579111
1579154
1579288
1579400
1579401
1579402
1579403
1579404
1579666
1320200
1320201
1320202
1320203
1320204
1320205
1320206
1320207
1320208
1320209
1320250
1320251
1320252
1320253
1320254
1322640
1322641
1322642
1322643
1322644
1322645
1322660
1322661
1322662
1322663
1322664
1322665
1322666
1322667
1322668
1322669
1322930
1322931
1322933
1322934
1322940
1322941
1322942
1322943
1322944
1322945
1322946
1322947
1322948
1322949
1322991
1322992
1322993
1322994
1322995
1322996
1322997
1322998
1322999
1324230
1324231
1324232
1324233
1324234
1324270
1324271
1324272
1324273
1324274
1324275
1324276
1324277
1324278
1324279
1324280
1324281
1324282
1324283
1324284
1324285
1324286
1324287
1324288
1324289
1324480
1324481
1324482
1324483
1324484
1324640
1324641
1324642
1324643
1324644
1324645
1324646
1324647
1324648
1324649
1324680
1324681
1324682
1324683
1324684
1324685
1324686
1324687
1324688
1324689
1324730
1324731
1324732
1324733
1324734
1324735
1324736
1324737
1324738
1324739
1324750
1324751
1324752
1324753
1324754
1324755
1324756
1324757
1324758
1324759
1324765
1324766
1324767
1324768
1324769
1324913
1324914
1324915
1324916
1324917
1324918
1324919
1324960
1324961
1324962
1324963
1324964
1324965
1324966
1324967
1324968
1324969
1324970
1324971
1324972
1324973
1324974
1324975
1324976
1324977
1324978
1324979
1325015
1325016
1325017
1325020
1325021
1325022
1325023
1325024
1325025
1325026
1325027
1325028
1325029
1325030
1325031
1325032
1325033
1325034
1325050
1325051
1325052
1325053
1325054
1325055
1325056
1325057
1325058
1325059
1325070
1325071
1325072
1325073
1325074
1325075
1325076
1325077
1325078
1325079
1326500
1326501
1326502
1326503
1326504
1326505
1326506
1326507
1326508
1326509
1326510
1326511
1326512
1326513
1326514
1326515
1326516
1326517
1326518
1326519
1326530
1326531
1326532
1326533
1326534
1326535
1326536
1326537
1326538
1326539
1326550
1326551
1326590
1326591
1326592
1326593
1326594
1326595
1326596
1326597
1326598
1326599
1326800
1326801
1326802
1326803
1326804
1326805
1326806
1326807
1326808
1326809
1326810
1326811
1326812
1326813
1326814
1326815
1326816
1326817
1326818
1326819
1326820
1326821
1326822
1326823
1326824
1326825
1326826
1326827
1326828
1326829
1326830
1326831
1326832
1326833
1326834
1326835
1326836
1326837
1326838
1326839
1328680
1328681
1328682
1328683
1328684
1328685
1328686
1328687
1328688
1328689
1328845
1328846
1328847
1328848
1328849
1328860
1328861
1328862
1328863
1328864
1328865
1328866
1328867
1328868
1328869
1328880
1328881
1328882
1328883
1328884
1910200
1910201
1910202
1910203
1910204
1910205
1910206
1910207
1910208
1910209
1910764
1912066
1912439
1912440
1912441
1912442
1912443
1912444
1912445
1912446
1912447
1912448
1912449
1912460
1912461
1912462
1912463
1912464
1912465
1912466
1912467
1912510
1912511
1912512
1912513
1912514
1912515
1912516
1912517
1912518
1912519
1912530
1912531
1912532
1912533
1912534
1912820
1912821
1912822
1912823
1912824
1912825
1912826
1912827
1912828
1912829
1912868
1912882
1912888
1912926
1915740
1915741
1915742
1915743
1915744
1915745
1915746
1915747
1915748
1919550
1919551
1919552
1919553
1919554
1919555
1919556
1919557
1919558
1919559
1700014
1700015
1700016
1700017
1700020
1700021
1700022
1700194
1700195
1700196
1700197
1700198
1700200
1700201
1700202
1700203
1700204
1700205
1700206
1700207
1700208
1700209
1700268
1700269
1700300
1700402
1700403
1700486
1700487
1700488
1700489
1700496
1700497
1700692
1700699
1700880
1700881
1700882
1700883
1700884
1701723
1701724
1701725
1701726
1701727
1701728
1701729
1701730
1701731
1701732
1701733
1701734
1701735
1701736
1701737
1701738
1701739
1701740
1701741
1701742
1702000
1702001
1702002
1702003
1702004
1702005
1702006
1702007
1702008
1702009
1702740
1702741
1702742
1702743
1702744
1702761
1702762
1702763
1702764
1702765
1702810
1702811
1702812
1702813
1702814
1702815
1702816
1702817
1702818
1702819
1705003
1705009
1705010
1705036
1705048
1705080
1705107
1705120
1705158
1705198
1705199
1705200
1705246
1705277
1705280
1705325
1705326
1705327
1705329
1705330
1705344
1705366
1705383
1705520
1705583
1705602
1705603
1705653
1705654
1705709
1705720
1705724
1705726
1705727
1705758
1705759
1705811
1705833
1705843
1705860
1705861
1705862
1705863
1705899
1706306
1706307
1706308
1706309
1706310
1706311
1706312
1706313
1706314
1706315
1706316
1706317
1706318
1706319
1706320
1706321
1706322
1706323
1706324
1706325
1706326
1706327
1706328
1706329
1706330
1706331
1706332
1706333
1706334
1706335
1706336
1706337
1706338
1706339
1706340
1706341
1706342
1706343
1706344
1706345
1706346
1706347
1706348
1706349
1706350
1706351
1706352
1706353
1706354
1706355
1706356
1706357
1706358
1706359
1706360
1706361
1706362
1706363
1706364
1706365
1706366
1706367
1706368
1706369
1706370
1706371
1706372
1706373
1706374
1706375
1706376
1706377
1706378
1706379
1706380
1706381
1706382
1706383
1706384
1706385
1707020
1707021
1707022
1707023
1707024
1707025
1707026
1707027
1707028
1707029
1707030
1707031
1707032
1707033
1707034
1707035
1707036
1707037
1707038
1707039
1707080
1707081
1707082
1707083
1707084
1707085
1707086
1707087
1707088
1707089
1707200
1707201
1707202
1707203
1707204
1707205
1707206
1707207
1707208
1707209
1707480
1707481
1707482
1707483
1707484
1707485
1707486
1707487
1707488
1707489
1707650
1707651
1707652
1707653
1707654
1707655
1707656
1707657
1707658
1707659
1707660
1707661
1707662
1707663
1707664
1707665
1707666
1707667
1707668
1707669
1707670
1707671
1707672
1707673
1707674
1707675
1707676
1707677
1707678
1707679
1707680
1707681
1707682
1707683
1707684
1707685
1707686
1707687
1707688
1707689
1709200
1709201
1709202
1709203
1709204
1709205
1709206
1709207
1709208
1709209
1709340
1709341
1709740
1709741
1709742
1709880
1709881
1709882
1709883
1709884
1709885
1709886
1709887
1709888
1709889
1709890
1709891
1709999
1470440
1470441
1470442
1470443
1470444
1470445
1470446
1470447
1470448
1470449
1470470
1470471
1470472
1470473
1470474
1470475
1470476
1470477
1470478
1470479
1470480
1470481
1470482
1470483
1470484
1470485
1470486
1470487
1470488
1470489
1470490
1470491
1470492
1470493
1470494
1470495
1470496
1470497
1470498
1470499
1470650
1470651
1470652
1470653
1470654
1470655
1470656
1470657
1470658
1470659
1470660
1470661
1470662
1470663
1470664
1470665
1470666
1470667
1470668
1470669
1470670
1470671
1470672
1470673
1470674
1470675
1470676
1470677
1470678
1470679
1470680
1470681
1470682
1470683
1470684
1470685
1470686
1470687
1470688
1470689
1470690
1470691
1470692
1470693
1470694
1470695
1470696
1470697
1470698
1470699
1470750
1470751
1470752
1470753
1470754
1470755
1470756
1470757
1470758
1470759
1470760
1470761
1470762
1470763
1470764
1470765
1470766
1470767
1470768
1470769
1471400
1471401
1471402
1471403
1471404
1471405
1471406
1471407
1471408
1471409
1471410
1471411
1471412
1471413
1471414
1471415
1471416
1471417
1471418
1471419
1471420
1471421
1471422
1471423
1471424
1471425
1471426
1471427
1471428
1471429
1471430
1471431
1471432
1471433
1471434
1471435
1471436
1471437
1471438
1471439
1471440
1471441
1471442
1471443
1471444
1471445
1471446
1471447
1471448
1471449
1471450
1471451
1471452
1471453
1471454
1471481
1471482
1471483
1471484
1471485
1471500
1471501
1471502
1471503
1471505
1471506
1471563
1471564
1471565
1471567
1471568
1471569
1471570
1471580
1471581
1471623
1471625
1471626
1471628
1471629
1471630
1471640
1471641
1471642
1471643
1471644
1471650
1471651
1471652
1471653
1471654
1471655
1471656
1471657
1471658
1471659
1471660
1471661
1471662
1471663
1471664
1471665
1471666
1471667
1471668
1471669
1471670
1471671
1471672
1471673
1471674
1471675
1471676
1471677
1471678
1471679
1471680
1471681
1471682
1471683
1471684
1471685
1471686
1471687
1471688
1471689
1471690
1471691
1471692
1471693
1471694
1471695
1471696
1471697
1471698
1471699
1473450
1473451
1473452
1473453
1473454
1473455
1473456
1473457
1473458
1473459
1473460
1473461
1473462
1473463
1473464
1473465
1473466
1473467
1473468
1473469
1473470
1473471
1473472
1473473
1473474
1473475
1473476
1473477
1473478
1473479
1473480
1473481
1473482
1473483
1473484
1473485
1473486
1473487
1473488
1473489
1473490
1473491
1473492
1473493
1473494
1473495
1473496
1473497
1473498
1473499
1473720
1473721
1473722
1473723
1473724
1473725
1473726
1473727
1473728
1473729
1473730
1473731
1473732
1473733
1473734
1473735
1473736
1473737
1473738
1473739
1473740
1473741
1473742
1473743
1473744
1473745
1473746
1473747
1473748
1473749
1473750
1473751
1473752
1473753
1473754
1473755
1473756
1473757
1473758
1473759
1473760
1473761
1473762
1473763
1473764
1473765
1473766
1473767
1473768
1473769
1473900
1473901
1473902
1473903
1473904
1473905
1473906
1473907
1473908
1473909
1473910
1473911
1473912
1473913
1473914
1473915
1473916
1473917
1473918
1473919
1473920
1473921
1473922
1473923
1473924
1473925
1473926
1473927
1473928
1473929
1473930
1473931
1473932
1473933
1473934
1473935
1473936
1473937
1473938
1473939
1473940
1473941
1473942
1473943
1473944
1473945
1473946
1473947
1473948
1473949
1473950
1473951
1473952
1473953
1473954
1473955
1473956
1473957
1473958
1473959
1473960
1473961
1473962
1473963
1473964
1473965
1473966
1473967
1473968
1473969
1473970
1473971
1473972
1473973
1473974
1473975
1473976
1473977
1473978
1473979
1473980
1473981
1473982
1473983
1473984
1473985
1473986
1473987
1473988
1473989
1473990
1473991
1473992
1473993
1473994
1473995
1473996
1473997
1473998
1473999
1474320
1474321
1474322
1474323
1474324
1474325
1474326
1474327
1474328
1474329
1474330
1474331
1474332
1474333
1474334
1474335
1474336
1474337
1474338
1474339
1474340
1474341
1474342
1474343
1474344
1474345
1474346
1474347
1474348
1474349
1474350
1474351
1474352
1474353
1474354
1474355
1474356
1474357
1474358
1474359
1474360
1474361
1474362
1474363
1474364
1474365
1474366
1474367
1474368
1474369
1474400
1474401
1474402
1474403
1474404
1474405
1474406
1474407
1474408
1474409
1474410
1474411
1474412
1474413
1474414
1474415
1474416
1474417
1474418
1474419
1474420
1474421
1474422
1474423
1474424
1474425
1474426
1474427
1474428
1474429
1474430
1474431
1474432
1474433
1474434
1474435
1474436
1474437
1474438
1474439
1474440
1474441
1474442
1474443
1474444
1474445
1474446
1474447
1474448
1474449
1474450
1474451
1474452
1474453
1474454
1474455
1474456
1474457
1474458
1474459
1474460
1474461
1474462
1474463
1474464
1474465
1474466
1474467
1474468
1474469
1474470
1474471
1474472
1474473
1474474
1474475
1474476
1474477
1474478
1474479
1474480
1474481
1474482
1474483
1474484
1474485
1474486
1474487
1474488
1474489
1474490
1474491
1474492
1474493
1474494
1474495
1474496
1474497
1474498
1474499
1474520
1474521
1474522
1474523
1474524
1474525
1474526
1474527
1474528
1474529
1474530
1474531
1474532
1474533
1474534
1474535
1474536
1474537
1474538
1474539
1474540
1474541
1474542
1474543
1474544
1474545
1474546
1474547
1474548
1474549
1474550
1474551
1474552
1474553
1474554
1474555
1474556
1474557
1474558
1474559
1474800
1474801
1474802
1474803
1474804
1474805
1474806
1474807
1474808
1474809
1474810
1474811
1474812
1474813
1474814
1474815
1474816
1474817
1474818
1474819
1474820
1474821
1474822
1474823
1474824
1474825
1474826
1474827
1474828
1474829
1474830
1474831
1474832
1474833
1474834
1474835
1474836
1474837
1474838
1474839
1474840
1474841
1474842
1474843
1474844
1474845
1474846
1474847
1474848
1474849
1474850
1474851
1474852
1474853
1474854
1474855
1474856
1474857
1474858
1474859
1474860
1474861
1474862
1474863
1474864
1474865
1474866
1474867
1474868
1474869
1474870
1474871
1474872
1474873
1474874
1474875
1474876
1474877
1474878
1474879
1474880
1474881
1474882
1474883
1474884
1474885
1474886
1474887
1474888
1474889
1474890
1474891
1474892
1474893
1474894
1474895
1474896
1474897
1474898
1474899
1474900
1474901
1474902
1474903
1474904
1474905
1474906
1474907
1474908
1474909
1474910
1474911
1474912
1474913
1474914
1474915
1474916
1474917
1474918
1474919
1474920
1474921
1474922
1474923
1474924
1474925
1474926
1474927
1474928
1474929
1474930
1474931
1474932
1474933
1474934
1474935
1474936
1474937
1474938
1474939
1474940
1474941
1474942
1474943
1474944
1474945
1474946
1474947
1474948
1474949
1474950
1474951
1474952
1474953
1474954
1474955
1474956
1474957
1474958
1474959
1474960
1474961
1474962
1474963
1474964
1474965
1474966
1474967
1474968
1474969
1474970
1474971
1474972
1474973
1474974
1474975
1474976
1474977
1474978
1474979
1474980
1474981
1474982
1474983
1474984
1474985
1474986
1474987
1474988
1474989
1474990
1474991
1474992
1474993
1474994
1474995
1474996
1474997
1474998
1474999
1475000
1475001
1475002
1475003
1475004
1475005
1475006
1475007
1475008
1475009
1475013
1475014
1475020
1475021
1475022
1475023
1475024
1475025
1475026
1475027
1475028
1475029
1475031
1475032
1475033
1475034
1475035
1475036
1475037
1475038
1475039
1475040
1475041
1475042
1475043
1475044
1475045
1475046
1475047
1475048
1475049
1475050
1475051
1475052
1475053
1475054
1475055
1475056
1475057
1475058
1475059
1475060
1475061
1475062
1475063
1475064
1475065
1475066
1475067
1475068
1475069
1475070
1475071
1475072
1475073
1475074
1475075
1475076
1475077
1475078
1475079
1475080
1475081
1475082
1475083
1475084
1475085
1475086
1475087
1475088
1475089
1475090
1475091
1475092
1475093
1475094
1475095
1475096
1475097
1475098
1475099
1475400
1475401
1475402
1475403
1475404
1475405
1475406
1475407
1475408
1475409
1475410
1475411
1475412
1475413
1475414
1475415
1475416
1475417
1475418
1475419
1475420
1475421
1475422
1475423
1475424
1475425
1475426
1475427
1475428
1475429
1475430
1475431
1475432
1475433
1475434
1475435
1475436
1475437
1475438
1475439
1475440
1475441
1475442
1475443
1475444
1475445
1475446
1475447
1475448
1475449
1475450
1475451
1475452
1475453
1475454
1475455
1475456
1475457
1475458
1475459
1475460
1475461
1475462
1475463
1475464
1475465
1475466
1475467
1475468
1475469
1475470
1475471
1475472
1475473
1475474
1475475
1475476
1475477
1475478
1475479
1475480
1475481
1475482
1475483
1475484
1475485
1475486
1475487
1475488
1475489
1475490
1475491
1475492
1475493
1475494
1475495
1475496
1475497
1475498
1475499
1475820
1475821
1475822
1475823
1475824
1475825
1475826
1475827
1475828
1475829
1475830
1475831
1475832
1475833
1475834
1475835
1475836
1475837
1475838
1475839
1475840
1475841
1475842
1475843
1475844
1475845
1475846
1475847
1475848
1475849
1475850
1475851
1475852
1475853
1475854
1475855
1475856
1475857
1475858
1475859
1475860
1475861
1475862
1475863
1475864
1475865
1475866
1475867
1475868
1475869
1475870
1475871
1475872
1475873
1475874
1475875
1475876
1475877
1475878
1475879
1475880
1475881
1475882
1475883
1475884
1475885
1475886
1475887
1475888
1475889
1475890
1475891
1475892
1475893
1475894
1475895
1475896
1475897
1475898
1475899
1476040
1476041
1476042
1476043
1476044
1476045
1476046
1476047
1476048
1476049
1476512
1476513
1476514
1476515
1476649
1476650
1476651
1476652
1476653
1476654
1476655
1476656
1476657
1476658
1476659
1476660
1476661
1476662
1476663
1476664
1476665
1476700
1476701
1476702
1476703
1476704
1476705
1476706
1476707
1476708
1476709
1476710
1476711
1476712
1476713
1476714
1476715
1476716
1476717
1476718
1476719
1476720
1476721
1476722
1476723
1476724
1476725
1476726
1476727
1476728
1476729
1476730
1476731
1476732
1476733
1476734
1476735
1476736
1476737
1476738
1476739
1476740
1476741
1476742
1476743
1476744
1476745
1476746
1476747
1476748
1476749
1476750
1476751
1476752
1476753
1476754
1476755
1476756
1476757
1476758
1476759
1476760
1476761
1476762
1476763
1476764
1476765
1476766
1476767
1476768
1476769
1476770
1476771
1476772
1476773
1476774
1476775
1476776
1476777
1476778
1476779
1476780
1476781
1476782
1476783
1476784
1476785
1476786
1476787
1476788
1476789
1476790
1476791
1476792
1476793
1476794
1476795
1476796
1476797
1476798
1476799
1476940
1476941
1476942
1476943
1476944
1476945
1476946
1476947
1476948
1476949
1476950
1476951
1476952
1476953
1476954
1476955
1476956
1476957
1476958
1476959
1477000
1477001
1477002
1477003
1477004
1477005
1477006
1477007
1477008
1477009
1477010
1477011
1477012
1477013
1477014
1477015
1477016
1477017
1477018
1477019
1477020
1477021
1477022
1477023
1477024
1477025
1477026
1477027
1477028
1477029
1477030
1477031
1477032
1477033
1477034
1477035
1477036
1477037
1477038
1477039
1477040
1477041
1477042
1477043
1477044
1477045
1477046
1477047
1477048
1477049
1477050
1477051
1477052
1477053
1477054
1477055
1477056
1477057
1477058
1477059
1477060
1477061
1477062
1477063
1477064
1477065
1477066
1477067
1477068
1477069
1477110
1477111
1477112
1477113
1477114
1477115
1477116
1477117
1477118
1477119
1477120
1477121
1477122
1477123
1477124
1477125
1477126
1477127
1477128
1477129
1477130
1477131
1477132
1477133
1477134
1477135
1477136
1477137
1477138
1477139
1477140
1477141
1477142
1477143
1477144
1477145
1477146
1477147
1477148
1477149
1477150
1477151
1477152
1477153
1477154
1477155
1477156
1477157
1477158
1477159
1477400
1477401
1477402
1477403
1477404
1477405
1477406
1477407
1477408
1477409
1477410
1477411
1477412
1477413
1477414
1477415
1477416
1477417
1477418
1477419
1477420
1477421
1477422
1477423
1477424
1477425
1477426
1477427
1477428
1477429
1477430
1477431
1477432
1477433
1477434
1477435
1477436
1477437
1477438
1477439
1477440
1477441
1477442
1477443
1477444
1477445
1477446
1477447
1477448
1477449
1477450
1477451
1477452
1477453
1477454
1477455
1477456
1477457
1477458
1477459
1477460
1477461
1477462
1477463
1477464
1477465
1477466
1477467
1477468
1477469
1477470
1477471
1477472
1477473
1477474
1477475
1477476
1477477
1477478
1477479
1477480
1477481
1477482
1477483
1477484
1477485
1477486
1477487
1477488
1477489
1477490
1477491
1477492
1477493
1477494
1477495
1477496
1477497
1477498
1477499
1477500
1477501
1477502
1477503
1477504
1477505
1477506
1477507
1477508
1477509
1477510
1477511
1477512
1477513
1477514
1477515
1477516
1477517
1477518
1477519
1477520
1477521
1477522
1477523
1477524
1477525
1477526
1477527
1477528
1477529
1477530
1477531
1477532
1477533
1477534
1477535
1477536
1477537
1477538
1477539
1477550
1477551
1477552
1477553
1477554
1477555
1477556
1477557
1477558
1477559
1477560
1477561
1477562
1477563
1477564
1477565
1477566
1477567
1477568
1477569
1477570
1477571
1477572
1477573
1477574
1477575
1477576
1477577
1477578
1477579
1477580
1477581
1477582
1477583
1477584
1477585
1477586
1477587
1477588
1477589
1477590
1477591
1477592
1477593
1477594
1477595
1477596
1477597
1477598
1477599
1477600
1477601
1477602
1477603
1477604
1477605
1477606
1477607
1477608
1477609
1477610
1477611
1477612
1477613
1477614
1477615
1477616
1477617
1477618
1477619
1477620
1477621
1477630
1477631
1477632
1477633
1477634
1477635
1477636
1477637
1477638
1477639
1477640
1477641
1477642
1477643
1477644
1477645
1477646
1477647
1477648
1477649
1477650
1477651
1477652
1477653
1477654
1477655
1477656
1477657
1477658
1477659
1477660
1477661
1477662
1477663
1477664
1477665
1477666
1477667
1477668
1477669
1477670
1477671
1477672
1477673
1477674
1477675
1477676
1477677
1477678
1477679
1477680
1477681
1477682
1477683
1477684
1477685
1477686
1477687
1477688
1477689
1477690
1477691
1477692
1477693
1477694
1477695
1477696
1477697
1477698
1477699
1477790
1477791
1477792
1477793
1477794
1477795
1477796
1477797
1477798
1477799
1477817
1477819
1477832
1477838
1477842
1477845
1477846
1477856
1477875
1477877
1477881
1477900
1477901
1477902
1477903
1477904
1477905
1477906
1477907
1477908
1477909
1477920
1477921
1477922
1477923
1477924
1477925
1477926
1477927
1477928
1477929
1477930
1477931
1477932
1477933
1477934
1477935
1477936
1477937
1477938
1477939
1477940
1477941
1477942
1477943
1477944
1477945
1477946
1477947
1477948
1477949
1478440
1478441
1478442
1478443
1478444
1478445
1478446
1478447
1478448
1478449
1478480
1478481
1478482
1478483
1478484
1478485
1478486
1478487
1478488
1478489
1478490
1478491
1478492
1478493
1478494
1478495
1478496
1478497
1478498
1478499
1479400
1479401
1479402
1479403
1479404
1479405
1479406
1479407
1479408
1479409
1479410
1479411
1479412
1479413
1479414
1479415
1479416
1479417
1479418
1479419
1479420
1479421
1479422
1479423
1479424
1479425
1479426
1479427
1479428
1479429
1370249
1371000
1371001
1371002
1371003
1371004
1371005
1371006
1371007
1371008
1371009
1371010
1371011
1371012
1371013
1371014
1371015
1371016
1371017
1371018
1371019
1371020
1371021
1371022
1371023
1371024
1371025
1371026
1371027
1371028
1371029
1371030
1371031
1371032
1371033
1371034
1371035
1371036
1371037
1371038
1371039
1371040
1371041
1371042
1371043
1371044
1371045
1371046
1371047
1371048
1371049
1371050
1371051
1371052
1371053
1371054
1371055
1371056
1371057
1371058
1371059
1371060
1371061
1371062
1371063
1371064
1371065
1371066
1371067
1371068
1371069
1371070
1371071
1371072
1371073
1371074
1371075
1371076
1371077
1371078
1371079
1371080
1371081
1371082
1371083
1371084
1371085
1371086
1371087
1371088
1371089
1371090
1371091
1371092
1371093
1371094
1371095
1371096
1371097
1371098
1371099
1371100
1371101
1371102
1371103
1371104
1371105
1371106
1371107
1371108
1371109
1371110
1371111
1371112
1371113
1371114
1371115
1371116
1371117
1371118
1371119
1371120
1371121
1371122
1371123
1371124
1371125
1371126
1371127
1371128
1371129
1371130
1371131
1371132
1371133
1371134
1371135
1371136
1371137
1371138
1371139
1371140
1371141
1371142
1371143
1371144
1371145
1371146
1371147
1371148
1371149
1371150
1371151
1371152
1371153
1371154
1371155
1371156
1371157
1371158
1371159
1371160
1371161
1371162
1371163
1371164
1371165
1371166
1371167
1371168
1371169
1371170
1371171
1371172
1371173
1371174
1371175
1371176
1371177
1371178
1371179
1371900
1371901
1371902
1371903
1371904
1371905
1371906
1371907
1371908
1371909
1371910
1371911
1371912
1371913
1371914
1371915
1371916
1371917
1371918
1371919
1371920
1371921
1371922
1371923
1371924
1371925
1371926
1371927
1371928
1371929
1371930
1371931
1371932
1371933
1371934
1371935
1371936
1371937
1371938
1371939
1371940
1371941
1371942
1371943
1371944
1371945
1371946
1371947
1371948
1371949
1372400
1372401
1372402
1372403
1372404
1372405
1372406
1372407
1372408
1372409
1372410
1372411
1372412
1372413
1372414
1372415
1372416
1372417
1372418
1372419
1372480
1372481
1372482
1372483
1372484
1372485
1372486
1372487
1372488
1372489
1372510
1372511
1372512
1372513
1372514
1372515
1372516
1372517
1372518
1372519
1372520
1372521
1372522
1372523
1372524
1372525
1372526
1372527
1372528
1372529
1372530
1372531
1372532
1372533
1372534
1372535
1372536
1372537
1372538
1372539
1372540
1372541
1372542
1372543
1372544
1372545
1372546
1372547
1372548
1372549
1372670
1372671
1372672
1372673
1372674
1372675
1372676
1372677
1372678
1372679
1372680
1372681
1372682
1372683
1372684
1372685
1372686
1372687
1372688
1372689
1372800
1372801
1372802
1372803
1372804
1372805
1372806
1372807
1372808
1372809
1372980
1372981
1372982
1372983
1372984
1372985
1372986
1372987
1372988
1372989
1374021
1374022
1374023
1374024
1374025
1374026
1374027
1374028
1374029
1374124
1374212
1374213
1374214
1374215
1374216
1374217
1374218
1374219
1375170
1375171
1375172
1375173
1375174
1375175
1375176
1375177
1375178
1375179
1375180
1375181
1375182
1375183
1375184
1375185
1375186
1375187
1375188
1375189
1376060
1376061
1376062
1376063
1376064
1376065
1376066
1376067
1376068
1376069
1376070
1376071
1376072
1376073
1376074
1376075
1376076
1376077
1376078
1376079
1376080
1376081
1376082
1376083
1376084
1376085
1376086
1376087
1376088
1376089
1376330
1376331
1376332
1376333
1376334
1376335
1376336
1376337
1376338
1376339
1379430
1379431
1379432
1379433
1379434
1379435
1379436
1379437
1379438
1379439
1379440
1379441
1379442
1379443
1379444
1379800
1379801
1379802
1379803
1379804
1379805
1379806
1379807
1379808
1379809
1379810
1379811
1379812
1379813
1379814
1379815
1379816
1379817
1379818
1379819
1750200
1750201
1750202
1750203
1750204
1750205
1750206
1750207
1750208
1750209
1750764
1751280
1751281
1751282
1751283
1751284
1751285
1751286
1751287
1751288
1751289
1751290
1751291
1751292
1751293
1751294
1751295
1751296
1751297
1751298
1751299
1752000
1752001
1752002
1752003
1752004
1752005
1752006
1752007
1752008
1752009
1752040
1752041
1752042
1752043
1752044
1752069
1752070
1752071
1752072
1752073
1752074
1752075
1752076
1752077
1752078
1752079
1752080
1752081
1752082
1752083
1752084
1752085
1752086
1752087
1752088
1752089
1752090
1752091
1752092
1752093
1752094
1752095
1752096
1752097
1752098
1752099
1756510
1756511
1756512
1756513
1756514
1756515
1756516
1756517
1756518
1756519
1756520
1756523
1756530
1756540
1756541
1756542
1756543
1756544
1756545
1756546
1756547
1756548
1756549
1756550
1756551
1756552
1756553
1756554
1756555
1756556
1756557
1756558
1756559
1756560
1756561
1756562
1756563
1756564
1756565
1756566
1756567
1756568
1756569
1756570
1756572
1756580
1756584
1756590
1756599
1756600
1756610
1756611
1756612
1756613
1756614
1756615
1756616
1756617
1756618
1756619
1756622
1756625
1756626
1756627
1756628
1756629
1756630
1756631
1756632
1756633
1756634
1756635
1756636
1756637
1756638
1756639
1757500
1757501
1757502
1757503
1757504
1757505
1757506
1757507
1757508
1757509
1757510
1757512
1757513
1757514
1757515
1757516
1757517
1757518
1757519
1757520
1757522
1757523
1757524
1757525
1757526
1757529
1757530
1757531
1757532
1757534
1757537
1757539
1757540
1757541
1757542
1757543
1757544
1757545
1757546
1757548
1757549
1757550
1757552
1757553
1757554
1757555
1757557
1757558
1757559
1757560
1757564
1757565
1757566
1757567
1757568
1757569
1757570
1757571
1757572
1757573
1757574
1757575
1757576
1757577
1757578
1757579
1757580
1757581
1757582
1757583
1757584
1757585
1757586
1757587
1757588
1757589
1757590
1757591
1757592
1757593
1757594
1757595
1757596
1757597
1757598
1757599
1757600
1757601
1757602
1757603
1757604
1757605
1757606
1757607
1757608
1757609
1757610
1757611
1757612
1757613
1757614
1757615
1757616
1757617
1757618
1757619
1757620
1757621
1757622
1757623
1757624
1757625
1757626
1757627
1757628
1757629
1757630
1757631
1757632
1757633
1757634
1757635
1757636
1757637
1757638
1757639
1757640
1757641
1757642
1757643
1757644
1757645
1757646
1757647
1757648
1757649
1757650
1757651
1757652
1757653
1757654
1757655
1757656
1757657
1757658
1757659
1880200
1880201
1880202
1880203
1880204
1880205
1880206
1880207
1880208
1880209
1881184
1881322
1881329
1881333
1881375
1881396
1881399
1881409
1881410
1881411
1881412
1881413
1881414
1881437
1881678
1881679
1881680
1881683
1881689
1881839
1881840
1881841
1881880
1881881
1881882
1881883
1881884
1881885
1881886
1881887
1881888
1881889
1881890
1881891
1881912
1881913
1881914
1881915
1881916
1881917
1881918
1881919
1881920
1881921
1881922
1881923
1881924
1881925
1881926
1881927
1881928
1881929
1881930
1881931
1881932
1881933
1881934
1881935
1881936
1881937
1881938
1881939
1881940
1881941
1881942
1881943
1881944
1881945
1881946
1881947
1881948
1881949
1881980
1881981
1881982
1882000
1882001
1882002
1882003
1882004
1882005
1882006
1882007
1882008
1882009
1882010
1882011
1882012
1882013
1882014
1882040
1882041
1882042
1882076
1882077
1882078
1882079
1882080
1882410
1882411
1882412
1882413
1882414
1882415
1882416
1882417
1882418
1882419
1882470
1882471
1882490
1882491
1882492
1882503
1882504
1882505
1882506
1882507
1882508
1882509
1882510
1882511
1882512
1882513
1882514
1882515
1882516
1882517
1882518
1882519
1882605
1882606
1882607
1882608
1882609
1882610
1882611
1882612
1882613
1882614
1882622
1882623
1882624
1882625
1882626
1882627
1882628
1882629
1882640
1882641
1882642
1882643
1882644
1882645
1882646
1882647
1882648
1882649
1882999
1889832
1889840
1889841
1889842
1889843
1889844
1889845
1889846
1889847
1889849
1889853
1889854
1889857
1889860
1889863
1889864
1889869
1889881
1889882
1889888
1889973
1889975
1520200
1520201
1520202
1520203
1520204
1520205
1520206
1520207
1520208
1520209
1521719
1521720
1521721
1521722
1521730
1521731
1521732
1521733
1521734
1521744
1521745
1521746
1521747
1521760
1521761
1521762
1521763
1521768
1521769
1521770
1521771
1521792
1521793
1521794
1521795
1521880
1521881
1521882
1521883
1521884
1521885
1521886
1521887
1521888
1521889
1522000
1522001
1522002
1522003
1522004
1810020
1810021
1810022
1810220
1810221
1810222
1810223
1810224
1810225
1810226
1810227
1810228
1810229
1810250
1810251
1810252
1810253
1810254
1810255
1810256
1810257
1810258
1810259
1810260
1810261
1810262
1810263
1810264
1810265
1810266
1810267
1810268
1810269
1810270
1810271
1810272
1810273
1810274
1810275
1810276
1810277
1810278
1810279
1810280
1810281
1810282
1810283
1810284
1812200
1812201
1812202
1812203
1812204
1812210
1812211
1812212
1812213
1812214
1812215
1812216
1812217
1812218
1812219
1812220
1812221
1812222
1812223
1812224
1812225
1812226
1812227
1812228
1812229
1812230
1812231
1812232
1812233
1812234
1812235
1812236
1812237
1812238
1812239
1812240
1812241
1812242
1812243
1812244
1812245
1812246
1812247
1812248
1812249
1812270
1812271
1812272
1812273
1812274
1812275
1812276
1812277
1812278
1812279
1812420
1812421
1812422
1812423
1812424
1812425
1812426
1812427
1812428
1812429
1812490
1812491
1812492
1812493
1812494
1812670
1812671
1812672
1812673
1812674
1812675
1812676
1812677
1812678
1812679
1812680
1812681
1812682
1812683
1812684
1812685
1812686
1812687
1812688
1812689
1812740
1812741
1812742
1812743
1812744
1812780
1812781
1812782
1812783
1812784
1812785
1812786
1812787
1812788
1812789
1812790
1812791
1812792
1812793
1812794
1812795
1812796
1812797
1812798
1812799
1813870
1813871
1813872
1813873
1813874
1813875
1813876
1813877
1813878
1813879
1814280
1814281
1814282
1814283
1814284
1814285
1814286
1814287
1814288
1814289
1814480
1814481
1814482
1814483
1814484
1814485
1814486
1814487
1814488
1814489
1814570
1814571
1814572
1814573
1814574
1814575
1814576
1814860
1814861
1814862
1814863
1814864
1814870
1814871
1814872
1814873
1814874
1814875
1814876
1814877
1814878
1814879
1814890
1814891
1814892
1814893
1814894
1814895
1814896
1814897
1814898
1814899
1818880
1818884
1818888
1819885
1819886
1819887
1819888
1819889
1819890
1819891
1819892
1819893
1819894
1819895
1819896
1819897
1819899
1671761
1671762
1671764
1671765
1671766
1671767
1671940
1671941
1671942
1671943
1671944
1671945
1671946
1671947
1671948
1671949
1672761
1672762
1672764
1672765
1672766
1673755
1673767
1674033
1674034
1674035
1674036
1674037
1390007
1390020
1390023
1390024
1390025
1390026
1390030
1390220
1390221
1390222
1390223
1390224
1390225
1390226
1390227
1390228
1390229
1390230
1390232
1390233
1390238
1390239
1390240
1390249
1390300
1390301
1390305
1390306
1390307
1392210
1392211
1392212
1392213
1392214
1392215
1392216
1392217
1392218
1392219
1392220
1392221
1392222
1392223
1392224
1392225
1392226
1392227
1392228
1392229
1392230
1392231
1392232
1392233
1392234
1392235
1392236
1392237
1392238
1392239
1392240
1392241
1392242
1392243
1392244
1392245
1392246
1392247
1392248
1392249
1392270
1392271
1392272
1392273
1392274
1392275
1392276
1392277
1392278
1392279
1392309
1392400
1392401
1392402
1392403
1392404
1392405
1392406
1392407
1392408
1392409
1392410
1392411
1392412
1392413
1392414
1392415
1392416
1392417
1392418
1392419
1392420
1392421
1392422
1392423
1392424
1392425
1392426
1392427
1392428
1392429
1392430
1392431
1392432
1392500
1392501
1392502
1392503
1392504
1392505
1392506
1392507
1392508
1392509
1392510
1392511
1392512
1392513
1392514
1392515
1392516
1392517
1392518
1392519
1392600
1392601
1392602
1392603
1392604
1392605
1392606
1392607
1392608
1392609
1392610
1392611
1392612
1392613
1392614
1392615
1392616
1392617
1392618
1392619
1392620
1392621
1392622
1392623
1392624
1392625
1392626
1392627
1392628
1392629
1392640
1392641
1392642
1392643
1392644
1392645
1392646
1392647
1392648
1392649
1392870
1392871
1392872
1392873
1392874
1392875
1392876
1392877
1392878
1392879
1392880
1392881
1392882
1392883
1392884
1392885
1392886
1392887
1392888
1392889
1392890
1392891
1392892
1392893
1392894
1392895
1392896
1392897
1392898
1392899
1392950
1392951
1392952
1392953
1392954
1392955
1392956
1392957
1392958
1392959
1491100
1491101
1491102
1491103
1491104
1491105
1491106
1491107
1491108
1491109
1491110
1491111
1491112
1491113
1491114
1491115
1491116
1491117
1491118
1491119
1552100
1552101
1552102
1552103
1552104
1552105
1552106
1552107
1552108
1552109
1552110
1552111
1552112
1552113
1552114
1552115
1552116
1552117
1552118
1552119
1552120
1552121
1552122
1552123
1552124
1552125
1552126
1552127
1552128
1552129
1552130
1552131
1552132
1552133
1552134
1552135
1552136
1552137
1552138
1552139
1552140
1552141
1552142
1552143
1552144
1552145
1552146
1552147
1552148
1552149
1552150
1552160
1552161
1552162
1552163
1552164
1552165
1552166
1552167
1552168
1552170
1552179
1552180
1552187
1552189
1552190
1552191
1552196
1552198
1552199
1860200
1860201
1860202
1860203
1860204
1860205
1860206
1860207
1861300
1861301
1861302
1861303
1861304
1861305
1861306
1861307
1861308
1861309
1861310
1861311
1861312
1861313
1861314
1861315
1861316
1861317
1861318
1861319
1861730
1861731
1861732
1861733
1861734
1861735
1861736
1861737
1861738
1861739
1862000
1862001
1862002
1862003
1862004
1862005
1862006
1862007
1862008
1862009
1862010
1862011
1862012
1862013
1862014
1862015
1862016
1862017
1862018
1862019
1862020
1862021
1862022
1862023
1862024
1862025
1862026
1862027
1862028
1862029
1862040
1862041
1862042
1862043
1862044
1862045
1862046
1862047
1862048
1862049
1862050
1862051
1862052
1862053
1862054
1862055
1862056
1862057
1862058
1862059
1862060
1862061
1862062
1862063
1862064
1862065
1862066
1862067
1862068
1862069
1862070
1862071
1862072
1862073
1862074
1862075
1862076
1862077
1862078
1862079
1862080
1862081
1862082
1862083
1862084
1862085
1862086
1862087
1862088
1862089
1862090
1862091
1862092
1862093
1862094
1862095
1862096
1862097
1862098
1862099
1866450
1866451
1866454
1866460
1866461
1866462
1866463
1866464
1866465
1866466
1866467
1866468
1866469
1866470
1866471
1866472
1866473
1866474
1866475
1866476
1866477
1866478
1866479
1866480
1866481
1866482
1866483
1866484
1866485
1866486
1866487
1866488
1866489
1866500
1866501
1866502
1866503
1866504
1866505
1866506
1866507
1866508
1866509
1866555
1866556
1866557
1866558
1866559
1866560
1866561
1866562
1866563
1866564
1866565
1866566
1866567
1866568
1866569
1866570
1866571
1866572
1866573
1866574
1866600
1866601
1866602
1866607
1866608
1866609
1866627
1866662
1867582
1867583
1867584
1867585
1867586
1867587
1867588
1867589
1867594
1867595
1867596
1867597
1867688
1868020
1868021
1868022
1868023
1868024
1868025
1868026
1868027
1868028
1868029
1868044
1868045
1868046
1868047
1868048
1868049
1868050
1868051
1868052
1868053
1868054
1868055
1868056
1868057
1868058
1868820
1868838
1868839
1868840
1868841
1868842
1868843
1868844
1868845
1868846
1868847
1868848
1868849
1868884
1868885
1868886
1868887
1868888
1868889
1868890
1868941
1868942
1868943
1868944
1930306
1936688
1939688
1300040
1300041
1300042
1300043
1300044
1300050
1300051
1300052
1300053
1300054
1300055
1300056
1300057
1300058
1300059
1300060
1300062
1300063
1300064
1300066
1300068
1300070
1300072
1300073
1300074
1300075
1300076
1300077
1300078
1300079
1300080
1300081
1300082
1300083
1300084
1300085
1300086
1300088
1300089
1300200
1300201
1300202
1300203
1300204
1300205
1300206
1300207
1300208
1300209
1300510
1300511
1300512
1300513
1300514
1300515
1300516
1300517
1300518
1300519
1300686
1300687
1300688
1300689
1301020
1301051
1301066
1301600
1301601
1301602
1301603
1301604
1301605
1301606
1301607
1301608
1301609
1302200
1302201
1302202
1302203
1302204
1302205
1302206
1302207
1302208
1302209
1302510
1302511
1302512
1302513
1302514
1302515
1302516
1302517
1302518
1302519
1302686
1302687
1302688
1302689
1304200
1304201
1304202
1304203
1304204
1304205
1304206
1304207
1304208
1304209
1304420
1304421
1304422
1304423
1304424
1304425
1304426
1304427
1304428
1304429
1304800
1304801
1304802
1304803
1304804
1304805
1304806
1304807
1304808
1304809
1304962
1304963
1304964
1304965
1304966
1304967
1304968
1304969
1305440
1305441
1305442
1305443
1305444
1305445
1305446
1305447
1305448
1305449
1305840
1305841
1305842
1305843
1305910
1305911
1305912
1305913
1305914
1305915
1305916
1305917
1305918
1305919
1306060
1306061
1306062
1306063
1306064
1306065
1306066
1306067
1306068
1306069
1306080
1306081
1306082
1306083
1306084
1306085
1306086
1306087
1306088
1306089
1306090
1306091
1306092
1306093
1306094
1306095
1306096
1306097
1306098
1306099
1306630
1306631
1306632
1306633
1306634
1306635
1306636
1306637
1306638
1306639
1306880
1306881
1306882
1306883
1306884
1306885
1306886
1306887
1306888
1306889
1307020
1307021
1307022
1307023
1307024
1307025
1307026
1307027
1307028
1307029
1307300
1307301
1307302
1307303
1307304
1307305
1307306
1307307
1307308
1307309
1307670
1307671
1307672
1307673
1307674
1307675
1307676
1307677
1307678
1307679
1307680
1307681
1307682
1307683
1307684
1307685
1307686
1307687
1307688
1307689
1307880
1307881
1307882
1307883
1307884
1307885
1307886
1307887
1307888
1307889
1726000
1726414
1726416
1726611
1726618
1726641
1726666
1726668
1726674
1726684
1727514
1727666
1727775
1727853
1727856
1727857
1727858
1727859
1727860
1727861
1727862
1727863
1727865
1727867
1727868
1727869
1727872
1727879
1728811
1728827
1728834
1728837
1728844
1728847
1728848
1728855
1728860
1728861
1728862
1350000
1350001
1350002
1350003
1350022
1350147
1350148
1350150
1350151
1350152
1350153
1350154
1350224
1350240
1350241
1350244
1350245
1350246
1350300
1350301
1350302
1350303
1350304
1350305
1350306
1350307
1350308
1350309
1350928
1350929
1350994
1351270
1351271
1351272
1351273
1351274
1351275
1351276
1351277
1351278
1351279
1352760
1352761
1352762
1352763
1352764
1352765
1352766
1352767
1352768
1352769
1352770
1352771
1352772
1352773
1352774
1352775
1352776
1352777
1352778
1352779
1352780
1352781
1352782
1352783
1352784
1352785
1352786
1352787
1352788
1352789
1353300
1353301
1353302
1353303
1353304
1353305
1353306
1353307
1353308
1353309
1353310
1353311
1353312
1353313
1353314
1353315
1353316
1353317
1353318
1353319
1353320
1353321
1353322
1353323
1353324
1353325
1353326
1353327
1353328
1353329
1353330
1353331
1353332
1353333
1353334
1353335
1353336
1353337
1353338
1353339
1353340
1353341
1353342
1353343
1353344
1353345
1353346
1353347
1353348
1353349
1353350
1353351
1353352
1353353
1353354
1353355
1353356
1353357
1353358
1353359
1353360
1353361
1353362
1353363
1353364
1353365
1353366
1353367
1353368
1353369
1353370
1353371
1353372
1353373
1353374
1353375
1353376
1353377
1353378
1353379
1353380
1353381
1353382
1353383
1353384
1353385
1353386
1353387
1353388
1353389
1353390
1353391
1353392
1353393
1353394
1353395
1353396
1353397
1353398
1353399
1353500
1353501
1353502
1353503
1353504
1353505
1353506
1353507
1353508
1353509
1353510
1353511
1353512
1353513
1353514
1353515
1353516
1353517
1353518
1353519
1353520
1353521
1353522
1353523
1353524
1353525
1353526
1353527
1353528
1353529
1353530
1353531
1353532
1353533
1353534
1353535
1353536
1353537
1353538
1353539
1353540
1353541
1353542
1353543
1353544
1353545
1353546
1353547
1353548
1353549
1353550
1353551
1353552
1353553
1353554
1353555
1353556
1353557
1353558
1353559
1353870
1353871
1353872
1353873
1353874
1353875
1353876
1353877
1353878
1353879
1353880
1353881
1353882
1353883
1353884
1353885
1353886
1353887
1353888
1353889
1353890
1353891
1353892
1353893
1353894
1353895
1353896
1353897
1353898
1353899
1353940
1353941
1353942
1353943
1353944
1353945
1353946
1353947
1353948
1353949
1353970
1353971
1353972
1353973
1353974
1353975
1353976
1353977
1353978
1353979
1353980
1353981
1353982
1353983
1353984
1353985
1353986
1353987
1353988
1353989
1353990
1353991
1353992
1353993
1353994
1353995
1353996
1353997
1353998
1353999
1354340
1354341
1354342
1354343
1354344
1354345
1354346
1354347
1354348
1354349
1354430
1354431
1354432
1354433
1354434
1354435
1354436
1354437
1354438
1354439
1354440
1354441
1354442
1354443
1354444
1354445
1354446
1354447
1354448
1354449
1354450
1354451
1354452
1354453
1354454
1354455
1354456
1354457
1354458
1354459
1355600
1355601
1355602
1355603
1355604
1355605
1355606
1355607
1355608
1355609
1355610
1355611
1355612
1355613
1355614
1355615
1355616
1355617
1355618
1355619
1356000
1356001
1356002
1356003
1356004
1356005
1356006
1356007
1356008
1356009
1356010
1356011
1356012
1356013
1356014
1356015
1356016
1356017
1356018
1356019
1356020
1356021
1356022
1356023
1356024
1356025
1356026
1356027
1356028
1356029
1356030
1356031
1356032
1356033
1356034
1356035
1356036
1356037
1356038
1356039
1356040
1356041
1356042
1356043
1356044
1356045
1356046
1356047
1356048
1356049
1357000
1357001
1357002
1357003
1357004
1357005
1357006
1357007
1357008
1357009
1357010
1357011
1357012
1357013
1357014
1357015
1357016
1357017
1357018
1357019
1357020
1357021
1357022
1357023
1357024
1357025
1357026
1357027
1357028
1357029
1357030
1357031
1357032
1357033
1357034
1357035
1357036
1357037
1357038
1357039
1357040
1357041
1357042
1357043
1357044
1357045
1357046
1357047
1357048
1357049
1357050
1357051
1357052
1357053
1357054
1357055
1357056
1357057
1357058
1357059
1357070
1357071
1357072
1357073
1357074
1357090
1357091
1357092
1357093
1357094
1357095
1357096
1357097
1357098
1357099
1358030
1358031
1358032
1358033
1358034
1358035
1358036
1358037
1358038
1358039
1358040
1358041
1358042
1358043
1358044
1358045
1358046
1358047
1358048
1358049
1358050
1358051
1358052
1358053
1358054
1358055
1358056
1358057
1358058
1358059
1452900
1452901
1452902
1452903
1452904
1452905
1452906
1452907
1452908
1452909
1452910
1452911
1452912
1452913
1452914
1452915
1452916
1453900
1453901
1453902
1453903
1453904
1453905
1453906
1453907
1453908
1453909
1453910
1453911
1453912
1453913
1453950
1453951
1453952
1453953
1453954
1453955
1453956
1453957
1453958
1453959
1453960
1453961
1453962
1453963
1453964
1453965
1453966
1453967
1453990
1453991
1453992
1453993
1453994
1453995
1453996
1453997
1453998
1453999
1454660
1454661
1454662
1454680
1454681
1454682
1454690
1454691
1454805
1454810
1454811
1454812
1454813
1454814
1454830
1454831
1454832
1454833
1454834
1454840
1454841
1454842
1454843
1454844
1454845
1454846
1455500
1455501
1455502
1455503
1455504
1455505
1455506
1455507
1455508
1455509
1455510
1455511
1455512
1455513
1455514
1455515
1455516
1455517
1455518
1455519
1455520
1455521
1455522
1455523
1455524
1455525
1455526
1455527
1455528
1455529
1455530
1455531
1455532
1455533
1455534
1455535
1455536
1455537
1455538
1455539
1455540
1455541
1455542
1455543
1455544
1455545
1455546
1455547
1455548
1455549
1455550
1455551
1455552
1455553
1455554
1455555
1455556
1455557
1455558
1455559
1455560
1455561
1455562
1455563
1455564
1455565
1455566
1455567
1455568
1455569
1455570
1455571
1455572
1455573
1455574
1455575
1455576
1455577
1455578
1455579
1455580
1455581
1455582
1455583
1455584
1455585
1455586
1455587
1455588
1455589
1455590
1455591
1455592
1455593
1455594
1455595
1455596
1455597
1455598
1455599
1455600
1455601
1455602
1455603
1455604
1455605
1455606
1455607
1455608
1455609
1455610
1455611
1455612
1455613
1455614
1455615
1455616
1455617
1455618
1455619
1455620
1455621
1455622
1455623
1455624
1455625
1455626
1455627
1455628
1455629
1455630
1455631
1455632
1455633
1455634
1455635
1455636
1455637
1455638
1455639
1455640
1455641
1455642
1455643
1455644
1455645
1455646
1455647
1455648
1455649
1455650
1455651
1455652
1455653
1455654
1455655
1455656
1455657
1455658
1455659
1455660
1455661
1455662
1455663
1455664
1455665
1455666
1455667
1455668
1455669
1455670
1455671
1455672
1455673
1455674
1455675
1455676
1455677
1455678
1455679
1455680
1455681
1455682
1455683
1455684
1455685
1455686
1455687
1455688
1455689
1455690
1455691
1455692
1455693
1455694
1455695
1455696
1455697
1455698
1455699
1455760
1455761
1455762
1455763
1455764
1455765
1455766
1455767
1455768
1455769
1457030
1457031
1457032
1457033
1457034
1457400
1457401
1457402
1457403
1457404
1457405
1457406
1457407
1457408
1457410
1457411
1457412
1457413
1457414
1457415
1457416
1457417
1457418
1457419
1457420
1457421
1457422
1457423
1457424
1457425
1457426
1457427
1457670
1457671
1457672
1457673
1457674
1457675
1457676
1457677
1457678
1457679
1457680
1457681
1457682
1457683
1457684
1457685
1457686
1457687
1457688
1457689
1457690
1457691
1457692
1457693
1457694
1457695
1457696
1457697
1457698
1457699
1457770
1457771
1457772
1457773
1457774
1457775
1457776
1457777
1457778
1457779
1457780
1457781
1457782
1457783
1457870
1457871
1457872
1457873
1457874
1457875
1457876
1457877
1457878
1457879
1457880
1457881
1457882
1457883
1457884
1457885
1457886
1457887
1457888
1457889
1457890
1457891
1457892
1457893
1457894
1457895
1457896
1457897
1457898
1457899
1457990
1457991
1457992
1457993
1457994
1457995
1457996
1457997
1457998
1457999
1458700
1458701
1458702
1458703
1458704
1458705
1458706
1458707
1458708
1458709
1458710
1458711
1458712
1458713
1458714
1458715
1458716
1458717
1458718
1458719
1458720
1458721
1458722
1458723
1458724
1458725
1458726
1458727
1458728
1458729
1458730
1458732
1458733
1458734
1458735
1458736
1458737
1458738
1458739
1458740
1458741
1458742
1458743
1458744
1458745
1458746
1458747
1458748
1458749
1458840
1458841
1458842
1458843
1458844
1458845
1458846
1458847
1458848
1458849
1458850
1458851
1458852
1458853
1458854
1458855
1458856
1458857
1458858
1458859
1458860
1458861
1458862
1458863
1458864
1458865
1458866
1458867
1458868
1458869
1458870
1458871
1458872
1458873
1458874
1458875
1458876
1458877
1458878
1458879
1458880
1458881
1458882
1458883
1458884
1458885
1458886
1458887
1458888
1458889
1458890
1458891
1458892
1458893
1458894
1458895
1458896
1458897
1458898
1458899
1458900
1458901
1459899
1770190
1770191
1770192
1770193
1770194
1770195
1770196
1770197
1770198
1770199
1770200
1770201
1770202
1770203
1770204
1770205
1770206
1770207
1770208
1770209
1772220
1772226
1772228
1772285
1772286
1772287
1772288
1772289
1772400
1772401
1772402
1772403
1772404
1772420
1772421
1772422
1772423
1772424
1772425
1772426
1772427
1772428
1772429
1772435
1772436
1772450
1772451
1772452
1772455
1772760
1772761
1772762
1772763
1772764
1772765
1772766
1772767
1772768
1772769
1772775
1772776
1772802
1772803
1772804
1772805
1772806
1772807
1772808
1772809
1772810
1772811
1772812
1772813
1772814
1772815
1772816
1772817
1772818
1772819
1776524
1776525
1776526
1776527
1778870
1778871
1778888
1590200
1590201
1590202
1590203
1590204
1590205
1590206
1590207
1590208
1590209
1591310
1591311
1591312
1591313
1591314
1591315
1591316
1591317
1591318
1591319
1591420
1591421
1591422
1591423
1591424
1591425
1591426
1591427
1591428
1591429
1591430
1591431
1591432
1591433
1591434
1591435
1591436
1591437
1591438
1591439
1591440
1591441
1591442
1591443
1591444
1591445
1591446
1591447
1591448
1591449
1591450
1591451
1591452
1591453
1591454
1591570
1591571
1591572
1591573
1591574
1591575
1591576
1591577
1591578
1591579
1591580
1591581
1591582
1591583
1591584
1591585
1591586
1591587
1591588
1591589
1591590
1591591
1591592
1591593
1591594
1591595
1591596
1591597
1591598
1591599
1591735
1591736
1591737
1591738
1591739
1591740
1591741
1591742
1591743
1591744
1591745
1591746
1591747
1591748
1591749
1591840
1591841
1591842
1591843
1591844
1591845
1591846
1591847
1591848
1591849
1591850
1591851
1591852
1591853
1591854
1591855
1591856
1591857
1591858
1591859
1591860
1591861
1591862
1591863
1591864
1591865
1591866
1591867
1591868
1591869
1591870
1591871
1591872
1591873
1591874
1591875
1591876
1591877
1591878
1591879
1591880
1591881
1591882
1591883
1591884
1591885
1591886
1591887
1591888
1591889
1591930
1591931
1591932
1591933
1591934
1591960
1591961
1591962
1591963
1591964
1591965
1591966
1591967
1591968
1591969
1592010
1592011
1592012
1592013
1592014
1592015
1592016
1592017
1592018
1592019
1592030
1592031
1592032
1592033
1592034
1592035
1592036
1592037
1592038
1592039
1592040
1592041
1592042
1592043
1592044
1592045
1592046
1592047
1592048
1592049
1592050
1592051
1592052
1592053
1592054
1592055
1592056
1592057
1592058
1592059
1592075
1592076
1592077
1592078
1592079
1592080
1592081
1592082
1592083
1592084
1592085
1592086
1592087
1592088
1592089
1592090
1592091
1592092
1592093
1592094
1592095
1592096
1592097
1592098
1592099
1597530
1597531
1597532
1597533
1597534
1597535
1597536
1597537
1597538
1597539
1597540
1597541
1597542
1597543
1597544
1597545
1597546
1597547
1597548
1597549
1597550
1597551
1597552
1597553
1597554
1597555
1597556
1597557
1597558
1597559
1597560
1597561
1597562
1597563
1597564
1598630
1598631
1598632
1598633
1598634
1598635
1598636
1598637
1598638
1598639
1598640
1598641
1598642
1598643
1598644
1598900
1598901
1598902
1598903
1598904
1598905
1598906
1598907
1598908
1598909
1598910
1598911
1598912
1598913
1598914
1598915
1598916
1598917
1598918
1598919
1598920
1598921
1598922
1598923
1598924
1598925
1598926
1598927
1598928
1598929
1599240
1599241
1599242
1599243
1599244
1599245
1599246
1599247
1599248
1599249
1599990
1599991
1599992
1599993
1599994
1599995
1599996
1599997
1599998
1599999
1830019
1830200
1830201
1830202
1830203
1830204
1830205
1830206
1830207
1830208
1830209
1831201
1831202
1831203
1831205
1831206
1831222
1831240
1831241
1831242
1831266
1831267
1831283
1831648
1831661
1831666
1831698
1831801
1831802
1831834
1831851
1831857
1831863
1831888
1831898
1831907
1831908
1831924
1831944
1831947
1831949
1831954
1831956
1831957
1831964
1831967
1831969
1831996
1831998
1832000
1832001
1832002
1832003
1832004
1832005
1832006
1832007
1832008
1832009
1832010
1832011
1832012
1832013
1832014
1832015
1832016
1832017
1832018
1832019
1832040
1832041
1832069
1832070
1832071
1832072
1832073
1834408
1834430
1834431
1834432
1834434
1834438
1834456
1834457
1834458
1834459
1500200
1500201
1500202
1500203
1500204
1501170
1501171
1501172
1501173
1501174
1501175
1501176
1501177
1501178
1501179
1501180
1501181
1501182
1501183
1501184
1501185
1501186
1501187
1501188
1501189
1501190
1501191
1501192
1501193
1501194
1501195
1501196
1501197
1501198
1501199
1501240
1501241
1501242
1501243
1501244
1501300
1501301
1501302
1501303
1501304
1501305
1501306
1501307
1501308
1501309
1501310
1501311
1501312
1501313
1501314
1501315
1501316
1501317
1501318
1501319
1501320
1501321
1501322
1501323
1501324
1501325
1501326
1501327
1501328
1501329
1501330
1501331
1501332
1501333
1501334
1501335
1501336
1501337
1501338
1501339
1501415
1501416
1501417
1501418
1501419
1501420
1501421
1501422
1501423
1501424
1501425
1501426
1501427
1501428
1501429
1501750
1501751
1501752
1501753
1501754
1501755
1501756
1501757
1501758
1501759
1501840
1501841
1501842
1501843
1501844
1501845
1501846
1501847
1501848
1501849
1501870
1501871
1501872
1501873
1501874
1501875
1501876
1501877
1501878
1501879
1508805
1508806
1508807
1508808
1508809
1508989
1509995
1509996
1509997
1509998
1509999
1530220
1530221
1530222
1530223
1530224
1530225
1530226
1530227
1530228
1530229
1530235
1530236
1530237
1530238
1530239
1530245
1530246
1530247
1530248
1530249
1532200
1532201
1532202
1532203
1532204
1532205
1532206
1532207
1532208
1532209
1532220
1532221
1532222
1532223
1532224
1532225
1532226
1532227
1532228
1532229
1532230
1532231
1532232
1532233
1532234
1532235
1532236
1532237
1532238
1532239
1532330
1532331
1532332
1532333
1532334
1532335
1532336
1532337
1532338
1532339
1533784
1533788
1533805
1533806
1533807
1533808
1533809
1534471
1534472
1534740
1534741
1534742
1534743
1534744
1536000
1536001
1536002
1536003
1536004
1536005
1536006
1536007
1536008
1536009
1536040
1536041
1536042
1536043
1536044
1536045
1536046
1536047
1536048
1536049
1536050
1536051
1536052
1536053
1536054
1536055
1536056
1536057
1536058
1536059
1536060
1536061
1536062
1536063
1536064
1536065
1536066
1536067
1536068
1536069
1536080
1536081
1536082
1536083
1536084
1536085
1536086
1536087
1536088
1536089
1536125
1536126
1536127
1536128
1536129
1536175
1536176
1536177
1536178
1536179
1537400
1537401
1537402
1537403
1537404
1537405
1537406
1537407
1537408
1537409
1538440
1538441
1538442
1538443
1538444
1538445
1538446
1538447
1538448
1538449
1800220
1800221
1800222
1800223
1800224
1800225
1800226
1800227
1800228
1800229
1801170
1801171
1801172
1801173
1801174
1801175
1801176
1801177
1801178
1801179
1801180
1801181
1801182
1801183
1801184
1801185
1801186
1801187
1801188
1801189
1801190
1801191
1801192
1801193
1801194
1801195
1801196
1801197
1801198
1801199
1802230
1802231
1802232
1802233
1802234
1802235
1802236
1802237
1802238
1802239
1802240
1802241
1802242
1802243
1802244
1802245
1802246
1802247
1802248
1802249
1802285
1802286
1802287
1802288
1802289
1802345
1802346
1802347
1802348
1802349
1802400
1802401
1802402
1802403
1802404
1802405
1802406
1802407
1802408
1802409
1802450
1802451
1802452
1802453
1802454
1802455
1802456
1802457
1802458
1802459
1802466
1802620
1802621
1802622
1802623
1802624
1802625
1802626
1802627
1802628
1802629
1802630
1802631
1802632
1802633
1802634
1802635
1802636
1802637
1802638
1802639
1802640
1802641
1802642
1802643
1802644
1802710
1802711
1802712
1802713
1802714
1802715
1802716
1802717
1802718
1802719
1802720
1802721
1802722
1802723
1802724
1802725
1802726
1802727
1802728
1802729
1802730
1802731
1802732
1802733
1802734
1802735
1802736
1802737
1802738
1802739
1802740
1802741
1802742
1802743
1802744
1802745
1802746
1802747
1802748
1802749
1802800
1802801
1802802
1802803
1802804
1802805
1802806
1802807
1802808
1802809
1802850
1802851
1802852
1802853
1802854
1802855
1802856
1802857
1802858
1802859
1802860
1802861
1802862
1802863
1802864
1802865
1802866
1802867
1802868
1802869
1802880
1802881
1802882
1802883
1802884
1802885
1802886
1802887
1802888
1802889
1805420
1805421
1805422
1805423
1805424
1805425
1805426
1805427
1805428
1805429
1807880
1807881
1807882
1807883
1807884
1807885
1807886
1807887
1807888
1807889
1890088
1890220
1890221
1890222
1890223
1890224
1890225
1890226
1890227
1890228
1890229
1890230
1890232
1890233
1890238
1890239
1890240
1890249
1890300
1890301
1890305
1890306
1890307
1892210
1892211
1892212
1892213
1892214
1892215
1892216
1892217
1892218
1892219
1892220
1892221
1892222
1892223
1892224
1892225
1892226
1892227
1892228
1892229
1892230
1892231
1892232
1892233
1892234
1892235
1892236
1892237
1892238
1892239
1892240
1892241
1892242
1892243
1892244
1892245
1892246
1892247
1892248
1892249
1892270
1892271
1892272
1892273
1892274
1892275
1892276
1892277
1892278
1892279
1892309
1892400
1892401
1892402
1892403
1892404
1892405
1892406
1892407
1892408
1892409
1892410
1892411
1892412
1892413
1892414
1892415
1892416
1892417
1892418
1892419
1892420
1892421
1892422
1892423
1892424
1892425
1892426
1892427
1892428
1892429
1892430
1892431
1892432
1892500
1892501
1892502
1892503
1892504
1892505
1892506
1892507
1892508
1892509
1892510
1892511
1892512
1892513
1892514
1892515
1892516
1892517
1892518
1892519
1892610
1892611
1892612
1892613
1892614
1892615
1892616
1892617
1892618
1892619
1892620
1892621
1892622
1892623
1892624
1892625
1892626
1892627
1892628
1892629
1892750
1892751
1892752
1892753
1892754
1892755
1892756
1892757
1892758
1892759
1892870
1892871
1892872
1892873
1892874
1892875
1892876
1892877
1892878
1892879
1892880
1892881
1892882
1892883
1892884
1892885
1892886
1892887
1892888
1892889
1892890
1892891
1892892
1892893
1892894
1892895
1892896
1892897
1892898
1892899
1892950
1892951
1892952
1892953
1892954
1892955
1892956
1892957
1892958
1892959
1893302
1893303
1893304
1893305
1893306
1893307
1893308
1893309
1893314
1893315
1893316
1893317
1893318
1893319
1893322
1893363
1893364
1893365
1893366
1893367
1893368
1893369
1893383
1893384
1893385
1893386
1893387
1893388
1893389
1893390
1893391
1893392
1893393
1893394
1893395
1893396
1893397
1893398
1893399
1894800
1894801
1894802
1894803
1894804
1894805
1894806
1894807
1894808
1894809
1894840
1894841
1894842
1894843
1894844
1894846
1894847
1894848
1894849
1894850
1894851
1894852
1894853
1894854
1898880
1898881
1898882
1898883
1898884
1898885
1898886
1898887
1898888
1898889
1898890
1898891
1898892
1898893
1898894
1898895
1898896
1898897
1898898
1898899
1899828
1899829
1899830
1899831
1899832
1899833
1899834
1899835
1899836
1899837
1899838
1899839
1899840
1899841
1899842
1899843
1899844
1899845
1899846
1899847
1899848
1899849
1899867
1899868
1899880
1899881
1899882
1899883
1899884
1899885
1899886
1899887
1899888
1899889
1950066
1950088
1950201
1950202
1950203
1950204
1950205
1950206
1950207
1950208
1950209
1951371
1951381
1951388
1951393
1951398
1951512
1951513
1951518
1951519
1952090
1952096
1952098
1952099
1952100
1952114
1952118
1952119
1952121
1952122
1952124
1952552
1952627
1952628
1953064
1953638
1953941
1953999
1954009
1954020
1954025
1954028
1954031
1954040
1954043
1956606
1956681
1956689
1956776
1957000
1957536
1957601
1957606
1957614
1957627
1957802
1957814
1957827
1958241
1958411
1958452
1958456
1958484
1958485
1958641
1958644
1958744
1958886
1958887
1958888
1958941
1360000
1360001
1360002
1360003
1360004
1360005
1360006
1360007
1360008
1360009
1360045
1360046
1360047
1360048
1360049
1360220
1360221
1360222
1360223
1360226
1360227
1360228
1360229
1360240
1360241
1360242
1360243
1360244
1360245
1360246
1360247
1360248
1360249
1360270
1360271
1360272
1360273
1360274
1360275
1360276
1360277
1360278
1360279
1360280
1360281
1360282
1360283
1360284
1360285
1360286
1360287
1360288
1360289
1360900
1360901
1360902
1360903
1360904
1360905
1360906
1360907
1360908
1360909
1360960
1360964
1360970
1360971
1360972
1360973
1360974
1360975
1360976
1360977
1360978
1360979
1361000
1361001
1361002
1361003
1361004
1361005
1361006
1361007
1361008
1361009
1361010
1361011
1361012
1361013
1361014
1361015
1361016
1361017
1361018
1361019
1361020
1361021
1361022
1361023
1361024
1361025
1361026
1361027
1361028
1361029
1361030
1361031
1361032
1361033
1361034
1361035
1361036
1361140
1361141
1361142
1361143
1361144
1361145
1361146
1361147
1361148
1361149
1362040
1362041
1362042
1362220
1362221
1362222
1362223
1362224
1362225
1362226
1362227
1362228
1362229
1362274
1362275
1362276
1362280
1362281
1362282
1362283
1362284
1362285
1362286
1362287
1362288
1362289
1363130
1363131
1363132
1363133
1363134
1363135
1363136
1363137
1363138
1363139
1363140
1363141
1363142
1363143
1363144
1363145
1363146
1363147
1363148
1363149
1363210
1363211
1363212
1363213
1363214
1363215
1363216
1363217
1363218
1363219
1363220
1363221
1363222
1363223
1363224
1363225
1363226
1363227
1363228
1363229
1363230
1363231
1363232
1363233
1363234
1363235
1363236
1363237
1363238
1363239
1363240
1363241
1363242
1363243
1363244
1363245
1363246
1363247
1363248
1363249
1364020
1364021
1364022
1364023
1364024
1364025
1364026
1364027
1364028
1364029
1364030
1364031
1364032
1364033
1364034
1364060
1364061
1364062
1364063
1364064
1364065
1364066
1364067
1364068
1364069
1364070
1364071
1364072
1364073
1364074
1364075
1364076
1364077
1364078
1364079
1364080
1364081
1364082
1364083
1364084
1364085
1364086
1364087
1364088
1364089
1364230
1364231
1364232
1364233
1364260
1364261
1364262
1364263
1364264
1364265
1364266
1364267
1364268
1364269
1364270
1364271
1364272
1364273
1364274
1364275
1364276
1364277
1364278
1364279
1365070
1365071
1365072
1365073
1365074
1365075
1365076
1365077
1365078
1365079
1365080
1365081
1365082
1365083
1365084
1365085
1365086
1365087
1365088
1365089
1365090
1365091
1365092
1365093
1365094
1365095
1365096
1365097
1365098
1365099
1366000
1366001
1366002
1366003
1366004
1366005
1366006
1366007
1366008
1366009
1366010
1366011
1366012
1366013
1366014
1366015
1366016
1366017
1366018
1366019
1366020
1366021
1366022
1366023
1366024
1366025
1366026
1366027
1366028
1366029
1366030
1366031
1366032
1366033
1366034
1366035
1366036
1366037
1366038
1366039
1366040
1366041
1366042
1366043
1366044
1366045
1366046
1366047
1366048
1366049
1366050
1366051
1366052
1366053
1366054
1366055
1366056
1366057
1366058
1366059
1366060
1366061
1366062
1366063
1366064
1366065
1366066
1366067
1366068
1366069
1366070
1366071
1366072
1366073
1366074
1366075
1366076
1366077
1366078
1366079
1366080
1366081
1366082
1366083
1366084
1366085
1366086
1366087
1366088
1366089
1366230
1366231
1366232
1366233
1366234
1366235
1366236
1366237
1366238
1366239
1366240
1366241
1366242
1366243
1366244
1366245
1366246
1366247
1366248
1366249
1366250
1366251
1366252
1366253
1366254
1366890
1366891
1366892
1366893
1366894
1366895
1366896
1366897
1366898
1366899
1367240
1367241
1367242
1367243
1367244
1367245
1367246
1367247
1367248
1367249
1367620
1367621
1367622
1367623
1367624
1367625
1367626
1367627
1367628
1367629
1367890
1367891
1367892
1367893
1367894
1367895
1367896
1367897
1367898
1367899
1368220
1368221
1368222
1368223
1368224
1368225
1368226
1368227
1368228
1368229
1368885
1368886
1368887
1368888
1368889
1369420
1369421
1369422
1369423
1369424
1369425
1369426
1369427
1369428
1369429
1369740
1369741
1369742
1369743
1369744
1369745
1369746
1369747
1369748
1369749
1369970
1369971
1369972
1369973
1369974
1710170
1710177
1710886
1712885
1712886
1712887
1712888
1713080
1713081
1713082
1713083
1713084
1713085
1713086
1713087
1713088
1713089
1713660
1713661
1713662
1713663
1713664
1713665
1713666
1713667
1713669
1713761
1713762
1713764
1713765
1713766
1713767
1713780
1713781
1713782
1713783
1713784
1713785
1713786
1713787
1713788
1713789
1713860
1713861
1713862
1713863
1713864
1713865
1713866
1713867
1713868
1713869
1713880
1713881
1713882
1713883
1713884
1713885
1713886
1713887
1713888
1713889
1713960
1713961
1713962
1713963
1713964
1713965
1713966
1713967
1713968
1713969
1713990
1713991
1713992
1713993
1713994
1713995
1713999
1715034
1715040
1715041
1715042
1715043
1715044
1715045
1715046
1715047
1715048
1715049
1715084
1715088
1715480
1715481
1715766
1715788
1715866
1715886
1715888
1717888
1717999
1718055
1718066
1718067
1718489
1718765
1718766
1718863
1718866
1718885
1718888
1718999
1719046
1719480
1719486
1719864
1719883
1719884
1719885
1719887
1719990
1719991
1719992
1719993
1719994
1719995
1719997
1330220
1330221
1330222
1330223
1330224
1330225
1330226
1330227
1330228
1330229
1330230
1330232
1330233
1330238
1330239
1330240
1330249
1331088
1331089
1331280
1331281
1331282
1331283
1331284
1331285
1331286
1331287
1331288
1331289
1331600
1331601
1331602
1331603
1331604
1331605
1331606
1331607
1331608
1331609
1331610
1331611
1331612
1331613
1331614
1331615
1331616
1331617
1331618
1331619
1331620
1331621
1331622
1331623
1331624
1331625
1331626
1331627
1331628
1331629
1331870
1331871
1331872
1331873
1331874
1331875
1331876
1331877
1331878
1331879
1331880
1331881
1331882
1331883
1331884
1331885
1331886
1331887
1331888
1331889
1332280
1332281
1332640
1332641
1332642
1332643
1332644
1332645
1332646
1332647
1332648
1332649
1333280
1333281
1333282
1333283
1333284
1333285
1333286
1333287
1333288
1333289
1334280
1334281
1334282
1334283
1334284
1334285
1334286
1334287
1334288
1334289
1335280
1335281
1335282
1335283
1335284
1335285
1335286
1335287
1335288
1335289
1336000
1336001
1336002
1336003
1336004
1336055
1336056
1336057
1336058
1336059
1337844
1337845
1337846
1337867
1337868
1337869
1338000
1338001
1338002
1338003
1338004
1338005
1338006
1338007
1338008
1338009
1339210
1339211
1339212
1339213
1339214
1339245
1339246
1339247
1339248
1339249
1339260
1339261
1339262
1339263
1339264
1339265
1339266
1339267
1339268
1339269
1906614
1850200
1850201
1850202
1850203
1850204
1850205
1850206
1850207
1850208
1850209
1852000
1852001
1852002
1852003
1852004
1852005
1852006
1852007
1852008
1852009
1852010
1852011
1852012
1852013
1852014
1852015
1852016
1852017
1852018
1852019
1852020
1852021
1852022
1852023
1852024
1852025
1852026
1852027
1852028
1852029
1852030
1852031
1852032
1852033
1852034
1852035
1852036
1852037
1852038
1852039
1852040
1852041
1852042
1852043
1852044
1852045
1852046
1852047
1852048
1852049
1852050
1852051
1852052
1852053
1852054
1852055
1852056
1852057
1852058
1852059
1852060
1852061
1852062
1852063
1852064
1852065
1852066
1852067
1852068
1852069
1852070
1852071
1852072
1852073
1852074
1852075
1852076
1852077
1852078
1852079
1852910
1852911
1852912
1852913
1852914
1852915
1852916
1852917
1852918
1852919
1852920
1852921
1852922
1852923
1852924
1852925
1852926
1852927
1852928
1852929
1852930
1852931
1852933
1852934
1852935
1852936
1852937
1852938
1852939
1852940
1852941
1852942
1852943
1852944
1852945
1852946
1852947
1852948
1852949
1856500
1856501
1856502
1856503
1856504
1856505
1856506
1856507
1856508
1856509
1856510
1856511
1856512
1856513
1856514
1856515
1856516
1856517
1856518
1856519
1856520
1856521
1856522
1856523
1856524
1856525
1856526
1856527
1856528
1856529
1856530
1856531
1856532
1856533
1856534
1856535
1856536
1856537
1856538
1856539
1856540
1856541
1856542
1856543
1856544
1856545
1856546
1856547
1856548
1856549
1856550
1856551
1856552
1856553
1856554
1856555
1856556
1856557
1856558
1856559
1857860
1857861
1857862
1857863
1857864
1857865
1857866
1857867
1857873
1857874
1857875
1857876
1857877
1857878
1857879
1857880
1857881
1857882
1857883
1857884
1857885
1857886
1857887
1857888
1858850
1858851
1858852
1858853
1858854
1858855
1858856
1858857
1858858
1858859
1858860
1858861
1858862
1858863
1858864
1858865
1858866
1858867
1858868
1858869
1858870
1858871
1858872
1858873
1858874
1858875
1858876
1858877
1858878
1858879
1858880
1858881
1858882
1858883
1858884
1858885
1858886
1858887
1858888
1858889
1858892
1858893
1858894
1858899
1858920
1858921
1858922
1858923
1858924
1858925
1858926
1858927
1858928
1858929
1859400
1859401
1859402
1859403
1859404
1859405
1859406
1859407
1859408
1859409
1859490
1859491
1859492
1859493
1859494
1859496
1859497
1859498
1859499
1859810
1859811
1859812
1859813
1859814
1859815
1859816
1859818
1859819
1780200
1780653
1780670
1780764
1781144
1781147
1781153
1781156
1781158
1781159
1781705
1781712
1781718
1781731
1781735
1781740
1781744
1781749
1781771
1781779
1781782
1781788
1781794
1781807
1781811
1781814
1781820
1781821
1781822
1781823
1781824
1781847
1781852
1781858
1781866
1781887
1781888
1781893
1781911
1781955
1781956
1781957
1781958
1781959
1781960
1781961
1781962
1781963
1781964
1781965
1781966
1781967
1781968
1781969
1781970
1781971
1781972
1781973
1781974
1781975
1781976
1781977
1781978
1781979
1781980
1781981
1781982
1781983
1781984
1782008
1782050
1782051
1782052
1782053
1782054
1782055
1782056
1782057
1782059
1782068
1782070
1782071
1782072
1782093
1782094
1782274
1782277
1782500
1782501
1782521
1782525
1782544
1782548
1782549
1782555
1782558
1782582
1782583
1782584
1782705
1782706
1782707
1782708
1782709
1782710
1782711
1782712
1782740
1782741
1782742
1782743
1782744
1783169
1783347
1783355
1783366
1784666
1784674
1784679
1784684
1784687
1784688
1784694
1784697
1784699
1786804
1786807
1786814
1786817
1787503
1787509
1787523
1787531
1787534
1787543
1787548
1787557
1787567
1787571
1787581
1787592
1787609
1787634
1787643
1787648
1787656
1787666
1787676
1787689
1788060
1788866
1788940
1788941
1788942
1788943
1788944
1788945
1788946
1788948
1788949
1788954
1788957
1789640
1789641
1789642
1789643
1789847
1560220
1560221
1560222
1560223
1560224
1560225
1560226
1560227
1560228
1560229
1560230
1560232
1560233
1560238
1560239
1560240
1560249
1560300
1560301
1560305
1560306
1560307
1562210
1562211
1562212
1562213
1562214
1562215
1562216
1562217
1562218
1562219
1562220
1562221
1562222
1562223
1562224
1562225
1562226
1562227
1562228
1562229
1562230
1562231
1562232
1562233
1562234
1562235
1562236
1562237
1562238
1562239
1562240
1562241
1562242
1562243
1562244
1562245
1562246
1562247
1562248
1562249
1562270
1562271
1562272
1562273
1562274
1562275
1562276
1562277
1562278
1562279
1562500
1562501
1562502
1562503
1562504
1562505
1562506
1562507
1562508
1562509
1562510
1562511
1562512
1562513
1562514
1562515
1562516
1562517
1562600
1562601
1562602
1562603
1562604
1562605
1562606
1562607
1562609
1562610
1562611
1562612
1562613
1562614
1562615
1562616
1562617
1562618
1562619
1562620
1562621
1562622
1562623
1562624
1562625
1562626
1562627
1562628
1562629
1562640
1562641
1562642
1562643
1562644
1562645
1562646
1562647
1562648
1562649
1562786
1566044
1566070
1566071
1566072
1566073
1566074
1566075
1566076
1566077
1566078
1566079
1566080
1566081
1566082
1566083
1566084
1566085
1566086
1566087
1566088
1566089
1566090
1566091
1566092
1566093
1566094
1569200
1569201
1569202
1569240
1569241
1569242
1569243
1990220
1990221
1990222
1990223
1990224
1990225
1990226
1990227
1990228
1990229
1992420
1992421
1992422
1992423
1992424
1992425
1992426
1992427
1992428
1992429
1992430
1992431
1992432
1992433
1992434
1992435
1992436
1992437
1992438
1992439
1992460
1992461
1992462
1992463
1992464
1992465
1992466
1992467
1992468
1992469
1992470
1992471
1992472
1992473
1992474
1992475
1992476
1992477
1992478
1992479
1992560
1992561
1992562
1992563
1992564
1992565
1992566
1992567
1992568
1992569
1992570
1992571
1992572
1992573
1992574
1992575
1992576
1992577
1992578
1992579
1992580
1992581
1992582
1992583
1992584
1992585
1992586
1992587
1992588
1992589
1992600
1992601
1992602
1992603
1992604
1992605
1992606
1992607
1992608
1992609
1992740
1992741
1992742
1992743
1992744
1992745
1992746
1992747
1992748
1992749
1992750
1992751
1992752
1992753
1992754
1992755
1992756
1992757
1992758
1992759
1992760
1992761
1992762
1992763
1992764
1992765
1992766
1992767
1992768
1992769
1992770
1992771
1992772
1992773
1992774
1992830
1992831
1992832
1992833
1992834
1992835
1992836
1992837
1992838
1992839
1992840
1992841
1992842
1992843
1992844
1992845
1992846
1992847
1992848
1992849
1996620
1996621
1996622
1996623
1996624
1996625
1996626
1996627
1996628
1996629
1998820
1998821
1998822
1998823
1998824
1998825
1998826
1998827
1998828
