1711338
1330429
1330989
1331409
1331429
1332239
1332429
1333239
1334239
1335239
1335429
1335880
1335881
1335882
1335883
1335884
1336429
1337290
1338429
1338672
1338673
1339029
1339042
1339429
1560429
1560989
1564245
1564259
1564264
1564280
1564281
1564282
1564283
1564284
1564285
1564286
1564290
1564291
1564292
1564293
1564294
1564295
1564296
1564297
1564298
1564299
1566394
1566395
1566396
1566397
1566398
1566399
1569429
1569879
1850429
1852409
1852429
1852572
1852573
1852574
1852575
1852576
1854297
1854298
1780429
1782409
1782429
1782433
1782477
1782478
1782479
1784618
1784619
1784799
1990422
1990423
1990424
1990426
1990429
1800429
1800987
1800988
1800989
1804193
1804194
1804195
1804196
1804197
1804198
1804199
1804290
1804291
1804292
1804293
1804294
1804295
1804296
1804297
1804298
1804299
1530429
1530499
1532629
1533099
1538200
1538201
1538202
1890429
1890989
1894178
1894179
1894187
1894188
1894189
1360429
1361089
1361429
1362429
1364429
1365429
1367429
1953070
1450429
1450599
1452429
1452439
1453446
1453447
1453448
1453449
1454289
1350045
1350422
1350429
1351429
1359195
1359196
1359197
1359198
1359199
1590242
1590243
1590429
1590989
1594290
1594291
1594292
1594293
1594294
1594295
1594296
1594297
1594298
1594299
1770428
1770429
1774166
1774167
1774193
1774279
1774290
1774291
1774292
1774293
1774298
1774299
1779095
1621360
1621361
1621363
1621364
1621369
1621370
1621375
1500429
1504090
1504091
1504092
1504093
1504094
1504095
1504096
1504097
1504098
1504099
1504290
1504291
1504292
1504293
1504294
1504295
1504296
1504297
1504298
1504299
1830422
1830423
1830424
1830425
1830429
1834050
1834051
1834052
1834053
1834054
1834235
1834236
1834237
1834238
1834239
1834290
1834291
1834292
1834293
1834294
1834295
1834296
1834297
1834298
1834299
1390429
1390989
1394290
1394291
1394292
1394293
1394294
1394295
1394296
1394297
1394298
1394299
1399890
1399891
1399892
1399893
1399894
1399895
1399896
1399897
1399898
1399899
1671429
1672410
1672413
1672414
1672420
1672422
1672429
1673106
1673107
1673108
1673109
1673110
1673111
1673112
1673113
1673115
1673116
1673117
1673118
1673429
1674429
1860429
1860989
1862429
1864290
1864291
1864292
1864293
1864294
1864295
1864296
1864297
1864298
1864299
1869829
1869890
1869891
1869892
1869893
1869894
1869895
1869896
1869897
1869898
1869899
1550269
1550429
1550989
1554108
1554109
1554146
1554147
1554148
1554149
1554183
1554184
1554185
1554186
1554187
1554188
1554189
1554290
1554291
1554292
1554293
1554294
1555146
1555147
1555148
1555149
1556646
1556647
1556668
1556669
1556670
1556671
1556672
1556673
1556674
1556675
1556676
1556677
1300928
1300929
1301997
1301998
1301999
1302928
1302929
1304388
1304389
1305095
1305096
1305097
1305098
1305099
1305265
1305266
1305267
1305268
1305269
1308224
1370019
1370429
1370989
1374290
1374291
1374292
1374293
1374294
1374295
1374296
1374297
1374298
1374299
1470428
1470429
1474045
1474046
1474047
1474048
1474049
1750429
1752429
1752460
1752461
1752462
1752463
1752464
1752465
1752466
1752467
1752468
1752469
1752490
1752491
1752492
1752493
1752494
1752495
1752496
1752497
1752498
1752499
1754290
1754291
1754292
1754293
1754294
1754295
1754296
1754297
1754298
1754299
1880429
1884290
1884291
1884292
1884293
1884294
1884295
1884296
1884297
1884298
1884299
1810429
1810989
1814290
1814291
1814292
1814293
1814294
1814295
1524290
1524291
1524292
1524293
1524294
1524295
1524296
1524297
1524298
1524299
1980429
1981367
1982409
1982428
1982429
1982496
1982497
1982498
1982499
1650029
1650039
1650095
1650202
1650222
1650428
1650429
1650489
1650682
1650896
1650989
1651092
1651139
1651201
1651274
1651325
1651428
1651429
1651616
1651805
1652025
1652229
1652389
1652429
1652490
1652500
1652640
1652661
1652695
1652697
1652698
1652700
1652707
1652708
1652709
1652714
1652715
1652724
1652788
1652833
1652929
1653048
1653258
1653323
1653364
1653384
1653428
1653429
1653790
1653842
1653848
1653849
1653896
1653972
1653974
1653975
1653977
1653978
1653979
1655429
1655486
1655647
1655719
1655920
1655929
1656428
1656429
1656899
1656929
1657028
1657029
1657094
1657165
1657222
1657359
1657429
1657512
1657545
1657616
1657700
1570429
1571428
1571429
1572438
1572439
1840429
1840626
1840627
1840628
1840629
1914119
1320429
1321429
1322429
1323423
1323429
1323679
1323892
1323895
1324390
1324397
1324398
1324399
1327428
1327429
1328429
1703841
1703842
1703843
1703844
1703845
1704750
1704751
1704752
1704753
1704754
1704755
1704756
1704757
1704758
1704759
1704780
1704781
1704782
1704783
1704784
1704785
1704786
1704787
1704788
1704789
1730423
1730424
1730425
1730426
1730429
1734109
1310429
1313095
1313096
1313097
1313098
1313099
1313429
1314799
1315429
1318850
1318851
1318852
1318853
1318854
1319035
1319036
1319037
1319038
1319039
1319429
1870429
1874029
1874224
1874225
1874226
1874227
1874228
1874229
1380429
1384290
1384291
1384292
1384293
1384294
1384295
1384296
1384297
1384298
1384299
1389780
1389828
1389829
1389878
1389879
1389890
1389891
1389892
1389893
1389894
1389895
1389896
1389897
1389898
1389899
1660429
1662429
1664290
1664291
1664292
1664293
1664294
1664295
1664296
1664297
1664298
1664299
1510429
1511426
1511427
1511428
1511429
1512425
1512426
1512429
1513428
1513429
1514195
1514196
1514197
1514198
1514199
1514280
1514281
1514282
1514283
1514284
1514285
1514286
1514287
1514288
1514289
1514290
1514291
1514292
1514293
1514294
1514295
1514296
1514297
1514298
1514299
1516429
1517429
1518404
1518405
1518406
1518407
1518408
1518409
1518429
1820425
1820428
1820429
1824290
1824291
1824292
1824293
1824294
1824295
1824296
1824297
1824298
1824299
1580429
1580490
1580986
1580987
1580989
1589820
1589821
1589822
1589823
1589824
1589825
1589826
1589827
1589828
1589829
1760429
1761429
1762429
1764062
1764063
1764064
1764290
1764291
1764292
1764293
1344140
1346437
1346438
1346449
1346450
1346451
1347040
1347060
1347061
1347062
1347063
1347064
1347065
1347066
1347067
1347068
1347069
