1700475
1701482
1701483
1320475
1320481
1321407
1321475
1321481
1322475
1322476
1322484
1323475
1323485
1323486
1324596
1324597
1327063
1327475
1327484
1327485
1328475
1328486
1328487
1328488
1328489
1329475
1329484
1329485
1329804
1329805
1329806
1329807
1329808
1329809
1910475
1910485
1914715
1840475
1840485
1841434
1844708
1844709
1844715
1844740
1844741
1844742
1844743
1570475
1571475
1571485
1573475
1575043
1575044
1575045
1575046
1575047
1575048
1575049
1575050
1575051
1575052
1575053
1575054
1575055
1575056
1575057
1575058
1575059
1575475
1576475
1577150
1577151
1577152
1577153
1577154
1577155
1577156
1577157
1577158
1577159
1577475
1650045
1650048
1650054
1650084
1650271
1650345
1650387
1650475
1650993
1651232
1651344
1651462
1651475
1651498
1651504
1651514
1651541
1651545
1651549
1651574
1651645
1652056
1652405
1652474
1652475
1652476
1652478
1652479
1652485
1652496
1652555
1652653
1652704
1652705
1652841
1652847
1652883
1652944
1653075
1653096
1653101
1653120
1653235
1653237
1653475
1653609
1653850
1653851
1653855
1653858
1653941
1653942
1653943
1653944
1653984
1655004
1655444
1655475
1655661
1655669
1655671
1655681
1655724
1655732
1655749
1655849
1655927
1655949
1655959
1656046
1656168
1656169
1656196
1656400
1656401
1656445
1656458
1656472
1656475
1656485
1656534
1656541
1656542
1656700
1656746
1656775
1656795
1656844
1656964
1656984
1657005
1657101
1657150
1657151
1657152
1657153
1657154
1657155
1657156
1657157
1657158
1657159
1657194
1657204
1657214
1657294
1657314
1657320
1657324
1657364
1657380
1657394
1657401
1657460
1657475
1657485
1657492
1657495
1657496
1657565
1980475
1980481
1980485
1981567
1984714
1984715
1984716
1984717
1984718
1984752
1984753
1984754
1984755
1984756
1984757
1984758
1984759
1984780
1984781
1984782
1984783
1984784
1988868
1989675
1520475
1520481
1520484
1520485
1520486
1520487
1520488
1520489
1524750
1524751
1524752
1524753
1524754
1524755
1524756
1524757
1524758
1524759
1524832
1524833
1524834
1524835
1524836
1524837
1524838
1524839
1810475
1814750
1814751
1814752
1814753
1814754
1814755
1814757
1880475
1884750
1884751
1884752
1884753
1884754
1884755
1884756
1884757
1884758
1884759
1884800
1884801
1884802
1884803
1884804
1884817
1750475
1751982
1751983
1751984
1754749
1754750
1754751
1754752
1754753
1754754
1754755
1754756
1754757
1754758
1754759
1754850
1754851
1754852
1754853
1754854
1754855
1754856
1754857
1754858
1754859
1754880
1754881
1754882
1754883
1754884
1754890
1754891
1754892
1372205
1372215
1373475
1373994
1373999
1374750
1374751
1374752
1374753
1374754
1374755
1374756
1374757
1374758
1374759
1374805
1375405
1375415
1378945
1378955
1378965
1378971
1378975
1474715
1474750
1474751
1474752
1474753
1474754
1474755
1474756
1474757
1474758
1474759
1476068
1478475
1479470
1479475
1479485
1479495
1340485
1345135
1347475
1347485
1347495
1348475
1348855
1348858
1760475
1761475
1761485
1764750
1764751
1764752
1764753
1764754
1764755
1764756
1764757
1764815
1768475
1580475
1584748
1584750
1584751
1584752
1584753
1584754
1584755
1584756
1584757
1584758
1584759
1584836
1584850
1584851
1584852
1584853
1584854
1584855
1584856
1584857
1584858
1584859
1584865
1584875
1584877
1584885
1584895
1584950
1584951
1584952
1584953
1584954
1584955
1584956
1584957
1584958
1584959
1589484
1589485
1589486
1589487
1589488
1589489
1820475
1820496
1820497
1820498
1820499
1824750
1824751
1824752
1824753
1824754
1824755
1824756
1824757
1824758
1824759
1824834
1824835
1824836
1510475
1511471
1511472
1511473
1511475
1511477
1511479
1513470
1513471
1513472
1513473
1513474
1513475
1513476
1513477
1513478
1513479
1514475
1514477
1514479
1514480
1514481
1514483
1514495
1514496
1514497
1514498
1514499
1514701
1514702
1514703
1514704
1514755
1514756
1514757
1514758
1514759
1514825
1514870
1514871
1514872
1514873
1514874
1514875
1514876
1514877
1514878
1514879
1514988
1514989
1514990
1514991
1514992
1514993
1514994
1514995
1514996
1514997
1514998
1514999
1516490
1516491
1516492
1516493
1660475
1660485
1664735
1664736
1664737
1664738
1664739
1664740
1664741
1664742
1664743
1664744
1664750
1664751
1664752
1664753
1664754
1664755
1664756
1664757
1664758
1664759
1664850
1664851
1664852
1664853
1664854
1664855
1664856
1664857
1664858
1664859
1380475
1384745
1384750
1384751
1384752
1384753
1384754
1384755
1384756
1384757
1384758
1384759
1384795
1384805
1384845
1384855
1384865
1384875
1384885
1384893
1384894
1384895
1870475
1874730
1874731
1874732
1874733
1874734
1874735
1874736
1874737
1874738
1874739
1874743
1874744
1874750
1874751
1874752
1874753
1874754
1874755
1874756
1874757
1874758
1874759
1874783
1874784
1874785
1874786
1874787
1312654
1313475
1314525
1315475
1315489
1317110
1317111
1317112
1317113
1319056
1319088
1319089
1319153
1319154
1730475
1731432
1731433
1360475
1361475
1361485
1362475
1362485
1363475
1364475
1364485
1365475
1366400
1366401
1890475
1894705
1894735
1894745
1894750
1894751
1894752
1894753
1894754
1530475
1532675
1533275
1533297
1533298
1533299
1533475
1533492
1533493
1533494
1533495
1533496
1533497
1534405
1534406
1534407
1534408
1537475
1537484
1537485
1537496
1537497
1538475
1538975
1539475
1800475
1804750
1804751
1804752
1804753
1804754
1804755
1804756
1804757
1804758
1804759
1990475
1994715
1996905
1997555
1780065
1780475
1780485
1780495
1781405
1781439
1781445
1784734
1784736
1784737
1784738
1784745
1784875
1788765
1789725
1850475
1850485
1850495
1854750
1854751
1854752
1854753
1854754
1854755
1854756
1854757
1854758
1854759
1560475
1562475
1564750
1564751
1564752
1564753
1564754
1564755
1564756
1564757
1564758
1564759
1564850
1564851
1564852
1564853
1564854
1564855
1564856
1564857
1564858
1564859
1569095
1569475
1330475
1331035
1331036
1331037
1331475
1332704
1332705
1333704
1333705
1334705
1335475
1338475
1339475
1301513
1301514
1301953
1301954
1302041
1302049
1303472
1303475
1303953
1303954
1308024
1308025
1308475
1308715
1308716
1308717
1550475
1550485
1554003
1554004
1554005
1554050
1554051
1554052
1554053
1554054
1554055
1554056
1554750
1554751
1554752
1554753
1554754
1554755
1554756
1554757
1554758
1554759
1554806
1554807
1554808
1554809
1556049
1556050
1556053
1556054
1556055
1556056
1556057
1556058
1556059
1860475
1860485
1864725
1864750
1864751
1864752
1864753
1864754
1864755
1864756
1864757
1864758
1864759
1864828
1864850
1864851
1864852
1864853
1864854
1864855
1864856
1864857
1864858
1864859
1868627
1868628
1671475
1672475
1672478
1672480
1672481
1672483
1672484
1672690
1672801
1673475
1675614
1675615
1675658
1390475
1394735
1394750
1394751
1394752
1394753
1394754
1394755
1394756
1394757
1394758
1394759
1394813
1394814
1394815
1394835
1394845
1394854
1394855
1394858
1394865
1394875
1394885
1394895
1830475
1834736
1834737
1834738
1834739
1834750
1834751
1834752
1834753
1834754
1834755
1834756
1834757
1834758
1834759
1834778
1834779
1500473
1500475
1500490
1500491
1500492
1500493
1500494
1500495
1500496
1500497
1500498
1500499
1504710
1504715
1504716
1504745
1504746
1504747
1504748
1504749
1504750
1504751
1504752
1504753
1504754
1504755
1504756
1504850
1504851
1504852
1504853
1504854
1504855
1504856
1504857
1622292
1622293
1622294
1622297
1770475
1774737
1774738
1774750
1774751
1774752
1779075
1779076
1590475
1590485
1592447
1592449
1592452
1592454
1592459
1593494
1593499
1594705
1594715
1594725
1594734
1594735
1594743
1594744
1594745
1594753
1594778
1594779
1594944
1450275
1452495
1452496
1453384
1453385
1453386
1453387
1454327
1350063
1350065
1351475
1351485
