100
1000
10000
10001
10002
10003
10004
10005
10007
10009
1001
10010
10016
10017
1002
10021
10024
10025
10038
1004
10040
1005
10050
10051
10056
10057
10060
10066
10068
10069
10070
10078
10080
10082
10086
10087
10088
10089
10098
10099
1010
10101
10111
10118
10152
10154
1016
1020
10200
1025
103
10333
1039
104
1042
10443
1046
106
10777
108
1080
1083
1085
1088
1100
11000
11001
1104
1107
1108
11080
11158
11180
11211
11212
1122
1123
1128
11324
11347
11362
11366
11372
11381
114
1158
11660
1180
1182
1200
12001
1212
1213
122
12315
12333
1234
12345
12881
1300
1301
1313
132
133
13333
13382
1356
1389
13988
14007
1433
14338
1443
1445
14549
1500
15000
15004
15018
15080
15400
1550
15580
15672
15693
15698
15801
15888
1600
1603
16080
16580
1666
16788
1680
16929
1700
17000
17003
17071
17095
171
17173
1722
1723
17777
1790
180
1800
18000
18001
18002
18060
18080
18081
18082
18085
18090
18103
1818
18181
18264
1863
18765
188
18801
18803
18880
18881
18888
18889
1900
19000
19010
19045
19080
19101
19244
1933
1949
1979
198
1980
1982
1984
1988
1999
19994
20
200
2000
20000
20001
2001
20021
20022
20046
2005
20052
2006
2007
2008
2009
2010
2011
2012
2013
2014
20140
20142
2015
20151
20153
20165
2020
20200
20202
2046
2051
206
2060
2070
208
2080
20806
20808
2086
2093
20992
21
2100
21080
211
2110
21188
21245
2125
2168
2181
21900
22080
2222
22222
22228
223
22343
22480
22580
2261
2301
23352
23380
2340
23454
23458
2348
235
2375
2382
2480
2490
25
25006
25024
2517
2521
2525
2585
2663
268
270
27000
27017
27779
280
28017
2808
28080
28099
28214
28280
28780
2886
2901
29798
299
30
3000
30000
30001
3001
30015
30025
3003
30030
30058
30082
30088
3010
3012
3013
302
3030
3033
3050
30551
308
3080
309
3094
31000
31082
31188
3133
31945
321
3216
3220
32766
3306
3312
333
3333
3377
3380
3398
3437
3443
34440
3456
3465
34899
3503
3505
3535
3580
3588
3600
3606
3618
3668
3680
3690
37006
3721
3737
38000
38080
38086
381
38443
38501
38517
3880
38888
3938
4000
40000
40001
4001
4005
40069
40080
4016
4023
403
40310
4040
41474
41516
4180
421
423
4237
4242
42424
4300
4321
436
43651
4380
4389
442
443
4430
4433
444
4440
44401
4443
44445
4453
4455
447
4480
4497
4503
45149
45177
4567
4569
45692
4570
47078
47088
47583
48080
4848
4850
49705
49960
5000
50000
5001
5002
5003
50030
50045
50060
50070
50075
50080
50090
5010
50100
5013
50240
5050
5080
5081
5098
5100
511
51106
5118
5151
5155
5156
517
5200
5201
5203
522
5225
5233
5255
5256
5280
5501
55070
55351
55352
5544
5552
5555
5560
5561
5566
55858
560
5600
5601
5632
5644
5655
5656
56688
5678
5757
5780
57880
58000
58031
58060
58080
58083
5811
58124
586
5881
5887
5888
58898
5898
59009
5902
59093
591
5966
59777
59999
60
6000
6001
60010
6002
60022
6003
6006
60080
6010
60101
6011
602
6020
60465
6060
6080
6088
6090
610
6100
6101
61081
6118
6167
6170
6180
6198
61999
6226
6259
6286
6365
6372
6379
6388
6443
65
65000
65001
65055
6510
6543
6546
65486
65493
65533
6565
6587
66
6600
6602
6603
6606
6611
666
6664
6666
6677
6680
6688
6699
6778
6789
68
6800
6801
6842
6868
6869
6879
688
6886
6887
6888
6889
6890
6920
6969
6988
7
70
7000
7001
7002
7003
7004
7005
7006
7007
7008
7009
701
7010
7011
7012
7017
7018
7020
7021
7022
7023
7028
7031
7041
7044
7048
7050
7055
7060
7070
7071
7072
7080
7081
7082
7083
7084
7086
7088
7090
7093
7094
7100
7101
7102
7108
7111
7117
7123
7129
7140
7171
7180
7200
7201
7202
7215
7272
7273
7280
7288
73
7300
7321
733
7330
7380
7443
7500
7501
7547
7567
77
770
7700
7702
7703
7709
7711
7713
7742
7751
7776
7777
7778
778
7788
7789
7791
7799
7801
7856
7888
7890
7896
7899
7900
7901
7903
7909
7915
7921
7925
7942
7943
7979
7995
7999
8
80
800
8000
8001
8002
8003
8004
8005
8006
8007
8008
8009
801
8010
8011
8012
8013
8014
8015
8016
8017
8018
8019
802
8020
8021
8022
8023
8024
8025
8026
8027
8028
8029
803
8030
8031
8032
8033
8035
8036
8037
8038
8039
804
8040
8041
8042
8043
8044
8045
8049
805
8050
8051
8052
8053
8054
8055
8056
8057
8058
806
8060
8061
8062
8064
8065
8066
8067
8068
8069
807
8070
8071
8073
8075
8077
8078
8079
808
8080
8081
8082
8083
8084
8085
8086
8087
8088
8089
809
8090
8091
8092
8093
8094
8095
8096
8097
8098
8099
81
810
8100
8101
8102
8103
8104
8105
811
8110
8111
8112
8119
812
8122
8123
8130
8133
8136
8144
8153
8161
8168
8176
8180
8181
8182
8183
8184
8186
8188
8189
8190
8191
8192
8193
8196
8197
82
8200
8201
8202
8213
8220
8222
8232
8250
8260
8280
8281
8282
8283
8288
8298
83
8300
8308
8322
8333
8341
8343
8360
8380
8381
8382
8383
8384
8390
8391
8399
84
8400
8401
8402
8403
843
8443
8445
8465
8477
8480
8481
8484
8488
8499
85
8500
8512
8548
8567
8580
8582
8585
86
860
8600
8601
8610
8649
866
8660
8666
8680
8681
8684
8686
8688
87
8700
8710
8720
873
8735
877
8777
8780
8781
8787
8788
8799
88
880
8800
8801
8802
8806
8808
8809
8810
8813
8820
8822
8828
8839
8844
8848
8860
8861
8864
8866
8868
8877
8879
888
8880
8881
8885
8886
8887
8888
8889
889
8890
8891
8892
8893
8895
8896
8898
8899
89
8900
8901
8902
8905
8910
8912
8913
8955
8956
8972
8974
8980
8983
8987
8988
8989
8990
8991
8992
8997
8999
90
9000
9001
9002
9003
9004
9005
9006
9007
9008
9009
9010
9011
9012
9013
9014
9015
9019
9020
9022
9025
9030
9031
9036
9038
9039
9043
9050
9053
9060
9061
9068
9070
9080
9081
9082
9083
9084
9085
9086
9088
9089
9090
9091
9092
9093
9095
9096
9098
9099
91
9100
9101
9103
9105
911
9110
9111
9112
9113
9119
9131
916
9168
9180
9182
9188
9190
9191
9192
9198
92
9200
9201
9212
9224
9231
925
93
9300
9301
9302
9333
94
9437
9443
9494
95
9500
9504
9507
9512
9517
9527
9541
9542
955
956
9595
96
9666
968
9696
97
9704
9718
98
9800
9801
983
9836
9845
9876
9888
9889
9898
99
9900
9901
9909
9910
9912
9914
9918
9919
9922
9977
9980
9981
9988
9989
999
9990
9991
9992
9995
9997
9998
9999