1350859
1351859
1359590
1359591
1359592
1359593
1359594
1359595
1359596
1359597
1359598
1359599
1452569
1454389
1454399
1459385
1459386
1459387
1459388
1459389
1770859
1771660
1771809
1778489
1778509
1778519
1778583
1778590
1778591
1778597
1778598
1590859
1598532
1598533
1598534
1598535
1598536
1598537
1598538
1598539
1598549
1830859
1830869
1838637
1838638
1838639
1838640
1838641
1838642
1838643
1838644
1838645
1838646
1838647
1838648
1838649
1838680
1838681
1838682
1838683
1838684
1838685
1838686
1838687
1838688
1838689
1838690
1838691
1838692
1838693
1838694
1838695
1838696
1838697
1838698
1838699
1500859
1508589
1508651
1508652
1508653
1508654
1508655
1508656
1508657
1508658
1508659
1390859
1398449
1398465
1398466
1398467
1398468
1398469
1398509
1398539
1398595
1398596
1398597
1398598
1398599
1550859
1551939
1551990
1551991
1551992
1551993
1551994
1551995
1551996
1551997
1551998
1551999
1558590
1558591
1558592
1558593
1558594
1558595
1558596
1558597
1558598
1558599
1559797
1559798
1559799
1559939
1860859
1868413
1868549
1868590
1868595
1868596
1868597
1868598
1868599
1869071
1869079
1930859
1933859
1938009
1938019
1938559
1939119
1939501
1301705
1303559
1304959
1308698
1309680
1309689
1309859
1330859
1331079
1331229
1331249
1331449
1332969
1333969
1336859
1337859
1337966
1337967
1337968
1337969
1338559
1339859
1907887
1907888
1907889
1780865
1780868
1789859
1850859
1858549
1858564
1858590
1858591
1858592
1858593
1560859
1568549
1568593
1568594
1568595
1568596
1568597
1568598
1568599
1569279
1990859
1991709
1998449
1998459
1998509
1998519
1998539
1998549
1998559
1530859
1532909
1532919
1532929
1532939
1532949
1532959
1532969
1532979
1532989
1532991
1533859
1533869
1533954
1534859
1800859
1808325
1808326
1808327
1808328
1808329
1808340
1808341
1808342
1808343
1808344
1808345
1808346
1808347
1808348
1808349
1808429
1808439
1808590
1808591
1808592
1808593
1808594
1808595
1808596
1808597
1808598
1808599
1890859
1893207
1893208
1893209
1898468
1898469
1898509
1898539
1898542
1898547
1898595
1898596
1898597
1898598
1898599
1953457
1362859
1363859
1364859
1365859
1366859
1367859
1368859
1730859
1738419
1738429
1738509
1738529
1738539
1738590
1738596
1738598
1738859
1311639
1311859
1312369
1315819
1315829
1315830
1315839
1319519
1319529
1870859
1874495
1874496
1874497
1874498
1874499
1874880
1874881
1874882
1874883
1874884
1874885
1874886
1874887
1874888
1874889
1874890
1874891
1874892
1874893
1874894
1874895
1874896
1874897
1874898
1874899
1878590
1878591
1878592
1878593
1878594
1878595
1878596
1878597
1878598
1878599
1878873
1878874
1878875
1878876
1878877
1878878
1878879
1660859
1668389
1668399
1668479
1668489
1668499
1668509
1668519
1668529
1668549
1668595
1668596
1668597
1668598
1668599
1668798
1668799
1388590
1388591
1388592
1388593
1388594
1388595
1388596
1388597
1388598
1388599
1820859
1820860
1820861
1820862
1820863
1820864
1820865
1820866
1820867
1820868
1820869
1821288
1821289
1822490
1822491
1822492
1822493
1822494
1822495
1822496
1822497
1822498
1822499
1828590
1828591
1828592
1828593
1828594
1828595
1828596
1828597
1828598
1828599
1828690
1828691
1828692
1828693
1828694
1828695
1828696
1828697
1828698
1828699
1829600
1829601
1829602
1829603
1829604
1829605
1829606
1829607
1829608
1829609
1510859
1511730
1511731
1511732
1511733
1511734
1511735
1511736
1511737
1511738
1511739
1512155
1512156
1512157
1512158
1512159
1518635
1518636
1518637
1518638
1518639
1518640
1518641
1518642
1518643
1518644
1518645
1518646
1518647
1518648
1518649
1518650
1518651
1518652
1518653
1518654
1518655
1518656
1518657
1518658
1518659
1760859
1767890
1767899
1768409
1768415
1768519
1768529
1580859
1587033
1587034
1587035
1587036
1587037
1587038
1587039
1588549
1588595
1588596
1588597
1588598
1588599
1470859
1472745
1472746
1472747
1472748
1472749
1472875
1472876
1472877
1472878
1472879
1478519
1478537
1478538
1478539
1478605
1478606
1478607
1478608
1478609
1370859
1880859
1888590
1888591
1888592
1888593
1888594
1888595
1888596
1888597
1888598
1888599
1888690
1888691
1888692
1888693
1888694
1888695
1888696
1888697
1888698
1888699
1750859
1758429
1758439
1758449
1758509
1758549
1758554
1758555
1758559
1758609
1758619
1758629
1758639
1758687
1758688
1758689
1758699
1758746
1758747
1758748
1758749
1758789
1758859
1758894
1758895
1758896
1758897
1758898
1758899
1520859
1528545
1528546
1528547
1528548
1528549
1810859
1815319
1818419
1818425
1818537
1818567
1818579
1818590
1818591
1818592
1818593
1818594
1818596
1818597
1818598
1818599
1818809
1818819
1818820
1818821
1818822
1818823
1818824
1818859
1980859
1840859
1848480
1848481
1848482
1848483
1848484
1848485
1848486
1848487
1848488
1848489
1848590
1848591
1848592
1848593
1848594
1848595
1848596
1848597
1848598
1848599
1848670
1848671
1848672
1848673
1848674
1848675
1848676
1848677
1848678
1848679
1570859
1570869
1571859
1571869
1572179
1576154
1576155
1576156
1576157
1576158
1576159
1577290
1577291
1577292
1577293
1577294
1577295
1577296
1577297
1577298
1577299
1323859
1910859
1911764
1911773
1911774
1911775
1918433
1918437
1918449
1918459
1918509
1918559
1918577
1918590
1918591
1918592
1918593
1918594
1918595
1918596
1918597
1918598
1918599
1919259
1700859
1701880
1701881
1701882
