1390363
1390453
1390483
1390484
1394530
1394531
1394532
1394533
1394534
1394535
1394536
1394537
1394538
1394539
1394630
1394631
1394632
1394633
1394634
1394635
1394636
1394637
1394638
1394639
1671453
1672108
1672117
1672124
1672126
1672135
1672453
1673453
1674453
1674490
1674495
1860363
1860453
1860463
1864403
1864525
1864526
1864530
1864531
1864532
1864533
1864534
1864535
1864536
1864537
1864538
1864539
1864575
1864576
1864577
1864578
1550453
1554503
1554530
1554531
1554532
1556193
1556194
1556195
1556196
1556197
1558193
1558194
1558195
1558196
1558197
1300979
1300988
1300989
1301905
1301906
1302988
1302995
1302996
1303970
1303971
1303972
1304530
1304531
1304532
1304533
1304534
1305433
1305434
1306978
1306979
1306982
1306983
1308983
1308984
1308985
1308986
1308987
1308988
1308989
1309181
1309182
1309183
1309184
1309185
1350453
1350460
1350463
1350483
1351450
1351451
1351452
1351453
1351454
1351455
1351456
1351457
1351458
1351459
1355500
1355501
1355540
1355541
1450625
1450626
1450627
1450628
1450629
1452446
1452447
1452453
1454303
1590453
1590463
1594530
1594531
1594532
1594533
1594534
1594535
1594536
1594537
1594538
1594539
1594547
1594548
1594549
1594571
1594572
1594573
1594574
1594575
1594630
1594631
1594632
1594633
1594634
1594635
1594636
1594637
1770453
1771333
1774530
1774531
1774538
1775885
1779064
1779065
1779066
1622161
1622164
1500453
1504530
1504531
1504532
1504533
1504630
1504631
1504632
1504633
1504634
1504635
1504636
1504637
1504638
1504639
1830453
1832453
1832463
1832467
1834630
1834631
1834632
1834633
1834634
1834635
1834636
1834637
1834638
1834639
1834646
1834647
1834648
1834649
1834670
1834671
1834672
1834673
1834674
1834675
1834676
1834677
1834678
1834679
1800363
1800453
1804530
1804531
1804532
1804533
1804534
1804535
1804538
1804539
1808873
1530363
1530453
1530483
1532653
1532665
1533186
1533191
1533193
1534453
1534463
1890363
1890453
1890484
1894453
1894530
1894531
1894532
1894533
1894538
1894630
1894631
1894632
1894633
1894634
1894635
1894636
1894637
1894638
1894639
1360453
1360460
1360463
1360483
1361453
1361460
1361463
1362453
1362463
1363453
1363463
1364453
1364463
1366453
1366463
1367453
1368453
1368464
1369453
1369463
1369464
1369467
1369468
1330363
1330453
1330483
1331453
1331463
1332943
1332953
1333943
1333953
1334943
1334953
1335103
1335113
1335123
1335133
1335143
1335163
1335173
1335183
1335253
1335453
1335953
1335956
1335968
1335969
1335988
1338453
1338463
1339453
1560363
1560453
1560463
1560483
1560484
1563636
1563637
1563638
1563639
1564530
1564531
1564532
1564533
1564534
1564535
1564536
1564537
1564538
1564539
1567284
1567288
1569453
1569963
1780453
1784503
1784548
1784549
1784550
1784573
1784574
1788413
1788422
1788702
1789172
1789702
1850453
1854530
1854531
1854535
1854536
1854537
1854538
1854539
1854631
1854635
1854636
1854638
1990363
1990453
1990483
1990484
1999753
1999758
1999759
1514532
1514533
1514534
1514535
1514536
1514537
1514538
1514539
1514630
1514631
1514632
1514633
1517466
1517467
1517468
1517469
1820453
1820463
1824530
1824531
1824532
1824533
1824534
1824535
1824536
1824537
1824538
1824539
1824630
1824631
1824632
1824633
1824634
1824635
1824930
1824931
1824932
1824933
1824934
1824935
1824936
1824937
1824938
1580453
1584530
1584531
1584646
1584647
1584648
1584649
1584674
1584675
1584676
1584677
1584678
1584679
1760453
1761453
1764530
1764533
1764582
1764583
1764584
1730363
1730453
1738278
1738287
1310153
1310163
1310453
1311453
1311463
1311533
1311553
1311563
1312453
1312593
1313453
1313686
1313687
1313688
1313689
1314453
1314463
1314953
1314963
1315453
1316360
1316361
1316362
1319453
1319933
1319934
1319935
1319936
1319937
1319938
1319939
1870453
1871439
1871440
1871441
1871442
1871443
1871444
1871453
1872430
1872453
1874530
1874531
1874532
1874533
1874534
1874535
1874536
1874537
1874538
1874539
1874630
1874631
1874632
1874633
1380480
1380481
1380482
1383630
1383631
1383632
1383633
1383634
1383635
1383636
1383637
1383638
1383639
1384530
1384531
1384532
1384533
1384534
1384535
1384536
1384537
1384538
1384539
1660453
1664536
1664593
1664594
1664595
1664596
1664630
1664631
1664632
1664633
1664634
1664635
1664636
1664637
1664638
1664639
1650085
1650204
1650386
1650453
1650463
1650681
1650808
1650983
1650984
1651053
1651171
1651262
1651453
1651947
1652149
1652403
1652419
1652453
1652690
1653107
1653121
1653143
1653158
1653182
1653224
1653453
1653463
1653687
1653689
1653743
1653744
1653880
1653882
1653885
1655453
1655925
1656453
1656473
1656780
1656819
1656854
1656953
1657339
1657453
1657483
1657493
1980453
1980463
1981554
1984530
1984539
1984571
1984572
1984573
1984574
1984598
1984599
1984620
1984646
1984647
1988993
1570453
1570463
1571453
1571463
1573453
1573463
1575453
1575463
1576453
1576463
1576500
1576501
1576502
1576503
1576510
1576511
1577453
1577463
1577467
1840453
1844530
1844531
1844532
1844533
1844534
1844535
1910453
1320453
1320686
1320687
1320688
1320689
1320843
1321283
1321453
1321463
1322453
1322463
1323453
1325153
1325163
1325850
1325851
1326353
1327453
1327457
1328403
1328453
1328496
1329874
1329879
1703686
1703687
1703688
1703689
1703690
1470453
1470463
1478453
1479453
1370453
1370460
1370463
1370483
1374530
1374531
1374532
1374533
1374534
1374535
1374536
1374537
1374538
1374539
1374600
1374601
1374602
1374603
1374604
1374605
1374606
1374607
1374608
1374609
1374640
1374641
1374642
1374643
1374644
1374645
1374646
1374647
1374648
1374649
1374870
1374871
1374872
1374873
1374874
1374875
1374876
1374877
1374878
1374879
1374880
1374881
1374882
1374883
1374884
1374890
1374891
1374892
1374893
1374894
1376360
1376361
1376362
1376659
1376660
1376661
1376662
1376663
1376664
1376665
1376666
1880453
1881453
1881463
1881473
1884530
1884531
1884532
1884533
1884534
1884535
1884536
1884537
1884538
1884539
1884622
1884624
1884646
1884647
1884671
1884672
1884673
1884674
1750453
1750463
1754530
1754531
1754532
1754533
1754534
1810453
1814530
1814531
1818283
1520453
1521453
1521462
1521463
1524530
1524531
1524532
1524533
1524534
1524535
1524536
1524537
1524538
1524539
1524630
1524631
1524632
1524633
1524634
1524635
1524636
1524637
1524638
1524639
