1820075
1820076
1820096
1820667
1820752
1821138
1821144
1821806
1821882
1821896
1821899
1821923
1821937
1821959
1510752
1511320
1511321
1511322
1511323
1511324
1511325
1511326
1511327
1511328
1511329
1511330
1511331
1511891
1511892
1511893
1511894
1511895
1511896
1511897
1511898
1511899
1511900
1511901
1511902
1511903
1511904
1511905
1511906
1511907
1511908
1511909
1760752
1766628
1768831
1768832
1768833
1768834
1580752
1581190
1581191
1581192
1581193
1581194
1581195
1581196
1581197
1581198
1581199
1581250
1581251
1581252
1581253
1581254
1581255
1581256
1581257
1581258
1581259
1581535
1581536
1581537
1581538
1581539
1581540
1581541
1581542
1581543
1581544
1581545
1581546
1581547
1581548
1581549
1581630
1581631
1581632
1581633
1581634
1581635
1581636
1581637
1581638
1581639
1581640
1581641
1581642
1581643
1581644
1581645
1581646
1581647
1581648
1581649
1581985
1581986
1581987
1581988
1581989
1582070
1582071
1582072
1582073
1582074
1587520
1587521
1587522
1587523
1587524
1587525
1587526
1587527
1587528
1587529
1589950
1589951
1589952
1589953
1589954
1341300
1341301
1341302
1341303
1341304
1341305
1341306
1341307
1341308
1341309
1341310
1341311
1341312
1341313
1341314
1341315
1341316
1341317
1341318
1341319
1341450
1341451
1341452
1341453
1341454
1341455
1341456
1341457
1341458
1341459
1341460
1341461
1341462
1341463
1341464
1341465
1341466
1341467
1341468
1341469
1341470
1341471
1341472
1341473
1341474
1341475
1341476
1341477
1341478
1341479
1342160
1342161
1342162
1342163
1342164
1342165
1342166
1342167
1342168
1342169
1342240
1342241
1342242
1342243
1342244
1342290
1342291
1342292
1342293
1342294
1342295
1342296
1342297
1342298
1342299
1342800
1342801
1342802
1342803
1342804
1342805
1342806
1342807
1342808
1342809
1343185
1343186
1343187
1343188
1343189
1343340
1343341
1343342
1343343
1343344
1343345
1343346
1343347
1343348
1343349
1343350
1343351
1343352
1343353
1343354
1343355
1343356
1343357
1343358
1343359
1343760
1343761
1343762
1343763
1343764
1343765
1343766
1343767
1343768
1343769
1343770
1343771
1343772
1343773
1343774
1343775
1343776
1343777
1343778
1343779
1348050
1348051
1348052
1348053
1348054
1348055
1348056
1348057
1348058
1348059
1730752
1730828
1732288
1732580
1732581
1732582
1732583
1732584
1732585
1732586
1732587
1732588
1732589
1732828
1732829
1732970
1732971
1732972
1732973
1732974
1732980
1732981
1732982
1732983
1736675
1736676
1736677
1736678
1736679
1311260
1311261
1311262
1311263
1311264
1311265
1311266
1311267
1311268
1311269
1311340
1311341
1312630
1312631
1312632
1312633
1312634
1312635
1312636
1312637
1312638
1312639
1313830
1313831
1313832
1313833
1313834
1313835
1313836
1313837
1313838
1313839
1314300
1314303
1314305
1314306
1314307
1314308
1314309
1314347
1314360
1314361
1314362
1316070
1316071
1316072
1316073
1316074
1316075
1316076
1316077
1316078
1316079
1316860
1316861
1316862
1316863
1316864
1316955
1316956
1316957
1316958
1316959
1317270
1317271
1317272
1317273
1317274
1319245
1319246
1319247
1319248
1319249
1319280
1319281
1319282
1319283
1319284
1870752
1871801
1871815
1871816
1871817
1871866
1871907
1871908
1871918
1871919
1871920
1871948
1871949
1660752
1667520
1667521
1667522
1667523
1667524
1669820
1669821
1669822
1669823
1669824
1669825
1669826
1669827
1669828
1669829
1669830
1669831
1669832
1669833
1669834
1669835
1380235
1380247
1380286
1380287
1380966
1380969
1380983
1382420
1382421
1382422
1382423
1382424
1382425
1382426
1382427
1382428
1382429
1382540
1382541
1382542
1382543
1382544
1382545
1382546
1382547
1382548
1382549
1382990
1382991
1382992
1382993
1382994
1382995
1382996
1382997
1382998
1382999
1650604
1650752
1651752
1653604
1980752
1981195
1981204
1981442
1982002
1982003
1982004
1982007
1982010
1982034
1982037
1982055
1982085
1982098
1983004
1983034
1983049
1983068
1983073
1983270
1983277
1983278
1983281
1983583
1984912
1984937
1984953
1984981
1984988
1986006
1986046
1986049
1986054
1986057
1986064
1986068
1986420
1986449
1986460
1986513
1986537
1986539
1986553
1986571
1986647
1986684
1986704
1986710
1986712
1986713
1986715
1986716
1986732
1986814
1987450
1987520
1987521
1987523
1987524
1987525
1987526
1987529
1987861
1987862
1987865
1987868
1987869
1987920
1987921
1987923
1988090
1988606
1988623
1988650
1989685
1989810
1989820
1989830
1989850
1989860
1840752
1842007
1842056
1847520
1847522
1570752
1570761
1571819
1571828
1572815
1572816
1572826
1572833
1572889
1576629
1576630
1576641
1576642
1576656
1576659
1576661
1576665
1576668
1576682
1576683
1576684
1576686
1576687
1576690
1576691
1576692
1576693
1576694
1576695
1576696
1576709
1576734
1576735
1576736
1576745
1576746
1576755
1576761
1576776
1576781
1576792
1576795
1576797
1576799
1576800
1576810
1576815
1576821
1576824
1576826
1576832
1576834
1576843
1576846
1576852
1576857
1576861
1576864
1576865
1576873
1576878
1576879
1576885
1577500
1577504
1577508
1320230
1320231
1320232
1320233
1320234
1321752
1322630
1322631
1322632
1322633
1322634
1322915
1322916
1322958
1322959
1324235
1324236
1324610
1324611
1324612
1324613
1324614
1324615
1324616
1324617
1324618
1324619
1324656
1324930
1324931
1324932
1324936
1325060
1325061
1325062
1325063
1325752
1326790
1326791
1326792
1326793
1326794
1328620
1328621
1328622
1328623
1328624
1328625
1328626
1328627
1328628
1328629
1328814
1328815
1328816
1328817
1328818
1910752
1912552
1912553
1912554
1912555
1912556
1912557
1912558
1912559
1912809
1700307
1700308
1700369
1700751
1700752
1700753
1700895
1700896
1700897
1701788
1701789
1701790
1701791
1701792
1701793
1702692
1702693
1702694
1702695
1702696
1702697
1702698
1702699
1705145
1706456
1706457
1706458
1706459
1708670
1708671
1708672
1708673
1708674
1708675
1708676
1708677
1708678
1708679
1708680
1708681
1708682
1708683
1708684
1708685
1708686
1708687
1708688
1708689
1709020
1709021
1709022
1709023
1709024
1709025
1709026
1709027
1709028
1709029
1709420
1709421
1709422
1709423
1371960
1371961
1371962
1371963
1371964
1371965
1371966
1371967
1371968
1371969
1372500
1372501
1372502
1372503
1372504
1372505
1372506
1372507
1372508
1372509
1375155
1375156
1375157
1375158
1375159
1379075
1379076
1379077
1379078
1379079
1379450
1379451
1379452
1379453
1379454
1379455
1379456
1379457
1379458
1379459
1471466
1471497
1471528
1471552
1471571
1471572
1471582
1471583
1477622
1477816
1477831
1477833
1477853
1477876
1477882
1477884
1880262
1880265
1880266
1880752
1880761
1881327
1881330
1881348
1881350
1881351
1881352
1881370
1881385
1881401
1881402
1881403
1881404
1881405
1881434
1881677
1881866
1881867
1881963
1881964
1881965
1881966
1881967
1881968
1881969
1881998
1881999
1882038
1882039
1882360
1882361
1882362
1882363
1882364
1882365
1882485
1882486
1882487
1882545
1882546
1882547
1882993
1882994
1882995
1882997
1889889
1750752
1752020
1752021
1752022
1752023
1756521
1756522
1756524
1756525
1756526
1756527
1756528
1756529
1757527
1757528
1757661
1758840
1758841
1758842
1758843
1758844
1758845
1758846
1520752
1521756
1521757
1521758
1521759
1521780
1521781
1521782
1521783
1521784
1521798
1521799
1521998
1522056
1522057
1522058
1522059
1522060
1522061
1522062
1522063
1522064
1522065
1522066
1522067
1522068
1522069
1522070
1522071
1522072
1522073
1522074
1810752
1812259
1812449
1812499
1812771
1812772
1812773
1812774
1812775
1812776
1812777
1812778
1812779
1812950
1812951
1812952
1812953
1812954
1812955
1812956
1812957
1812958
1812959
1812960
1812961
1812962
1812963
1812964
1812965
1812966
1812967
1812968
1812969
1812970
1812971
1812972
1812973
1812974
1812975
1812976
1812977
1814448
1814449
1814460
1814461
1814462
1814463
1814464
1814465
1814466
1814889
1816990
1816991
1816992
1816993
1816994
1816995
1816996
1816997
1816998
1816999
1818875
1818876
1818877
1818878
1818879
1819840
1819841
1819842
1819843
1819844
1819845
1819846
1819847
1819848
1819849
1819871
1819872
1819873
1819874
1819875
1819876
1671752
1672752
1673752
1390262
1390265
1390266
1392360
1392361
1392362
1392363
1392364
1392365
1392473
1392474
1392730
1392731
1392732
1392733
1392734
1392735
1392736
1392737
1392738
1392739
1392830
1392831
1392832
1392833
1392834
1392835
1392836
1392837
1392838
1392839
1860752
1866520
1866521
1866522
1866523
1866524
1866525
1866526
1866527
1866528
1866529
1866660
1867520
1867521
1867522
1867523
1867524
1867525
1867526
1867527
1867528
1867529
1867577
1867578
1867608
1868830
1868831
1868832
1868833
1868834
1300570
1300571
1300572
1300573
1300574
1300575
1301057
1301840
1301841
1301842
1301843
1301844
1301845
1301846
1302570
1302571
1302572
1302573
1302574
1302575
1304870
1304871
1304872
1304873
1304874
1304875
1304876
1304877
1305950
1305951
1305952
1305953
1305954
1305955
1305956
1306820
1306821
1306822
1306823
1306824
1306825
1306826
1306827
1306828
1306829
1307520
1307521
1307522
1307523
1307524
1307525
1307526
1307527
1307528
1307529
1726615
1452945
1452946
1452947
1453916
1453917
1453947
1453948
1453949
1454665
1454695
1454809
1454824
1457911
1457912
1457913
1458752
1459080
1459081
1459082
1459083
1459084
1459085
1459086
1459087
1459088
1459089
1350017
1350018
1350220
1350221
1350222
1350223
1350225
1350226
1350227
1350228
1350229
1350242
1350243
1350257
1350907
1350908
1351665
1351666
1351667
1351668
1351669
1352800
1352801
1352802
1352803
1352804
1352805
1352806
1352807
1352808
1352809
1353160
1353161
1353162
1353163
1353164
1353165
1353166
1353167
1353168
1353169
1353170
1353171
1353172
1353173
1353174
1353210
1353211
1353212
1353213
1353214
1353215
1353216
1353217
1353218
1353219
1353625
1353626
1353627
1353628
1353629
1353630
1353631
1353632
1353633
1353634
1353920
1353921
1353922
1353923
1353924
1354270
1354271
1354272
1354273
1354274
1354275
1354276
1354277
1354278
1354279
1355340
1355341
1355342
1355343
1355344
1355620
1355621
1355622
1355623
1355624
1355625
1355626
1355627
1355628
1355629
1770752
1771888
1771889
1772290
1772291
1772292
1772293
1772294
1772295
1772296
1772406
1772445
1772573
1772583
1772593
1772721
1772722
1772723
1772724
1772725
1772726
1772727
1772728
1772729
1772827
1772850
1772851
1772852
1772860
1772861
1772883
1772887
1779625
1779626
1779627
1779628
1779629
1590752
1591385
1591386
1591387
1591388
1591389
1591635
1591636
1591637
1591638
1591639
1591640
1591641
1591775
1591776
1591777
1591778
1591779
1591935
1591936
1591937
1591938
1591939
1597610
1597611
1597612
1597613
1597614
1597615
1597616
1597617
1597618
1597619
1597620
1597621
1597622
1597623
1597624
1598650
1598651
1598652
1598653
1598654
1598655
1598656
1598657
1598658
1598659
1598695
1598696
1598697
1598698
1598699
1830008
1830752
1831226
1831254
1831631
1831632
1831633
1831635
1831636
1831637
1831638
1831639
1831640
1831641
1831828
1831882
1831890
1831891
1831892
1831959
1831960
1831961
1831962
1831963
1831985
1831992
1832020
1832045
1834407
1834428
1834435
1834436
1834439
1500752
1501397
1501398
1501399
1501494
1501495
1501496
1501497
1501600
1501601
1501602
1501603
1501604
1501605
1501606
1501607
1501608
1501609
1501747
1501748
1501749
1501806
1501807
1501808
1501809
1501860
1501861
1501862
1501863
1501864
1501865
1501866
1501867
1501868
1501869
1501887
1501888
1501980
1501981
1501982
1508920
1508921
1508922
1508923
1508924
1508925
1508926
1508927
1508928
1508929
1508930
1508931
1508932
1508933
1508934
1530752
1532213
1532214
1532306
1532307
1532308
1532309
1533820
1533821
1534745
1534746
1534747
1536010
1536011
1536012
1536013
1536014
1536015
1536016
1536017
1536018
1536019
1536090
1536091
1536092
1536093
1536094
1536095
1536096
1536097
1536098
1536099
1536345
1536346
1536347
1536348
1536349
1536385
1536386
1536387
1536388
1536389
1800099
1800300
1800301
1800302
1800303
1800304
1800305
1800306
1800307
1800308
1800309
1800752
1802482
1802483
1802645
1802646
1802647
1802648
1802649
1802650
1802651
1802652
1802653
1802654
1802655
1802656
1802657
1802658
1802659
1802660
1802661
1802662
1802663
1802664
1802665
1802666
1802667
1802668
1802669
1802845
1802846
1802847
1802848
1802849
1802997
1802998
1802999
1808880
1890262
1890265
1890266
1892360
1892361
1892362
1892363
1892364
1892365
1892473
1892474
1892730
1892731
1892732
1892733
1892734
1892735
1892736
1892737
1892738
1892739
1892830
1892831
1892832
1892833
1892834
1892835
1892836
1892837
1892838
1892839
1893323
1893324
1893325
1893326
1893327
1893328
1893347
1893350
1893351
1893352
1893353
1893354
1893355
1893356
1893357
1893358
1893359
1894820
1894821
1894822
1894823
1894824
1894825
1894826
1894827
1894828
1894829
1894855
1894856
1894857
1894858
1894859
1899810
1899811
1899812
1899813
1950085
1950086
1952752
1953594
1957806
1360010
1361040
1361041
1361042
1361043
1361044
1362048
1362049
1362278
1362279
1362299
1363190
1363191
1363192
1363193
1363194
1363195
1363196
1363197
1363198
1363199
1365275
1365276
1365277
1365278
1365279
1366950
1366951
1366952
1366953
1366954
1366955
1366956
1366957
1366958
1366959
1368070
1368071
1368072
1368073
1368074
1368075
1368076
1368077
1368078
1368079
1368080
1368081
1368082
1368083
1368084
1368085
1368086
1368087
1368088
1368089
1369270
1369271
1369272
1369273
1369274
1369275
1369276
1369277
1369278
1369279
1369280
1369281
1369282
1369283
1369284
1369285
1369286
1369287
1369288
1369289
1712075
1712076
1712077
1713752
1714848
1715752
1715885
1716752
1716883
1716885
1716887
1716889
1716960
1716961
1716962
1716963
1716965
1716967
1716968
1716990
1716991
1716992
1716993
1716994
1716995
1716997
1716998
1717030
1717034
1717040
1717041
1717042
1717752
1717966
1718044
1718068
1718069
1718484
1718752
1718753
1718761
1718762
1718763
1718767
1719040
1719484
1719752
1330262
1330265
1330266
1331633
1331634
1331635
1331636
1331637
1331638
1331639
1331677
1331678
1331679
1332262
1332264
1335260
1335261
1335262
1335263
1335264
1335265
1335266
1335267
1335268
1335269
1335277
1335278
1335279
1336040
1336041
1336042
1336083
1336084
1336085
1336086
1336087
1336088
1336089
1337752
1338065
1338066
1338067
1338068
1338069
1339200
1339201
1339202
1339203
1339204
1339255
1339256
1780651
1781167
1781170
1781171
1781716
1781725
1781747
1781752
1781759
1781775
1781784
1781838
1781846
1781874
1781889
1781894
1781903
1781921
1781949
1781950
1781951
1781952
1781953
1781954
1782076
1782077
1782700
1782763
1782767
1782768
1783370
1783371
1783372
1783373
1783374
1783375
1783376
1783377
1783378
1783379
1784681
1784682
1784683
1784685
1784686
1787520
1787529
1787610
1787695
1788069
1788864
1789654
1850752
1851200
1851201
1851202
1851203
1851204
1851205
1851206
1851207
1851208
1851209
1857520
1857521
1857522
1857523
1857524
1857525
1857526
1857527
1560262
1560265
1560266
1562730
1562731
1562732
1562733
1562734
1562735
1562736
1562737
1562738
1562739
1566040
1566041
1566042
1566043
1569752
1990250
1990251
1990252
1990253
1990254
