1703450
1703451
1703452
1703453
1707860
1707861
1707862
1707863
1707864
1707865
1910874
1914303
1914310
1914314
1914317
1914323
1914324
1916914
1916915
1916916
1918740
1918741
1918742
1918743
1918744
1918745
1918746
1918747
1918748
1918749
1918837
1918838
1918839
1918842
1918843
1918844
1918870
1918871
1918872
1918873
1918874
1918875
1918876
1918877
1918878
1918879
1320874
1321187
1321188
1321189
1323862
1323864
1323874
1327873
1327874
1327875
1327876
1327877
1327878
1327879
1570874
1571874
1572180
1572181
1572182
1575208
1575209
1575210
1575211
1575212
1575213
1575214
1575215
1575216
1575217
1575218
1575219
1575220
1575221
1575222
1575223
1575224
1579874
1579880
1579881
1840874
1846902
1846903
1846904
1846905
1846906
1846907
1846908
1846909
1848740
1848741
1848742
1848743
1848744
1848745
1848746
1848747
1848748
1980699
1980874
1981100
1981125
1981126
1981127
1981128
1981129
1981313
1986929
1986930
1986931
1986932
1986933
1986934
1986935
1986936
1986937
1988740
1988741
1988742
1988743
1988744
1988745
1988746
1988747
1988748
1988749
1810874
1810884
1816465
1818290
1818291
1818292
1818293
1818294
1818296
1818297
1818299
1818356
1818357
1818358
1818359
1818366
1818370
1818374
1818393
1818713
1818723
1818740
1818741
1818742
1818743
1818744
1818745
1818746
1818779
1818784
1520874
1528723
1528724
1528729
1528740
1528741
1528742
1528743
1528744
1528745
1528746
1528747
1528748
1528749
1528780
1528781
1528782
1528783
1528784
1528785
1528786
1528787
1528788
1528789
1528790
1528791
1528792
1528793
1528794
1528795
1528796
1528797
1528798
1528799
1528800
1528801
1528802
1528803
1528804
1528805
1528806
1528807
1528808
1528809
1750874
1758413
1758416
1758418
1758700
1758724
1758730
1758738
1758796
1880874
1881234
1881235
1881236
1881237
1881238
1881239
1886988
1888740
1888741
1888742
1888743
1888744
1888745
1888746
1888747
1888748
1888749
1888798
1888799
1889598
1470874
1470885
1473640
1473641
1473642
1478714
1478740
1478741
1478742
1478743
1478744
1370868
1370874
1373270
1373271
1373272
1373273
1373274
1373275
1373276
1373277
1373278
1373279
1376950
1376951
1376952
1376953
1376954
1376955
1376956
1376957
1376958
1376959
1376965
1376966
1376967
1376968
1376969
1376970
1376971
1376972
1376973
1376974
1376975
1376976
1376977
1376978
1376979
1376980
1376981
1376982
1376983
1376984
1376985
1376986
1376987
1376988
1376989
1340870
1340871
1340872
1340873
1340874
1340875
1340876
1340877
1340878
1340879
1346600
1346601
1346602
1346603
1346604
1346605
1346606
1346607
1346608
1346609
1346610
1346611
1346612
1580874
1582502
1582503
1582504
1582505
1582506
1582507
1582508
1582509
1582510
1582511
1587780
1587781
1587782
1587783
1587784
1587785
1587786
1587787
1587788
1587789
1588740
1588741
1588742
1588743
1588744
1588745
1588746
1588747
1588748
1588749
1588790
1588791
1588792
1588793
1588794
1588795
1588796
1588797
1589187
1589188
1760874
1760889
1768714
1768716
1510865
1510866
1510867
1510868
1510869
1518740
1518741
1518742
1518743
1518744
1518745
1518746
1518747
1518748
1518749
1518780
1518781
1518782
1518783
1518784
1518785
1518786
1518787
1518788
1518789
1518790
1518791
1518792
1518793
1518794
1518795
1518796
1518797
1518798
1518799
1518800
1518801
1518802
1518803
1518804
1518805
1518806
1518807
1518808
1518809
1518810
1518811
1518812
1518813
1518814
1821314
1821315
1821316
1821317
1821318
1821319
1821370
1821371
1821372
1821373
1821374
1821375
1821376
1821377
1821378
1821379
1821440
1821441
1821442
1821443
1821444
1821445
1821446
1821447
1821448
1821449
1828740
1828741
1828742
1828743
1828744
1828745
1828746
1828747
1828748
1828749
1828840
1828841
1828842
1828843
1828844
1828845
1828846
1828847
1828848
1828849
1380874
1388714
1388715
1388716
1388717
1388718
1388719
1388740
1388741
1388742
1388743
1388744
1388745
1388746
1388747
1388748
1388749
1660874
1668708
1668714
1668715
1668716
1668717
1668731
1668734
1668735
1668736
1668737
1668738
1870874
1872544
1872545
1872546
1872547
1872548
1878740
1878741
1878742
1878743
1310863
1310874
1311411
1311874
1315053
1315054
1315055
1317070
1317071
1317072
1318745
1318776
1318777
1318778
1730874
1738742
1738745
1738746
1738747
1360874
1361874
1361884
1361944
1362874
1364874
1364965
1364966
1365874
1890874
1898740
1898741
1898742
1898743
1898744
1800874
1808740
1808741
1808746
1808747
1808748
1808749
1530874
1533157
1533158
1533159
1533443
1533444
1533445
1534874
1536838
1536839
1536840
1536841
1536842
1536843
1536844
1536845
1536846
1536874
1538874
1538875
1538876
1539137
1539142
1539143
1539149
1539384
1539399
1539493
1539874
1990874
1991273
1991276
1991283
1991286
1991290
1991291
1991296
1994874
1994884
1994888
1998740
1998741
1998742
1998743
1998744
1998745
1998746
1998747
1998748
1998749
1998789
1998795
1998796
1999584
1560874
1568740
1568741
1568742
1568743
1568744
1568745
1568746
1568747
1568748
1568749
1569709
1850872
1850874
1858727
1858930
1858933
1858938
1859315
1859317
1859318
1859319
1780690
1780691
1780692
1780693
1780694
1780695
1780696
1780697
1780698
1780699
1780874
1784229
1784230
1784231
1784232
1784233
1784234
1786990
1787430
1787431
1787432
1330874
1331262
1331263
1332057
1332490
1332491
1333057
1335468
1336874
1337874
1338874
1339874
1713874
1715708
1715874
1716470
1716471
1716472
1716473
1716474
1716874
1717874
1718704
1719704
1719803
1719806
1719807
1719874
1300863
1301334
1301345
1301346
1303867
1303868
1308747
1309431
1309527
1309746
1309747
1309986
1309987
1860874
1860889
1868744
1868745
1868746
1868747
1868748
1868749
1550874
1550882
1555995
1555996
1555997
1555998
1555999
1390874
1398740
1398741
1398742
1398743
1398744
1398745
1398746
1398747
1398748
1398749
1398890
1398891
1398892
1398893
1398894
1398895
1398896
1398897
1398898
1398899
1501220
1501221
1508740
1508741
1508742
1508743
1508744
1508745
1508746
1508747
1508748
1508749
1830874
1830880
1830881
1830882
1831344
1831350
1831351
1831352
1831353
1831354
1831355
1831356
1831357
1831358
1831359
1831360
1831361
1831362
1831363
1831364
1831365
1831366
1831367
1831368
1831424
1838740
1838741
1838742
1838743
1838744
1838745
1838746
1838747
1838748
1838749
1838830
1838831
1838832
1838833
1838834
1838835
1838836
1838837
1838838
1838850
1838851
1838852
1838853
1838854
1838855
1838856
1838857
1838858
1838859
1838886
1590874
1591140
1591141
1591142
1591143
1591144
1591145
1591146
1591147
1591148
1591192
1591193
1591194
1591195
1591196
1591197
1591198
1591199
1591200
1591201
1591202
1591203
1591204
1591205
1591206
1591207
1591208
1591209
1592470
1592471
1592472
1592473
1592474
1592475
1592476
1592477
1592478
1592479
1592480
1592481
1592482
1592483
1592484
1592485
1592486
1592487
1592488
1592489
1592490
1592491
1592492
1592493
1592494
1592495
1592496
1592497
1592498
1592499
1596910
1596911
1596912
1596913
1596914
1597450
1597451
1597452
1597453
1597454
1597455
1597456
1597457
1597458
1597459
1597460
1597461
1597462
1597463
1597464
1597465
1597466
1597467
1597468
1597469
1598740
1598741
1598742
1598743
1598744
1598745
1598746
1598747
1598748
1598749
1770874
1778740
1778741
1778779
1778790
1350874
1350881
1350884
1352956
1352957
1352958
1352959
1352974
1352985
1352986
1352987
1352988
1352989
1357735
1357736
1357737
1357738
1357739
1357740
1357741
1357742
1357743
1357744
1357745
1357746
1357747
1357748
1357749
1452889
1453895
1453896
1453897
1453898
1453899
1454647
