1669350
1669351
1669352
1669353
1311935
1311948
1313935
1313945
1315015
1315016
1319592
1319593
1733994
1733995
1759334
1759335
1759336
1759337
1759338
1759339
1759350
1759351
1759352
1759353
1320935
1323945
1329935
1329936
1910935
1919352
1919353
1919355
1919356
1919357
1919358
1919359
1981594
1989350
1989351
1989352
1989353
1989354
1989355
1989356
1989357
1989358
1989359
1989414
1989415
1989416
1650935
1771873
1771874
1771875
1774582
1774586
1452845
1939350
1939351
1939352
1939353
1939354
1939355
1939356
1939357
1939358
1939359
1939543
1301413
1301415
1301416
1301417
1307933
1307935
1307937
1307939
1308595
1559350
1559351
1559352
1559353
1559354
1559355
1559356
1860935
1869350
1869351
1869352
1869353
1869354
1990935
1995905
1995906
1996850
1996851
1996852
1996853
1996854
1999350
1999351
1999352
1999353
1999354
1999355
1783435
1784885
1788085
1560935
1569350
1569351
1569352
1569354
1569358
1569359
1330935
1332135
1335935
1336940
1338935
1339935
1530935
1530949
1533935
1533940
1533975
1534675
1534805
1534935
1535211
1535212
