1700038
1700039
1700357
1700358
1700359
1701835
1701836
1701837
1703936
1703937
1703938
1703939
1703940
1320347
1320357
1320986
1322357
1322368
1323306
1323307
1323308
1323309
1323310
1323311
1323312
1323347
1323357
1328357
1329357
1329377
1329387
1329396
1329457
1329468
1910357
1913570
1840357
1840641
1840642
1840643
1840644
1843405
1843406
1843407
1843478
1843479
1843480
1843481
1843482
1843483
1843484
1843485
1843570
1843571
1843572
1843573
1843574
1843575
1843576
1843577
1843578
1843579
1570347
1570357
1571357
1572167
1573570
1573573
1573574
1573575
1573576
1573577
1573578
1573579
1650357
1650785
1651591
1651597
1652860
1652867
1653357
1653529
1653570
1653574
1653578
1655997
1656148
1656357
1657357
1657623
1980347
1980357
1981541
1983428
1983429
1983430
1983431
1983467
1983468
1983469
1983474
1983486
1983487
1983498
1983500
1983501
1988857
1520347
1520357
1523470
1523471
1523472
1523570
1523571
1523572
1523573
1523574
1523575
1523576
1523577
1523578
1523579
1529667
1810347
1810357
1813498
1813523
1880347
1880357
1883420
1883421
1883422
1883423
1883424
1883425
1883426
1883427
1883428
1883429
1883470
1883471
1883472
1883473
1883474
1883475
1883476
1883477
1883478
1883479
1883570
1883571
1883572
1883573
1883574
1883575
1883576
1883577
1883578
1883579
1750347
1750357
1753570
1753571
1753572
1753573
1753574
1753575
1753576
1753577
1753578
1753579
1753610
1753611
1753612
1753619
1753620
1753621
1753622
1753623
1753624
1753625
1753626
1753627
1753628
1370057
1370058
1370355
1370357
1373405
1373406
1373407
1373408
1373409
1373410
1373411
1373412
1373413
1373414
1375351
1375352
1375353
1375354
1375355
1375356
1375357
1375358
1375370
1375371
1375372
1375373
1375374
1375375
1375376
1375377
1375378
1375379
1375495
1375496
1375497
1375498
1375499
1470347
1470357
1471791
1471792
1473570
1473577
1473578
1473579
1479736
1479737
1479738
1479739
1479740
1340347
1340357
1345348
1345349
1345365
1345366
1345367
1345368
1345369
1345370
1345371
1345372
1345373
1345374
1345375
1345376
1345377
1345378
1345379
1346710
1346711
1346712
1346713
1346714
1346715
1346716
1346717
1346718
1346719
1760347
1760357
1763410
1763411
1763412
1763413
1763414
1763415
1763416
1763417
1763524
1763525
1763526
1763527
1763528
1763619
1763620
1763621
1763622
1763623
1763624
1763625
1763626
1763627
1763628
1764681
1769614
1769618
1769628
1580357
1583570
1583571
1583572
1583573
1583574
1583575
1583576
1583577
1583578
1583579
1820347
1820357
1823470
1823471
1823472
1823473
1823474
1823475
1823476
1823477
1823478
1823479
1823570
1823571
1823572
1823573
1823574
1823575
1823576
1823577
1823578
1823579
1510347
1510357
1513530
1513531
1513532
1513533
1513534
1513535
1513536
1513537
1513538
1513539
1513570
1513571
1513572
1513573
1513574
1513575
1513576
1513577
1513578
1513579
1660357
1663440
1663441
1663442
1663443
1663444
1663507
1663570
1663571
1663572
1663573
1663574
1663575
1663576
1663577
1663578
1663579
1663617
1663633
1663634
1663635
1663636
1663637
1663638
1663639
1663670
1663671
1663672
1663673
1663674
1663675
1663676
1663677
1663678
1663679
1665650
1665651
1665652
1665653
1665654
1665655
1665656
1665657
1665658
1665659
1383407
1383417
1383433
1383434
1383487
1383488
1383489
1383536
1383537
1383538
1383539
1383570
1383571
1383572
1383573
1383574
1383575
1383576
1383577
1383578
1383579
1870347
1870357
1873470
1873471
1873472
1873473
1873474
1873475
1873476
1873477
1873478
1873479
1873570
1873571
1873572
1873573
1873574
1873575
1873576
1873577
1873578
1873579
1873594
1873595
1310007
1310017
1310347
1310357
1311111
1311117
1311127
1313307
1313317
1313318
1313326
1313327
1313347
1313467
1315277
1315280
1315287
1315297
1319111
1319117
1319127
1730357
1733507
1733514
1733518
1733587
1360357
1361061
1361067
1361068
1361357
1362068
1362343
1362357
1362368
1363343
1363357
1364343
1364357
1364368
1365343
1365357
1365361
1365369
1366347
1366348
1366357
1366367
1890347
1890357
1893504
1893505
1893537
1893538
1893539
1530347
1530357
1533307
1533308
1533347
1533348
1533357
1533367
1534089
1534090
1534091
1534092
1534357
1536457
1536467
1536477
1536487
1536497
1538347
1538357
1538367
1538677
1538687
1538697
1538857
1539257
1800347
1800357
1803570
1803571
1803572
1803573
1803574
1803575
1803576
1803577
1803578
1803579
1990347
1990357
1993570
1993571
1993572
1993573
1780357
1783505
1783506
1783507
1783508
1783509
1783533
1783550
1783551
1783577
1783578
1783579
1783590
1783591
1783592
1783593
1783594
1783595
1783596
1783614
1783615
1783634
1783636
1783654
1783655
1783656
1783684
1783685
1783686
1786729
1789787
1850357
1853409
1853413
1853414
1853415
1853416
1853435
1853436
1853447
1853570
1853571
1853572
1853573
1853574
1853575
1853576
1853577
1853578
1853579
1853600
1853601
1853602
1853603
1853604
1853605
1853606
1853607
1853608
1853609
1853670
1853671
1853672
1853673
1853674
1853675
1853676
1560347
1560357
1563570
1563571
1563572
1563573
1563574
1563575
1563576
1563577
1563578
1563579
1569848
1569849
1569854
1569862
1330347
1330357
1331347
1331357
1332747
1332757
1333347
1333357
1335347
1335357
1336347
1336357
1338347
1338357
1339347
1339357
1711820
1300802
1300803
1301532
1301542
1302802
1302803
1303342
1303802
1306802
1308037
1309652
1309662
1309664
1309752
1309762
1309902
1550357
1551357
1551390
1552590
1552591
1552592
1552593
1552594
1552595
1552596
1552597
1553470
1553471
1553472
1553473
1553474
1553475
1553476
1553477
1553478
1553479
1553570
1553571
1553572
1553573
1553574
1553575
1553576
1553577
1553578
1553579
1553670
1553671
1553672
1553673
1553674
1553675
1553676
1553677
1553678
1553679
1558236
1558237
1558238
1558239
1558247
1558266
1558267
1558268
1558269
1558270
1558271
1558272
1558273
1558274
1860357
1861357
1863447
1863457
1863467
1863470
1863471
1863472
1863473
1863479
1863547
1863570
1863571
1863572
1863573
1863574
1863575
1863576
1863577
1863578
1863670
1863671
1863672
1863673
1863674
1863675
1863676
1863677
1863678
1863679
1864936
1864937
1864957
1671357
1672357
1673357
1674357
1390347
1390357
1393407
1393417
1393433
1393434
1393467
1393468
1393469
1393470
1393471
1393472
1393570
1393571
1393572
1393573
1393574
1393575
1393576
1393577
1393578
1393579
1399400
1399401
1399402
1399403
1399404
1399475
1399476
1399477
1399478
1399479
1830347
1830357
1833570
1833571
1833572
1833573
1833574
1833575
1833576
1833577
1833578
1833579
1500347
1500357
1503430
1503431
1503432
1503433
1503434
1503435
1503436
1503437
1503438
1503439
1503570
1503571
1503572
1503573
1503574
1503575
1503576
1503577
1503578
1503579
1623568
1623569
1623570
1623571
1770347
1770357
1773570
1773571
1773572
1773573
1773576
1773577
1773578
1590347
1590357
1593450
1593451
1593452
1593453
1593454
1593455
1593456
1593457
1593458
1593459
1593532
1593533
1593534
1593535
1593536
1593570
1593571
1593572
1593573
1593574
1593575
1593576
1593577
1593578
1593579
1450170
1450171
1450172
1450173
1450174
1450175
1450176
1452277
1452287
1452298
1453278
1454187
1454197
1350357
1350977
1351357
1351365
1354617
1354618
1354652
1354653
1354654
1354655
1354656
1354657
1359350
1359351
1359352
1359353
1359354
