1360414
1361414
1361424
1361494
1362414
1364414
1890414
1890424
1890494
1894040
1894041
1894042
1894043
1894044
1894045
1894046
1894047
1894048
1894049
1894140
1894141
1894142
1894143
1894144
1894145
1894146
1894147
1894148
1894149
1530414
1530425
1530428
1530496
1532620
1533086
1533087
1800404
1800414
1800424
1800494
1804140
1804141
1804142
1804143
1804144
1804145
1804146
1804147
1804148
1804149
1990414
1990490
1780414
1782414
1782426
1782448
1782449
1782450
1784598
1784599
1784600
1784793
1789624
1850414
1852414
1560414
1560424
1560494
1564140
1564141
1564142
1564143
1564144
1564145
1564146
1564147
1564148
1564149
1566340
1566341
1569414
1569424
1569895
1569896
1330414
1330424
1330494
1331414
1332214
1332215
1332414
1332424
1333214
1333215
1334214
1334215
1335214
1335215
1335414
1335889
1336414
1337288
1337289
1338414
1338424
1338670
1339017
1339018
1339019
1339035
1339044
1339414
1712640
1712641
1712642
1712643
1712644
1712645
1712646
1712647
1712648
1712649
1720255
1720256
1720257
1720258
1720259
1300092
1300922
1300923
1301967
1301968
1302922
1302923
1303072
1303073
1304265
1305020
1305021
1305022
1305023
1305024
1305025
1305026
1305027
1305028
1305029
1308135
1308136
1308137
1308138
1308139
1550414
1860414
1860424
1862414
1862424
1864140
1864141
1864142
1864143
1864144
1864145
1864146
1864147
1864148
1864149
1864240
1864241
1864242
1864245
1864246
1864247
1864248
1864249
1671413
1673090
1390414
1390424
1390494
1394140
1394141
1394142
1394143
1394144
1394145
1394146
1394147
1394148
1394149
1394240
1394241
1394242
1394243
1394244
1394245
1394246
1394247
1394248
1394249
1830414
1830980
1834040
1834041
1834042
1834043
1834044
1834045
1834046
1834047
1834048
1834049
1834140
1834141
1834142
1834143
1834144
1834145
1834146
1834147
1834148
1834149
1500414
1504068
1504069
1504140
1504141
1504142
1504143
1504144
1504145
1504146
1504147
1504148
1504149
1508425
1508426
1508427
1508428
1508429
1770414
1774140
1774141
1774144
1774145
1774146
1779082
1590414
1594140
1594141
1594142
1594143
1594144
1594145
1594146
1594147
1594148
1594149
1450414
1450489
1450490
1450491
1452414
1452424
1453357
1454295
1350044
1350414
1351414
1704680
1704681
1704682
1704683
1704684
1704685
1704686
1704687
1704688
1704689
1320414
1320426
1320428
1321414
1322414
1323414
1323668
1323669
1323820
1323822
1327414
1328414
1910414
1840414
1840620
1840621
1840622
1842440
1842441
1842442
1842443
1842445
1842446
1842447
1842448
1842449
1570414
1571414
1571424
1572440
1572441
1650211
1650362
1650414
1650494
1650894
1651321
1651414
1652414
1653414
1653814
1655021
1980414
1981371
1982414
1982443
1982444
1982445
1982469
1982470
1982471
1982472
1524140
1524141
1524142
1524143
1524144
1524190
1524191
1524192
1524193
1524194
1810404
1810414
1810424
1810494
1880414
1884140
1884141
1884142
1884143
1884144
1884145
1884146
1884147
1884148
1884149
1750414
1750424
1752414
1754140
1754141
1754142
1754143
1754144
1754145
1754146
1754147
1754148
1754149
1370014
1370414
1370424
1374140
1374141
1374142
1374143
1374144
1374145
1374146
1374147
1374148
1374149
1374240
1374241
1374242
1374243
1374244
1374245
1374246
1374247
1374248
1374249
1470414
1470424
1347050
1760414
1760424
1761414
1761424
1762414
1764045
1580414
1584140
1584141
1584142
1584143
1584144
1584145
1584146
1584147
1584148
1584149
1820414
1824140
1824141
1824142
1824143
1824144
1824145
1824146
1824147
1824148
1824149
1510414
1513414
1514140
1514141
1514142
1514143
1514144
1517400
1517401
1517402
1517403
1517404
1517410
1517411
1517412
1517413
1517414
1660414
1660424
1662414
1664140
1664141
1664142
1664143
1664144
1664145
1664146
1664147
1664148
1664149
1380414
1384140
1384141
1384142
1384143
1384144
1384145
1384146
1384147
1384148
1384149
1384240
1384241
1384242
1384243
1384244
1384245
1384246
1384247
1384248
1384249
1389820
1870414
1874010
1874011
1874012
1874013
1874014
1874140
1874141
1874142
1874143
1874144
1874145
1874146
1874147
1874148
1874149
1310414
1310424
1312414
1312553
1312554
1312555
1313010
1313011
1313012
1313013
1313014
1313038
1313039
1313414
1315414
1318820
1318821
1318822
1318823
1318824
1319045
1319046
1319047
1319048
1319049
1319414
1730414
1734114
