1360990
1360991
1360992
1360993
1360995
1360996
1360997
1360998
1360999
1361990
1361991
1361992
1361993
1361994
1362990
1362991
1362992
1362993
1362994
1363990
1363991
1363992
1363993
1363994
1363995
1363996
1363997
1365990
1365991
1365992
1365993
1365994
1365995
1365996
1365997
1365998
1365999
1366990
1366991
1366992
1366993
1366994
1366995
1366996
1366997
1366998
1366999
1369935
1369936
1369937
1369938
1369939
1369995
1369996
1369997
1369998
1369999
1890991
1890992
1893590
1893591
1893592
1893593
1893594
1893599
1896380
1896381
1896386
1899790
1899791
1899792
1899793
1899794
1899795
1899796
1899797
1899798
1899799
1899910
1899911
1899912
1899913
1899914
1899915
1899916
1899917
1899918
1899919
1899920
1899921
1899922
1899923
1899924
1899925
1899926
1899927
1899928
1899929
1899940
1899941
1899942
1899980
1899981
1899982
1899983
1899984
1899985
1899986
1899987
1899988
1899989
1899990
1899991
1899992
1899993
1899994
1899995
1899996
1899997
1899998
1899999
1800991
1801682
1801683
1801684
1801685
1801686
1801687
1801688
1801689
1803488
1804075
1804076
1804077
1804078
1804079
1804081
1804082
1804090
1804091
1804092
1808287
1808288
1808289
1809487
1809490
1809491
1809492
1809595
1809596
1809599
1809760
1809761
1809762
1809763
1809764
1809765
1809766
1809767
1809768
1809769
1809776
1809778
1809910
1809911
1809912
1809913
1809914
1809915
1809916
1809917
1809918
1809919
1809920
1809921
1809922
1809923
1809924
1809925
1809926
1809927
1809947
1809948
1809960
1809961
1809962
1809963
1809964
1809966
1809967
1809968
1809969
1809991
1530991
1533793
1534991
1534993
1534998
1534999
1535250
1535251
1535262
1535271
1538991
1990991
1991524
1991525
1991526
1994580
1994581
1994582
1994583
1994584
1994585
1999010
1999011
1999012
1999013
1999014
1999015
1999020
1999021
1999030
1999031
1999034
1999040
1999041
1999060
1999061
1999062
1999080
1999081
1999082
1999678
1999910
1999911
1999912
1999920
1999921
1999949
1560991
1569910
1569911
1569912
1569913
1569914
1569915
1569916
1569917
1569918
1569919
1569920
1569921
1569922
1780991
1784445
1786754
1786755
1788110
1788111
1788112
1788113
1788114
1788115
1788116
1788117
1788118
1788119
1788152
1788153
1788162
1788163
1789236
1789237
1789238
1789239
1789240
1789991
1850991
1859047
1859048
1859900
1859901
1859902
1859903
1859904
1859905
1859906
1859907
1859908
1859909
1859910
1859911
1859912
1859913
1859914
1859915
1859916
1859917
1859918
1859919
1859921
1859934
1859941
1859943
1859944
1859945
1859966
1330991
1331904
1331980
1331981
1331982
1331983
1331984
1331985
1331986
1331987
1331988
1331989
1331991
1332553
1332554
1332555
1332556
1332557
1332558
1332559
1332560
1332561
1332562
1332563
1332564
1334544
1336476
1336477
1336478
1336479
1336960
1336961
1336962
1336963
1336964
1336965
1336966
1336967
1336968
1336969
1336991
1337977
1337978
1337979
1339491
1339991
1718440
1718441
1718442
1718443
1718444
1718445
1718446
1718447
1718448
1718449
1300096
1300961
1300962
1300963
1300964
1300965
1300966
1300967
1300968
1300969
1301096
1302964
1302965
1302966
1302967
1303943
1303944
1303945
1303946
1303947
1303948
1303949
1307040
1307041
1307042
1307043
1307044
1307045
1307990
1307991
1307992
1307993
1307994
1307995
1307996
1307997
1307998
1307999
1309500
1309501
1309502
1309503
1309518
1860900
1860991
1869013
1869014
1869015
1869016
1869017
1869018
1869019
1869021
1869023
1869025
1869026
1869027
1869028
1869029
1869031
1869032
1869058
1869062
1869063
1869078
1869081
1869082
1869088
1869089
1869096
1869097
1869098
1869099
1869905
1869906
1869907
1869908
1869909
1869910
1869911
1869912
1869913
1869914
1869915
1869916
1869917
1869918
1869919
1869957
1550991
1390000
1390991
1390992
1399910
1399911
1399912
1399913
1399914
1399915
1399916
1399917
1399918
1399919
1399920
1399921
1399922
1399923
1399924
1399925
1399926
1399927
1399928
1399929
1399940
1399941
1399942
1399980
1399981
1399982
1399983
1399984
1399985
1399986
1399987
1399988
1399989
1399990
1399991
1399992
1399993
1399994
1399995
1399996
1399997
1399998
1399999
1500900
1500901
1500991
1502290
1502291
1502292
1502293
1502294
1502295
1502296
1502297
1502298
1502299
1502600
1502601
1502602
1502603
1502604
1502605
1502606
1502607
1502608
1502609
1509903
1509904
1509905
1509906
1509907
1509908
1509909
1509910
1509911
1509912
1509913
1509914
1509915
1509916
1509917
1509918
1509919
1509932
1509933
1509934
1509935
1509936
1509937
1509950
1509951
1509952
1509953
1509954
1509955
1509956
1509957
1509958
1509959
1509960
1509961
1509962
1509963
1509964
1509965
1509966
1509967
1509968
1509969
1830991
1832400
1832401
1839966
1839967
1839968
1839969
1839976
1590900
1590991
1598174
1598175
1598176
1598177
1598178
1598179
1599910
1599911
1599912
1599913
1599914
1599915
1599916
1599917
1599918
1599919
1599944
1599945
1770490
1770491
1770492
1770493
1770494
1770495
1770496
1770497
1770498
1770499
1770991
1771690
1771691
1771692
1771693
1771694
1772670
1772671
1772672
1772673
1772674
1772675
1772676
1772677
1772678
1772679
1772680
1772681
1772682
1772683
1772684
1772685
1772686
1772687
1772688
1772689
1776740
1776741
1776768
1776769
1779781
1779782
1779783
1779784
1779910
1779911
1779912
1779913
1779914
1779915
1779916
1779917
1779918
1779919
1779920
1779921
1779922
1779923
1779924
1779925
1779926
1779927
1779928
1779929
1779930
1779931
1779932
1779960
1779961
1779962
1779963
1779964
1779965
1779966
1779967
1779968
1779969
1779970
1779971
1779972
1779973
1779974
1779975
1779976
1779977
1779978
1779979
1779991
1450969
1450979
1450991
1452781
1452790
1453790
1453791
1453795
1453796
1453797
1453798
1453799
1454548
1454556
1457050
1457051
1459694
1459695
1459696
1459697
1459698
1459699
1459772
1459773
1459785
1459786
1459787
1459798
1459799
1356540
1356541
1356542
1356543
1356544
1356580
1356581
1356582
1356583
1356584
1356585
1356586
1356587
1356588
1356589
1356590
1356591
1356592
1356593
1356594
1356595
1356596
1356597
1356598
1356599
1357920
1357921
1357922
1357923
1357924
1357925
1357926
1357927
1357928
1357929
1357940
1357941
1357942
1357943
1357980
1357981
1357982
1357983
1357984
1357985
1357986
1357987
1357988
1357989
1357990
1357991
1357992
1357993
1357994
1357995
1357996
1357997
1357998
1357999
1700990
1700991
1701960
1701961
1701962
1701963
1701964
1701965
1703410
1703411
1703412
1703413
1703414
1703415
1703416
1703417
1703418
1703419
1705763
1708900
1708901
1708902
1708903
1708904
1708905
1708906
1708907
1708908
1708909
1709690
1709691
1709692
1709693
1709694
1709695
1709696
1709697
1709698
1709699
1910991
1919910
1919925
1320120
1320121
1320122
1320123
1320124
1320125
1320126
1320127
1320128
1320129
1320130
1320131
1320132
1320133
1320134
1320135
1320136
1320137
1320138
1320139
1320990
1320991
1320992
1320993
1320995
1320996
1320997
1320998
1320999
1323991
1327983
1327991
1328991
1570991
1570992
1571497
1571994
1571998
1571999
1572991
1572995
1573907
1573943
1573944
1573945
1573950
1573951
1573952
1573953
1573954
1573955
1573956
1573957
1573958
1573959
1579667
1840991
1844010
1844011
1844012
1844013
1844014
1844015
1844016
1844017
1844018
1844019
1844020
1844021
1844022
1844023
1844027
1844028
1844029
1844030
1844031
1844032
1844033
1844034
1844035
1844037
1844038
1844039
1844040
1844041
1844042
1844043
1844044
1844045
1844046
1844047
1844048
1844049
1844050
1844051
1844052
1844053
1844054
1844055
1844056
1844057
1844058
1844059
1844060
1844061
1844062
1844063
1844064
1844065
1844066
1844067
1844068
1844069
1844900
1844901
1844902
1844903
1844904
1844905
1844906
1844907
1844908
1844909
1844980
1844981
1844982
1844983
1844984
1844985
1844986
1844987
1844988
1844989
1849091
1849092
1849093
1849094
1849095
1849096
1849097
1849098
1849099
1652425
1980900
1980991
1981401
1988291
1988292
1988293
1989010
1989011
1989904
1989909
1810099
1810648
1810991
1811680
1811910
1811911
1811912
1811913
1811914
1811915
1811916
1811917
1811918
1811919
1812920
1812921
1812922
1812923
1812924
1812925
1812926
1812927
1812928
1812929
1812930
1812931
1812932
1812933
1812934
1812935
1812936
1812937
1812938
1812939
1812940
1812941
1812942
1812943
1812944
1812945
1812946
1812947
1812948
1812949
1813086
1813087
1813088
1813089
1813090
1813091
1813960
1813961
1813962
1813963
1813964
1813965
1813966
1813967
1813968
1813969
1814070
1814071
1814072
1814073
1814074
1814075
1814076
1814077
1814078
1814079
1814080
1814081
1814082
1814083
1814085
1814086
1814088
1814089
1814090
1814091
1814092
1814093
1814094
1814095
1814096
1814097
1814098
1814099
1814640
1814641
1814642
1814643
1814649
1814690
1814691
1814692
1814693
1814694
1814695
1814696
1814697
1814698
1814699
1814980
1814989
1814990
1814991
1815480
1815481
1815482
1815483
1815490
1815491
1815492
1815493
1816020
1816021
1816022
1816040
1816041
1816042
1816043
1816050
1816051
1816052
1816053
1816054
1816055
1816056
1816057
1816058
1816059
1816060
1816061
1816062
1816063
1816064
1816065
1816066
1816067
1816068
1816069
1816490
1816491
1816492
1816493
1816494
1816495
1816496
1816497
1816498
1816499
1816780
1816781
1816782
1816783
1816784
1816785
1816786
1816787
1816788
1816789
1816790
1816791
1816792
1816793
1816794
1816795
1816796
1816797
1816798
1816799
1819480
1819481
1819482
1819483
1819580
1819581
1819582
1819583
1819584
1819585
1819586
1819587
1819588
1819589
1819590
1819591
1819592
1819593
1819594
1819595
1819596
1819597
1819598
1819599
1819898
1819910
1819911
1819912
1819913
1819914
1819915
1819916
1819917
1819918
1819919
1819930
1819931
1819932
1819973
1819974
1819980
1819981
1819982
1819983
1819984
1819985
1819986
1819987
1819988
1819989
1819990
1819991
1819992
1819998
1819999
1520991
1521480
1521481
1521482
1521483
1521484
1527650
1527651
1527652
1527653
1527654
1527655
1527656
1527657
1527660
1527661
1527662
1527663
1527664
1527665
1527666
1527667
1527668
1527669
1527670
1527671
1527672
1527673
1527674
1527675
1527676
1527677
1527678
1527679
1527682
1527683
1527684
1527685
1527686
1529240
1529241
1529242
1529243
1529244
1529245
1529246
1529247
1529248
1529249
1529285
1529286
1529287
1529288
1529289
1529905
1529906
1529907
1529908
1529909
1529910
1529911
1529912
1529913
1529914
1529915
1529916
1529917
1529918
1529919
1529945
1529946
1529947
1529948
1529949
1880991
1889295
1889296
1889905
1889906
1889907
1889908
1889909
1889910
1889911
1889912
1889913
1889914
1889915
1889916
1889917
1889918
1889919
1889950
1889951
1889952
1750900
1750904
1750905
1750907
1750991
1759000
1759001
1759002
1759003
1759004
1759005
1759006
1759007
1759008
1759009
1759010
1759044
1759045
1759046
1759047
1759048
1759049
1759050
1759051
1759052
1759053
1759054
1759055
1759056
1759081
1759082
1759096
1759097
1759098
1759099
1759163
1759164
1759165
1759166
1759167
1759168
1759169
1759170
1759171
1759172
1759177
1759178
1759179
1759900
1759929
1759979
1759980
1759981
1759982
1759983
1759984
1759985
1759986
1759987
1759988
1759989
1759991
1370991
1377907
1470991
1470997
1470998
1470999
1471985
1471986
1471987
1471988
1471989
1476589
1479926
1479927
1479928
1479929
1479930
1479931
1479932
1479933
1479934
1479935
1479936
1479937
1479938
1479939
1479970
1479971
1479972
1479973
1479974
1344899
1580991
1589460
1589461
1589462
1589463
1589464
1589465
1589466
1589467
1589468
1589469
1589470
1589471
1589472
1589473
1589474
1589475
1589910
1589911
1589912
1589913
1589914
1589915
1589916
1589917
1589918
1589919
1589920
1589921
1589922
1589923
1589924
1589925
1589926
1589940
1589941
1589942
1589943
1589944
1589945
1589946
1589947
1589948
1589949
1760900
1760904
1760905
1760907
1760991
1769070
1769071
1769072
1769073
1769074
1769075
1769076
1769077
1769078
1769079
1769080
1769081
1769082
1769083
1769084
1769085
1769086
1769087
1769088
1769089
1769090
1769091
1769092
1769093
1769094
1769095
1769096
1769097
1769098
1769099
1769904
1769905
1769907
1769910
1769911
1769933
1769934
1769940
1769941
1769966
1769967
1769991
1510900
1510991
1516087
1516088
1516089
1516090
1516091
1516092
1516093
1516094
1516095
1516096
1516097
1516098
1516099
1519900
1519901
1519902
1519903
1519904
1519905
1519906
1519907
1519908
1519909
1519910
1519911
1519912
1519913
1519914
1519915
1519916
1519917
1519918
1519919
1519943
1519944
1519945
1519946
1519947
1519948
1519949
1519996
1820991
1824096
1824097
1824098
1824099
1829062
1829063
1829064
1829080
1829081
1829082
1829083
1829084
1829085
1829086
1829087
1829088
1829089
1829906
1829910
1829911
1829912
1829913
1829914
1829915
1829916
1829917
1829918
1829919
1829940
1829941
1829942
1829943
1829944
1829945
1829946
1829947
1829948
1829949
1829972
1829973
1829974
1829975
1380099
1380991
1380993
1380994
1380995
1389980
1389981
1389982
1389983
1389984
1389985
1389986
1389987
1389988
1389989
1389990
1389991
1389992
1389993
1389994
1389995
1389996
1389997
1389998
1389999
1660900
1660991
1669900
1669901
1669906
1669917
1669918
1669919
1669920
1669921
1669922
1669923
1669924
1669926
1669928
1669929
1669942
1669944
1669956
1669969
1870300
1870301
1870302
1870303
1870991
1874293
1874294
1874295
1874296
1874297
1879913
1879914
1879915
1879916
1879917
1879918
1879919
1310990
1310991
1310992
1310993
1310994
1310995
1310996
1310997
1310998
1310999
1311904
1311991
1313960
1313961
1313962
1313963
1313964
1313965
1313966
1313967
1313968
1313969
1313987
1313988
1313989
1313991
1315030
1315031
1315032
1315033
1315034
1315045
1315046
1315047
1315049
1317980
1317981
1317982
1317983
1317984
1317991
1319980
1319981
1319982
1319983
1319984
1319985
1319986
1319987
1319988
1319989
1319991
1730490
1730491
1730492
1730493
1730494
1730495
1730496
1730497
1730498
1730499
1730991
1734990
1734991
1734999
1739777
