1870319
1870329
1870339
1871390
1871391
1871392
1871393
1871394
1871395
1871396
1871397
1871398
1871399
1871420
1871421
1871422
1871423
1871424
1871425
1871426
1871427
1871428
1871429
1873090
1873091
1873092
1873093
1873094
1873095
1873096
1873097
1873098
1873099
1873190
1873191
1873192
1873193
1873194
1873195
1873196
1873197
1873198
1873199
1873290
1873291
1873292
1873293
1873294
1873295
1873296
1873297
1873298
1873299
1873390
1873391
1873392
1873393
1873394
1873395
1873396
1873397
1873398
1873399
1660319
1663090
1663091
1663092
1663093
1663094
1663095
1663096
1663097
1663098
1663099
1663190
1663191
1663192
1663193
1663194
1663195
1663196
1663197
1663198
1663199
1663290
1663291
1663292
1663293
1663294
1663295
1663296
1663297
1663298
1663299
1663393
1663394
1663395
1663396
1663397
1663398
1663399
1664925
1664926
1664927
1664928
1664929
1380319
1383190
1383191
1383192
1383193
1383194
1383195
1383196
1383197
1383198
1383199
1383390
1383391
1383392
1383393
1383394
1383395
1383396
1730319
1730329
1730330
1730339
1732080
1732081
1732082
1732083
1732084
1732085
1732086
1732087
1732088
1732089
1732090
1732091
1732092
1732093
1732094
1732095
1732096
1732097
1732098
1732099
1732560
1732561
1732562
1733019
1733148
1733149
1733190
1733191
1733192
1733193
1733194
1733499
1733649
1734091
1734092
1734989
1736309
1736319
1736659
1737099
1739019
1310255
1310256
1310257
1310258
1310259
1310309
1310319
1310329
1310339
1310484
1311345
1313190
1313191
1313192
1313193
1313194
1313195
1313196
1313197
1313198
1313199
1313245
1313246
1313247
1313248
1313249
1316659
1317175
1317185
1317195
1317267
1317268
1317269
1318028
1318054
1318055
1318056
1318475
1318495
1319160
1319161
1319162
1760319
1763196
1763197
1763198
1763199
1763293
1763308
1763319
1764610
1764611
1764612
1764613
1764614
1764615
1764616
1764617
1764618
1764619
1765990
1765991
1765992
1765999
1769249
1769267
1769268
1769269
1769270
1769271
1769290
1769291
1769292
1769293
1769294
1769295
1769296
1769297
1769298
1769299
1580319
1580329
1580339
1583049
1583070
1583071
1583072
1583190
1583191
1583290
1583291
1583292
1583293
1583294
1583295
1583296
1583297
1583298
1583299
1583319
1583329
1583338
1583339
1583348
1583349
1583360
1583361
1583362
1583363
1583364
1583365
1583366
1583367
1583368
1583369
1583370
1583371
1583372
1583373
1340014
1340015
1340018
1340019
1340319
1340329
1340339
1346319
1346390
1346391
1346392
1346393
1346394
1347305
1347306
1347307
1347308
1347309
1347319
1347349
1348295
1348296
1348349
1348393
1348394
1348395
1348396
1348397
1348398
1348399
1820319
1820329
1823009
1823019
1823049
1823190
1823191
1823192
1823193
1823194
1823195
1823196
1823197
1823198
1823199
1823300
1823301
1823302
1823303
1823304
1823305
1823306
1823307
1823308
1823309
1823390
1823391
1823392
1823393
1823394
1823395
1823396
1823397
1823398
1823399
1824459
1824469
1510039
1510088
1510089
1510090
1510091
1510092
1510093
1510094
1510095
1510096
1510097
1510098
1510099
1510319
1510329
1510339
1512790
1512791
1512792
1512793
1512794
1512795
1512796
1512797
1512798
1512799
1513039
1513090
1513091
1513092
1513093
1513094
1513095
1513096
1513097
1513098
1513099
1513130
1513131
1513132
1513133
1513134
1513135
1513136
1513137
1513138
1513139
1513190
1513191
1513192
1513193
1513194
1513195
1513196
1513197
1513198
1513199
1513290
1513291
1513292
1513293
1513294
1513295
1513296
1513297
1513298
1513299
1517545
1517546
1517547
1517590
1517591
1517592
1517593
1517594
1517595
1517596
1517597
1517598
1517599
1519490
1519491
1519492
1519493
1519494
1520015
1520016
1520017
1520018
1520019
1520319
1520329
1520339
1522680
1522681
1522682
1522683
1522684
1522685
1522686
1522687
1522688
1522689
1522730
1522731
1522732
1522733
1522734
1522735
1522736
1522737
1522738
1522739
1522760
1522761
1522762
1522763
1522764
1522765
1522766
1522767
1522768
1522769
1522770
1522771
1522772
1522773
1522774
1522775
1523190
1523191
1523192
1523193
1523194
1523195
1523319
1523390
1523391
1523392
1523393
1523394
1523395
1523396
1523397
1523398
1523399
1528428
1528429
1528434
1528435
1529740
1529741
1529742
1529743
1529744
1529745
1529746
1529747
1529748
1529749
1810319
1810329
1810339
1813185
1813186
1813190
1813191
1813192
1813193
1813194
1813195
1813196
1813197
1813198
1813199
1813219
1813290
1813291
1813292
1813293
1813294
1813409
1813419
1813429
1813438
1813439
1470319
1470329
1470339
1473009
1473019
1473059
1475625
1475626
1475627
1475628
1475629
1475649
1370039
1370319
1372249
1372290
1372291
1372292
1372293
1372294
1373009
1373013
1373038
1373039
1373048
1373055
1373056
1373106
1373157
1373158
1373159
1373329
1373968
1373969
1373980
1373981
1375459
1378029
1378039
1378044
1378049
1378059
1378404
1378413
1378489
1378490
1378491
1378492
1378493
1378494
1378590
1378595
1378596
1378597
1378598
1750319
1750337
1750338
1750339
1753195
1753196
1753197
1753198
1753199
1753234
1753235
1753236
1753237
1753238
1753239
1753290
1753291
1753292
1753293
1753294
1753295
1753296
1753297
1753298
1753299
1753319
1758938
1758939
1759290
1759291
1759292
1759293
1759294
1759295
1759296
1759297
1759298
1759299
1880309
1880319
1880329
1880339
1881209
1881215
1881219
1883090
1883091
1883092
1883093
1883094
1883095
1883096
1883097
1883098
1883099
1883190
1883191
1883192
1883193
1883194
1883195
1883196
1883197
1883198
1883199
1883290
1883291
1883292
1883293
1883294
1883295
1883296
1883297
1883299
1883340
1883341
1883342
1883343
1883344
1883345
1883346
1883347
1883348
1883349
1883399
1884929
1884949
1887572
1887573
1887574
1887575
1887576
1321107
1321108
1321109
1322325
1322326
1322327
1322328
1322329
1322906
1322907
1322986
1322989
1323095
1323096
1323097
1323098
1323099
1323190
1323191
1323192
1323193
1323194
1323195
1323196
1323197
1323198
1323199
1324247
1324494
1324740
1324741
1324742
1324743
1324744
1324745
1324746
1324747
1324748
1324749
1324950
1325000
1326647
1327345
1327346
1327347
1327348
1327349
1327365
1327366
1327367
1327368
1327369
1328609
1328664
1329049
1329059
1329069
1329210
1329211
1329212
1329213
1329214
1329215
1329216
1329217
1329218
1329219
1329310
1329311
1329312
1329313
1329314
1910319
1910320
1910321
1910322
1910324
1910325
1910329
1910339
1913113
1913120
1913130
1913131
1913132
1913133
1913134
1913190
1913191
1913192
1913193
1913194
1913195
1913198
1913199
1913339
1913349
1913353
1913354
1913355
1913391
1913393
1913394
1913395
1913396
1913397
1913399
1914344
1914348
1700319
1701334
1701335
1701336
1701337
1702076
1702077
1702367
1703600
1703601
1703602
1704189
1705698
1706566
1706567
1706568
1706569
1980309
1980319
1980329
1980339
1981306
1983137
1983138
1983139
1983165
1983167
1983168
1983169
1983179
1983190
1983191
1983192
1983193
1983194
1983195
1983196
1983197
1983198
1983199
1983229
1983239
1983259
1983269
1983349
1984489
1984499
1986889
1989893
1650319
1650819
1650960
1651391
1652319
1652819
1653193
1653194
1653199
1653319
1656017
1657319
1840309
1840319
1840329
1840339
1843149
1843190
1843191
1843192
1843193
1843194
1843195
1843196
1843197
1843198
1843199
1843239
1843249
1843269
1843279
1843289
1843299
1570319
1570329
1571309
1571319
1571329
1571339
1571699
1571767
1571768
1571769
1573190
1573191
1573192
1573193
1573194
1573195
1573196
1573197
1573198
1573199
1573290
1573291
1573292
1573293
1573294
1573295
1573296
1573297
1573298
1573299
1573390
1573391
1573392
1573393
1579364
1579374
1830319
1833090
1833091
1833092
1833093
1833094
1833095
1833096
1833097
1833098
1833099
1833190
1833191
1833192
1833193
1833194
1833195
1833196
1833197
1833198
1833199
1833345
1833346
1833347
1833348
1833349
1833390
1833391
1833392
1833393
1833394
1833395
1833396
1833397
1833398
1833399
1500319
1500329
1500339
1502883
1502884
1502885
1502886
1502887
1502888
1502889
1502890
1502891
1503048
1503049
1503089
1503090
1503091
1503092
1503093
1503094
1503095
1503096
1503097
1503098
1503099
1503190
1503191
1503192
1503193
1503194
1503195
1503245
1503319
1507590
1507591
1507592
1507593
1507594
1507595
1507596
1507597
1507598
1507599
1507686
1507687
1507688
1508149
1509443
1509444
1509445
1509446
1509447
1509448
1509449
1509790
1509791
1509792
1509793
1509794
1509795
1509796
1509797
1509798
1509799
1350319
1350328
1350339
1351319
1351329
1358249
1358269
1450238
1450239
1450240
1450241
1450242
1452109
1452129
1452138
1452139
1452148
1452149
1454129
1454139
1455704
1770319
1770329
1770339
1771772
1773181
1773190
1773191
1773192
1773193
1773194
1773195
1773196
1773197
1773198
1773199
1773291
1773292
1773294
1773295
1773296
1773297
1773298
1773299
1773300
1773303
1773390
1773391
1773392
1773393
1773394
1773395
1773396
1773397
1773398
1773399
1773409
1773417
1773418
1773419
1773450
1773451
1773452
1774030
1774570
1774571
1774572
1774573
1774595
1774596
1774980
1777260
1777261
1777262
1777263
1590319
1590329
1593005
1593006
1593007
1593049
1593069
1593093
1593094
1593096
1593097
1593149
1593195
1593196
1593197
1593198
1593199
1593209
1593219
1593229
1593309
1593319
1593334
1593337
1593338
1593339
1593369
1593370
1593371
1593372
1930339
1933190
1933191
1933192
1933193
1933195
1933196
1933198
1933199
1933319
1933391
1933395
1933398
1933399
1300145
1300185
1301145
1301195
1301212
1301213
1301329
1302145
1302185
1303190
1303191
1303192
1304319
1308200
1308201
1308202
1308203
1308456
1308584
1309127
1309128
1309129
1671319
1671386
1671387
1671388
1671389
1671490
1671491
1671492
1671500
1671501
1671502
1672319
1673319
1674319
1390319
1390329
1393090
1393091
1393092
1393093
1393094
1393095
1393096
1393097
1393098
1393099
1393190
1393191
1393192
1393193
1393194
1393195
1393196
1393290
1393291
1393292
1393293
1393294
1393295
1393296
1393297
1393298
1393299
1393370
1393371
1393372
1393373
1393374
1550319
1551197
1551198
1551199
1551280
1551281
1551282
1551283
1551284
1551285
1551286
1551287
1553090
1553091
1553092
1553093
1553094
1553095
1553096
1553097
1553098
1553099
1553190
1553191
1553192
1553193
1553194
1553195
1553196
1553197
1553198
1553199
1553290
1553291
1553292
1553293
1553294
1553295
1553296
1553297
1553298
1553299
1553319
1860319
1861740
1861741
1861742
1861743
1861761
1861762
1861763
1861764
1861765
1861766
1861767
1861768
1861769
1863190
1863191
1863192
1863193
1863194
1863195
1863196
1863197
1863198
1863199
1863207
1863208
1863209
1863290
1863291
1863292
1863293
1863294
1863295
1863296
1863297
1863298
1863299
1863369
1869429
1850319
1853178
1853179
1853190
1853191
1853192
1853193
1853194
1853195
1853196
1853197
1853198
1853199
1780039
1780309
1780319
1780329
1780339
1783109
1783129
1783139
1783149
1783159
1783200
1783209
1783219
1783229
1783239
1783249
1783259
1783269
1783274
1783289
1788659
1788879
1789765
1789766
1560319
1561290
1561291
1561292
1561293
1561294
1561295
1561296
1561297
1561298
1561299
1561390
1561391
1561392
1561393
1561394
1561395
1561396
1561397
1561398
1561399
1561425
1561426
1561427
1561428
1561429
1563090
1563091
1563092
1563093
1563094
1563095
1563096
1563097
1563098
1563099
1563190
1563191
1563192
1563193
1563194
1563195
1563196
1563197
1563198
1563199
1563290
1563291
1563292
1563293
1563294
1563295
1563296
1563297
1563298
1563299
1563319
1569037
1569038
1569039
1569040
1569049
1569485
1990319
1990329
1991200
1991201
1991202
1991203
1991204
1991205
1991206
1991207
1991208
1991209
1991300
1991301
1991302
1991303
1991304
1993049
1993190
1993191
1993192
1993193
1993194
1993195
1993196
1993197
1993198
1993199
1993249
1993320
1993321
1993322
1993323
1993324
1993325
1993389
1994352
1994353
1994354
1994355
1994809
1994829
1994848
1994849
1713319
1713320
1713321
1713323
1713325
1713326
1713327
1713328
1713329
1715120
1715121
1715319
1716319
1717319
1330309
1330319
1330339
1331309
1331319
1331339
1331590
1331591
1331592
1331593
1331594
1332309
1332319
1333309
1333319
1334319
1336319
1336370
1336371
1336372
1336373
1336374
1336375
1336376
1336377
1336378
1336379
1337309
1337319
1337339
1337349
1338309
1338319
1338339
1338369
1339309
1339319
1339329
1900319
1900329
1903069
1903139
1903199
1890319
1890329
1893191
1893192
1893193
1893194
1893195
1893196
1893295
1893296
1893297
1893299
1952890
1953229
1954209
1954557
1954558
1954559
1956565
1956566
1956568
1956833
1360319
1361319
1361329
1362319
1362329
1363089
1363319
1363329
1364319
1364329
1365319
1365329
1365333
1365339
1366319
1367319
1530319
1530339
1533319
1533339
1534319
1535084
1535085
1535086
1535409
1535419
1535429
1535439
1536943
1536993
1536994
1536995
1536996
1536997
1536998
1536999
1537319
1537320
1537321
1538309
1538319
1800039
1800049
1800068
1800319
1800329
1800339
1803190
1803197
1803198
1803199
1803295
1803296
1803297
1803299
1803409
1803419
1803429
1803439
1803449
