1832820
1832821
1832823
1832824
1832826
1832827
1832829
1834990
1834991
1834992
1834993
1834994
1838140
1838141
1838142
1838155
1838156
1838157
1838158
1838159
1839800
1839801
1839802
1839803
1839804
1839805
1839806
1839807
1839808
1839809
1508210
1508211
1508212
1508213
1508214
1771398
1772349
1773866
1774808
1776018
1776056
1776058
1776096
1776136
1776144
1776497
1777853
1778076
1778077
1778078
1778139
1778145
1778182
1778183
1779054
1779055
1779056
1779643
1779644
1779645
1590831
1590841
1592834
1592835
1598320
1598321
1598322
1598323
1598324
1598420
1598421
1598422
1598423
1598424
1350804
1351835
1354143
1354727
1354728
1354729
1355067
1355068
1355069
1355170
1355171
1355893
1356853
1356854
1356855
1452831
1726096
1726872
1930822
1938320
1938321
1938322
1938323
1938324
1303814
1303815
1303816
1306436
1306437
1308657
1308658
1308824
1308830
1309606
1309615
1309616
1550287
1550288
1550832
1552065
1552066
1552067
1552068
1552868
1552869
1552886
1558325
1558326
1558327
1558328
1558329
1558393
1558394
1558395
1558396
1860805
1861327
1861328
1861329
1862880
1862881
1862882
1862883
1862884
1862885
1862886
1862887
1862888
1862889
1673834
1673835
1673836
1673837
1673839
1398038
1398290
1398291
1398292
1398293
1398294
1398295
1398296
1398297
1398298
1398299
1990816
1990817
1993423
1996004
1998038
1998280
1998295
1998296
1998297
1998298
1998299
1998302
1998357
1998358
1998359
1850802
1858175
1858176
1858177
1858178
1858179
1858345
1858410
1782870
1782871
1782872
1782873
1782874
1788287
1788288
1788289
1788304
1788305
1788306
1568038
1568150
1568151
1568237
1568238
1569293
1332068
1332084
1333068
1333084
1334068
1334079
1334084
1335012
1335069
1337831
1338830
1339830
1339831
1950009
1361901
1362901
1364901
1365901
1367824
1368410
1368411
1368412
1368413
1368414
1368827
1369832
1898038
1898290
1898291
1898292
1898293
1898294
1898295
1898296
1898297
1898298
1898299
1530835
1530836
1530837
1530838
1530839
1532849
1535139
1537831
1537846
1537865
1537866
1537867
1539036
1539771
1804848
1804888
1804889
1806497
1808053
1808054
1808055
1808056
1808140
1808141
1808167
1808168
1808169
1808695
1808696
1809060
1809061
1809062
1809063
1809638
1660810
1660811
1660814
1668302
1668303
1668304
1668305
1668306
1388290
1388291
1388292
1388293
1388294
1388295
1388296
1388297
1388298
1388299
1870820
1870821
1870822
1870823
1870824
1870825
1870826
1870827
1870828
1870829
1872825
1872826
1872827
1872828
1878430
1878431
1878432
1878433
1878434
1310807
1311804
1311805
1311840
1311841
1311842
1315461
1315462
1315849
1315878
1318394
1318395
1319478
1319479
1319803
1319804
1319885
1734030
1734530
1734531
1734532
1736690
1737495
1738024
1738025
1738034
1738051
1738179
1738295
1738326
1738327
1738341
1739052
1739053
1739054
1739055
1340822
1343842
1344011
1345837
1345838
1345839
1760821
1762840
1762851
1762853
1762856
1762857
1762858
1762859
1588320
1588321
1588322
1588323
1588324
1588420
1588421
1588422
1588423
1588424
1589230
1589231
1589232
1589233
1589234
1822740
1822741
1822742
1822790
1822791
1822792
1822793
1822794
1822820
1822821
1822822
1822823
1822824
1822825
1822826
1822828
1822829
1822840
1822841
1822842
1822843
1822844
1822845
1822846
1822847
1822848
1822849
1828232
1828235
1828236
1828237
1828238
1828239
1510813
1510814
1510815
1518215
1518216
1518217
1518218
1518219
1518320
1518321
1518322
1518323
1518324
1518373
1518374
1518375
1518376
1518377
1518378
1518379
1519658
1519659
1519680
1519681
1519682
1519683
1519684
1528220
1528221
1528222
1528223
1528224
1528225
1528226
1528227
1528228
1528229
1528320
1528321
1528322
1528323
1528324
1528497
1528498
1528499
1811110
1811169
1811170
1811668
1811669
1811670
1812349
1814047
1814048
1814049
1814807
1816015
1818134
1818135
1818137
1818145
1818146
1818848
1819027
1819028
1819029
1819030
1819031
1819032
1819033
1819034
1819035
1819036
1819037
1819038
1819039
1819040
1750820
1758200
1758201
1758212
1888210
1888211
1888212
1888213
1888214
1888250
1888251
1888252
1888253
1888254
1478030
1478031
1478032
1478033
1478034
1478035
1478036
1478037
1478038
1478039
1370094
1370824
1370826
1373072
1373073
1373940
1373941
1373942
1373943
1373944
1377848
1377849
1377898
1377899
1379570
1379571
1379572
1379573
1320815
1321943
1321959
1913072
1913073
1915067
1915068
1915069
1915893
1916000
1916001
1916002
1916003
1916004
1918038
1918290
1918291
1918292
1918293
1918294
1918295
1918296
1918297
1918298
1918299
1919659
1840810
1840811
1848110
1848111
1848112
1848113
1848114
1848115
1848116
1848117
1848118
1848119
1572972
1576000
1576001
1576002
1576003
1576004
1577510
1577511
1577512
1577513
1577514
1577515
1577516
1577517
1577518
1577519
1577544
1577545
1980822
1981296
1984858
1984859
1988227
1988228
1988229
1988267
1988268
1651509
