1580878
1582516
1588751
1588752
1588775
1588776
1588777
1588778
1589180
1589181
1589182
1589183
1589184
1589185
1589186
1760878
1768708
1512570
1512571
1512572
1512573
1512574
1512575
1512576
1512577
1512578
1512579
1512580
1512581
1512582
1512583
1512584
1512585
1512586
1512587
1512588
1512589
1512590
1512591
1512592
1512593
1512594
1512595
1512596
1512597
1512598
1512599
1512600
1512601
1512602
1512603
1512604
1512605
1512606
1518488
1518489
1828780
1828781
1828782
1828783
1828784
1828785
1828786
1828787
1828788
1828789
1870878
1876080
1876081
1876082
1876083
1876084
1876085
1876086
1876087
1878780
1878781
1878782
1878783
1878784
1878785
1878786
1878787
1878788
1878789
1388788
1388789
1660878
1730878
1738780
1738782
1738785
1738786
1738787
1310862
1310878
1311413
1311878
1315056
1315057
1315058
1317050
1317051
1317052
1318764
1318765
1318766
1318767
1318780
1910878
1914308
1914318
1918780
1918781
1918782
1918783
1918784
1918785
1918786
1918787
1320878
1321182
1323878
1707866
1707867
1707868
1980698
1980878
1981152
1981322
1984460
1984461
1984462
1984463
1984464
1984465
1986919
1986920
1986921
1986922
1986923
1988786
1988787
1988788
1988789
1988790
1988791
1988792
1570878
1575032
1575033
1575034
1575035
1575036
1575037
1575830
1575831
1575832
1575833
1575850
1575851
1575852
1575853
1575854
1575855
1575856
1575857
1575858
1575859
1579878
1840680
1840681
1840682
1840683
1840684
1840685
1840686
1840687
1840688
1840878
1846933
1846934
1846935
1846936
1846937
1846938
1846939
1846940
1810878
1816469
1816478
1816479
1818298
1818378
1818398
1818739
1818747
1818778
1818780
1818783
1818785
1818786
1818787
1818788
1818789
1520878
1528459
1528850
1528851
1528852
1528853
1528854
1528855
1528856
1528857
1528858
1528859
1370878
1376925
1376926
1376927
1376928
1376929
1470878
1473680
1473681
1473682
1473683
1476930
1476931
1476932
1476933
1476934
1750878
1758704
1880878
1884970
1884971
1884972
1884973
1886963
1886964
1886965
1886966
1886967
1886968
1888780
1888781
1888782
1888783
1888784
1888785
1888786
1888787
1300862
1301342
1301343
1303869
1309432
1309528
1309982
1309983
1390878
1398707
1398708
1398780
1398781
1398782
1398783
1398784
1398785
1398786
1398787
1398788
1398789
1860878
1868785
1868787
1868788
1868789
1550878
1508723
1508724
1509642
1509643
1509644
1509645
1509646
1509647
1509648
1509649
1830878
1838729
1838780
1838781
1838782
1838783
1838784
1838785
1838786
1838787
1838788
1838789
1452895
1454649
1459423
1459424
1459425
1459426
1459427
1350878
1350885
1352950
1352951
1352970
1352971
1357780
1357781
1357782
1357783
1357784
1357840
1357845
1357849
1590878
1591178
1591277
1591290
1591291
1591292
1591293
1591294
1596932
1596933
1597478
1597479
1598720
1598721
1598722
1598723
1598724
1598780
1598781
1598782
1598783
1598784
1598785
1598786
1598787
1770878
1778780
1778781
1778782
1778783
1778788
1890878
1898780
1898781
1898782
1898783
1898784
1361878
1361948
1362878
1363870
1363871
1363872
1363873
1363874
1363875
1363876
1363877
1363878
1363879
1364878
1365878
1800878
1808780
1808781
1808787
1808788
1530878
1533148
1533149
1533150
1533432
1534878
1536853
1536854
1536855
1536856
1536878
1539130
1539388
1539389
1539390
1539878
1560878
1567034
1568780
1568781
1568782
1568783
1568784
1569708
1850878
1858715
1858937
1780878
1786930
1786931
1786932
1786933
1787408
1787474
1787475
1787476
1789138
1789139
1990878
1994878
1994880
1994891
1998780
1998781
1998782
1998787
1998788
1998997
1999583
1999587
1999591
1999598
1713878
1715878
1716701
1716878
1717474
1717878
1718472
1718698
1718700
1719878
1330878
1331260
1331261
1332056
1333056
1335469
1336878
1337878
1338878
1339878
