1760906
1769145
1769906
1580906
1820906
1820907
1824092
1829090
1829091
1829092
1829093
1829094
1829976
1510906
1519950
1519951
1519952
1519953
1519954
1660906
1380996
1389940
1389941
1389942
1870906
1871990
1871991
1871992
1874265
1874266
1879901
1879902
1879903
1879904
1311905
1311906
1313979
1313983
1319979
1739482
1739483
1739484
1739782
1739906
1739958
1320906
1328906
1910906
1919048
1840906
1844932
1844940
1844941
1570090
1570906
1570907
1571490
1571901
1980906
1981409
1989026
1520904
1520905
1529938
1529939
1529941
1529970
1529971
1811904
1811905
1811906
1812904
1812905
1812906
1815488
1816767
1816768
1819906
1819960
1819961
1819962
1819963
1819964
1880906
1889291
1889900
1889940
1750906
1759495
1759906
1759919
1470905
1470906
1377905
1377938
1377939
1304059
1307032
1307033
1309400
1550906
1860906
1869060
1869061
1869064
1869926
1399945
1399978
1399979
1830906
1500906
1500907
1502282
1509931
1776761
1779483
1779498
1779786
1779906
1779907
1590906
1356517
1356518
1356579
1357918
1357919
1450985
1450986
1450987
1450988
1452796
1454550
1364991
1369993
1369994
1893582
1893589
1899751
1899752
1899778
1899779
1899945
1899978
1899979
1534996
1535261
1538990
1803486
1804073
1808285
1808397
1809586
1809594
1809750
1809751
1809752
1809754
1809755
1809906
1809929
1809976
1991514
1999044
1999064
1999065
1999066
1999673
1784444
1786751
1788120
1788177
1850905
1850906
1859056
1568485
1569906
1331906
1331976
1334531
1336486
1336906
1339906
1339974
