1390970
1399740
1550070
1550970
1559740
1860970
1869780
1300775
1308624
1452860
1454608
1459540
1459550
1459650
1770970
1779471
1779476
1779709
1779739
1779740
1590970
1599700
1830970
1839700
1500970
1530970
1535297
1800970
1809570
1809700
1809710
1809730
1890970
1893550
1893560
1899740
1361970
1363970
1364970
1330970
1336970
1338970
1850970
1859700
1859720
1780980
1780981
1789960
1789970
1560970
1569530
1990970
1999740
1820970
1829720
1510970
1510975
1511170
1760970
1769700
1769763
1580970
1589700
1589720
1730970
1739450
1739700
1311970
1313910
1870970
1660970
1389700
1389701
1389710
1389730
1389750
1840970
1840976
1846700
1846702
1846703
1570970
1570980
1571970
1320970
1329970
1910970
1919710
1919740
1919741
1470970
1479760
1479761
1880970
1889700
1889730
1889731
1520970
1529700
1810970
1819473
1819735
1819736
