1530771
1530780
1530781
1530783
1530784
1530785
1530786
1530787
1530788
1530789
1533785
1534770
1534771
1800771
1800780
1800781
1807070
1807071
1807072
1807073
1807074
1807090
1807091
1807092
1807093
1807094
1807470
1807471
1807480
1807481
1807490
1807491
1807492
1807493
1807494
1807630
1807631
1807632
1807633
1807634
1807635
1807636
1807637
1807638
1807639
1807650
1807651
1807652
1807653
1807654
1807655
1807656
1807657
1807658
1807659
1807660
1807661
1807662
1807663
1807664
1807700
1807702
1807704
1807710
1807711
1807712
1807713
1807714
1807715
1807716
1807717
1807718
1807719
1807777
1807778
1807779
1807810
1807811
1807812
1807813
1807814
1807815
1807816
1807817
1807818
1807819
1890771
1893470
1893471
1893472
1893473
1893474
1893475
1893497
1893498
1897707
1897708
1897709
1897710
1897711
1897712
1897713
1897714
1897715
1897716
1897717
1897718
1897719
1897777
1897778
1897797
1897798
1897818
1897819
1897880
1897881
1897882
1897883
1897884
1897885
1897886
1897887
1897888
1897889
1897890
1897891
1897892
1897893
1897894
1897895
1897896
1897897
1897898
1897899
1360771
1360781
1360786
1360787
1360788
1361771
1361781
1361787
1361788
1362771
1362781
1362787
1362788
1364771
1364781
1364787
1364788
1364940
1364941
1364947
1364948
1365771
1365781
1365787
1365788
1365960
1365961
1365967
1365968
1366771
1366781
1366787
1366788
1366940
1366941
1366947
1366948
1366960
1366961
1366967
1366968
1367771
1367781
1367787
1367788
1368771
1368781
1368787
1368788
1713070
1713071
1713072
1713073
1713074
1713075
1713076
1713077
1713078
1713079
1715070
1715071
1715072
1715073
1715074
1715075
1715076
1715077
1715078
1715079
1715094
1715099
1716074
1716094
1716099
1717070
1717074
1717094
1717098
1717099
1718070
1718071
1718072
1718073
1718074
1718075
1718076
1718077
1718078
1718079
1718080
1718081
1718082
1718083
1718084
1718085
1718086
1718087
1718088
1718089
1718090
1718091
1718092
1718093
1330000
1330077
1330078
1330771
1330781
1330786
1331761
1331771
1331780
1331781
1331786
1332160
1332161
1332166
1332170
1332171
1332471
1332481
1334750
1334751
1334760
1334761
1336751
1336761
1336771
1336780
1336781
1337700
1337701
1337704
1337705
1337708
1337709
1337711
1337712
1337713
1337714
1337715
1337716
1337717
1337718
1337719
1338771
1339361
1339364
1339366
1339367
1339368
1339369
1339770
1339771
1339777
1339780
1339781
1339789
1850771
1850780
1850781
1852970
1852971
1852973
1852992
1852995
1857703
1857704
1857707
1857708
1857709
1857710
1857711
1857712
1857713
1857714
1857715
1857716
1857717
1857718
1857719
1857745
1857776
1857777
1857778
1857779
1857780
1857781
1857782
1857783
1857784
1857785
1857786
1857787
1857788
1857789
1857795
1857796
1857797
1857890
1857891
1857892
1857895
1857896
1857898
1857899
1857949
1857980
1857981
1857987
1857991
1857999
1858753
1858754
1858755
1858756
1858757
1858758
1858759
1858765
1858766
1858767
1858768
1858769
1858771
1858772
1858773
1858774
1858775
1858776
1858777
1858778
1858779
1858785
1858786
1858787
1858788
1858789
1858790
1858791
1858792
1858793
1858794
1858795
1858796
1858797
1858798
1858799
1858980
1858988
1858990
1858991
1858992
1859325
1859397
1780771
1780780
1780781
1784020
1784021
1784022
1784023
1784024
1784025
1784026
1784027
1784028
1784029
1784030
1784084
1784085
1787700
1787701
1787702
1787703
1787704
1787707
1787709
1787710
1787711
1787712
1787713
1787714
1787715
1787716
1787717
1787718
1787719
1787728
1787798
1787843
1787844
1787845
1787846
1787847
1788040
1789119
1789771
1560771
1560780
1560781
1567607
1567610
1567611
1567612
1567613
1567614
1567615
1567616
1567617
1567618
1567619
1567670
1567671
1567672
1567673
1567674
1567675
1567676
1567677
1567678
1567679
1567699
1567700
1567701
1567710
1567711
1567712
1567713
1567714
1567715
1567716
1567717
1567718
1567719
1567810
1567811
1567812
1567813
1567814
1567815
1567816
1567817
1567818
1567819
1567880
1567881
1567882
1567883
1567884
1567885
1567886
1567887
1567888
1567889
1567890
1567891
1567892
1567893
1567894
1567895
1567897
1567898
1567899
1569771
1990771
1991120
1991121
1991122
1991123
1991125
1991126
1991127
1991128
1991129
1991480
1991481
1991482
1991483
1991484
1991485
1991486
1991487
1991488
1991489
1991490
1994301
1994302
1994303
1994304
1994305
1996676
1996677
1996800
1996801
1996802
1996803
1996804
1996805
1996806
1996807
1996808
1996809
1996810
1996811
1996812
1996813
1996814
1996815
1996816
1996817
1996818
1996819
1996820
1996821
1996822
1996823
1996824
1996825
1996826
1996827
1996828
1996829
1996830
1996831
1996832
1996833
1996834
1996835
1996836
1996837
1996838
1996839
1997609
1997700
1997701
1997705
1997706
1997707
1997708
1997709
1997710
1997711
1997712
1997713
1997714
1997715
1997716
1997717
1997718
1997719
1997840
1999440
1999441
1999474
1999478
1999479
1671770
1671771
1671774
1671775
1671776
1671777
1671778
1672771
1672774
1390077
1390078
1390771
1390781
1390786
1397710
1397711
1397712
1397713
1397714
1397715
1397716
1397717
1397718
1397719
1397810
1397811
1397812
1397813
1397814
1397815
1397816
1397817
1397818
1397819
1397860
1397861
1397862
1397863
1397864
1397865
1397866
1397867
1397868
1397869
1397870
1397871
1397872
1397873
1397874
1397875
1397876
1397877
1397878
1397879
1397880
1397881
1397882
1397883
1397884
1397885
1397886
1397887
1397888
1397889
1550680
1550681
1550771
1550780
1550781
1550786
1550788
1550789
1557710
1557711
1557712
1557713
1557714
1557715
1557716
1557717
1557718
1557719
1557800
1557801
1557802
1557803
1557806
1557807
1557808
1557809
1557810
1557811
1557812
1557813
1557814
1557815
1557816
1557817
1557818
1557819
1557827
1557828
1557829
1557830
1557831
1557832
1557833
1557842
1557843
1557844
1557845
1557846
1557847
1557848
1557849
1557868
1557869
1557880
1557881
1557882
1557883
1557887
1557888
1557889
1557890
1557891
1557892
1557893
1557894
1557895
1557896
1557897
1557898
1557899
1860771
1860780
1860781
1860788
1860789
1864880
1864881
1864890
1864891
1864892
1864893
1864894
1864895
1864896
1864897
1864941
1864943
1864946
1867705
1867706
1867707
1867708
1867709
1867710
1867711
1867712
1867713
1867714
1867715
1867716
1867717
1867718
1867719
1867792
1867795
1869790
1869791
1869792
1869793
1869794
1869795
1869796
1869797
1869798
1869799
1937880
1937881
1937882
1937883
1937884
1937885
1937886
1937887
1937888
1937889
1300069
1300590
1300591
1300592
1300691
1301059
1301490
1301491
1301498
1301499
1302590
1302591
1302592
1302691
1303681
1303686
1303688
1303691
1304781
1307770
1307771
1307772
1307773
1307774
1307775
1307776
1307777
1307778
1307779
1308491
1308498
1308499
1308671
1308771
1308790
1308791
1308796
1308797
1308799
1309771
1720070
1720071
1720072
1452761
1452768
1452769
1452770
1452771
1453760
1453761
1453762
1453768
1453770
1453771
1453772
1453773
1453774
1453775
1453776
1453777
1453778
1453779
1453780
1453781
1453782
1453783
1453784
1453785
1453786
1453787
1453788
1453789
1454276
1454277
1454279
1454521
1459160
1459161
1459162
1459163
1459164
1459165
1459166
1459831
1459833
1459837
1459843
1459845
1459846
1459847
1459850
1459851
1459854
1459855
1459856
1459863
1459864
1459865
1459875
1459877
1459879
1350771
1350781
1350786
1350787
1350788
1351751
1351761
1351766
1351767
1351768
1351771
1351781
1351787
1351788
1355701
1355711
1355721
1355731
1355738
1355739
1355741
1355749
1355751
1355757
1355758
1355759
1355760
1355761
1355768
1355769
1355771
1355780
1355781
1355786
1355787
1355791
1355797
1355798
1355799
1355801
1355810
1355811
1355814
1355818
1355819
1355821
1355831
1355841
1355844
1355846
1355848
1359700
1359701
1359707
1359710
1359711
1359717
1359728
1359729
1359734
1359739
1770771
1770781
1773660
1773661
1773662
1773663
1773664
1775860
1775861
1775862
1775863
1775864
1775865
1775866
1775867
1775868
1775869
1777480
1777481
1777482
1777600
1777601
1777602
1777603
1777604
1777620
1777621
1777622
1777623
1777624
1777625
1777626
1777648
1777649
1777653
1777654
1777655
1777656
1777660
1777661
1777662
1777663
1777664
1777665
1777666
1777667
1777668
1777669
1777705
1777706
1777707
1777708
1777709
1777710
1777711
1777712
1777713
1777714
1777715
1777716
1777717
1777718
1777719
1590771
1590781
1597710
1597711
1597712
1597713
1597714
1597715
1597716
1597717
1597718
1597719
1597745
1597746
1597747
1597748
1597749
1597765
1597766
1597767
1597768
1597769
1597770
1597771
1597772
1597773
1597774
1597775
1597776
1597777
1597778
1597779
1597791
1597792
1597810
1597811
1597812
1597813
1597814
1597815
1597816
1597817
1597818
1597819
1599430
1599431
1599432
1599433
1599434
1599435
1599436
1599437
1599438
1599439
1599440
1599441
1599442
1599443
1599444
1599445
1599446
1599447
1599448
1599449
1830771
1830780
1830781
1830783
1837600
1837601
1837602
1837603
1837604
1837605
1837606
1837607
1837608
1837609
1837610
1837611
1837612
1837613
1837614
1837615
1837616
1837617
1837618
1837619
1837660
1837661
1837662
1837663
1837664
1837665
1837666
1837667
1837668
1837669
1837670
1837671
1837672
1837673
1837674
1837675
1837676
1837677
1837678
1837679
1837680
1837681
1837682
1837683
1837684
1837685
1837686
1837687
1837688
1837689
1837690
1837691
1837692
1837693
1837694
1837695
1837696
1837697
1837698
1837699
1837710
1837711
1837712
1837713
1837714
1837715
1837716
1837717
1837718
1837719
1837810
1837811
1837812
1837813
1837814
1837815
1837816
1837817
1837818
1837819
1837880
1837881
1837882
1837883
1837884
1837885
1500771
1500781
1507700
1507701
1507702
1507703
1507704
1507705
1507706
1507707
1507708
1507709
1507710
1507711
1507712
1507713
1507714
1507715
1507716
1507717
1507718
1507719
1507870
1507871
1507872
1507873
1507874
1507875
1507876
1507877
1507878
1507879
1507880
1507881
1507882
1507883
1507884
1507885
1507886
1507887
1507888
1507889
1980771
1980780
1980784
1980788
1981385
1987701
1987710
1987711
1987717
1987718
1987719
1987741
1987742
1989760
1989761
1989762
1989763
1989764
1989765
1989766
1989767
1989768
1989769
1989940
1989941
1989942
1989943
1989944
1989945
1989946
1989947
1989948
1989949
1650615
1650771
1651132
1651771
1652172
1653613
1656310
1840676
1840677
1840770
1840771
1844840
1844841
1844842
1844843
1844844
1844845
1844846
1844847
1844848
1844849
1844850
1844851
1844852
1844853
1844854
1844855
1844856
1844857
1844858
1844859
1844860
1844861
1844862
1844863
1844864
1844865
1844866
1844867
1844868
1844869
1844870
1844871
1844872
1844873
1844874
1844875
1844876
1844877
1844878
1844879
1844880
1844881
1844882
1844883
1844884
1844885
1844886
1844887
1844888
1844889
1844890
1844891
1844892
1844893
1844894
1844895
1844896
1844897
1844898
1844899
1847710
1847711
1847712
1847713
1847714
1847715
1847716
1847717
1847718
1847719
1847770
1847771
1847772
1847773
1847774
1847775
1847776
1847777
1847778
1847779
1847780
1847781
1847782
1847783
1847784
1847785
1847786
1847787
1847788
1847789
1847790
1847791
1847792
1847793
1847794
1847795
1847796
1847797
1847798
1847799
1849970
1849971
1849972
1849973
1849974
1849975
1849976
1849977
1849978
1849979
1570771
1571771
1572370
1572371
1572380
1572381
1572390
1572391
1577710
1577711
1577712
1577713
1577714
1577715
1577716
1577717
1577718
1577719
1577800
1577801
1577802
1577803
1577804
1577805
1577806
1577807
1577808
1577809
1577810
1577811
1577812
1577813
1577814
1577815
1577816
1577817
1577818
1577819
1577823
1577824
1577825
1577826
1577827
1577828
1577829
1577830
1577831
1577832
1577833
1577834
1577835
1577836
1577837
1577838
1577839
1577840
1577841
1577867
1577868
1577869
1577877
1577878
1577879
1577884
1577885
1577886
1577887
1577888
1577889
1320771
1320780
1320781
1321130
1321131
1321132
1321133
1321134
1321135
1321136
1321137
1321138
1321139
1321771
1321780
1321781
1323770
1323771
1323780
1323781
1325770
1325771
1325772
1325773
1325774
1325775
1325776
1325777
1325778
1325779
1326370
1326371
1326378
1326380
1326381
1326388
1327770
1327771
1327772
1327773
1327774
1327775
1327776
1327777
1327778
1327779
1327780
1327781
1327782
1327783
1327784
1327785
1327786
1327787
1327788
1327789
1329770
1329771
1329780
1329781
1329920
1329921
1329926
1329940
1329941
1910771
1911450
1911451
1911452
1911453
1911454
1911455
1911456
1911457
1911458
1911459
1911460
1911461
1911462
1911463
1911464
1911465
1911466
1911467
1911468
1911469
1911470
1911471
1911472
1911473
1911474
1911475
1911476
1911477
1911478
1911479
1911480
1911481
1911482
1911483
1911484
1911485
1911486
1911487
1911488
1911489
1911490
1911491
1911492
1911493
1911494
1911495
1911496
1911497
1911498
1911499
1911680
1911681
1911682
1911683
1911684
1911685
1911686
1911687
1911688
1911689
1911740
1911741
1911742
1911743
1911744
1911745
1911746
1911747
1911748
1911749
1911750
1911751
1911752
1911753
1911754
1911755
1911756
1911757
1911758
1911759
1913660
1913661
1913662
1913663
1913664
1913665
1913666
1913667
1913668
1915260
1915261
1915262
1915263
1915264
1915265
1915266
1915267
1915268
1915269
1916200
1916201
1916202
1916203
1916204
1916205
1916206
1916207
1916208
1916209
1916210
1916211
1916212
1916213
1916214
1916215
1916216
1916217
1916218
1916219
1916220
1916221
1916222
1916223
1916224
1916225
1916226
1916227
1916228
1916229
1916230
1916231
1916232
1916233
1916234
1916235
1916236
1916237
1916238
1916239
1916360
1916361
1916362
1916363
1916364
1916365
1916366
1916367
1916368
1916369
1916370
1916371
1916372
1916373
1916374
1916375
1916376
1916377
1916378
1916379
1916380
1916381
1916382
1916383
1916384
1916385
1916386
1916387
1916388
1916389
1916390
1916391
1916392
1916393
1916394
1916395
1916396
1916397
1916398
1916399
1917637
1917638
1917639
1917710
1917711
1917712
1917713
1917714
1917715
1917716
1917717
1917718
1917719
1919560
1919561
1919562
1919563
1919564
1919565
1919566
1919567
1919568
1919569
1919570
1919571
1919572
1919573
1919574
1919575
1919576
1919577
1919578
1919579
1919580
1919581
1919582
1919583
1919584
1919585
1919586
1919587
1919588
1919589
1919590
1919591
1919592
1919593
1919594
1919595
1919596
1919597
1919598
1919599
1700770
1700771
1700772
1700773
1700774
1701290
1701291
1701292
1701293
1701294
1701295
1701296
1701297
1702770
1702771
1702772
1702773
1702774
1702775
1702776
1702777
1702778
1702779
1703075
1705020
1705073
1705375
1705570
1705631
1705794
1706463
1706464
1706465
1706466
1706467
1706468
1706469
1706470
1706471
1706472
1706473
1706474
1706475
1706476
1706477
1706478
1707070
1707071
1707072
1707073
1707074
1707075
1707076
1707077
1707078
1707079
1707700
1707701
1707702
1707703
1707704
1707705
1707706
1707707
1707708
1707709
1708700
1708701
1708702
1709700
1709701
1709702
1709703
1709704
1709705
1709706
1709707
1709708
1709709
1370771
1370781
1370786
1370787
1370788
1373700
1373701
1373702
1373703
1373704
1373705
1373706
1373707
1373708
1373709
1373710
1373711
1373712
1373713
1373714
1373715
1373716
1373717
1373718
1373719
1373790
1373791
1373792
1373793
1373794
1374077
1376801
1376811
1376820
1376821
1376827
1376830
1376831
1376837
1376839
1376840
1376841
1376844
1376849
1376850
1376851
1376854
1376858
1376859
1376860
1376861
1376862
1376863
1376864
1376865
1376880
1376881
1376882
1376883
1376884
1376888
1378801
1378811
1378821
1378830
1378831
1378836
1378837
1378840
1378841
1378850
1378851
1378860
1378861
1378868
1378869
1378870
1378871
1470771
1470781
1470786
1473610
1473611
1473612
1473613
1473614
1473615
1473616
1473617
1473618
1473619
1476435
1476436
1476437
1476438
1476439
1476440
1476441
1476442
1476443
1476444
1476445
1476446
1476447
1476448
1476449
1476567
1477700
1477701
1477702
1477703
1477710
1477711
1477717
1477723
1477724
1477725
1477726
1477727
1477728
1477729
1477730
1477731
1477749
1477776
1477777
1477778
1477779
1477780
1477781
1477782
1479546
1479547
1479548
1479549
1479550
1479551
1479552
1479553
1479554
1479555
1479556
1479557
1479558
1479559
1479560
1479561
1479562
1479563
1479564
1479565
1479566
1479567
1479568
1479569
1479570
1479571
1479572
1479573
1479574
1479575
1479576
1479577
1479578
1479579
1479580
1479581
1479582
1479583
1479771
1750771
1750780
1750788
1750789
1752676
1752678
1757700
1757705
1757708
1757710
1757711
1757712
1757713
1757714
1757715
1757716
1757717
1757718
1757719
1757722
1757731
1757732
1757737
1757740
1757741
1757742
1757750
1757751
1757752
1757753
1757754
1757755
1757756
1757757
1757758
1757759
1757760
1757761
1757762
1757763
1757764
1757765
1757766
1757767
1757768
1757769
1757770
1757771
1757772
1757776
1757777
1757779
1757780
1757781
1757782
1757783
1757786
1757789
1757790
1757791
1757792
1757793
1757798
1757799
1757800
1757801
1757802
1757803
1757804
1757805
1757806
1757807
1757808
1757809
1757810
1757811
1757812
1757813
1757814
1757815
1757816
1757817
1757818
1757860
1757861
1757862
1757863
1757864
1757865
1757866
1757867
1757868
1757869
1757880
1757881
1757882
1757883
1757884
1757885
1757886
1757887
1757888
1757889
1759180
1759181
1759182
1759183
1759184
1759185
1759186
1759187
1759188
1759189
1759190
1759191
1759192
1759193
1759194
1759195
1759196
1759197
1759198
1759199
1759567
1759568
1759569
1759580
1759581
1759582
1759583
1759584
1759585
1759586
1759587
1759588
1759589
1759590
1759591
1759592
1759593
1759594
1759595
1759596
1759597
1759598
1759599
1880771
1880781
1887710
1887711
1887712
1887713
1887714
1887715
1887716
1887717
1887718
1887719
1887800
1887801
1887802
1887803
1887804
1887805
1887806
1887807
1887808
1887809
1887817
1887818
1887819
1887860
1887861
1887862
1887863
1887864
1887865
1887866
1887870
1887871
1887872
1887873
1887874
1887875
1887876
1887877
1887878
1887879
1887880
1887881
1887882
1887883
1887884
1887885
1887886
1887887
1887888
1887889
1887893
1887894
1887895
1887896
1887897
1887898
1887899
1520771
1520781
1524065
1524066
1524067
1524068
1524069
1524070
1524071
1527700
1527701
1527702
1527703
1527704
1527705
1527706
1527707
1527708
1527709
1527710
1527711
1527712
1527713
1527714
1527715
1527716
1527717
1527718
1527719
1527771
1527800
1527801
1527802
1527803
1527804
1527805
1527806
1527807
1527808
1527809
1527810
1527811
1527812
1527813
1527814
1527815
1527816
1527817
1527818
1527819
1528953
1528954
1528955
1528956
1528964
1528965
1528966
1528967
1528968
1528969
1529628
1529629
1529630
1529631
1529632
1529633
1529634
1529635
1529636
1529637
1529638
1529639
1529640
1529641
1529642
1529643
1529644
1529645
1529646
1529647
1529648
1529649
1529650
1529651
1529652
1529653
1529654
1529655
1529656
1529657
1529658
1529659
1810076
1810077
1810771
1810781
1815450
1815451
1815452
1815453
1815454
1815455
1815456
1815457
1815458
1815459
1815460
1815461
1815462
1815463
1815464
1815465
1815470
1815471
1815472
1815473
1815474
1816960
1816961
1816962
1816963
1816964
1817200
1817201
1817202
1817203
1817204
1817205
1817206
1817207
1817208
1817209
1817230
1817231
1817232
1817233
1817234
1817235
1817236
1817237
1817238
1817239
1817240
1817241
1817242
1817410
1817411
1817412
1817413
1817414
1817470
1817471
1817472
1817473
1817474
1817475
1817476
1817620
1817621
1817622
1817623
1817624
1817625
1817626
1817627
1817628
1817629
1817685
1817686
1817687
1817688
1817689
1817710
1817711
1817712
1817713
1817714
1817715
1817716
1817717
1817718
1817719
1817770
1817771
1817772
1817773
1817774
1817810
1817811
1817812
1817813
1817814
1817815
1817816
1817817
1817818
1817819
1817860
1817861
1817862
1817863
1817864
1817865
1817866
1817867
1817868
1817869
1820771
1820781
1824993
1824994
1824995
1824996
1824997
1824998
1824999
1826080
1826081
1826082
1826083
1826084
1826085
1826086
1826087
1826088
1826089
1826090
1826091
1826092
1826093
1826094
1826095
1826096
1826097
1826098
1826099
1826900
1826901
1826902
1826903
1826904
1826905
1826906
1826907
1826908
1826909
1826910
1826911
1826912
1826913
1826914
1826915
1826916
1826917
1826918
1827570
1827571
1827572
1827573
1827574
1827575
1827576
1827577
1827578
1827579
1827580
1827581
1827582
1827583
1827584
1827585
1827586
1827587
1827588
1827589
1827590
1827591
1827592
1827593
1827594
1827595
1827596
1827597
1827598
1827599
1827610
1827611
1827612
1827613
1827614
1827615
1827616
1827617
1827618
1827619
1827667
1827710
1827711
1827712
1827713
1827714
1827715
1827716
1827717
1827718
1827719
1827810
1827811
1827812
1827813
1827814
1827815
1827816
1827817
1827818
1827819
1510771
1510781
1517708
1517709
1517710
1517711
1517712
1517713
1517714
1517715
1517716
1517717
1517718
1517719
1517728
1517729
1517746
1517747
1517776
1517777
1517778
1517779
1517780
1517781
1517782
1517790
1517791
1517792
1517793
1517794
1760771
1760780
1760781
1760788
1760789
1767700
1767701
1767710
1767711
1767712
1767713
1767714
1767715
1767716
1767717
1767718
1767719
1767721
1767726
1767732
1767733
1767736
1767740
1767741
1767744
1767745
1767746
1767747
1767750
1767759
1767760
1767761
1767762
1767763
1767764
1767765
1767766
1767767
1767768
1767769
1767788
1767797
1767798
1767799
1768724
1768725
1768731
1768732
1768735
1768741
1768750
1768751
1768760
1768761
1768762
1768763
1768764
1768765
1768766
1768767
1768768
1768769
1768771
1768777
1580771
1580780
1580781
1587710
1587711
1587712
1587713
1587714
1587715
1587716
1587717
1587718
1587719
1587810
1587811
1587812
1587813
1587814
1587815
1587816
1587817
1587818
1587819
1587870
1587871
1587872
1587873
1587874
1587875
1587876
1587877
1587878
1587879
1587880
1587881
1340770
1340771
1340772
1340773
1340774
1344083
1344084
1344183
1344184
1345700
1345701
1345702
1345703
1345704
1345705
1345706
1345707
1345708
1345709
1345710
1345711
1345712
1345713
1345714
1345715
1345716
1345717
1345718
1345719
1345780
1345781
1345782
1345783
1345784
1345785
1345786
1345787
1345788
1345789
1345790
1345791
1345792
1345793
1345794
1345795
1345796
1345797
1345798
1345799
1347100
1347101
1347102
1347103
1347104
1347105
1347106
1347107
1347108
1347109
1347110
1347111
1347112
1347113
1347114
1347115
1347116
1347117
1347118
1347119
1348100
1348101
1348102
1348103
1348104
1348105
1348106
1348107
1348108
1348109
1348110
1348111
1348112
1348113
1348114
1348115
1348116
1348117
1348118
1348119
1730008
1730771
1730781
1734420
1734421
1734422
1737480
1737600
1737601
1737602
1737603
1737604
1737605
1737606
1737640
1737641
1737642
1737700
1737701
1737702
1737710
1737711
1737712
1737713
1737714
1737715
1737716
1737718
1737740
1737741
1739670
1739671
1739673
1739674
1310040
1310041
1310050
1310051
1311471
1311760
1311761
1311771
1312341
1312351
1313260
1313261
1313271
1313281
1313290
1313291
1315250
1315251
1315260
1315261
1315264
1315265
1315266
1315267
1315268
1315269
1319750
1319751
1319757
1319761
1319771
1870771
1870781
1877530
1877531
1877532
1877533
1877534
1877535
1877536
1877537
1877538
1877539
1877569
1877590
1877591
1877592
1877593
1877594
1877595
1877596
1877597
1877598
1877599
1877600
1877601
1877602
1877603
1877604
1877605
1877606
1877607
1877608
1877609
1877610
1877611
1877612
1877613
1877614
1877615
1877616
1877617
1877618
1877619
1877670
1877671
1877672
1877673
1877674
1877675
1877676
1877677
1877678
1877679
1877688
1877689
1877690
1877691
1877692
1877693
1877694
1877695
1877696
1877697
1877698
1877699
1877710
1877711
1877712
1877713
1877714
1877715
1877716
1877717
1877718
1877719
1877800
1877801
1877802
1877803
1877804
1877805
1877806
1877807
1877808
1877809
1877810
1877811
1877812
1877813
1877814
1877815
1877816
1877817
1877818
1877819
1877881
1877897
1877898
1877899
1660771
1667700
1667701
1667702
1667703
1667704
1667705
1667706
1667707
1667708
1667709
1667710
1667711
1667731
1667732
1667733
1667734
1667735
1667736
1667737
1667738
1667739
1667740
1667741
1667742
1667743
1667744
1667745
1667746
1667747
1667748
1667749
1667777
1667788
1667799
1667960
1667961
1667962
1667963
1667964
1667965
1667966
1667967
1667968
1667969
1667980
1667981
1667982
1667983
1667984
1667985
1667986
1667987
1667988
1667989
1667990
1667991
1667992
1667993
1667994
1667995
1667996
1667997
1667998
1667999
1380771
1380780
1380781
1380787
1380788
1387710
1387711
1387712
1387713
1387714
1387715
1387716
1387717
1387718
1387719
1387810
1387811
1387812
1387813
1387814
1387815
1387816
1387817
1387818
1387819
1387860
1387861
1387862
1387863
1387864
1387865
1387866
1387867
1387868
1387869
1387870
1387871
1387872
1387873
1387874
1387875
1387876
1387877
1387878
1387879
1387880
1387881
1387882
1387883
1387884
1387885
1387886
1387887
1387888
1387889
