1311798
1312528
1313388
1313389
1313398
1313404
1313405
1315574
1315575
1315576
1315577
1315578
1317098
1317763
1317798
1318450
1318451
1319798
1730798
1734678
1737048
1737981
1737982
1737983
1737984
1737985
1737986
1737987
1737988
1737989
1660798
1380798
1387980
1387981
1387982
1387983
1387984
1387985
1387986
1387987
1387988
1387989
1870708
1870798
1872044
1872048
1877098
1877980
1877981
1877982
1877983
1877984
1879788
1879798
1820798
1827098
1827984
1827985
1827986
1827987
1827988
1829680
1829681
1829682
1829683
1510708
1510798
1517030
1517031
1517980
1517981
1517982
1517983
1517984
1517985
1517986
1517987
1517988
1517989
1340798
1343798
1347980
1347981
1347982
1347983
1347984
1760798
1767928
1768798
1580708
1580798
1587005
1587006
1587948
1587949
1587998
1587999
1750798
1757908
1880798
1882798
1887037
1887038
1887039
1887098
1887980
1887981
1887982
1887983
1887984
1887985
1887986
1887987
1887988
1887989
1889798
1370798
1376780
1376781
1376782
1376783
1376784
1376785
1376790
1376791
1376792
1376793
1376794
1470708
1470798
1477980
1477981
1479638
1479660
1479788
1479798
1520708
1520798
1527998
1527999
1529798
1810798
1817980
1817981
1817982
1817983
1817984
1817985
1817986
1817987
1817988
1817989
1840798
1847988
1847989
1570798
1571798
1572751
1577947
1577948
1577949
1577980
1577981
1577982
1980798
1981516
1987046
1987047
1987086
1987087
1987088
1987089
1650798
1651798
1707757
1707758
1707759
1708848
1708849
1320798
1321703
1321798
1323758
1323760
1323798
1324788
1324798
1325798
1326398
1910798
1917980
1917981
1917982
1917983
1917984
1917985
1917986
1917987
1917988
1917989
1770798
1777980
1777981
1777982
1777983
1777984
1777985
1777986
1777987
1777988
1777989
1590798
1452658
1454448
1454458
1457028
1458345
1458346
1458347
1458348
1458349
1350798
1351798
1357640
1357641
1357642
1830708
1830798
1831798
1832280
1832281
1832282
1832283
1832284
1832285
1832286
1832287
1832288
1832289
1839788
1839798
1500798
1507980
1507981
1507982
1507983
1507984
1507985
1507986
1507987
1507988
1507989
1508398
1550798
1557039
1860798
1867980
1867981
1867982
1867983
1867984
1867985
1867986
1867987
1867988
1867989
1671798
1672798
1673798
1390798
1397039
1397980
1397981
1397982
1397983
1397984
1397985
1397986
1397987
1397988
1397989
1303050
1303051
1304498
1304798
1308614
1309710
1309712
1309718
1309723
1330798
1331798
1331937
1331938
1332008
1332014
1334007
1336178
1336798
1338798
1339798
1713798
1715798
1716295
1716296
1716297
1716798
1717798
1717844
1717845
1718285
1718798
1718843
1718844
1719798
1990708
1990798
1997048
1997088
1997089
1997980
1997987
1997988
1997989
1850798
1857902
1857925
1780798
1787078
1787088
1787098
1787908
1788748
1789158
1789798
1560708
1560798
1567980
1567981
1567982
1567983
1567984
1567985
1567986
1567987
1567988
1567989
1569798
1530708
1530798
1534798
1535008
1535038
1538798
1539798
1800798
1804678
1804684
1807980
1807981
1807982
1807983
1807984
1807985
1807986
1807987
1807988
1807989
1360798
1361798
1362798
1364798
1365798
1366798
1367798
1368488
1368798
1369798
1369848
1890798
1897039
1897980
1897981
1897982
1897983
1897984
1897985
1897986
1897987
1897988
1897989
