1730891
1730898
1730899
1735451
1738901
1738908
1738991
1738999
1739711
1668900
1668901
1668908
1668909
1388900
1388901
1388908
1388909
1870800
1870801
1879890
1879891
1820800
1820801
1828900
1828901
1828910
1828911
1828918
1828919
1344093
1344793
1344893
1768900
1768901
1768908
1768909
1768910
1768911
1768918
1768919
1768950
1768951
1768958
1768959
1588900
1588901
1588907
1588908
1588909
1888900
1888901
1888903
1888905
1888906
1888907
1888908
1888909
1889800
1889801
1750980
1750981
1750988
1750989
1758900
1758901
1758908
1758909
1471890
1471891
1471897
1471898
1471899
1472890
1472891
1472898
1472899
1476579
1478900
1478901
1478908
1478909
1528900
1528901
1528908
1528909
1528910
1528911
1528918
1528919
1810098
1810890
1810891
1810898
1810899
1814141
1814144
1814148
1814321
1814328
1814329
1814380
1814381
1814389
1814521
1814522
1818491
1818991
1818999
1840089
1840890
1840891
1848891
1848910
1848911
1848920
1848921
1848930
1848931
1848932
1848933
1848934
1848935
1848936
1848937
1848938
1848939
1848940
1848941
1848942
1848943
1848944
1848945
1848948
1848949
1848950
1848951
1848952
1848953
1848954
1848955
1848956
1848957
1848958
1848959
1849090
1849128
1849129
1849130
1849131
1849132
1570800
1570801
1572670
1572671
1572677
1572678
1572679
1572890
1572891
1572898
1572899
1650891
1652404
1657147
1980981
1980988
1980989
1981431
1988911
1988919
1988920
1988921
1989951
1989958
1322890
1322891
1322898
1322899
1329890
1329891
1329895
1329897
1329898
1329899
1910891
1910898
1910899
1918911
1770891
1770898
1770899
1771190
1771191
1771199
1774071
1774078
1774079
1775841
1775849
1778451
1778455
1778458
1778900
1778907
1778990
1778999
1351890
1351891
1351893
1351897
1351898
1351899
1354900
1354901
1354906
1354907
1354908
1354909
1452390
1452391
1452398
1452399
1454260
1454261
1454268
1454269
1459431
1459530
1459531
1459538
1459539
1830800
1830801
1838900
1838901
1508900
1508901
1508902
1508903
1508904
1508905
1508908
1508909
1868900
1868901
1868908
1868909
1868910
1868911
1868918
1868919
1390890
1390891
1390898
1390899
1398900
1398901
1398908
1398909
1398990
1398991
1398998
1398999
1330890
1330891
1330898
1330899
1332250
1332251
1332258
1332259
1339800
1339801
1339808
1339809
1990890
1990891
1990899
1998921
1998927
1998929
1998930
1998931
1998940
1998941
1998951
1998959
1780890
1780891
1786760
1786761
1786768
1786769
1788800
1788801
1788804
1788807
1788900
1788901
1788910
1788911
1788914
1788919
1788920
1788921
1788927
1788930
1788931
1788937
1788960
1788961
1788968
1788969
1789140
1789141
1789148
1789149
1789900
1789901
1789908
1858911
1858919
1560890
1560891
1560898
1560899
1569260
1569261
1569268
1569269
1533133
1533137
1534890
1534891
1534898
1534899
1800890
1800891
1800898
1800899
1807690
1807691
1807698
1807699
1808900
1808901
1808908
1808909
1808990
1808991
1808998
1808999
1361890
1361891
1361898
1361899
1362890
1362891
1362898
1362899
1363890
1363891
1363898
1363899
1364890
1364891
1364898
1364899
1365890
1365891
1365898
1365899
1365950
1365951
1365952
1365953
1365954
1890890
1890891
1890898
1890899
1898900
1898901
1898908
1898909
1898990
1898991
1898998
1898999
