1560738
1561693
1561694
1561695
1561696
1561697
1567380
1567381
1567382
1567383
1567384
1567385
1567386
1567387
1567388
1567389
1568824
1568825
1569738
1780738
1787225
1787226
1787227
1787255
1787287
1787288
1787289
1787380
1787381
1787382
1787383
1787384
1787385
1788694
1789738
1850738
1856931
1856932
1856933
1856934
1856935
1856969
1857051
1857052
1857053
1857054
1857380
1857381
1857382
1857383
1857384
1857385
1857386
1857387
1857388
1857389
1857444
1857463
1857479
1857480
1857481
1857482
1857483
1990738
1991813
1991838
1996710
1996711
1996712
1996713
1996714
1996715
1996716
1996717
1996718
1996719
1997380
1997381
1997382
1997383
1997384
1997385
1997386
1997387
1997388
1997389
1997410
1997411
1997412
1997413
1997687
1330738
1331738
1331968
1332728
1332738
1333258
1333738
1334138
1334258
1334728
1334738
1334878
1334968
1335738
1336738
1337898
1338738
1339738
1339758
1890738
1897380
1897381
1897382
1897383
1897384
1897385
1897386
1897387
1897388
1897389
1897567
1897568
1897569
1360738
1361738
1362738
1363738
1363848
1364738
1365738
1367740
1367741
1956881
1800738
1807380
1807381
1807382
1807383
1807384
1807385
1807386
1807387
1807388
1807389
1807567
1807568
1807569
1530738
1534308
1534328
1534338
1534738
1534838
1536433
1536434
1536435
1536728
1536738
1536760
1536761
1536762
1537738
1538634
1538738
1539988
1539989
1500738
1507380
1507381
1507382
1507383
1507384
1507385
1507386
1507387
1507388
1507389
1508080
1508081
1508082
1508083
1508084
1830738
1837380
1837381
1837382
1837383
1837384
1837385
1837386
1837387
1837388
1837389
1837410
1837411
1837412
1837413
1837414
1837425
1837426
1837427
1839050
1839051
1839052
1839053
1839054
1839055
1839056
1839057
1839058
1839059
1350738
1350844
1351738
1354880
1354881
1354882
1354883
1357450
1357451
1452738
1452758
1454516
1458670
1458671
1458672
1458673
1458674
1590738
1597308
1597309
1597380
1597381
1597382
1597383
1597384
1597385
1597386
1597387
1597388
1597389
1770050
1770051
1770052
1770738
1770748
1771168
1774258
1775268
1775269
1776375
1776376
1776377
1776378
1776379
1776938
1777094
1777095
1777098
1777380
1777381
1777382
1777383
1777384
1777385
1777386
1777387
1777388
1777389
1300738
1302738
1303480
1303481
1303482
1303483
1303484
1303738
1304363
1304364
1304367
1304368
1304369
1308548
1308549
1308738
1726738
1726784
1726785
1726786
1726787
1390738
1397380
1397381
1397382
1397383
1397384
1397385
1397386
1397387
1397388
1397389
1860738
1862738
1862760
1862761
1862762
1867044
1867348
1867380
1867381
1867382
1867383
1867384
1867385
1867386
1867387
1867388
1867389
1868452
1869248
1869280
1869281
1869282
1869283
1869284
1869285
1869286
1869287
1869288
1869289
1550250
1550251
1550252
1550253
1550254
1550255
1550256
1550257
1550258
1550259
1550738
1550740
1550741
1550742
1557080
1557081
1557082
1557083
1557084
1557380
1557381
1557382
1557383
1557384
1557385
1557386
1557387
1557388
1557389
1557630
1557631
1557632
1557633
1557634
1557635
1557636
1557637
1557638
1557639
1558120
1558121
1558122
1558123
1558124
1558125
1558126
1558127
1558128
1558129
1558130
1558131
1558132
1558133
1558134
1558135
1810738
1814332
1814333
1814334
1814335
1815278
1815279
1816938
1816948
1817380
1817381
1817382
1817383
1817384
1817385
1817386
1817387
1817388
1817389
1520738
1524380
1524381
1524382
1524383
1524384
1524385
1524386
1524387
1524388
1524389
1527380
1527381
1527382
1527383
1527384
1527385
1527386
1527387
1527388
1527389
1470738
1477308
1477380
1477381
1477382
1477383
1477384
1477385
1477386
1477387
1477388
1477389
1478670
1478671
1478672
1478673
1478674
1478675
1478676
1478677
1478678
1478679
1370738
1372380
1372381
1376228
1376229
1376280
1376281
1376282
1376283
1376284
1378680
1378681
1378682
1378683
1378684
1378685
1378686
1378687
1378688
1378689
1378738
1378748
1378924
1378925
1880738
1887380
1887381
1887382
1887383
1887384
1887385
1887386
1887387
1887388
1887389
1889057
1889058
1889059
1889060
1889061
1889742
1750738
1750845
1757380
1757381
1757382
1757383
1757384
1757385
1757386
1757387
1757388
1757389
1758038
1758063
1758064
1758065
1758066
1758067
1758068
1758069
1758238
1910738
1910840
1917380
1917381
1917382
1917383
1917384
1917385
1917386
1917387
1917388
1917389
1918650
1918651
1918652
1918653
1918654
1918655
1918656
1918657
1918658
1918659
1320318
1320319
1320494
1320738
1321267
1321738
1323738
1325738
1329738
1650738
1651738
1980738
1981337
1987324
1987325
1987326
1987327
1987380
1987381
1987382
1987383
1987384
1987385
1989176
1989177
1989248
1989249
1989443
1989444
1989640
1989641
1570738
1571738
1571752
1577380
1577381
1577382
1577383
1577384
1577385
1577386
1577387
1577388
1577389
1840738
1847380
1847381
1847382
1847383
1847384
1847385
1847386
1847387
1847388
1847389
1847415
1847416
1847417
1847418
1847419
1847820
1847821
1847822
1847823
1847824
1870738
1871180
1871181
1871182
1871183
1871184
1871185
1871186
1871187
1871188
1871189
1877380
1877381
1877382
1877383
1877384
1877385
1877386
1877387
1877388
1877389
1877443
1877444
1877445
1877446
1380738
1387380
1387381
1387382
1387383
1387384
1387385
1387386
1387387
1387388
1387389
1387540
1387541
1387542
1387543
1387544
1387545
1387546
1387547
1387548
1387549
1660738
1661881
1667038
1667380
1667381
1667382
1667383
1667384
1667385
1667386
1667387
1667388
1667389
1668017
1668018
1668019
1668020
1668021
1668022
1668023
1668024
1668025
1668026
1668027
1668028
1668029
1668030
1668031
1668032
1668033
1668034
1668035
1668036
1668037
1668038
1730738
1734378
1734738
1734755
1734756
1734757
1734758
1734759
1736380
1736381
1736382
1736383
1736384
1736385
1736386
1736387
1736388
1736389
1737380
1737381
1737382
1737383
1737384
1737385
1737386
1737387
1737388
1737389
1737799
1737815
1737816
1737817
1737818
1737819
1739723
1739724
1739738
1310036
1310718
1310728
1310738
1311738
1311748
1311758
1313524
1313538
1317038
1317428
1580738
1587380
1587381
1587382
1587383
1587384
1587385
1587386
1587387
1587388
1587389
1589738
1760738
1765250
1765251
1765252
1765266
1767050
1767051
1767052
1767053
1767054
1767055
1767056
1767057
1767058
1767059
1767337
1767338
1768038
1768070
1768071
1768072
1768073
1340738
1340748
1346738
1346788
1346947
1346948
1346949
1348738
1348799
1510738
1511580
1511581
1511582
1511583
1511584
1511585
1511586
1511587
1511588
1511589
1517380
1517381
1517382
1517383
1517384
1517385
1517386
1517387
1517388
1517389
1519780
1519781
1519782
1519783
1519784
1519785
1519786
1519787
1519788
1519789
1820738
1821645
1821646
1821647
1821648
1821649
1827380
1827381
1827382
1827383
