1520531
1520541
1520666
1521531
1521541
1521640
1521641
1521644
1524418
1525310
1525311
1525312
1525313
1525314
1525315
1525316
1525317
1525318
1525319
1525410
1525411
1525412
1525413
1525414
1525415
1525416
1525417
1525418
1525419
1526410
1526411
1526412
1526413
1526414
1526415
1526416
1526417
1526418
1526419
1526531
1526910
1526911
1526912
1526913
1526914
1526915
1526916
1526917
1526918
1526919
1527510
1527511
1527512
1527513
1527514
1527515
1527516
1527517
1527518
1527519
1527531
1527541
1528884
1528885
1528886
1528887
1810038
1810039
1810531
1810541
1370531
1370540
1370541
1370544
1370640
1370641
1370644
1370892
1370893
1378980
1378981
1378982
1379100
1379101
1379102
1379103
1379104
1379105
1379106
1379107
1379108
1379109
1379110
1379111
1379112
1379113
1379114
1379310
1379311
1379312
1379313
1379314
1379315
1379316
1379317
1379318
1379319
1470531
1470541
1470544
1470630
1470636
1470640
1470641
1475310
1475311
1475312
1475313
1475314
1476300
1476301
1476360
1476361
1476362
1476363
1476364
1476365
1476366
1476367
1476368
1476369
1476539
1476540
1476541
1476542
1476543
1476544
1476648
1476970
1476971
1476972
1476973
1476974
1750531
1750541
1750640
1750641
1750644
1751531
1751541
1755310
1755311
1755312
1755313
1755314
1755315
1755316
1755317
1755318
1755319
1755412
1755413
1755460
1755461
1755462
1755463
1755464
1755465
1755466
1755467
1755468
1755469
1755531
1755541
1756000
1756001
1756002
1756003
1756004
1758810
1758811
1758812
1758813
1758814
1759800
1759801
1759802
1759803
1759804
1759805
1759806
1759807
1759808
1759809
1759810
1759811
1759812
1759813
1759814
1759815
1759816
1759817
1759818
1759819
1759820
1759821
1759822
1759823
1759824
1759825
1759826
1759827
1759828
1759829
1759830
1759831
1759832
1759833
1759834
1759835
1759836
1759837
1759838
1759839
1759840
1759841
1759842
1759843
1759844
1759845
1759846
1759847
1759848
1759849
1759850
1759851
1759852
1759853
1759854
1759855
1759856
1759857
1759858
1759859
1759860
1759861
1759862
1759863
1759864
1759865
1759866
1759867
1759868
1759869
1759870
1759871
1759872
1759873
1759874
1759875
1759876
1759877
1759878
1759879
1880531
1880541
1880640
1880641
1880644
1881531
1885310
1885311
1885312
1885313
1885314
1885315
1885316
1885317
1885318
1885319
1885410
1885411
1885412
1885413
1885414
1885415
1885416
1885417
1885418
1885419
1886541
1886590
1886591
1886592
1886593
1886594
1886595
1886610
1886611
1886612
1886613
1886615
1886640
1886641
1886644
1886661
1886680
1886681
1886682
1886683
1886684
1886685
1886686
1886687
1886688
1886689
1888829
1888830
1888831
1888832
1888833
1888834
1888835
1888836
1888837
1320531
1320540
1320541
1320542
1320640
1321050
1321051
1321052
1321053
1321054
1321055
1321056
1321057
1321058
1321059
1322055
1322056
1322057
1322058
1322059
1322531
1322541
1323531
1324530
1324531
1324540
1324541
1324547
1325531
1325541
1325568
1325569
1325610
1325611
1325612
1325613
1325614
1325615
1325616
1325617
1325618
1325619
1325640
1325641
1325644
1325665
1325666
1325667
1325668
1325669
1325670
1325671
1325672
1325673
1325674
1325675
1325676
1325677
1325678
1325679
1327531
1327541
1327640
1327641
1327644
1327649
1328000
1328001
1328002
1328531
1328541
1328770
1328771
1328772
1328773
1328774
1328775
1328776
1328777
1328778
1328779
1329010
1329024
1329029
1329032
1329033
1329531
1329541
1329640
1329641
1329644
1910040
1910531
1910541
1910640
1910641
1910644
1915310
1915311
1915312
1915313
1915314
1915315
1915316
1915317
1915442
1915443
1915445
1700531
1700541
1700542
1700637
1700658
1700662
1700724
1700916
1700917
1700918
1700919
1700920
1700921
1700922
1700923
1700924
1701100
1701101
1701102
1701103
1701104
1701105
1701106
1701107
1701108
1701109
1702140
1702141
1702142
1702143
1702144
1702145
1702520
1702521
1702522
1702523
1702524
1702525
1702526
1702527
1702528
1702529
1702530
1702531
1702532
1702533
1702534
1702535
1702536
1702537
1702538
1702539
1703855
1703856
1703857
1703858
1703859
1703860
1703861
1703862
1703863
1703864
1703865
1703866
1703867
1703868
1703869
1703870
1705045
1705053
1705126
1705169
1705226
1705264
1705294
1705295
1705296
1705297
1705298
1705359
1705446
1705447
1705448
1705449
1705450
1705451
1705452
1705453
1705454
1705455
1705456
1705457
1705458
1705459
1705460
1705461
1705462
1705463
1705464
1705465
1705466
1705467
1705468
1705469
1705470
1705471
1705472
1705473
1705474
1705475
1705476
1705477
1705478
1705479
1705480
1705481
1705482
1705483
1705531
1705566
1705584
1705587
1705597
1705615
1705672
1705687
1705750
1705810
1705890
1705891
1707530
1707531
1707600
1707601
1707602
1707603
1707604
1707605
1707606
1707607
1707608
1707609
1707610
1707611
1707612
1707613
1707614
1707615
1707616
1707617
1707618
1707619
1707620
1707621
1707622
1707623
1707624
1707625
1707626
1707640
1707641
1707642
1708530
1708531
1709640
1709641
1709680
1709681
1709682
1709683
1709684
1709685
1709686
1709687
1709688
1709689
1980531
1980541
1981248
1981486
1981974
1981975
1981976
1981977
1981978
1981979
1981988
1981989
1985310
1985311
1985312
1985313
1985314
1985315
1985316
1985317
1985318
1985319
1985410
1985411
1985412
1985413
1985414
1985415
1985416
1985417
1985418
1985419
1986140
1986141
1986142
1986143
1986144
1986180
1986181
1986182
1986183
1986184
1986185
1986186
1986187
1986188
1986210
1986211
1986212
1986213
1986214
1986215
1986216
1986217
1986218
1986219
1986364
1986365
1986366
1986367
1986368
1986369
1650053
1650155
1650170
1650308
1650341
1650531
1650541
1651013
1651056
1651088
1651160
1651162
1651213
1651237
1651242
1651403
1651408
1651478
1651531
1651781
1652099
1652179
1652189
1652377
1652393
1652531
1652950
1652951
1653052
1653112
1653342
1653387
1653531
1653558
1653569
1653583
1653589
1653615
1653616
1653617
1653618
1653619
1653767
1653769
1653770
1653786
1653787
1653789
1653831
1655031
1655140
1655151
1655246
1655287
1655310
1655311
1655312
1655313
1655314
1655315
1655316
1655317
1655318
1655319
1655531
1655587
1655777
1655811
1655817
1656092
1656188
1656254
1656531
1657105
1657262
1657271
1657274
1657425
1657531
1657555
1840531
1840541
1841600
1841601
1841602
1841603
1841604
1841605
1841606
1841607
1841608
1841609
1841610
1841611
1841612
1841613
1841614
1841615
1841616
1841617
1841618
1841619
1841620
1841621
1841622
1841623
1841624
1841625
1841626
1841627
1841628
1841629
1841630
1841631
1841632
1841633
1841634
1841635
1841636
1841637
1841638
1841639
1841640
1841641
1841642
1841643
1841644
1841645
1841646
1841647
1841648
1841649
1841650
1841651
1841652
1841653
1841654
1841655
1841656
1841657
1841658
1841659
1841660
1841661
1841662
1841663
1841664
1841665
1841666
1841667
1841668
1841669
1845310
1845311
1845312
1845313
1845314
1845315
1845316
1845317
1845318
1845319
1845410
1845411
1845412
1845413
1845414
1845415
1845416
1845417
1845418
1845419
1846240
1846241
1846242
1846243
1846244
1846245
1846246
1846247
1846248
1846249
1846250
1846251
1846252
1846253
1846254
1846255
1846256
1846257
1846258
1846259
1846260
1846261
1846262
1846263
1846264
1846265
1846266
1846267
1846268
1846269
1846270
1846271
1846272
1846273
1846274
1846275
1846276
1846277
1846278
1846279
1846280
1846281
1846282
1846283
1846284
1846285
1846286
1846287
1846288
1846289
1846290
1846291
1846292
1846293
1846294
1846295
1846296
1846297
1846298
1846299
1849080
1849081
1849082
1849083
1849084
1849085
1849086
1849087
1849088
1849089
1849360
1849361
1849362
1849363
1849364
1849365
1849366
1849367
1849368
1849369
1849370
1849371
1849372
1849373
1849374
1849375
1849376
1849377
1849378
1849379
1849380
1849381
1849382
1849383
1849384
1849385
1849386
1849387
1849388
1849389
1570531
1570541
1570641
1570644
1571531
1571541
1572510
1572511
1572512
1572513
1572514
1572515
1572531
1572541
1572610
1572611
1572612
1572613
1572614
1572615
1572616
1572617
1572618
1572640
1572641
1572644
1575310
1575311
1575312
1575313
1575314
1575315
1575316
1575317
1575318
1575319
1576410
1576411
1576412
1576413
1576414
1576415
1576416
1576417
1576418
1576419
1870531
1870541
1870640
1870641
1875310
1875311
1875312
1875313
1875314
1875315
1875316
1875317
1875318
1875319
1875410
1875411
1875412
1875413
1875414
1875415
1875416
1875417
1875418
1875419
1876396
1876397
1876398
1876399
1876400
1876401
1876402
1876403
1876404
1876405
1876406
1876407
1876408
1876409
1876410
1876411
1876412
1876413
1876414
1876415
1876416
1876417
1876418
1876419
1876440
1876441
1876442
1876443
1876444
1876445
1876446
1876447
1876448
1876449
1876531
1876541
1876580
1876581
1876582
1876583
1876584
1876585
1876586
1876587
1876588
1876589
1876610
1876611
1876612
1876613
1876614
1876615
1876616
1876617
1876618
1876619
1876640
1876641
1876644
1876970
1876971
1876972
1876973
1876974
1876975
1876976
1876977
1876978
1876979
1660531
1660541
1665200
1665201
1665202
1665203
1665204
1665205
1665310
1665311
1665312
1665313
1665314
1665315
1665316
1665317
1665318
1665319
1665410
1665411
1665412
1665413
1665414
1380531
1380540
1380541
1380544
1380640
1380641
1380892
1380893
1385310
1385311
1385312
1385313
1385314
1385315
1385316
1385317
1385318
1385319
1385410
1385411
1385412
1385413
1385414
1385415
1385416
1385417
1385418
1385419
1386400
1386401
1386402
1386403
1386404
1386405
1386406
1386407
1386408
1386409
1386410
1386411
1386412
1386413
1386414
1386415
1386416
1386417
1386418
1386419
1386910
1386911
1386912
1386913
1386914
1386915
1386916
1386917
1386918
1386919
1388498
1388499
1730531
1730541
1735330
1735339
1735346
1735347
1735348
1735460
1735461
1736217
1736218
1310531
1310541
1312710
1312711
1312712
1312713
1312714
1312715
1314531
1314540
1314541
1314547
1315300
1315301
1315302
1315303
1315304
1315310
1315311
1315312
1315313
1315314
1315315
1315316
1315317
1315318
1315319
1315600
1315601
1315610
1315611
1315612
1315613
1315614
1315615
1315616
1315617
1315618
1315619
1315640
1315641
1315644
1316510
1316511
1316512
1316513
1316514
1316531
1316541
1317300
1317301
1317302
1317303
1317304
1317305
1317600
1317601
1317602
1317640
1317641
1317644
1317665
1317666
1317667
1317668
1317669
1318170
1318171
1318172
1318173
1318174
1318887
1318888
1318889
1318893
1318894
1760531
1760541
1760640
1760641
1760644
1761531
1761540
1761580
1761581
1761582
1761583
1761584
1761585
1761586
1761587
1761588
1761589
1765310
1765311
1765312
1765313
1765314
1765315
1765316
1765317
1765318
1765319
1766000
1766001
1766002
1766003
1766004
1766005
1766006
1766007
1766008
1766009
1766010
1766011
1766012
1766013
1766040
1766041
1766042
1766100
1766101
1766102
1766103
1766104
1766105
1766106
1766107
1766108
1766109
1766370
1766371
1766372
1766373
1766374
1766375
1766376
1766377
1766378
1766379
1766800
1766801
1766802
1766803
1766804
1766805
1766806
1766807
1766808
1766809
1766810
1766811
1766812
1766813
1766814
1766815
1766816
1766817
1766818
1766819
1766820
1766821
1766822
1766823
1766824
1766825
1766826
1766827
1766828
1766829
1766830
1766831
1766832
1766833
1766834
1766835
1766836
1766837
1766838
1766839
1766840
1766841
1766842
1766843
1766844
1766845
1766846
1766847
1766848
1766849
1766850
1766851
1766852
1766853
1766854
1766855
1766856
1766857
1766858
1766859
1766860
1766861
1766862
1766863
1766864
1766865
1766866
1766867
1766868
1766869
1766870
1766871
1766872
1766873
1766874
1766875
1766876
1766877
1766878
1766879
1766880
1766881
1766882
1766883
1766884
1766885
1766886
1766887
1766888
1766889
1768540
1768541
1768542
1768640
1768641
1768642
1768660
1768661
1768662
1768663
1768664
1768665
1768666
1768667
1768668
1768669
1768670
1768671
1768672
1768673
1768674
1768675
1768676
1768677
1768678
1768679
1768680
1768681
1768682
1768683
1768684
1768685
1768686
1768687
1768688
1768689
1769400
1769401
1769402
1769403
1769404
1769405
1769406
1769407
1769408
1769409
1769410
1769411
1769412
1769413
1769414
1769415
1769416
1769417
1769418
1769419
1580531
1580541
1580640
1580641
1580660
1580661
1580662
1580663
1580664
1580665
1580666
1580667
1580668
1580669
1582000
1582001
1582009
1585310
1585311
1585312
1585313
1585314
1585315
1585316
1585317
1585318
1585319
1585410
1585411
1585412
1585413
1585414
1585415
1585416
1585417
1585418
1585419
1586313
1586314
1586315
1586316
1586317
1586318
1586319
1586377
1586378
1586379
1586400
1586401
1586402
1586403
1586450
1586451
1586452
1586453
1586478
1586479
1586525
1586526
1586527
1586528
1586529
1586531
1586660
1586661
1586662
1586663
1586664
1586667
1586668
1586669
1586670
1586671
1586672
1586673
1586674
1586675
1586676
1586677
1586678
1586679
1589890
1589891
1340220
1340221
1340222
1340531
1340541
1340606
1340640
1340641
1340692
1340693
1340694
1340695
1340696
1340697
1340698
1340699
1344754
1344854
1344954
1345510
1345511
1345512
1345513
1345514
1345515
1345516
1345517
1346531
1346540
1346541
1346590
1346591
1346592
1346593
1347531
1347540
1347541
1347590
1347591
1347592
1347593
1347594
1347595
1347596
1347597
1347598
1347599
1970999
1820531
1820541
1820641
1825310
1825311
1825312
1825313
1825314
1825315
1825316
1825317
1825318
1825319
1825410
1825411
1825412
1825413
1825414
1825415
1825416
1825417
1825418
1825419
1826410
1826411
1826412
1826413
1826414
1826415
1826416
1826417
1826418
1826419
1826531
1826541
1826641
1510531
1510541
1510690
1510691
1510692
1510693
1510694
1510695
1510696
1510697
1510698
1510699
1515310
1515311
1515312
1515313
1515314
1515315
1515316
1515317
1515318
1515319
1515410
1515411
1515412
1515413
1515414
1515415
1515416
1515417
1515418
1515419
1516500
1516501
1516502
1516503
1516504
1516505
1516506
1516507
1516508
1516509
1516510
1516511
1516512
1516513
1516514
1516515
1516516
1516517
1516518
1516519
1516531
1516541
1516641
1516880
1516881
1516882
1516883
1516884
1516885
1516886
1516887
1516888
1516889
1516900
1516901
1516902
1516903
1516904
1516905
1516906
1516907
1516908
1516909
1516910
1516911
1516912
1516913
1516914
1516915
1516916
1516917
1516918
1516919
1519410
1519411
1519412
1519413
1519414
1519415
1519416
1519417
1519418
1519419
1850531
1850541
1850641
1855310
1855311
1855312
1855313
1855314
1855315
1855316
1855317
1855318
1855319
1855400
1855401
1855443
1855444
1855445
1855446
1855447
1855470
1856000
1856001
1856002
1856003
1856004
1856005
1856006
1856007
1856008
1856009
1856010
1856011
1856012
1856013
1856014
1856015
1856016
1856017
1856018
1856019
1856020
1856021
1856022
1856023
1856024
1856075
1856076
1856077
1856078
1856079
1856080
1856370
1856371
1856372
1856373
1856374
1856375
1856376
1856377
1856378
1856379
1859524
1859525
1859526
1859527
1859607
1859608
1859609
1859636
1780531
1780541
1785201
1785211
1785212
1785213
1785231
1785256
1785271
1785281
1785282
1785310
1785311
1785312
1785313
1785314
1785315
1785316
1785317
1785318
1785319
1785410
1785411
1785412
1785413
1785414
1785415
1785416
1785417
1785418
1785419
1786041
1786050
1786051
1786052
1786053
1786054
1786055
1786056
1786057
1786058
1786059
1786060
1786061
1786062
1786063
1786140
1786141
1786290
1786291
1786292
1786293
1786294
1786295
1786296
1786297
1786298
1786299
1786410
1786411
1786412
1786413
1786414
1786415
1786416
1786417
1786418
1786419
1786512
1786513
1786514
1786515
1786516
1786517
1786518
1786519
1786531
1786541
1786660
1786661
1786693
1786694
1786695
1786696
1786697
1786698
1786699
1786711
1788831
1789241
1789242
1789243
1789244
1789245
1789246
1789247
1789248
1789249
1789290
1789291
1789292
1789293
1789294
1789295
1789296
1789297
1789298
1789299
1789300
1789301
1789302
1789303
1789304
1789305
1789306
1789307
1789308
1789309
1789310
1789531
1789541
1789638
1560531
1560541
1560640
1560641
1560644
1561010
1561011
1561012
1561013
1561014
1561015
1561016
1561017
1561018
1561019
1561467
1561524
1561531
1561541
1561551
1561561
1561571
1561577
1562402
1562403
1562404
1562405
1562406
1562407
1562437
1562438
1562439
1562450
1562451
1562452
1562453
1562454
1562455
1562456
1562457
1562458
1562459
1562876
1562877
1562878
1562879
1562880
1562881
1562882
1562883
1562884
1562885
1562886
1562887
1562888
1562889
1562890
1562891
1562892
1562893
1562894
1562895
1562896
1562897
1562898
1562899
1563403
1565000
1565056
1565310
1566240
1566241
1566242
1566243
1566244
1566245
1566262
1566263
1566265
1566266
1566268
1566270
1566273
1566275
1566276
1566279
1566570
1566572
1566573
1566576
1566577
1566579
1566582
1566583
1566584
1566585
1566586
1566587
1566588
1566589
1566601
1566632
1566640
1566641
1566644
1566666
1566677
1566696
1566697
1566830
1566833
1566836
1566837
1566838
1566839
1568840
1568841
1568842
1568843
1568844
1568845
1568846
1568847
1568848
1568849
1568883
1568884
1568885
1568886
1568887
1568888
1568889
1568940
1568941
1568942
1568969
1568970
1568971
1568972
1568973
1569231
1569237
1569800
1569801
1569804
1990531
1990541
1990640
1990641
1990644
1991255
1991256
1995310
1995311
1995312
1995313
1995314
1995315
1995316
1995317
1995318
1995319
1995409
1995428
1995429
1996305
1996377
1996388
1996389
1996999
1711431
1711434
1711617
1711621
1711637
1711658
1713531
1715531
1715540
1715541
1715542
1715543
1715544
1715545
1715546
1715547
1715548
1715549
1715604
1715609
1715610
1715611
1715612
1715613
1715614
1715615
1715616
1715617
1715618
1715619
1715670
1715671
1715672
1715673
1715674
1715675
1715676
1715677
1715678
1715679
1715680
1715681
1715682
1715683
1715684
1715685
1715686
1715687
1715689
1716160
1716162
1716163
1716164
1716165
1716167
1716168
1716169
1716530
1716531
1716533
1716611
1716677
1716688
1717166
1717531
1717676
1717688
1718160
1718161
1718162
1718163
1718164
1718165
1718166
1718167
1718168
1718169
1718530
1718531
1718533
1718534
1718538
1718540
1718541
1718542
1718543
1718544
1718545
1718546
1718547
1718600
1718601
1718602
1718603
1718605
1718606
1718607
1718608
1718609
1718610
1718611
1718612
1718613
1718615
1718616
1718686
1719531
1330531
1330541
1330640
1330641
1330644
1331061
1332510
1332511
1332512
1332513
1333510
1333511
1333512
1333513
1333514
1333515
1333516
1333517
1333518
1333519
1334510
1334511
1334512
1334513
1335531
1335541
1335665
1335666
1335667
1335668
1335669
1336100
1336101
1336102
1336103
1336104
1336105
1336106
1336107
1336108
1336109
1336531
1336541
1337050
1337051
1337052
1337053
1337054
1337055
1337056
1337057
1337058
1337059
1337531
1337541
1337640
1337641
1337644
1338531
1338541
1338640
1338641
1338644
1339531
1339541
1339640
1339641
1339644
1890531
1890541
1890640
1890641
1890644
1895310
1895311
1895312
1895313
1895314
1895315
1895316
1895317
1895318
1895319
1895410
1895411
1895412
1895413
1895414
1895415
1895416
1895417
1895418
1895419
1895451
1895452
1895453
1895454
1896306
1896307
1896308
1896309
1950541
1953330
1360531
1360540
1360541
1360637
1360640
1360641
1360892
1360893
1361531
1361541
1361640
1361641
1362531
1362541
1362640
1362641
1364531
1364541
1364640
1364641
1365531
1365541
1365640
1365641
1365860
1365861
1365862
1365863
1365864
1366531
1366541
1366880
1366881
1366882
1367531
1367541
1367880
1367881
1367882
1368531
1368541
1368860
1368861
1368862
1368863
1368864
1369531
1369541
1369860
1369861
1369862
1369863
1369864
1530531
1530541
1530640
1530641
1530644
1531410
1531411
1531412
1531510
1531511
1531512
1531513
1531531
1531541
1531555
1531556
1531557
1531558
1531559
1531880
1531881
1531882
1531883
1531884
1531885
1533122
1533124
1533127
1533128
1533531
1533541
1533640
1533641
1533995
1533996
1534531
1537615
1537616
1537617
1537618
1537619
1537640
1537641
1537666
1800531
1800541
1800636
1800640
1800641
1800644
1805310
1805311
1805312
1805313
1805314
1805315
1805316
1805317
1805318
1805319
1806341
1806342
1806343
1806344
1621617
1621618
1621619
1621620
1621621
1830531
1830541
1830640
1830641
1830644
1831541
1832541
1834000
1834001
1834002
1834003
1834004
1834005
1834006
1834007
1834008
1834009
1835310
1835311
1835312
1835313
1835314
1835315
1835316
1835317
1835318
1835319
1835410
1835411
1835412
1835413
1835414
1835415
1835416
1835417
1835418
1835419
1836300
1836301
1836302
1836303
1836304
1836305
1836306
1836307
1836308
1836309
1836410
1836411
1836412
1836413
1836414
1836415
1836416
1836417
1836418
1836419
1836610
1836611
1836612
1836613
1836614
1836615
1836616
1836617
1836618
1836619
1837541
1839680
1839681
1839682
1839683
1839684
1839685
1839686
1839687
1839688
1839689
1500531
1500541
1500640
1500641
1500651
1502000
1502001
1505310
1505311
1505312
1505313
1505314
1505315
1505316
1505317
1505318
1505319
1505410
1505411
1505412
1505413
1505414
1505415
1505416
1505417
1505418
1505419
1506333
1506334
1506335
1506336
1506337
1506338
1506339
1506400
1506401
1506402
1506403
1506404
1506405
1506406
1506407
1506408
1506409
1506410
1506411
1506412
1506413
1506414
1506415
1506417
1506531
1506541
1506610
1506611
1506612
1506613
1506614
1506615
1506665
1506666
1506667
1506668
1506669
1506900
1506901
1506902
1506903
1506904
1506905
1506906
1506907
1506908
1506909
1506910
1506911
1506912
1506913
1506914
1506915
1506916
1506917
1506918
1506919
1509870
1509871
1509872
1509873
1509874
1509875
1509876
1509877
1509878
1509879
1509880
1509881
1509882
1509883
1509884
1509885
1509886
1509887
1509888
1509889
1509890
1509891
1509892
1509893
1509894
1509895
1509896
1509897
1509898
1509899
1452500
1452501
1452502
1452503
1452504
1452531
1452541
1453506
1453507
1453510
1453511
1453512
1453513
1454340
1454341
1454360
1454361
1454370
1454371
1454773
1454778
1454780
1454781
1454782
1457740
1457741
1457742
1457743
1457744
1458355
1458356
1458357
1458358
1458359
1458360
1458361
1458362
1458363
1458364
1458365
1458366
1458367
1458368
1458369
1458370
1458371
1458372
1458373
1458374
1458375
1458376
1458377
1458378
1458379
1350531
1350540
1350541
1350640
1350641
1351531
1351541
1351861
1355315
1355316
1355317
1355318
1355319
1357310
1357311
1357312
1357313
1357314
1357315
1357316
1357317
1357318
1357319
1357375
1357376
1357377
1357378
1357379
1358310
1358311
1358312
1358313
1358314
1358315
1358316
1358317
1358318
1358319
1358900
1358901
1358902
1358903
1358904
1358905
1358906
1358907
1358908
1358909
1358910
1358911
1358912
1358913
1358914
1770531
1770541
1775310
1775311
1775312
1775313
1775314
1775315
1775316
1775317
1775318
1775319
1775334
1775335
1776324
1590531
1590541
1590808
1591008
1591009
1591010
1594970
1595310
1595311
1595312
1595313
1595314
1595315
1595316
1595317
1595318
1595319
1595410
1595411
1595412
1595478
1595490
1595491
1596310
1596311
1596312
1596313
1596400
1596401
1596402
1596450
1596451
1596452
1596453
1596454
1596455
1596531
1596561
1596562
1596563
1596564
1596577
1596605
1596606
1596630
1596631
1596632
1596633
1596634
1596660
1596661
1596662
1596663
1596664
1596665
1596666
1596667
1596668
1596669
1596967
1596968
1596969
1596970
1596971
1599090
1599099
1300000
1300017
1300170
1300171
1300172
1300173
1300174
1300657
1300658
1300659
1301017
1301170
1301171
1301172
1301173
1301174
1301298
1301299
1302170
1302171
1302172
1302173
1302174
1302657
1302658
1302659
1303170
1303171
1303172
1303173
1303174
1304600
1304601
1304602
1304603
1304604
1304748
1306400
1306401
1306402
1306403
1306404
1306405
1306406
1306407
1306408
1306409
1306500
1306501
1306502
1306503
1306504
1306505
1306506
1306507
1306508
1306509
1306600
1306601
1306602
1306603
1307530
1307531
1307532
1307533
1307534
1307535
1307536
1307537
1307538
1307539
1308142
1308273
1308274
1308275
1671531
1671540
1671541
1671542
1671544
1671545
1671547
1671548
1671549
1671630
1671636
1671637
1671638
1671639
1672531
1672630
1672636
1672637
1672638
1672639
1673531
1673540
1673541
1673542
1673544
1673630
1673636
1673637
1673638
1673639
1390054
1390063
1390064
1390531
1390541
1390640
1390641
1390644
1395310
1395311
1395312
1395313
1395314
1395315
1395316
1395317
1395318
1395319
1395410
1395411
1395412
1395413
1395414
1395415
1395416
1395417
1395418
1395419
1396400
1396401
1396402
1396403
1396404
1396405
1396406
1396407
1396408
1396409
1396410
1396411
1396412
1396413
1396414
1396415
1396416
1396417
1396418
1396419
1396900
1396901
1396902
1396903
1396904
1396905
1396906
1396907
1396908
1396909
1396910
1396911
1396912
1396913
1396914
1396915
1396916
1396917
1396918
1396919
1550531
1550541
1550860
1550861
1550862
1550863
1550864
1550865
1550866
1550867
1550868
1550869
1555000
1555001
1555002
1555003
1555004
1555005
1555006
1555007
1555040
1555041
1555042
1555043
1555044
1555045
1555046
1555047
1555048
1555250
1555251
1555252
1555253
1555254
1555255
1555256
1555257
1555258
1555259
1555285
1555286
1555287
1555288
1555289
1555310
1555311
1555312
1555313
1555314
1555315
1555316
1555317
1555318
1555319
1555419
1556240
1556241
1556242
1556243
1556244
1556245
1556246
1556247
1556248
1556249
1556250
1556251
1556252
1556253
1556254
1556255
1556256
1556257
1556258
1556259
1556260
1556261
1556262
1556263
1556264
1556265
1556266
1556267
1556268
1556269
1556335
1556336
1556410
1556411
1556412
1556413
1556414
1556415
1556416
1556417
1558880
1558881
1558882
1558883
1558884
1558885
1558886
1558887
1558888
1558889
1558990
1558991
1558992
1558993
1558994
1558995
1558996
1558997
1558998
1558999
1860531
1861517
1861518
1861519
1861520
1861521
1861522
1861523
1861524
1861525
1861526
1861527
1861528
1861531
1861540
1861541
1861542
1861544
1861545
1861550
1861551
1861552
1861553
1861554
1861555
1861556
1861557
1861558
1861559
1861560
1861561
1861562
1861563
1861564
1861565
1861566
1861567
1861568
1861569
1865310
1865311
1865312
1865313
1865314
1865315
1865316
1865317
1865318
1865319
1865450
1865451
1865452
1865453
1865454
1865455
1865456
1865457
1865458
1865459
1865492
1865493
1865494
1865495
1865496
1866010
1866011
1866012
1866013
1866014
1866015
1866016
1866017
1866018
1866019
1866039
1866040
1866041
1866042
1866043
1866046
1866074
1866077
1866078
1866079
1866080
1866081
1866370
1866371
1866372
1866373
1866374
1866375
1866376
1866377
1866378
1866379
1866890
1866891
1866892
1866893
1866894
1866895
1866896
1866897
1866898
1866899
1867829
1867830
1867834
1867839
1867865
1867877
1867878
1867880
1867881
1867882
1867883
1867884
1867885
1867886
1867887
1867888
1867889
