1971990
1344765
1344865
1344964
1347098
1347099
1348551
1348560
1348567
1348569
1348570
1348571
1348572
1348573
1348574
1580551
1580560
1580565
1580569
1585510
1585511
1585512
1585513
1585514
1585515
1585516
1585517
1585518
1585519
1585551
1585638
1585639
1585650
1585690
1585691
1585692
1585693
1585694
1585695
1585696
1585697
1585698
1585699
1760551
1760560
1760565
1760569
1765501
1765511
1765575
1765581
1765601
1765655
1765671
1765685
1765691
1768110
1768111
1768112
1768113
1768114
1768115
1768116
1768117
1768118
1768119
1768140
1768141
1768142
1768143
1768144
1768200
1768201
1768204
1768214
1768215
1768216
1768217
1768350
1768351
1768352
1768353
1768354
1768355
1768356
1768357
1768358
1768359
1768360
1768361
1768362
1768363
1768364
1768365
1768366
1768367
1768368
1768369
1510551
1510560
1510569
1515510
1515511
1515512
1515513
1515514
1515515
1515516
1515517
1515518
1515519
1515551
1515590
1515591
1515592
1515593
1515594
1515595
1515596
1515597
1515600
1515601
1515602
1515603
1515604
1515605
1515606
1515607
1515608
1515609
1515615
1515621
1515651
1515656
1515668
1515669
1515681
1515687
1515688
1515689
1515698
1515699
1820551
1820560
1820565
1820569
1821473
1821474
1821475
1821483
1821488
1821489
1822551
1822560
1822569
1822583
1822584
1822585
1822586
1822587
1822588
1822589
1822614
1822615
1822617
1822619
1822620
1822621
1822660
1822661
1822662
1822663
1822664
1822665
1822684
1825510
1825511
1825512
1825513
1825514
1825515
1825516
1825517
1825518
1825519
1825600
1825601
1825602
1825603
1825604
1825605
1825606
1825607
1825608
1825609
1825650
1825651
1825655
1825656
1825659
1825690
1825691
1825692
1825693
1825694
1825695
1825696
1825697
1825698
1825699
1826974
1826975
1826976
1826977
1829785
1829790
1829791
1829792
1829793
1829794
1829795
1829796
1829797
1829798
1829799
1829800
1829801
1829802
1380551
1380560
1380565
1380569
1385510
1385511
1385512
1385513
1385514
1385515
1385516
1385517
1385518
1385519
1385600
1385601
1385602
1385603
1385604
1385605
1385606
1385607
1385608
1385609
1385650
1385651
1385652
1385653
1385654
1385655
1385656
1385657
1385658
1385659
1385690
1385691
1385692
1385693
1385694
1385695
1385696
1385697
1385698
1385699
1386522
1386523
1386527
1386529
1386551
1386580
1386590
1386591
1386592
1386593
1386594
1386595
1386596
1386597
1386598
1386599
1386610
1386611
1386612
1386613
1386614
1386615
1386616
1386617
1386618
1386619
1386666
1386668
1386670
1386671
1386672
1386673
1386674
1386675
1386676
1386677
1386678
1386679
1660551
1660565
1665501
1665503
1665510
1665511
1665512
1665513
1665514
1665515
1665516
1870551
1870560
1870569
1870982
1870983
1870984
1870985
1870986
1871481
1871482
1871500
1871501
1871502
1871503
1871504
1871505
1871506
1871507
1871508
1871509
1871510
1871511
1871512
1871513
1871514
1871515
1871516
1871538
1871551
1871560
1871565
1872551
1875510
1875511
1875512
1875513
1875514
1875515
1875516
1875517
1875518
1875519
1875600
1875601
1875602
1875603
1875604
1875605
1875606
1875607
1875608
1875609
1875651
1875652
1875654
1875655
1875658
1875659
1875690
1875691
1875692
1875693
1875694
1875695
1875696
1875697
1875698
1875699
1878883
1878884
1878885
1878886
1878887
1878888
1878889
1879213
1879214
1313540
1313551
1313555
1314551
1314565
1315510
1315511
1315512
1315513
1315514
1315515
1315516
1315517
1315518
1315519
1315565
1315650
1315651
1315652
1315653
1315655
1315657
1315658
1316772
1316773
1317001
1317015
1317025
1317027
1319551
1319565
1730551
1730560
1730565
1730569
1730969
1731850
1731851
1731852
1731853
1731854
1731855
1731856
1731857
1731858
1731859
1733300
1733301
1733302
1733303
1733304
1733305
1733306
1733307
1733308
1733309
1733310
1733311
1733312
1733313
1733314
1733315
1733316
1733317
1733318
1733319
1733320
1733321
1733322
1733323
1733324
1733325
1733326
1733327
1733328
1733329
1734405
1734406
1734407
1734408
1734409
1735290
1735291
1735292
1735293
1735294
1735295
1735296
1735297
1735298
1735299
1735400
1735401
1735402
1735403
1735404
1735405
1735406
1735407
1735408
1735409
1735410
1735411
1735412
1735413
1735414
1735415
1735416
1735417
1735418
1735419
1735510
1735511
1735512
1735513
1735514
1735515
1735516
1735517
1735518
1735519
1735650
1735651
1735652
1735653
1735654
1735655
1735656
1735657
1735658
1735659
1736886
1736888
1739838
1739839
1700130
1700340
1700550
1700551
1700552
1700556
1700557
1700558
1700559
1700569
1700960
1700961
1700962
1700963
1700964
1701550
1701551
1701552
1701553
1701554
1701555
1701556
1701557
1701558
1701559
1701560
1701561
1701562
1701563
1701564
1701565
1702550
1702551
1702552
1702553
1702554
1702555
1702556
1702557
1702558
1702559
1702560
1702561
1702562
1702563
1702564
1702565
1705018
1705052
1705152
1705201
1705244
1705281
1705373
1705519
1705551
1705553
1705629
1705791
1706000
1706001
1706002
1706003
1706004
1706005
1706006
1706007
1706008
1706009
1706010
1706011
1706012
1706013
1706014
1706015
1706016
1706017
1706018
1707550
1707551
1707565
1707570
1707571
1707572
1707573
1707574
1707575
1707576
1707577
1707578
1707579
1707580
1707581
1707582
1707583
1707584
1707585
1707586
1707587
1707588
1707589
1708540
1708541
1708542
1708543
1708544
1708545
1708546
1708547
1708548
1708549
1708550
1708551
1708552
1708554
1708555
1708561
1708562
1708568
1708569
1709570
1709571
1709572
1709573
1709574
1709575
1709576
1709577
1709578
1709579
1910551
1910560
1910565
1910569
1910969
1914240
1914241
1914242
1914243
1914244
1914251
1915400
1915401
1915402
1915403
1915404
1915510
1915511
1915512
1915513
1915514
1915515
1915516
1915517
1915518
1915519
1915600
1915601
1915602
1915603
1915604
1915650
1915651
1915652
1915653
1915654
1915655
1915656
1915657
1915658
1915659
1916551
1916552
1916553
1320551
1320560
1320569
1321551
1321560
1321565
1321569
1322551
1322560
1322569
1322575
1322585
1322589
1327551
1327560
1327569
1327575
1327576
1327577
1327579
1327585
1327586
1327587
1327589
1328551
1328560
1328565
1328569
1329551
1329560
1329569
1570551
1570560
1570569
1571551
1571560
1571569
1572051
1575510
1575511
1575512
1575513
1575514
1575515
1575516
1575517
1575518
1575519
1840551
1840560
1840565
1840569
1843000
1843001
1843002
1843003
1843004
1843005
1843006
1843007
1843008
1843009
1843010
1843011
1843012
1843013
1843014
1843015
1843016
1843017
1843018
1843019
1843020
1843021
1843022
1843023
1843024
1843025
1843026
1843027
1843028
1843029
1843030
1843031
1843032
1843033
1843034
1843035
1843036
1843037
1843038
1843039
1843040
1843041
1843042
1843043
1843044
1843045
1843046
1843047
1843048
1843049
1843050
1843051
1843052
1843053
1843054
1843055
1843056
1843057
1843058
1843059
1843060
1843061
1843062
1843063
1843064
1843065
1843066
1843067
1843068
1843069
1845510
1845511
1845512
1845513
1845514
1845515
1845516
1845517
1845518
1845519
1845650
1845651
1845652
1845653
1845654
1845655
1845656
1845657
1845658
1845659
1845680
1845681
1845682
1845683
1845684
1845685
1845686
1845687
1845688
1845689
1845690
1845691
1845692
1845693
1845694
1845695
1845696
1845697
1845698
1845699
1849040
1849041
1849042
1849043
1849044
1849045
1849046
1849047
1849048
1849049
1849050
1849051
1849960
1849961
1849962
1849963
1849964
1849965
1849966
1849967
1849968
1849969
1980551
1980565
1981065
1981069
1981093
1981094
1981095
1981096
1981097
1981098
1981342
1982640
1982641
1982655
1982656
1984017
1985501
1985510
1985511
1985512
1985513
1985514
1985515
1985516
1985517
1985518
1985519
1985650
1985651
1985652
1985653
1985654
1985655
1985656
1985665
1650551
1650853
1650876
1650884
1651131
1651661
1651845
1652020
1652057
1652141
1652151
1652161
1652662
1653012
1653022
1653910
1655066
1655940
1655976
1656230
1657690
1810050
1810051
1810551
1810560
1810565
1810569
1810969
1811040
1811041
1811090
1811091
1811092
1811093
1811094
1811095
1811096
1811097
1811098
1811099
1811960
1811961
1811962
1811963
1811964
1811965
1811966
1811967
1811968
1811969
1811999
1813000
1813001
1813002
1813003
1813004
1813005
1813006
1813007
1813008
1813009
1813046
1813360
1813361
1813362
1813363
1813364
1813365
1813366
1813367
1813368
1813369
1813450
1813451
1813452
1813453
1815411
1815412
1815421
1815422
1815510
1815511
1815512
1815513
1815514
1815515
1815516
1815517
1815518
1815519
1815600
1815601
1815602
1815603
1815604
1815605
1815606
1815607
1815608
1815609
1815650
1815651
1815653
1815654
1815657
1815682
1815683
1815698
1815699
1815884
1815885
1815886
1815887
1815888
1815895
1816088
1816446
1816447
1816448
1520551
1520560
1520565
1520569
1520982
1520983
1520984
1520985
1520986
1520987
1520988
1520989
1521241
1521242
1521243
1521244
1521245
1521277
1521278
1521279
1521551
1521560
1521565
1521569
1522291
1524001
1524002
1524003
1525510
1525511
1525512
1525513
1525514
1525515
1525516
1525517
1525518
1525519
1525545
1525546
1525547
1525554
1525555
1525556
1525559
1525600
1525601
1525602
1525603
1525604
1525605
1525606
1525607
1525608
1525609
1525622
1525629
1525650
1525652
1525653
1525654
1525655
1525656
1525657
1525658
1525659
1525670
1525690
1525691
1525692
1525693
1525694
1525695
1525696
1525697
1525698
1525699
1750551
1750569
1750965
1755510
1755511
1755512
1755515
1755600
1755601
1755602
1755603
1755604
1755605
1755606
1755607
1755608
1755609
1755650
1755651
1755652
1755653
1755654
1755655
1755656
1755657
1755658
1755659
1755701
1755801
1755806
1880551
1880560
1880569
1881551
1881560
1881565
1881569
1885510
1885511
1885512
1885513
1885514
1885515
1885516
1885517
1885518
1885519
1885600
1885601
1885602
1885603
1885604
1885605
1885606
1885607
1885608
1885609
1885690
1885691
1885692
1885693
1885694
1885695
1885696
1885697
1885698
1885699
1370551
1370560
1370569
1372102
1372103
1372104
1372105
1372106
1372107
1372108
1372109
1372110
1372111
1373199
1373922
1373923
1373924
1373925
1373926
1373927
1373928
1373929
1470551
1470560
1470569
1475510
1475511
1475512
1475513
1475514
1475515
1475516
1475517
1475518
1475519
1475551
1475560
1475561
1475562
1475563
1475564
1476536
1476538
1476545
1476546
1479034
1479036
1479037
1479040
1479041
1479042
1479043
1479044
1479045
1479046
1479047
1479048
1479090
1479091
1479230
1479231
1479232
1479233
1479234
1479235
1479236
1479237
1720154
1720158
1720159
1720168
1720171
1720173
1720177
1720178
1720180
1720182
1720184
1727772
1300300
1300305
1300306
1300308
1301030
1301303
1301306
1301307
1301308
1301309
1302300
1302305
1302306
1302308
1302309
1303300
1303305
1303306
1303308
1303404
1303405
1303505
1303506
1303509
1303540
1304551
1305305
1305306
1305308
1305309
1305313
1306321
1306333
1306348
1306349
1307550
1307551
1307552
1307553
1307554
1307555
1307556
1307557
1307558
1307559
1308300
1308305
1308306
1308308
1308319
1308340
1308344
1308348
1308349
1308500
1308505
1308506
1308551
1309340
1309355
1309551
1930551
1935556
1935557
1935558
1860551
1860565
1865410
1865411
1865412
1865413
1865414
1865415
1865416
1865417
1865418
1865419
1865505
1865510
1865511
1865512
1865513
1865514
1865515
1865516
1865517
1865518
1865519
1865545
1865575
1865595
1865600
1865601
1865602
1865603
1865604
1865605
1865606
1865607
1865608
1865609
1865613
1865615
1865637
1865645
1865653
1865655
1865663
1865675
1865694
1865695
1865696
1865697
1865698
1865699
1869466
1550551
1555118
1555119
1555510
1555511
1555512
1555513
1555514
1555515
1555516
1555517
1555518
1555519
1555540
1555541
1555542
1555543
1555544
1555545
1555546
1555547
1555548
1555549
1555645
1555646
1555647
1555648
1555649
1555650
1555651
1555652
1555653
1555690
1555691
1555692
1555693
1555694
1555695
1555696
1555697
1555698
1555699
1390056
1390096
1390551
1390560
1390569
1390969
1395510
1395511
1395512
1395513
1395514
1395515
1395516
1395517
1395518
1395519
1395600
1395601
1395602
1395603
1395604
1395605
1395606
1395607
1395608
1395609
1395665
1395666
1395690
1395691
1395692
1395693
1395694
1395695
1395696
1395697
1395698
1395699
1396500
1396501
1396502
1396503
1396504
1396505
1396506
1396507
1396508
1396509
1396510
1396511
1396512
1396513
1396514
1396544
1396568
1396632
1396635
1396638
1396665
1396666
1396667
1396668
1396669
1396670
1396671
1396672
1396673
1396674
1396675
1396676
1396677
1396678
1396679
1396692
1671185
1671186
1671187
1671188
1671189
1671443
1671444
1671445
1671551
1672551
1672565
1672566
1672567
1672568
1672569
1673551
1673554
1673559
1673560
1673561
1673563
1673565
1673566
1673567
1673568
1673569
1500551
1500560
1500565
1505510
1505511
1505512
1505513
1505514
1505515
1505516
1505517
1505518
1505519
1505570
1505600
1505601
1505602
1505603
1505604
1505605
1505606
1505607
1505608
1505609
1505622
1505623
1505656
1505657
1505659
1505690
1505691
1505692
1505693
1505694
1505695
1505696
1505697
1505698
1505699
1507790
1507791
1507792
1830551
1830671
1830672
1830673
1830674
1830675
1830678
1830679
1832470
1832471
1832472
1832473
1832474
1832600
1832601
1832602
1832603
1832604
1832605
1832606
1832607
1832608
1832609
1832610
1832611
1832612
1832613
1832614
1832615
1832616
1832617
1832618
1832619
1832660
1832661
1832662
1832663
1832664
1832665
1832666
1832667
1832668
1832669
1835510
1835511
1835512
1835513
1835514
1835515
1835516
1835517
1835518
1835519
1835600
1835601
1835602
1835603
1835604
1835605
1835606
1835607
1835608
1835609
1835613
1835614
1835650
1835651
1835652
1835653
1835654
1835694
1835695
1835696
1621492
1621494
1590551
1590560
1590565
1590569
1592240
1592241
1592242
1592243
1592244
1595510
1595511
1595512
1595513
1595514
1595515
1595516
1595517
1595518
1595519
1595565
1595606
1595607
1595651
1595652
1595653
1595654
1595655
1595656
1595690
1595691
1595692
1595693
1595694
1595695
1595696
1595697
1595698
1595699
1770551
1770560
1770565
1770569
1770969
1771810
1771811
1771812
1771813
1771814
1771815
1771816
1771817
1771818
1771819
1771947
1771948
1771949
1773000
1773001
1773002
1773003
1773004
1773020
1773021
1773022
1773023
1773044
1775409
1775419
1775481
1775510
1775511
1775512
1775513
1775514
1775515
1775516
1775517
1775518
1775519
1775600
1775601
1775602
1775603
1775604
1775605
1775606
1775607
1775608
1775609
1775657
1775658
1775659
1775697
1775698
1776440
1776441
1776442
1776443
1776444
1776445
1776446
1776447
1776448
1776449
1777503
1777504
1777505
1777530
1777531
1777532
1777533
1777534
1777535
1777536
1777537
1777538
1777539
1452081
1452097
1452098
1453080
1453081
1453082
1453083
1453084
1453450
1453451
1453452
1453453
1453454
1453455
1453552
1453555
1453556
1453557
1453558
1453559
1454101
1454111
1457221
1457230
1457231
1457980
1457981
1457982
1457983
1457984
1457985
1457986
1457987
1458220
1458221
1458222
1458223
1458224
1458225
1458226
1458227
1458228
1458229
1458240
1458241
1458242
1458243
1458244
1458245
1458246
1458247
1458248
1458249
1458250
1458251
1458252
1458253
1458254
1350050
1350551
1350560
1350561
1350569
1351495
1351496
1351497
1351498
1351499
1351551
1351560
1351564
1351565
1351566
1360551
1360560
1360569
1361551
1361560
1361569
1362551
1362555
1362565
1363551
1363560
1363565
1363569
1363705
1363706
1363707
1363708
1363709
1364551
1364560
1364569
1365551
1365555
1365560
1365569
1366551
1366560
1366565
1366569
1367551
1367560
1367562
1367565
1368551
1368565
1369551
1369560
1369565
1369569
1369650
1369651
1369652
1369653
1369654
1950560
1950565
1955600
1955601
1955602
1955603
1955604
1955605
1955606
1955607
1955608
1955609
1955650
1955651
1955652
1955653
1955654
1955655
1955656
1955657
1955658
1955659
1890051
1890551
1890560
1890569
1890969
1891960
1891961
1891962
1891963
1891964
1891965
1891966
1891967
1891968
1891969
1894980
1894981
1894982
1894983
1894984
1894985
1894986
1894987
1894988
1894989
1895510
1895511
1895512
1895513
1895514
1895515
1895516
1895517
1895518
1895519
1895600
1895601
1895602
1895603
1895604
1895605
1895606
1895607
1895608
1895609
1896378
1896379
1800551
1800560
1800565
1800569
1800969
1801085
1801086
1801087
1801088
1801954
1801955
1801956
1801957
1801958
1801959
1801990
1801991
1801992
1801993
1801994
1801995
1801996
1801997
1801998
1801999
1805409
1805510
1805511
1805512
1805513
1805514
1805515
1805516
1805517
1805518
1805519
1805600
1805601
1805602
1805603
1805604
1805605
1805606
1805607
1805608
1805609
1805654
1805657
1805686
1805687
1805688
1809565
1809640
1809660
1809661
1809662
1809663
1809664
1809665
1809666
1809667
1809668
1809669
1530551
1530560
1530569
1530969
1532440
1532448
1532449
1533773
1533969
1534551
1534560
1534569
1535777
1535790
1535791
1535792
1535793
1535794
1535795
1537504
1537510
1537514
1537520
1537521
1537522
1537523
1537524
1537525
1537526
1537527
1537528
1537529
1537530
1537531
1537532
1537533
1537534
1537535
1537536
1537537
1537538
1537539
1537540
1537541
1537542
1537543
1537544
1537545
1537546
1537547
1537548
1537549
1537551
1538512
1538514
1538518
1538519
1538551
1538588
1538589
1539193
1539500
1539501
1539502
1539503
1539504
1539505
1539506
1539507
1539508
1539509
1539510
1539511
1539512
1539513
1539514
1539515
1539516
1539517
1539518
1539519
1539551
1990551
1990560
1990565
1990569
1990969
1993012
1994240
1994241
1994242
1994243
1994244
1994245
1994251
1995510
1995511
1995512
1995513
1995514
1995515
1995516
1995517
1995518
1995519
1995600
1995601
1995602
1995603
1995604
1995605
1995606
1995607
1995608
1995609
1995650
1995651
1995652
1995653
1995654
1995655
1995656
1995657
1995658
1995659
1996500
1996501
1996502
1996503
1996504
1996505
1996506
1996507
1996508
1996509
1996510
1996511
1996512
1996513
1996514
1996515
1996516
1996517
1996518
1996519
1996520
1996521
1996522
1996523
1996524
1996525
1996526
1996527
1996528
1996540
1996541
1996542
1996543
1996544
1996545
1996546
1996547
1996548
1996549
1996551
1996614
1996615
1996616
1996617
1996618
1996619
1996645
1996646
1996647
1996648
1996649
1996650
1996651
1996652
1996653
1996654
1996655
1560551
1560560
1560565
1560569
1560968
1560969
1565510
1565511
1565512
1565513
1565514
1565515
1565516
1565517
1565518
1565519
1565600
1565601
1565602
1565603
1565604
1565605
1565606
1565607
1565608
1565609
1565651
1565652
1565655
1565656
1565657
1565658
1565659
1565690
1565691
1565692
1565693
1565694
1565695
1565696
1565697
1565698
1565699
1566540
1566541
1566542
1566543
1566544
1566545
1566551
1566560
1566569
1567551
1569551
1569565
1569569
1850551
1850560
1850565
1850567
1850569
1855501
1855511
1855515
1855540
1855541
1855542
1855550
1855566
1855568
1855569
1855634
1855635
1855636
1855637
1855638
1855639
1855650
1855651
1855652
1855653
1855654
1855655
1855656
1855657
1780551
1780560
1780565
1785510
1785511
1785512
1785513
1785514
1785515
1785516
1785517
1785518
1785519
1785592
1785650
1785651
1785652
1785653
1785654
1788016
1788430
1788436
1788438
1788445
1788446
1788452
1788462
1788469
1789160
1789551
1789554
1330551
1330560
1330569
1330969
1332901
1332904
1332915
1333551
1333901
1333910
1333914
1333919
1333928
1333929
1334551
1334901
1334909
1334911
1334918
1334919
1334920
1334929
1335551
1335560
1335569
1335901
1336551
1336560
1336565
1336569
1336574
1336579
1338560
1338569
1339551
1339560
1339569
1339951
1339969
1710022
1710026
1710027
1710028
1710029
1710030
1710031
1710032
1710033
1710034
1710035
1710036
1710037
1710038
1710039
1710040
1710041
1710042
1710043
1710044
1710045
1710046
1710047
1710048
1710049
1710050
1710055
1712000
1712001
1712002
1712003
1712004
1713560
1713561
1713562
1713563
1713564
1713565
1713566
1713567
1713568
1713569
1715490
1715491
1715492
1715493
1715494
1715495
1715496
1715497
1715498
1715499
1715550
1715551
1715554
1715555
1715556
1715557
1715558
1715559
1715560
1715566
1716490
1716491
1716492
1716493
1716494
1716495
1716551
1716555
1716556
1716565
1716566
1717551
1717555
1717557
1717566
1718493
1718497
1718498
1718499
1718550
1718551
1718554
1718555
1718557
1718558
1718561
1718566
1718567
1718568
1718569
1719551
1719554
1719555
1719559
1719566
