1980813
1981295
1982738
1988134
1988135
1988136
1988137
1988138
1988139
1988140
1988141
1650813
1848130
1848131
1848132
1848133
1848134
1848135
1848136
1848137
1848138
1848139
1570048
1570049
1570065
1570066
1570067
1570068
1570069
1570813
1570814
1570828
1570829
1572984
1572985
1320813
1321963
1321964
1321965
1321966
1913010
1913011
1913012
1913013
1913014
1913015
1913016
1913017
1913018
1913019
1914062
1914063
1914064
1914065
1914066
1914067
1914068
1914069
1914070
1914071
1915075
1915076
1915890
1915891
1915892
1916093
1916094
1916095
1916096
1916097
1916098
1916099
1916145
1916148
1918022
1918023
1918282
1918315
1918316
1918317
1918318
1918319
1918383
1472673
1472674
1478130
1478131
1478132
1478133
1478134
1478135
1478136
1478137
1478138
1478139
1370095
1370815
1377850
1377851
1377852
1377853
1377854
1377855
1377856
1377857
1377858
1377859
1379555
1379556
1379557
1379558
1379559
1750813
1758210
1758211
1758214
1880822
1880823
1882887
1882888
1882889
1888200
1888201
1888202
1888203
1888204
1888270
1888271
1888272
1888273
1888274
1522860
1522861
1522862
1522863
1522864
1528130
1528131
1528132
1528133
1528134
1528135
1528136
1528137
1528138
1528139
1528480
1528481
1528482
1528483
1528484
1811104
1811105
1811142
1811143
1812304
1812305
1812306
1812307
1812308
1812309
1814257
1814258
1814422
1814423
1816009
1818013
1818014
1818015
1818155
1818849
1819023
1819024
1822773
1822774
1822775
1822776
1828070
1828071
1828072
1828073
1828074
1828130
1828131
1828132
1828133
1828134
1828135
1828136
1828137
1828138
1828139
1828230
1828231
1828240
1518130
1518131
1518132
1518133
1518134
1518260
1518261
1518262
1518263
1518264
1519600
1519601
1519602
1519603
1519604
1760813
1762813
1762836
1762850
1762891
1762892
1762893
1768313
1580813
1580820
1580821
1580822
1580823
1580824
1588130
1588131
1588132
1588133
1588134
1589220
1589221
1589222
1589223
1589224
1340230
1340231
1340232
1340813
1343850
1343851
1344001
1345835
1345836
1730813
1734436
1734437
1734514
1734515
1734516
1734517
1734518
1734519
1734520
1734521
1734522
1734523
1734800
1734801
1734802
1734803
1735890
1735891
1735892
1735893
1735894
1735895
1735896
1736107
1736108
1736109
1738121
1738122
1738328
1738329
1738342
1738343
1738344
1738345
1738346
1738347
1738348
1738349
1738350
1738351
1738352
1739056
1739057
1739535
1739536
1739537
1739884
1739885
1739886
1739887
1310808
1311808
1311809
1315463
1315464
1315465
1315466
1315467
1315880
1315881
1315882
1318346
1318392
1318393
1319475
1319491
1319820
1319821
1319840
1319876
1319880
1870830
1870831
1870832
1870833
1870834
1870835
1870836
1870837
1870838
1870839
1878495
1878496
1878497
1878498
1878499
1660813
1660815
1662813
1668298
1668326
1668327
1380815
1388140
1388141
1388142
1388143
1388144
1389000
1389001
1389002
1389003
1389004
1389005
1389006
1389007
1389008
1389009
1530900
1532835
1532836
1532837
1532838
1532839
1534811
1534812
1537835
1538827
1538828
1538829
1538848
1539037
1539038
1539779
1800813
1800814
1800815
1801570
1801571
1804038
1804849
1804886
1805475
1805476
1805477
1806490
1808148
1808149
1808164
1808165
1808166
1808686
1809503
1809504
1809505
1809506
1809629
1890900
1894281
1898022
1898023
1899000
1899001
1899002
1899003
1899004
1899005
1899006
1899007
1899008
1899009
1360815
1361902
1362902
1364902
1367822
1368430
1368431
1368432
1369824
1369825
1330900
1332080
1332081
1333080
1333081
1334080
1334081
1335010
1335011
1335067
1335068
1337832
1338832
1338833
1339812
1339813
1850813
1858160
1858190
1858191
1858192
1858193
1858194
1858202
1858203
1858347
1858425
1782880
1782896
1782897
1786608
1786609
1788285
1788286
1788307
1788308
1788309
1788840
1560900
1568022
1568023
1568184
1568185
1568186
1569291
1990818
1990819
1991533
1991538
1991539
1991549
1993850
1993851
1994099
1994995
1994996
1994997
1994998
1994999
1995075
1996003
1996120
1996121
1996161
1996168
1996169
1998022
1998023
1390900
1398022
1398023
1399000
1399001
1399002
1399003
1399004
1399005
1399006
1399007
1399008
1399009
1558385
1558386
1558387
1860813
1868130
1868131
1868132
1868133
1868134
1868136
1868138
1868139
1300289
1301818
1303560
1303640
1303641
1303810
1306438
1306439
1308642
1308828
1308829
1308832
1309289
1309600
1309601
1720832
1726095
1726871
1350817
1351846
1354165
1354166
1354167
1354168
1354169
1354738
1354739
1354740
1354741
1355075
1355076
1355890
1355891
1355892
1356832
1356833
1452813
1454560
1459300
1459301
1459302
1459303
1459304
1771159
1771343
1771389
1771577
1771578
1774029
1774281
1774677
1774678
1774809
1774813
1774873
1774874
1776019
1776054
1776098
1776137
1776145
1776490
1776530
1776531
1776532
1776533
1776534
1776535
1776679
1777832
1778013
1778126
1778164
1778165
1778170
1778860
1779046
1779647
1598315
1598316
1598317
1598318
1598319
1598415
1598416
1598417
1598418
1598419
1834995
1834996
1834997
1834998
1834999
1838130
1838131
1838132
1838133
1838134
1838135
1838136
1838137
1838138
1838139
1839870
1839871
1839872
1839873
1839874
1500810
1500811
1500812
1500813
1500814
