1303370
1303371
1303372
1303373
1303374
1303375
1303376
1303377
1303378
1303379
1304376
1307494
1308376
1308701
1390376
1390397
1393760
1393761
1393762
1393763
1393764
1393765
1393766
1393767
1393768
1393769
1393970
1393971
1393972
1393973
1393974
1393975
1393976
1393977
1393978
1393979
1394915
1394916
1394917
1394918
1394919
1671280
1671281
1671376
1671655
1672376
1673376
1674172
1674175
1674176
1674177
1674178
1674376
1860376
1860397
1861374
1861376
1862397
1862535
1863760
1863761
1863762
1863763
1863764
1863765
1863766
1863767
1863768
1863769
1863837
1863838
1863849
1863970
1869739
1869770
1869771
1869772
1869773
1869774
1550376
1551404
1551421
1551422
1551423
1551424
1551425
1551426
1551427
1551428
1551429
1551431
1551432
1551433
1551760
1551761
1551858
1551859
1551890
1551891
1551892
1553760
1553761
1553762
1553763
1553764
1553765
1553766
1553767
1553768
1553769
1554405
1554406
1554430
1554431
1554432
1554433
1554434
1554435
1555405
1555406
1555430
1555431
1555433
1555434
1555435
1556545
1556546
1556550
1556551
1556552
1556553
1556554
1556555
1556556
1556557
1556558
1556559
1500376
1500397
1503760
1503761
1503762
1503763
1503764
1503765
1503766
1503767
1503768
1503769
1503970
1503971
1503972
1503973
1503974
1503975
1503976
1503977
1503978
1503979
1508345
1508346
1508347
1508348
1508349
1830376
1833624
1833625
1833626
1833627
1833628
1833629
1833760
1833761
1833762
1833763
1833764
1833765
1833766
1833767
1833768
1833769
1833860
1833861
1833862
1833863
1833864
1833865
1833866
1833867
1833868
1833869
1834844
1834845
1834846
1834847
1834848
1834849
1960376
1452330
1452331
1452332
1454214
1454862
1458500
1458501
1458502
1458503
1458504
1350376
1350760
1350761
1351376
1352376
1352388
1352389
1352390
1352397
1352399
1352600
1352601
1352602
1352603
1352604
1352605
1352606
1352607
1352608
1352609
1356970
1356971
1356972
1356973
1356974
1356975
1356976
1356977
1356978
1356979
1359855
1359856
1359857
1359858
1359859
1590376
1590397
1593760
1593761
1593762
1593763
1593764
1593765
1593766
1593767
1593768
1593769
1593820
1593821
1593822
1593823
1593824
1593825
1593826
1593827
1593828
1593829
1593970
1593971
1593972
1593973
1593974
1593975
1593976
1593977
1593978
1593979
1597835
1597836
1597837
1597838
1597839
1597850
1597851
1597852
1597853
1597854
1597855
1597856
1597857
1597858
1597859
1770376
1771635
1771636
1771928
1772490
1773083
1773084
1773085
1773703
1773764
1773765
1773766
1773943
1773957
1773962
1773972
1774471
1774636
1774945
1779670
1890376
1890397
1893760
1893761
1893766
1893768
1893769
1360376
1360397
1360760
1360761
1360847
1361376
1361397
1362376
1362397
1363376
1363397
1364376
1365376
1366376
1366397
1367307
1367308
1367309
1367345
1367346
1367347
1367348
1367349
1367376
1368376
1368397
1369376
1369397
1800376
1800397
1803760
1803761
1803932
1530376
1533376
1533397
1534376
1534390
1534397
1534620
1534621
1534622
1534623
1534624
1560376
1563760
1563761
1563762
1563763
1563764
1563765
1563766
1563767
1563768
1563769
1563860
1563861
1563862
1564915
1564916
1564917
1564918
1564919
1566062
1566095
1566424
1567064
1567065
1567268
1567269
1567271
1567272
1569083
1850376
1853744
1853745
1853760
1853761
1853762
1853763
1853764
1853765
1853766
1853767
1853768
1853769
1853837
1853838
1853839
1853849
1853965
1856744
1856745
1856750
1856751
1856752
1856827
1856828
1856829
1856869
1856980
1856981
1857422
1780376
1781476
1781477
1781478
1781479
1783723
1783724
1783760
1783761
1783762
1783763
1783764
1783765
1783766
1783767
1783768
1783769
1783970
1783971
1783972
1783973
1783974
1783975
1783976
1783977
1783978
1783979
1788663
1788852
1789681
1990376
1991344
1991345
1991346
1991376
1993730
1993732
1993733
1993734
1993735
1993763
1993764
1993766
1713376
1715376
1716376
1716503
1716505
1716506
1716507
1716508
1716509
1717376
1717384
1717440
1717441
1717442
1717443
1718369
1718376
1719376
1719434
1719435
1330376
1330397
1332376
1332397
1333376
1333397
1334376
1334397
1334674
1334675
1334676
1335369
1335376
1338376
1338397
1580376
1580397
1583760
1583761
1583762
1583763
1583764
1583765
1583766
1583767
1583768
1583769
1583970
1583971
1583972
1583973
1583974
1583975
1583976
1583977
1583978
1583979
1760376
1761313
1761391
1761392
1761393
1761394
1762990
1762991
1762992
1762993
1762994
1762995
1762996
1762997
1762998
1762999
1763090
1763091
1763092
1763093
1763094
1763095
1763096
1763097
1763098
1763099
1763370
1763371
1763372
1763373
1763374
1763375
1763376
1763377
1763378
1763379
1763440
1763441
1763442
1763443
1763444
1763445
1763446
1763447
1763448
1763449
1763760
1763761
1763762
1763763
1763764
1763765
1763766
1763767
1763768
1763769
1763838
1763839
1763849
1765171
1769476
1769477
1769873
1769874
1769875
1340376
1340397
1341995
1341996
1341997
1341998
1341999
1346151
1346152
1346153
1346154
1346200
1346201
1346202
1346203
1346204
1346205
1346206
1346207
1346208
1346209
1510376
1513760
1513761
1513762
1513763
1513764
1513765
1513766
1513767
1513768
1513769
1513975
1513976
1513977
1513978
1513979
1518825
1518826
1518827
1518828
1518829
1518855
1518856
1518857
1518858
1518859
1519445
1519446
1519447
1519448
1519449
1820376
1821170
1821171
1821172
1821173
1821174
1821175
1821176
1821177
1821178
1821179
1823625
1823626
1823627
1823628
1823629
1823760
1823761
1823762
1823763
1823764
1823765
1823766
1823767
1823768
1823769
1823825
1823826
1823827
1823828
1823829
1824050
1824051
1824052
1824053
1824054
1870376
1873760
1873761
1873762
1873763
1873764
1873765
1873766
1873767
1873768
1873769
1873860
1873861
1873862
1873863
1873864
1873865
1873866
1873867
1873868
1873869
1879005
1879006
1879007
1879008
1879009
1879010
1879011
1879012
1879013
1879014
1879015
1879016
1879017
1879018
1879019
1879040
1879041
1879042
1879043
1879044
1879045
1879046
1879047
1879048
1879049
1380376
1383760
1383761
1383762
1383763
1383764
1383765
1383766
1383767
1383768
1383769
1383970
1383971
1383972
1383973
1383974
1383975
1383976
1383977
1383978
1383979
1384972
1384973
1384974
1384975
1384976
1660376
1663760
1663761
1663762
1663763
1663764
1663765
1663766
1663767
1663768
1663769
1663848
1663849
1663868
1663869
1668400
1668401
1668402
1668403
1668404
1668405
1668406
1668407
1668408
1669236
1669237
1669238
1669239
1669240
1669241
1669242
1669243
1669244
1669245
1669246
1669247
1669280
1669281
1669282
1669283
1669284
1669285
1669286
1669287
1669288
1669289
1730376
1730397
1732490
1732935
1732945
1733544
1733564
1733590
1733591
1733760
1733761
1733762
1733763
1733764
1733765
1733766
1733767
1733768
1733769
1734466
1734476
1736466
1739583
1739586
1310176
1310376
1310397
1312403
1313736
1313737
1313738
1313739
1313760
1313761
1313762
1313763
1313764
1314060
1314061
1317464
1318336
1318337
1319385
1319386
1319387
1319388
1319389
1910376
1913735
1913948
1914376
1321386
1321387
1321388
1321389
1323376
1323377
1323378
1323397
1324330
1324331
1324332
1325380
1325381
1325382
1325383
1325384
1325385
1327112
1327113
1327376
1327397
1328307
1328376
1328397
1329099
1329599
1700376
1700383
1701384
1701385
1701386
1701387
1702192
1702193
1707376
1707397
1708376
1708397
1708487
1980376
1981269
1983760
1983761
1983762
1983763
1983764
1983765
1983766
1983767
1983768
1983769
1984097
1650376
1651376
1653376
1570376
1571376
1571640
1571657
1571658
1571659
1573762
1573763
1573764
1573765
1573766
1573767
1573768
1573769
1573825
1573826
1573827
1573828
1573829
1573846
1573897
1840376
1840397
1843617
1843627
1843760
1843761
1843762
1843763
1843764
1843765
1843766
1843767
1843768
1843769
1810376
1813760
1813761
1815308
1520376
1520397
1520399
1522470
1522471
1522472
1522473
1522474
1522530
1522531
1522532
1522533
1522534
1522535
1522536
1522537
1522538
1522539
1523640
1523641
1523642
1523643
1523644
1523670
1523671
1523672
1523673
1523674
1523675
1523676
1523760
1523761
1523762
1523763
1523764
1523765
1523766
1523767
1523768
1523769
1529020
1529021
1529022
1529023
1529024
1529025
1529026
1529027
1529028
1529029
1529472
1529473
1529474
1529480
1529481
1529482
1529483
1529484
1370076
1370376
1372310
1372311
1372312
1372313
1372314
1374792
1374793
1374794
1374795
1374796
1374972
1374973
1374974
1374975
1374976
1378290
1378291
1378292
1378293
1378294
1378295
1378296
1378297
1378298
1378299
1378376
1378397
1473858
1473876
1473887
1475676
1478330
1478331
1478332
1478333
1478334
1478335
1478336
1478337
1478338
1478339
1478376
1478415
1478416
1478417
1478418
1478419
1750376
1751626
1751627
1751628
1751629
1751630
1751631
1751632
1751633
1751634
1751645
1751867
1751868
1751869
1751870
1751871
1751872
1752730
1752731
1752732
1752733
1752734
1752735
1752736
1752737
1752738
1752739
1752752
1752753
1752754
1752755
1753441
1753470
1753471
1753472
1753473
1753476
1753477
1753760
1753761
1753762
1753763
1753764
1753765
1753766
1753767
1753768
1753769
1753838
1753839
1753849
1754928
1759400
1759401
1759646
1759647
1759690
1759691
1759692
1759693
1759694
1759695
1759696
1759697
1759698
1759699
1880363
1880364
1880376
1880387
1883760
1883761
1883762
1883763
1883764
1883765
1883766
1883767
1883768
1883769
1886030
1886447
1886448
1886449
1886450
1888850
1888851
1888852
1888853
1888854
1888855
1888856
1888857
1888858
1888859
