1340377
1340925
1340926
1340927
1340928
1340929
1341990
1341991
1341992
1341993
1341994
1346191
1346192
1346194
1346196
1346197
1346198
1346250
1346251
1346252
1346253
1346254
1346255
1346256
1346257
1346258
1346259
1346260
1346261
1346262
1346263
1346264
1346265
1346266
1346267
1346268
1346269
1971273
1971277
1971278
1760377
1760381
1761335
1761336
1761337
1761338
1761357
1761363
1761364
1761365
1761366
1761367
1761368
1761369
1761370
1761371
1761372
1761373
1761374
1761375
1761376
1761377
1761378
1761379
1761380
1761381
1761382
1762475
1762476
1762477
1762478
1762479
1762480
1762481
1763048
1763065
1763066
1763067
1763068
1763069
1763340
1763341
1763342
1763343
1763344
1763345
1763346
1763347
1763348
1763349
1763360
1763361
1763362
1763363
1763364
1763365
1763366
1763367
1763368
1763369
1763460
1763461
1763462
1763463
1763464
1763465
1763466
1763467
1763468
1763469
1763745
1763770
1763771
1763772
1763773
1763774
1763775
1763776
1763777
1763778
1763779
1763823
1763825
1763826
1763835
1763844
1763845
1763846
1763872
1763873
1763874
1763875
1763876
1763877
1763878
1763879
1763895
1763896
1763897
1763898
1763899
1763993
1763994
1763998
1763999
1765662
1765665
1765666
1765667
1765668
1765669
1765730
1765731
1765732
1765733
1765735
1765736
1765737
1769466
1769467
1769468
1769469
1769837
1769838
1769839
1769840
1769841
1769880
1769881
1769882
1769883
1769884
1769885
1769886
1769887
1769888
1769889
1580377
1583770
1583771
1583772
1583773
1583774
1583775
1583776
1583777
1583778
1583779
1583840
1583841
1583842
1583843
1583844
1583845
1583846
1583847
1583848
1583849
1583870
1583871
1583872
1583873
1583874
1583875
1583876
1583877
1583878
1583879
1583990
1583991
1583992
1583993
1583994
1583995
1583996
1583997
1583998
1583999
1589040
1589041
1589042
1589043
1589044
1589085
1589086
1589087
1589088
1589089
1589330
1589331
1589332
1589333
1589334
1589335
1589336
1589337
1589338
1589339
1589350
1589351
1589352
1589353
1589354
1589355
1589356
1589357
1589358
1589359
1820377
1820380
1820381
1820382
1820383
1820384
1820385
1820386
1820387
1820388
1820389
1821180
1821181
1821182
1821183
1821184
1821185
1821186
1821187
1821188
1821189
1823770
1823771
1823772
1823773
1823774
1823775
1823776
1823777
1823778
1823779
1823810
1823811
1823812
1823813
1823814
1823815
1823816
1823817
1823818
1823819
1823840
1823841
1823842
1823843
1823844
1824055
1824056
1824057
1824058
1824059
1827275
1827276
1827277
1827278
1827279
1510377
1513665
1513666
1513667
1513668
1513669
1513770
1513771
1513772
1513773
1513774
1513775
1513776
1513777
1513778
1513779
1513840
1513841
1513842
1513843
1513844
1513860
1513861
1513862
1513863
1513864
1513900
1513901
1513902
1513903
1513904
1513905
1513906
1513907
1513908
1513909
1518820
1518821
1518822
1518823
1518824
1518845
1518846
1518847
1518848
1518849
1660377
1661377
1662762
1662763
1663373
1663476
1663477
1663478
1663479
1663480
1663481
1663482
1663770
1663771
1663772
1663773
1663774
1663775
1663776
1663777
1663778
1663779
1663864
1663870
1663871
1663872
1663873
1663874
1663875
1663876
1663877
1663878
1663879
1663880
1663881
1663894
1663990
1663991
1663992
1663993
1663994
1663995
1663996
1663997
1663998
1663999
1666377
1666387
1669200
1669201
1669202
1669203
1669204
1669205
1669206
1669207
1669208
1669209
1669630
1669631
1669632
1669633
1669634
1669635
1669636
1669637
1669638
1669639
1669770
1380377
1380387
1383770
1383771
1383772
1383773
1383774
1383775
1383776
1383777
1383778
1383779
1383870
1383871
1383872
1383873
1383874
1383875
1383876
1383877
1383878
1383879
1383895
1383896
1383897
1383898
1383899
1384970
1384971
1384977
1384978
1384979
1870377
1873650
1873651
1873652
1873653
1873654
1873655
1873656
1873657
1873658
1873659
1873660
1873661
1873662
1873663
1873664
1873665
1873666
1873667
1873668
1873669
1873770
1873771
1873772
1873773
1873774
1873775
1873776
1873777
1873778
1873779
1873870
1873871
1873872
1873873
1873874
1873875
1873876
1873877
1873878
1873879
1873900
1873901
1873902
1873903
1873904
1874900
1874901
1874902
1874903
1874904
1874905
1874906
1874907
1874908
1874909
1310174
1310177
1310367
1310368
1310377
1313707
1313708
1313709
1313777
1313778
1313779
1314051
1314052
1314053
1314063
1318330
1318331
1319365
1319366
1319367
1319368
1319369
1319380
1319381
1319382
1319383
1319384
1730377
1732627
1733470
1733482
1733487
1733541
1733565
1733770
1733771
1733772
1733773
1733774
1733775
1733776
1733778
1733779
1733904
1734467
1734477
1736462
1739633
1700377
1701304
1701305
1701390
1701391
1701392
1703631
1703632
1703633
1703634
1703635
1704390
1704391
1704392
1704393
1704394
1704395
1704396
1704397
1704398
1705530
1705579
1706709
1706710
1706711
1706712
1706713
1706714
1707160
1707365
1707366
1707367
1707368
1707369
1707377
1708377
1708488
1708489
1709350
1709351
1709352
1709353
1320375
1320376
1320377
1320378
1320379
1321370
1321371
1321372
1321373
1321374
1321375
1321376
1321377
1321378
1321379
1324312
1324313
1324314
1324315
1324319
1326200
1326201
1326202
1326203
1326204
1326205
1326206
1326207
1326208
1326209
1327130
1327131
1327132
1327133
1327134
1327135
1327136
1327137
1327138
1327139
1327178
1327179
1327377
1327379
1328377
1328379
1910377
1913703
1913722
1913723
1913770
1913771
1913772
1913773
1913774
1913775
1913776
1913777
1913778
1913779
1913920
1913921
1913922
1913923
1913925
1913926
1913927
1913928
1913929
1913949
1914377
1840377
1843618
1843619
1843638
1843770
1843771
1843772
1843773
1843774
1843775
1843776
1843777
1843778
1843779
1843881
1843882
1843883
1843884
1843885
1843886
1843887
1843888
1843889
1843890
1843891
1843892
1843893
1843894
1843895
1843896
1843897
1843898
1843899
1570377
1571377
1571641
1571660
1571661
1571662
1571663
1571664
1571665
1572916
1572917
1572918
1572919
1572946
1573760
1573761
1573770
1573771
1573772
1573773
1573774
1573775
1573776
1573777
1573778
1573779
1573805
1573806
1573807
1573808
1573809
1573847
1573868
1650377
1651256
1651810
1653013
1653019
1653512
1653528
1653771
1653772
1655072
1655277
1655519
1655560
1656210
1656265
1656267
1656268
1657185
1657297
1657702
1657703
1980377
1981263
1983602
1983670
1983671
1983672
1983673
1983675
1983676
1983678
1983679
1983770
1983771
1983772
1983773
1983774
1983775
1983776
1983777
1983778
1983779
1983780
1983860
1983861
1983862
1983863
1983864
1983870
1983871
1983872
1983873
1983875
1983876
1983878
1984080
1984098
1520377
1520380
1520381
1520382
1520383
1520384
1520385
1520386
1520387
1520388
1520389
1522485
1522486
1522487
1522488
1522489
1522560
1522561
1522562
1522563
1522564
1522565
1522566
1522567
1522568
1522569
1523600
1523601
1523602
1523603
1523604
1523605
1523606
1523607
1523608
1523609
1523770
1523771
1523772
1523773
1523774
1523775
1523776
1523777
1523778
1523779
1523810
1523811
1523812
1523813
1523814
1523815
1523816
1523817
1523818
1523819
1529030
1529031
1529032
1529033
1529034
1529035
1529036
1529037
1529038
1529039
1810377
1813723
1813730
1880368
1880377
1883670
1883671
1883672
1883673
1883674
1883675
1883676
1883677
1883678
1883679
1883770
1883771
1883772
1883773
1883774
1883775
1883776
1883777
1883778
1883779
1883860
1883861
1883862
1883863
1883864
1883865
1883866
1883867
1883868
1883869
1886022
1886451
1886452
1886453
1886454
1886455
1886456
1886457
1886458
1886459
1889815
1889816
1889817
1889818
1889819
1750377
1750381
1751342
1751343
1751358
1751359
1751360
1751361
1751362
1751363
1751364
1751365
1751366
1751367
1751368
1751369
1751370
1751371
1751372
1751373
1751374
1751375
1751376
1751377
1751890
1751891
1751892
1751893
1751894
1751895
1751896
1751897
1751898
1751899
1752760
1752761
1752762
1752763
1752764
1752765
1752766
1752767
1752768
1752769
1752770
1752771
1752772
1752773
1752774
1752775
1752776
1752777
1752778
1752779
1753048
1753065
1753066
1753067
1753068
1753069
1753445
1753446
1753447
1753448
1753449
1753450
1753451
1753452
1753453
1753454
1753455
1753456
1753457
1753458
1753459
1753486
1753487
1753488
1753489
1753770
1753771
1753772
1753773
1753774
1753775
1753776
1753777
1753778
1753779
1753823
1753824
1753825
1753826
1753835
1753840
1753841
1753842
1753843
1753844
1753845
1753846
1753872
1753873
1753874
1753875
1753876
1753877
1753878
1753879
1753895
1753896
1753897
1753898
1753899
1753998
1753999
1754926
1754927
1755030
1755031
1755032
1755033
1755034
1755035
1755036
1755037
1755038
1755039
1758940
1758941
1758942
1758943
1758944
1758945
1758946
1758947
1758948
1758949
1759404
1759405
1759406
1759407
1759408
1759670
1759671
1759672
1759673
1759674
1759675
1759676
1759677
1759678
1759679
1759680
1759681
1759682
1759683
1759684
1759685
1759686
1759687
1759688
1759689
1370077
1370341
1370345
1370377
1370763
1372180
1372181
1372182
1372183
1372184
1372300
1372301
1372302
1372303
1372304
1373310
1373311
1373312
1373313
1373314
1374970
1374971
1374977
1374978
1374979
1378175
1378176
1378177
1378178
1378179
1378200
1378201
1378202
1378203
1378204
1378205
1378206
1378207
1378208
1378209
1378210
1378211
1378212
1378213
1378214
1378215
1378216
1378217
1378218
1378219
1378377
1473800
1473801
1473863
1473877
1473899
1475677
1478345
1478346
1478347
1478348
1478349
1478377
1478860
1478861
1478862
1478863
1478864
1478865
1478866
1478867
1478868
1478869
1930376
1930377
1930381
1930383
1930386
1933742
1933743
1933770
1933771
1933772
1933773
1933774
1933775
1933776
1933777
1933778
1933779
1933955
1933956
1303760
1303761
1303762
1303763
1303764
1303765
1303766
1303767
1303768
1303769
1304377
1304390
1308018
1308377
1308703
1550377
1550399
1551410
1551411
1551412
1551413
1551414
1551415
1551416
1551417
1551418
1551419
1551634
1551770
1551771
1551772
1551773
1551893
1551894
1551895
1551896
1551897
1551898
1551899
1553770
1553771
1553772
1553773
1553774
1553775
1553776
1553777
1553778
1553779
1553840
1553841
1553842
1553843
1553844
1553845
1553846
1553847
1553848
1553849
1553872
1553873
1553874
1553875
1553876
1553877
1553878
1553879
1553990
1553991
1553992
1553993
1553994
1553995
1553996
1553997
1553998
1553999
1554426
1554436
1554437
1554438
1554439
1555436
1555437
1555438
1555439
1556547
1556548
1556564
1556565
1556566
1556567
1556568
1556569
1556575
1556576
1556577
1556578
1556588
1860377
1861377
1862377
1862390
1862399
1862475
1862476
1862477
1862478
1862479
1862480
1862481
1862560
1862561
1862562
1862565
1862566
1862567
1862568
1862569
1863770
1863771
1863772
1863773
1863774
1863775
1863776
1863777
1863778
1863779
1863833
1863844
1863845
1863846
1863895
1863896
1863897
1863898
1863899
1863979
1863981
1863982
1869596
1869597
1869598
1869777
1671377
1672377
1673377
1674179
1674377
1674378
1674390
1674391
1674397
1674399
1390377
1393770
1393771
1393772
1393773
1393774
1393775
1393776
1393777
1393778
1393779
1393895
1393896
1393897
1393898
1393899
1394930
1394931
1394932
1394933
1394934
1394935
1394936
1394937
1394938
1394939
1830377
1831720
1831721
1831722
1831723
1831724
1833645
1833660
1833661
1833662
1833663
1833664
1833665
1833666
1833667
1833668
1833669
1833770
1833771
1833772
1833773
1833774
1833775
1833776
1833777
1833778
1833779
1833810
1833811
1833812
1833813
1833814
1833815
1833816
1833817
1833818
1833819
1833820
1833821
1833822
1833823
1833824
1833825
1833826
1833827
1833828
1833829
1833830
1833831
1833832
1833833
1833834
1833835
1833836
1833837
1833838
1833839
1834800
1834801
1834802
1834803
1834804
1834805
1834806
1834807
1500377
1503620
1503621
1503622
1503623
1503624
1503625
1503626
1503627
1503628
1503629
1503770
1503771
1503772
1503773
1503774
1503775
1503776
1503777
1503778
1503779
1503870
1503871
1503872
1503873
1503874
1503875
1503876
1503877
1503878
1503879
1508330
1508331
1508332
1508333
1508334
1508335
1508336
1508337
1508338
1508339
1508340
1508341
1508342
1508343
1508344
1509010
1509011
1509012
1509013
1509014
1509300
1509301
1509302
1509303
1509304
1623770
1623772
1623774
1623775
1623776
1623778
1770377
1771620
1771621
1771639
1773700
1773701
1773774
1773775
1773776
1773789
1773922
1773923
1773929
1773942
1773950
1774477
1774637
1774691
1774946
1776160
1776161
1776162
1779680
1779683
1779684
1590377
1593610
1593611
1593612
1593613
1593614
1593615
1593616
1593617
1593618
1593619
1593640
1593641
1593642
1593643
1593644
1593770
1593771
1593772
1593773
1593774
1593775
1593776
1593777
1593778
1593779
1593840
1593841
1593842
1593843
1593844
1593845
1593846
1593847
1593848
1593849
1593880
1593881
1593882
1593883
1593884
1593885
1593886
1593887
1593888
1593889
1599310
1599311
1599312
1599313
1599314
1599315
1599316
1599317
1599318
1599319
1452333
1452334
1452335
1452336
1452337
1454215
1454863
1458505
1458506
1458507
1458508
1458509
1350377
1350387
1350390
1350763
1351377
1352364
1352365
1352366
1352367
1352377
1352510
1352511
1352512
1352513
1352514
1352515
1352516
1352517
1352518
1352519
1352565
1352566
1352567
1352568
1352569
1356920
1356921
1356922
1356923
1356924
1356925
1356926
1356927
1356928
1356929
1359820
1359821
1359822
1359823
1359824
1359825
1359826
1359827
1359828
1359829
1960377
1951100
1951105
1951106
1951278
1951301
1951302
1951305
1951306
1951307
1951308
1952377
1952490
1956266
1956268
1360341
1360377
1360763
1360845
1361377
1361387
1361399
1362377
1362399
1363377
1363399
1363967
1364377
1364399
1365377
1366305
1366377
1366399
1367377
1367389
1368377
1368390
1368391
1368392
1368398
1368399
1369377
1369384
1369385
1369386
1369387
1369388
1890377
1893770
1893771
1893772
1893773
1893774
1893775
1893776
1893777
1893778
1893779
1893920
1893921
1893922
1530377
1532476
1532477
1533377
1534377
1534640
1534641
1534642
1534643
1534644
1534645
1534646
1800377
1803770
1803771
1803930
1803931
1803968
1990377
1991326
1991360
1991361
1991362
1991363
1991364
1991365
1991366
1991367
1991368
1991369
1991377
1991710
1993770
1993771
1993772
1993773
1993774
1993920
1993932
1993933
1993934
1994932
1994933
1996933
1780377
1783729
1783770
1783771
1783772
1783773
1783774
1783775
1783776
1783777
1783778
1783779
1783877
1783878
1783953
1783954
1783955
1783956
1783957
1788470
1788471
1788472
1788473
1788474
1788475
1788476
1788477
1788478
1788479
1788667
1788856
1789674
1789675
1850377
1853048
1853065
1853066
1853067
1853068
1853069
1853734
1853735
1853736
1853770
1853771
1853772
1853773
1853774
1853775
1853776
1853777
1853778
1853779
1853844
1853845
1853846
1853895
1853896
1853897
1853898
1853899
1856715
1856716
1856717
1856718
1856719
1856725
1856726
1856727
1856728
1856729
1856874
1856875
1856876
1856877
1856878
1856879
1857418
1859593
1859594
1859595
1859596
1859597
1859598
1859599
1560377
1562840
1562841
1562842
1562843
1562844
1562846
1562848
1562849
1563770
1563771
1563772
1563773
1563774
1563775
1563776
1563777
1563778
1563779
1563895
1563896
1563897
1563898
1563899
1564935
1564936
1564937
1564938
1564939
1566000
1566001
1566002
1566003
1566004
1566005
1566006
1566015
1566016
1566017
1566018
1566019
1566065
1566066
1566067
1566096
1566097
1566098
1566099
1566425
1566426
1566427
1567017
1567019
1567020
1567021
1567022
1567023
1567024
1567025
1567026
1567027
1567028
1567029
1567066
1567067
1567068
1567069
1567263
1567264
1567274
1567275
1567276
1567277
1567278
1568810
1568811
1568812
1568813
1568814
1568815
1568816
1568817
1568818
1568819
1569069
1569070
1330377
1332368
1332369
1332377
1333360
1333361
1333362
1333363
1333364
1333365
1333366
1333367
1333368
1333369
1333377
1334369
1334377
1334696
1334697
1335377
1338377
1338407
1338408
1903672
1903673
1903722
1903723
1903726
1903727
1710682
1710686
1710689
1712894
1712895
1712896
1712897
1712898
1712899
1713377
1713613
1713615
1713616
1713617
1713618
1713619
1715150
1715152
1715153
1715155
1715156
1715157
1715377
1715446
1715447
1715448
1715449
1715460
1715461
1715462
1715463
1715464
1715465
1716377
1717377
1718377
1718465
1718466
1718467
1719365
1719367
1719368
1719369
1719377
1719380
1719381
1719382
1719383
