1344018
1345842
1580836
1588404
1588405
1588406
1760836
1768306
1518360
1518361
1518362
1519630
1519631
1822745
1822746
1822747
1822748
1822749
1828362
1828363
1828364
1828365
1828366
1828367
1828368
1828369
1660836
1878360
1878361
1878362
1878363
1878364
1878365
1878366
1878367
1878368
1878369
1878439
1310836
1311181
1315441
1315840
1731160
1733689
1734031
1734555
1734556
1736904
1736905
1738026
1738031
1738102
1910836
1911383
1911384
1911385
1911386
1911387
1911388
1911389
1911397
1913043
1913044
1918373
1918374
1919656
1919657
1320824
1321946
1570836
1572974
1575696
1575697
1840835
1840836
1840839
1980836
1981299
1988103
1988104
1651836
1811131
1811168
1811650
1812344
1814500
1814501
1818036
1819021
1819022
1528155
1528156
1528157
1528158
1528159
1528360
1528361
1528362
1750836
1880836
1882885
1882886
1888295
1888296
1888297
1888298
1888299
1377839
1379578
1470818
1470819
1472669
1726099
1726875
1305645
1308635
1309626
1860836
1868360
1552050
1552889
1399045
1399046
1399047
1399048
1399049
1508230
1508231
1838360
1838361
1838362
1838363
1838364
1838365
1838366
1838367
1838368
1838369
1839838
1839839
1621834
1621836
1598373
1598374
1598473
1598474
1771342
1771396
1772345
1773895
1773896
1776031
1776499
1778036
1778131
1778176
1779053
1452836
1453840
1453841
1453842
1453843
1454878
1350829
1351844
1354146
1354147
1354189
1354715
1354840
1355169
1355198
1355199
1355850
1355851
1356828
1356829
1356867
1356868
1356869
1361813
1367836
1368449
1369814
1891954
1894283
1899045
1899046
1899047
1899048
1899049
1801127
1801578
1801579
1803090
1803091
1804809
1806499
1809012
1809013
1809014
1809042
1532879
1535145
1535149
1538765
1538766
1538840
1539016
1991532
1991535
1991536
1991591
1993097
1993416
1993417
1998170
1998171
1998172
1998243
1568180
1568181
1569296
1850836
1858278
1858341
1780836
1782860
1784477
1788350
1788351
1332079
1333079
1335045
