1350008
1350230
1350234
1350236
1350238
1350239
1350258
1350259
1350906
1353645
1353646
1353647
1353648
1353649
1353953
1353954
1354310
1354311
1354312
1354313
1354314
1354315
1354316
1354317
1354318
1354319
1356055
1356056
1356057
1356058
1356059
1452917
1454829
1458964
1458965
1458966
1458967
1458968
1770761
1770829
1772720
1772846
1772857
1772858
1772885
1776887
1590010
1590011
1590012
1591495
1591496
1591713
1591714
1597675
1597676
1597677
1597678
1597679
1830660
1831286
1831603
1831668
1831800
1831897
1831958
1831981
1834422
1834446
1501435
1501436
1501630
1501631
1501632
1501633
1501789
1501957
1501958
1501959
1508950
1508951
1508952
1508953
1509980
1390267
1390268
1392269
1392357
1392358
1392359
1392449
1392469
1392790
1392791
1392792
1392793
1392794
1392795
1392796
1392797
1392798
1392799
1392930
1392931
1392932
1392933
1392934
1392935
1392936
1392937
1392938
1392939
1860764
1866603
1866604
1866605
1866606
1867581
1868807
1300525
1302525
1304610
1304611
1304612
1304613
1305824
1305825
1306050
1306051
1307150
1307151
1307152
1307153
1307154
1307155
1307156
1307157
1307158
1307159
1330267
1330268
1331867
1331868
1331869
1332267
1332268
1335275
1335276
1336094
1336095
1337660
1337664
1338084
1338085
1850660
1850665
1857857
1857858
1857859
1857870
1857871
1857872
1780660
1780761
1781150
1781713
1781809
1781871
1781886
1781909
1781934
1782770
1784188
1784189
1787508
1787535
1787549
1787660
1788057
1789664
1560267
1560268
1562269
1562790
1562791
1562792
1562795
1562796
1562797
1562799
1569767
1992485
1992505
1992506
1992507
1992508
1992509
1992625
1992626
1992627
1992699
1992850
1992851
1992852
1992853
1992854
1532300
1532301
1532323
1534762
1534763
1536020
1536021
1536022
1536023
1536024
1538437
1538438
1538439
1800767
1802315
1802316
1802317
1802318
1802319
1802575
1802576
1802577
1802578
1802579
1802786
1802787
1802788
1802789
1802946
1803336
1890267
1890268
1892269
1892357
1892358
1892359
1892449
1892790
1892791
1892792
1892793
1892794
1892795
1892796
1892797
1892798
1892799
1893418
1899850
1899851
1899852
1360020
1362023
1362242
1362292
1364244
1364245
1365060
1365061
1365062
1365063
1365064
1365298
1365299
1368090
1368091
1368092
1368093
1368094
1368095
1368096
1368097
1368098
1368099
1369290
1369291
1369292
1369293
1369294
1369295
1369296
1369297
1369298
1369299
1730660
1730824
1730865
1730866
1730867
1732239
1732467
1732468
1732469
1735306
1735307
1737672
1311980
1311981
1311982
1311983
1311984
1314447
1314448
1314449
1316820
1316821
1316822
1316823
1316947
1316948
1316949
1317285
1317286
1317287
1317288
1317289
1318485
1318486
1318487
1318488
1318489
1319250
1319251
1319252
1319253
1319254
1660660
1660661
1669808
1669809
1669810
1669811
1380066
1380979
1382890
1382891
1382892
1382893
1382894
1382895
1382896
1382897
1382898
1382899
1820660
1821136
1821906
1821918
1821919
1511350
1511351
1511352
1511940
1511941
1511942
1511943
1511944
1760660
1768807
1581320
1581321
1581390
1581391
1581392
1581393
1581904
1581905
1581906
1581907
1581908
1581909
1581910
1581911
1582030
1582031
1587674
1587675
1587676
1587677
1588984
1341105
1341106
1341107
1341108
1341109
1342150
1342151
1342152
1342153
1342154
1342155
1342156
1342157
1342158
1342159
1342820
1342821
1342822
1342823
1342824
1343272
1343273
1343274
1343275
1343276
1343277
1343278
1343279
1343750
1343751
1343752
1343753
1343754
1348038
1348039
1471472
1471536
1471566
1477803
1477851
1371950
1371951
1371952
1371953
1371954
1371955
1371956
1371957
1371958
1371959
1372950
1372951
1372952
1372953
1372954
1372955
1372956
1372957
1372958
1372959
1375190
1375191
1375192
1375193
1375194
1750620
1752065
1880660
1881358
1881359
1881374
1881953
1881954
1881955
1881956
1881957
1881958
1881959
1882469
1889878
1889970
1521812
1521813
1521930
1521931
1521932
1521933
1521985
1810285
1810286
1810287
1810288
1810289
1810767
1812692
1812840
1812841
1812842
1812843
1812844
1812845
1812846
1812847
1812848
1812849
1813810
1813811
1813812
1813813
1813814
1813815
1813816
1813817
1813818
1813819
1813856
1813861
1980640
1980660
1981219
1981457
1982079
1983015
1983032
1983061
1983095
1983590
1984932
1986013
1986015
1986406
1986506
1986535
1986601
1986620
1986850
1986851
1986877
1650660
1842004
1842051
1847508
1847531
1847532
1847535
1847550
1847675
1847676
1847677
1847678
1847679
1570660
1571827
1572418
1572850
1572880
1576662
1576713
1576714
1576731
1576760
1576805
1576866
1321102
1321103
1322674
1322675
1322688
1322969
1322973
1322974
1324265
1324266
1325761
1326770
1326771
1326772
1326773
1326774
1910660
1910661
