1351979
1452867
1452869
1454607
1454609
1459547
1459549
1459557
1459559
1459657
1459658
1770977
1770979
1771609
1772522
1773095
1773097
1779707
1779734
1779735
1779736
1779746
1779747
1779748
1779749
1590979
1621978
1830977
1830979
1839709
1500979
1390979
1399737
1399739
1399749
1550067
1550069
1550977
1550979
1559759
1860977
1860979
1869781
1869782
1869787
1869789
1300770
1308620
1308621
1308622
1330977
1330979
1332760
1332761
1336977
1336979
1338977
1338979
1780979
1780985
1780986
1780987
1780989
1789967
1789969
1789977
1789979
1850977
1850979
1859707
1859709
1859727
1560977
1560979
1569537
1569539
1990977
1991738
1991739
1991748
1991749
1999729
1999737
1999747
1530977
1530979
1534977
1534979
1535295
1535296
1800977
1800979
1809577
1809579
1809717
1809719
1809727
1809737
1809747
1809749
1890977
1890979
1891958
1891959
1893556
1893557
1893559
1893567
1894683
1894687
1894689
1899737
1899739
1899747
1899749
1361979
1363979
1730977
1730979
1739457
1739459
1739707
1739709
1310754
1310756
1310757
1311975
1311977
1311979
1313900
1313901
1313902
1313903
1313917
1313918
1319570
1319571
1319572
1870979
1879729
1660977
1660979
1389705
1389706
1389709
1389719
1389729
1389759
1820977
1820979
1829707
1829727
1829729
1760977
1760979
1769707
1769709
1769719
1769762
1769766
1769779
1580979
1589709
1470976
1470979
1479709
1479759
1370979
1373469
1880979
1889706
1889709
1889719
1889739
1750977
1520979
1810977
1810979
1814636
1819471
1819472
1819564
1819577
1819579
1819737
1840979
1571979
1572238
1572239
1320975
1320976
1320977
1320979
1329987
1910977
1919717
1919743
1919747
