1840893
1848913
1848923
1848928
1570803
1572673
1572893
1981433
1988913
1988923
1989953
1322893
1329893
1910893
1918913
1889803
1750983
1758903
1471893
1472893
1478903
1520803
1528903
1528913
1810893
1814143
1814323
1814383
1814384
1818493
1818903
1818904
1818993
1818997
1820803
1828903
1828907
1828913
1768903
1768913
1768953
1588903
1730893
1735453
1738903
1738993
1739713
1668903
1388903
1870803
1879893
1534893
1800893
1807693
1808903
1808993
1361893
1362893
1363893
1364893
1365893
1365958
1890893
1898903
1898993
1330893
1332253
1339803
1990893
1998923
1998928
1998933
1998943
1998950
1998953
1780893
1780899
1786763
1788803
1788903
1788913
1788923
1788929
1788933
1788939
1788963
1789143
1789903
1858913
1858943
1560893
1569263
1868903
1868913
1390893
1398903
1398993
1770893
1771193
1774073
1775843
1778453
1778901
1778903
1778993
1778998
1452393
1454263
1459433
1459533
1830803
1838903
1838909
1820806
1828906
1828916
1828917
1588906
1768906
1768916
1768956
1730896
1735450
1735456
1738906
1738996
1738997
1739716
1739719
1388906
1668906
1870806
1870807
1879896
1879897
1572676
1572896
1840896
1848916
1848919
1848926
1848929
1980986
1981436
1988916
1988926
1989956
1989959
1910896
1918910
1322896
1329896
1889806
1889808
1750986
1758906
1471896
1472896
1478906
1810896
1814146
1814326
1814327
1814385
1814386
1818496
1818996
1520806
1520807
1528906
1528916
1868906
1868916
1390896
1398906
1398996
1770896
1771196
1774076
1778456
1778906
1778996
1778997
1351896
1354903
1452396
1454266
1459436
1459536
1508906
1830806
1838906
1800896
1807696
1808906
1808996
1534896
1361896
1362896
1363896
1364896
1365896
1890896
1898906
1898996
1330896
1332256
1339806
1990896
1998926
1998936
1998937
1998946
1998949
1560896
1569266
1780896
1786766
1788806
1788906
1788909
1788916
1788917
1788926
1788936
1788966
1789146
1789906
1858916
1858941
1890895
1898905
1898995
1361895
1362895
1363895
1364895
1365895
1365955
1800895
1807695
1808905
1808995
1534895
1560895
1569265
1858915
1858940
1780895
1786765
1788805
1788905
1788915
1788925
1788935
1788965
1789145
1789905
1990895
1998925
1998935
1998938
1998939
1998945
1998954
1998955
1330895
1332255
1339805
1390089
1390895
1398905
1398995
1868905
1868915
1508907
1830805
1830808
1838905
1838907
1351895
1354905
1452395
1454265
1459435
1459535
1770895
1771195
1774075
1778450
1778454
1778457
1778905
1778909
1778995
1910895
1918912
1322895
1980980
1980984
1980985
1980987
1981435
1988914
1988915
1988918
1988925
1988929
1989955
1570805
1570806
1570809
1572675
1572895
1840895
1840899
1848915
1848925
1810895
1814145
1814325
1818490
1818495
1818900
1818905
1818909
1818990
1818995
1520805
1520808
1528905
1528915
1471895
1472895
1478905
1750985
1758905
1889805
1588905
1768905
1768915
1768955
1820805
1820808
1828905
1828908
1828915
1870805
1870808
1879895
1879898
1388905
1668905
1730895
1735455
1735459
1738995
1738998
1739715
1739718
1520804
1528904
1528914
1810894
1814147
1814324
1818494
1818497
1818994
1750984
1758904
1888904
1889809
1471894
1472894
1478904
1322894
1329894
1910894
1840894
1848914
1848924
1570804
1572674
1572894
1981434
1988910
1988924
1989954
1668904
1388904
1870804
1879894
1730894
1735454
1738994
1739714
1768904
1768914
1768954
1588904
1820804
1828904
1828914
1990894
1990898
1998924
1998934
1998944
1858914
1858918
1780894
1786764
1788904
1788928
1788938
1788964
1789144
1789904
1560894
1569264
1330894
1332254
1339804
1361894
1362894
1363894
1364894
1365894
1365959
1890894
1898904
1898994
1534894
1800894
1807694
1808904
1808994
1830804
1838904
1770894
1771194
1774074
1775844
1778904
1778908
1778994
1452394
1454264
1459434
1459534
1351894
1354904
1868904
1868914
1390894
1398904
1398994
1730891
1730898
1730899
1735451
1738901
1738908
1738991
1738999
1739711
1668900
1668901
1668908
1668909
1388900
1388901
1388908
1388909
1870800
1870801
1879890
1879891
1820800
1820801
1828900
1828901
1828910
1828911
1828918
1828919
1344093
1344793
1344893
1768900
1768901
1768908
1768909
1768910
1768911
1768918
1768919
1768950
1768951
1768958
1768959
1588900
1588901
1588907
1588908
1588909
1888900
1888901
1888903
1888905
1888906
1888907
1888908
1888909
1889800
1889801
1750980
1750981
1750988
1750989
1758900
1758901
1758908
1758909
1471890
1471891
1471897
1471898
1471899
1472890
1472891
1472898
1472899
1476579
1478900
1478901
1478908
1478909
1528900
1528901
1528908
1528909
1528910
1528911
1528918
1528919
1810098
1810890
1810891
1810898
1810899
1814141
1814144
1814148
1814321
1814328
1814329
1814380
1814381
1814389
1814521
1814522
1818491
1818991
1818999
1840089
1840890
1840891
1848891
1848910
1848911
1848920
1848921
1848930
1848931
1848932
1848933
1848934
1848935
1848936
1848937
1848938
1848939
1848940
1848941
1848942
1848943
1848944
1848945
1848948
1848949
1848950
1848951
1848952
1848953
1848954
1848955
1848956
1848957
1848958
1848959
1849090
1849128
1849129
1849130
1849131
1849132
1570800
1570801
1572670
1572671
1572677
1572678
1572679
1572890
1572891
1572898
1572899
1650891
1652404
1657147
1980981
1980988
1980989
1981431
1988911
1988919
1988920
1988921
1989951
1989958
1322890
1322891
1322898
1322899
1329890
1329891
1329895
1329897
1329898
1329899
1910891
1910898
1910899
1918911
1770891
1770898
1770899
1771190
1771191
1771199
1774071
1774078
1774079
1775841
1775849
1778451
1778455
1778458
1778900
1778907
1778990
1778999
1351890
1351891
1351893
1351897
1351898
1351899
1354900
1354901
1354906
1354907
1354908
1354909
1452390
1452391
1452398
1452399
1454260
1454261
1454268
1454269
1459431
1459530
1459531
1459538
1459539
1830800
1830801
1838900
1838901
1508900
1508901
1508902
1508903
1508904
1508905
1508908
1508909
1868900
1868901
1868908
1868909
1868910
1868911
1868918
1868919
1390890
1390891
1390898
1390899
1398900
1398901
1398908
1398909
1398990
1398991
1398998
1398999
1330890
1330891
1330898
1330899
1332250
1332251
1332258
1332259
1339800
1339801
1339808
1339809
1990890
1990891
1990899
1998921
1998927
1998929
1998930
1998931
1998940
1998941
1998951
1998959
1780890
1780891
1786760
1786761
1786768
1786769
1788800
1788801
1788804
1788807
1788900
1788901
1788910
1788911
1788914
1788919
1788920
1788921
1788927
1788930
1788931
1788937
1788960
1788961
1788968
1788969
1789140
1789141
1789148
1789149
1789900
1789901
1789908
1858911
1858919
1560890
1560891
1560898
1560899
1569260
1569261
1569268
1569269
1533133
1533137
1534890
1534891
1534898
1534899
1800890
1800891
1800898
1800899
1807690
1807691
1807698
1807699
1808900
1808901
1808908
1808909
1808990
1808991
1808998
1808999
1361890
1361891
1361898
1361899
1362890
1362891
1362898
1362899
1363890
1363891
1363898
1363899
1364890
1364891
1364898
1364899
1365890
1365891
1365898
1365899
1365950
1365951
1365952
1365953
1365954
1890890
1890891
1890898
1890899
1898900
1898901
1898908
1898909
1898990
1898991
1898998
1898999
1390892
1398902
1398992
1868902
1868912
1830802
1830809
1838902
1838908
1452392
1454262
1459430
1459432
1459438
1459439
1459532
1351892
1354902
1770890
1770892
1771192
1771197
1771198
1774070
1774072
1775842
1778452
1778459
1778902
1778991
1778992
1890892
1898902
1898992
1361892
1362892
1363892
1364892
1365892
1365956
1365957
1534892
1800892
1807692
1808902
1808992
1808997
1858910
1858912
1780892
1780898
1786762
1788802
1788808
1788809
1788902
1788908
1788912
1788918
1788922
1788924
1788932
1788934
1788962
1789142
1789902
1789909
1560892
1569262
1990892
1998920
1998922
1998932
1998942
1998947
1998948
1998952
1998956
1998957
1998958
1330892
1332252
1339802
1768902
1768912
1768952
1588902
1344693
1820802
1820807
1820809
1828902
1828909
1828912
1870802
1870809
1879892
1879899
1668902
1388902
1730890
1730892
1735452
1735458
1738902
1738990
1738992
1739710
1739712
1322892
1329892
1910890
1910892
1980982
1980983
1981432
1988912
1988922
1988928
1989950
1989952
1840892
1840898
1848912
1848918
1848922
1570802
1570808
1572672
1572892
1520800
1520801
1520802
1520809
1528902
1528912
1810892
1814140
1814142
1814149
1814320
1814322
1814382
1814387
1814388
1818492
1818498
1818499
1818901
1818902
1818906
1818907
1818908
1818992
1818998
1471892
1472892
1472897
1478902
1750982
1758902
1888902
1889802
1889804
1858917
1858942
1780897
1786767
1788907
1788967
1789147
1789907
1560897
1569267
1990897
1330897
1332257
1339807
1890897
1898907
1898997
1361897
1362897
1363897
1364897
1365897
1534897
1800897
1807697
1808907
1830807
1452397
1454267
1459437
1459537
1770897
1774077
1390897
1398907
1398997
1868907
1868917
1528907
1528917
1810897
1478907
1750987
1758907
1889807
1322897
1910897
1981437
1988917
1988927
1989957
1840897
1848917
1848927
1570807
1572897
1668907
1388907
1730897
1735457
1738907
1739717
1768907
1768917
1768957
