1500902
1502281
1502610
1502611
1830902
1830905
1839902
1839917
1839918
1839947
1839984
1839985
1839986
1839987
1839988
1839989
1356519
1356570
1357944
1357965
1357966
1357967
1450970
1450971
1450972
1450973
1450974
1452792
1454543
1590902
1599933
1599934
1776748
1779496
1779785
1779902
1779935
1779992
1303121
1303122
1304052
1307048
1309402
1309507
1399903
1399944
1399968
1860902
1869020
1869022
1869024
1869925
1869927
1869958
1550902
1556930
1556931
1568832
1568833
1569902
1784842
1788123
1789990
1850902
1859052
1859932
1991426
1991515
1991516
1999022
1999023
1999025
1331902
1331970
1334543
1336493
1336494
1336902
1337971
1339902
1339971
1899768
1899903
1899944
1899968
1364990
1367757
1367758
1367759
1809485
1809756
1809792
1809902
1809934
1809972
1534992
1535266
1538992
1870305
1870902
1874273
1879906
1879911
1879964
1879965
1879966
1380990
1389933
1389934
1389935
1389936
1660902
1660904
1669902
1669930
1739770
1739783
1739951
1311902
1313971
1315036
1319971
1580902
1760902
1769902
1769960
1769961
1344999
1510902
1519955
1519956
1820902
1820904
1829930
1829931
1829932
1829933
1829934
1829935
1829936
1829990
1829991
1829992
1829993
1829994
1811900
1811901
1811902
1811903
1812902
1813932
1813933
1813934
1814084
1815489
1816038
1816039
1816758
1816759
1819690
1819691
1819902
1819975
1819976
1819977
1819978
1819979
1520902
1527690
1527691
1527692
1529954
1529955
1529956
1529976
1529977
1529978
1470902
1479902
1377918
1377936
1377937
1880902
1889098
1889099
1889930
1889931
1889942
1889943
1750902
1759080
1759140
1759498
1759902
1759912
1910902
1919022
1919023
1919033
1919049
1919062
1919944
1320106
1320107
1320902
1323973
1327902
1328902
1980902
1981408
1989027
1570093
1570902
1571904
1572999
1573965
1573966
1573967
1573968
1573969
1840902
1844992
1844993
