1990245
1990246
1990247
1990248
1990249
1990260
1990261
1990262
1990263
1990264
1992810
1992811
1992812
1992813
1992814
1992815
1992816
1992817
1992818
1992819
1560260
1560261
1560264
1560269
1560303
1562250
1562251
1562252
1562253
1562254
1562290
1562291
1562292
1562293
1562294
1562295
1562296
1562297
1562298
1562299
1562550
1562551
1562552
1562553
1562554
1562555
1562556
1562557
1562558
1562559
1562570
1562571
1562572
1562573
1562574
1562575
1562576
1562577
1562578
1562579
1562580
1562581
1562582
1562583
1562584
1562585
1562586
1562587
1562588
1562589
1562680
1562681
1562682
1562683
1562684
1562685
1562686
1562687
1562688
1562689
1562800
1562801
1562802
1562803
1562804
1562805
1562806
1562807
1562808
1562809
1562810
1562811
1562812
1562813
1562814
1562815
1562816
1562817
1562818
1562819
1562820
1562821
1562822
1562823
1562824
1562825
1562826
1562827
1562828
1562829
1562830
1562831
1562832
1562833
1562834
1562835
1562836
1562837
1562838
1562839
1562845
1562847
1569206
1569246
1569769
1780769
1781733
1781737
1781748
1781769
1781818
1781825
1781841
1781842
1781843
1781844
1781853
1781869
1781877
1781891
1781901
1782290
1782291
1782292
1782293
1782295
1782296
1782298
1782502
1782503
1782504
1782505
1782506
1782507
1782508
1782509
1782551
1782731
1782732
1782733
1782734
1782735
1782736
1783165
1783168
1783367
1784115
1784116
1784117
1784118
1784119
1784120
1784121
1784122
1784123
1784124
1784125
1784126
1784127
1784128
1784129
1784130
1784131
1784132
1784133
1784134
1784135
1784136
1784137
1784138
1784139
1784660
1784661
1784662
1784663
1784664
1784665
1784668
1784669
1784670
1784671
1784672
1784673
1784675
1784676
1784677
1784678
1787552
1787555
1787563
1787589
1787641
1787690
1787692
1787698
1788062
1788181
1788182
1788183
1788185
1788197
1788865
1789649
1850769
1856590
1856591
1856592
1856593
1856594
1856595
1856596
1856597
1856598
1856599
1856610
1856611
1856612
1856613
1856614
1856615
1856616
1856617
1856618
1856619
1856650
1856651
1856652
1856653
1856654
1856655
1856656
1856657
1856658
1856690
1856691
1856692
1856693
1856694
1856695
1856696
1856697
1856698
1856699
1857514
1857515
1857516
1857517
1857518
1857519
1857528
1857529
1857531
1857532
1857533
1857534
1857535
1857536
1857537
1857538
1857539
1857540
1857541
1857542
1857543
1857544
1857545
1857546
1857547
1857548
1857549
1857598
1857599
1857634
1857635
1857636
1857637
1857638
1857639
1857680
1857681
1857682
1857683
1857684
1857685
1857686
1857687
1857688
1857689
1857690
1857691
1857692
1857693
1857694
1857695
1857696
1857697
1857698
1857699
1857845
1857846
1857847
1858810
1858811
1858812
1858813
1858814
1858815
1858816
1858817
1858818
1858819
1330260
1330261
1330264
1330269
1331080
1331081
1331082
1331660
1331661
1331662
1331663
1331664
1331665
1331666
1331667
1331668
1331669
1331843
1331844
1331845
1331846
1332260
1332261
1332685
1332686
1332687
1332688
1332689
1333260
1333261
1333262
1333263
1333264
1333265
1333266
1333267
1333268
1333269
1334260
1334261
1334262
1334263
1334264
1334265
1334266
1334267
1334268
1334269
1335645
1335646
1335647
1335648
1335649
1336045
1336046
1336047
1336048
1336063
1336064
1336065
1336066
1336067
1336068
1337769
1337770
1337771
1337772
1337773
1337774
1337775
1337776
1337777
1337778
1337779
1337849
1337860
1337861
1338010
1338011
1338012
1338013
1338014
1338015
1338016
1338017
1338018
1338019
1339230
1339231
1339232
1339233
1339234
1339235
1339236
1339237
1339238
1339239
1339270
1339271
1339272
1339273
1339274
1712072
1712073
1712074
1713769
1715769
1715997
1715998
1716030
1716031
1716032
1716033
1716035
1716036
1716037
1716038
1716039
1716080
1716081
1716082
1716083
1716085
1716086
1716087
1716089
1716480
1716481
1716482
1716483
1716484
1716485
1716486
1716487
1716488
1716489
1716761
1716762
1716765
1716769
1716780
1716781
1717769
1717788
1717866
1718030
1718031
1718032
1718033
1718035
1718036
1718037
1718038
1718039
1718042
1718050
1718051
1718052
1718053
1718482
1718769
1719042
1719482
1719769
1719886
1719889
1360024
1360025
1360026
1360027
1360028
1360029
1360225
1360230
1360231
1360232
1360233
1360234
1360235
1360236
1360237
1360238
1360239
1360966
1360967
1360968
1360969
1361265
1361266
1361267
1361268
1361269
1361270
1361271
1361272
1361273
1361274
1361275
1361276
1361277
1361278
1361279
1362000
1362001
1362002
1362003
1362004
1362005
1362006
1362007
1362008
1362009
1362260
1362261
1362262
1362263
1362264
1362265
1362266
1362267
1362268
1362269
1363170
1363171
1363172
1363173
1363174
1363175
1363176
1363177
1363178
1363179
1364237
1364238
1364239
1364280
1364281
1364282
1364283
1364284
1364285
1364286
1364287
1364288
1364289
1364290
1364291
1364292
1364293
1364294
1364295
1364296
1364297
1364298
1364299
1364980
1364981
1364982
1364983
1364984
1364985
1364986
1364987
1364988
1364989
1365000
1365001
1365002
1365003
1365004
1365005
1365006
1365007
1365008
1365009
1365010
1365011
1365012
1365013
1365014
1365015
1365016
1365017
1365018
1365019
1365020
1365021
1365022
1365023
1365024
1365025
1365026
1365027
1365028
1365029
1365030
1365031
1365032
1365033
1365034
1365035
1365036
1365037
1365038
1365039
1365040
1365041
1365042
1365043
1365044
1365045
1365046
1365047
1365048
1365049
1365245
1365246
1365247
1365248
1365249
1365250
1365251
1365252
1365253
1365254
1365255
1365256
1365257
1365258
1365259
1365260
1365261
1365262
1365263
1365264
1365265
1365266
1365267
1365268
1365269
1366270
1366271
1366272
1366273
1366274
1366275
1366276
1366277
1366278
1366279
1366280
1366281
1366282
1366283
1366284
1366285
1366286
1366287
1366288
1366289
1366290
1366291
1366292
1366293
1366294
1366295
1366296
1366297
1366298
1366299
1366980
1366981
1366982
1366983
1366984
1366985
1366986
1366987
1366988
1366989
1368600
1368601
1368602
1368603
1368604
1368605
1368606
1368607
1368608
1368609
1368610
1368611
1368612
1368613
1368614
1368615
1368616
1368617
1368618
1368619
1368620
1368621
1368622
1368623
1368624
1368625
1368626
1368627
1368628
1368629
1368660
1368661
1368662
1368663
1368664
1368665
1368666
1368667
1368668
1368669
1368890
1368891
1368892
1368893
1368894
1368895
1368896
1368897
1368898
1368899
1369490
1369491
1369492
1369493
1369494
1369495
1369496
1369497
1369498
1369499
1460550
1460551
1460552
1460553
1460554
1460555
1460556
1460557
1460558
1460559
1460561
1460562
1460563
1460564
1460565
1460566
1460567
1460568
1460569
1460571
1460572
1460573
1460574
1460575
1460576
1460578
1460579
1460580
1460581
1460582
1460583
1460584
1460585
1460586
1460587
1460588
1460590
1460591
1460593
1460594
1460595
1460596
1460597
1460598
1460599
1460601
1460602
1460603
1460604
1460605
1460606
1460607
1460608
1460609
1460610
1460611
1460612
1460613
1460614
1460615
1460616
1460617
1460618
1460619
1460620
1460621
1460623
1460624
1460625
1460626
1460627
1460628
1460629
1460631
1460632
1460633
1460634
1460635
1460636
1460637
1460638
1460640
1460642
1460643
1460645
1460646
1460647
1460648
1460649
1460650
1460651
1460652
1460653
1460654
1460655
1460657
1460658
1460659
1460660
1460661
1460662
1460664
1460665
1460666
1460667
1460668
1460669
1460670
1460671
1460672
1460673
1460674
1460676
1460677
1460678
1460679
1460680
1460681
1460682
1460683
1460684
1460687
1460688
1460689
1460691
1460692
1460693
1460694
1460695
1460696
1460697
1460698
1460699
1462472
1462881
1462938
1950080
1950081
1952187
1952188
1952570
1952661
1952666
1953681
1953682
1957603
1957803
1957804
1890260
1890261
1890264
1890269
1890303
1892250
1892251
1892252
1892253
1892254
1892290
1892291
1892292
1892293
1892294
1892295
1892296
1892297
1892298
1892299
1892433
1892434
1892435
1892436
1892437
1892540
1892541
1892542
1892543
1892544
1892545
1892546
1892547
1892548
1892549
1892550
1892551
1892552
1892553
1892554
1892555
1892556
1892557
1892558
1892559
1892570
1892571
1892572
1892573
1892574
1892575
1892576
1892577
1892578
1892579
1892580
1892581
1892582
1892583
1892584
1892585
1892586
1892587
1892588
1892589
1892680
1892681
1892682
1892683
1892684
1892685
1892686
1892687
1892688
1892689
1892820
1892821
1892822
1892823
1892824
1892825
1892826
1892827
1892828
1892829
1892910
1892911
1892912
1892913
1892914
1892915
1892916
1892917
1892918
1892919
1892920
1892921
1892922
1892923
1892924
1892925
1892926
1892927
1892928
1892929
1892940
1892941
1892942
1892943
1892944
1892945
1892946
1892947
1892948
1892949
1893413
1893414
1893415
1893818
1893819
1893820
1893821
1893822
1893823
1893824
1893825
1893826
1893827
1893828
1893829
1893850
1893851
1893852
1893853
1893854
1893855
1893856
1893857
1893858
1893859
1894470
1894471
1894472
1894473
1894474
1894475
1894476
1894477
1894478
1894479
1894860
1894861
1894862
1894863
1894864
1898870
1898871
1898872
1898873
1898874
1899800
1899801
1899802
1899803
1899804
1899805
1899806
1899807
1899808
1899809
1800260
1800261
1800262
1800263
1800264
1800265
1800266
1800267
1800268
1800269
1800270
1800271
1800272
1800273
1800274
1800275
1800276
1800277
1800278
1800279
1800280
1800281
1800282
1800283
1800284
1800285
1800286
1800287
1800288
1800289
1800290
1800291
1800292
1800293
1800294
1800295
1800296
1800297
1800298
1800299
1800769
1802430
1802431
1802432
1802433
1802434
1802435
1802436
1802437
1802438
1802439
1802440
1802441
1802442
1802443
1802444
1802445
1802446
1802447
1802448
1802449
1802460
1802461
1802462
1802463
1802464
1802465
1802467
1802468
1802469
1802470
1802471
1802472
1802473
1802474
1802475
1802476
1802477
1802478
1802479
1802510
1802511
1802512
1802513
1802514
1802515
1802516
1802517
1802518
1802519
1802520
1802521
1802522
1802523
1802524
1802525
1802526
1802527
1802528
1802529
1802590
1802591
1802592
1802593
1802594
1802700
1802701
1802702
1802703
1802704
1802705
1802706
1802707
1802708
1802709
1802750
1802751
1802752
1802753
1802754
1802755
1802756
1802757
1802758
1802759
1802820
1802821
1802822
1802823
1802824
1802825
1802826
1802827
1802828
1802829
1802890
1802891
1802892
1802893
1802894
1802895
1802896
1802897
1802898
1802899
1802900
1802901
1802902
1802903
1802904
1802905
1802906
1802907
1802908
1802909
1802910
1802911
1802912
1802913
1802914
1802915
1802916
1802917
1802918
1802919
1803300
1803301
1803302
1803303
1803304
1803333
1803345
1803346
1803347
1803348
1803349
1803820
1803821
1803822
1803823
1803824
1803825
1803826
1803827
1803828
1803829
1803830
1803831
1803832
1803833
1803834
1803835
1803836
1803837
1803838
1803839
1803840
1803841
1803842
1803843
1803844
1803845
1803846
1803847
1803848
1803849
1804690
1804691
1804692
1804693
1804694
1804695
1804696
1804697
1804698
1804699
1809820
1809821
1809822
1809823
1809824
1809825
1809826
1809827
1809828
1809829
1530769
1532240
1532241
1532242
1532243
1532244
1532245
1532246
1532247
1532248
1532249
1532280
1532281
1532282
1532283
1532284
1532285
1532286
1532287
1532288
1532289
1532290
1532291
1532292
1532293
1532294
1532295
1532296
1532297
1532298
1532299
1532350
1532351
1532352
1532353
1533800
1533801
1533802
1533803
1533804
1533835
1533836
1533837
1533838
1533839
1536200
1536201
1536202
1536203
1536204
1536205
1536206
1536207
1536208
1536209
1536240
1536241
1536242
1536243
1536244
1536245
1536246
1536247
1536248
1536249
1536260
1536261
1536262
1536263
1536264
1536265
1536266
1536267
1536268
1536269
1536280
1536281
1536282
1536283
1536284
1536285
1536286
1536287
1536288
1536289
1537770
1537771
1537772
1537773
1537774
1537775
1537776
1537777
1537778
1537779
1538280
1538281
1538282
1538283
1538284
1538285
1538286
1538287
1538288
1538289
1538420
1538421
1538422
1538423
1538424
1538425
1538426
1538427
1538428
1538429
1500765
1500767
1500769
1501475
1501476
1501477
1501478
1501479
1501480
1501481
1501482
1501483
1501484
1501485
1501486
1501487
1501488
1501489
1501510
1501511
1501512
1501513
1501514
1501515
1501516
1501517
1501518
1501519
1501520
1501521
1501522
1501523
1501524
1501525
1501526
1501527
1501528
1501529
1501530
1501531
1501532
1501533
1501534
1501535
1501536
1501537
1501538
1501539
1501540
1501541
1501542
1501543
1501544
1501545
1501546
1501547
1501548
1501549
1501675
1501676
1501677
1501678
1501679
1501680
1501681
1501682
1501683
1501684
1501685
1501686
1501687
1501688
1501689
1501690
1501691
1501692
1501693
1501694
1501695
1501696
1501697
1501698
1501699
1501700
1501701
1501702
1501703
1501704
1501705
1501706
1501707
1501708
1501709
1501710
1501711
1501712
1501713
1501714
1501715
1501716
1501717
1501718
1501719
1501785
1501786
1501787
1501788
1501900
1501901
1501902
1501903
1501904
1501905
1501906
1501907
1501908
1501909
1501910
1501911
1501912
1501913
1501914
1501915
1501916
1501917
1501918
1501919
1501995
1501996
1501997
1501998
1501999
1502400
1502401
1502402
1502403
1502404
1502405
1502406
1502407
1502408
1502409
1502410
1502411
1502412
1502413
1502414
1502415
1502416
1502417
1502418
1502419
1508815
1509970
1509971
1509972
1509973
1509974
1509975
1509976
1509977
1509978
1509979
1830009
1830769
1831204
1831220
1831628
1831659
1831677
1831683
1831831
1831894
1831919
1831968
1831984
1831987
1831997
1834442
1590769
1591370
1591371
1591372
1591373
1591374
1591375
1591376
1591377
1591378
1591379
1591380
1591381
1591382
1591383
1591384
1591670
1591671
1591672
1591673
1591674
1591675
1591676
1591677
1591678
1591679
1591680
1591681
1591682
1591683
1591684
1591685
1591686
1591687
1591688
1591689
1591690
1591691
1591692
1591693
1591694
1591695
1591696
1591697
1591698
1591699
1591765
1591766
1591767
1591768
1591769
1591770
1591771
1591772
1591773
1591774
1591830
1591831
1591832
1591833
1591834
1591835
1591836
1591837
1591838
1591839
1592020
1592021
1592022
1592023
1592024
1592025
1592026
1592027
1592028
1592029
1592060
1592061
1592062
1592063
1592064
1592065
1592066
1592067
1592068
1592069
1598960
1598961
1598962
1598963
1598964
1598965
1598966
1598967
1598968
1598969
1598990
1598991
1598992
1598993
1598994
1599270
1599271
1599272
1599273
1599274
1599275
1599276
1599277
1599278
1599279
1599280
1599281
1599282
1599283
1599284
1599285
1599286
1599287
1599288
1599289
1599290
1599291
1599292
1599293
1599294
1599970
1599971
1599972
1599973
1599974
1599975
1599976
1599977
1599978
1599979
1599980
1599981
1599982
1599983
1599984
1599985
1599986
1599987
1599988
1599989
1770260
1770261
1770262
1770263
1770264
1770265
1770266
1770267
1770268
1770769
1772230
1772231
1772232
1772233
1772234
1772235
1772236
1772237
1772238
1772239
1772430
1772431
1772432
1772433
1772434
1772456
1772457
1772458
1772715
1772716
1772717
1772718
1772719
1772770
1772771
1772772
1772773
1772774
1772800
1772801
1772890
1772891
1772892
1350009
1350900
1350901
1350902
1350920
1350921
1350922
1350923
1350924
1350980
1350981
1350982
1350983
1350984
1352790
1352791
1352792
1352793
1352794
1352795
1352796
1352797
1352798
1352799
1352850
1352851
1352852
1352853
1352854
1352855
1352856
1352857
1352858
1352859
1352860
1352861
1352862
1352863
1352864
1352865
1352866
1352867
1352868
1352869
1353230
1353231
1353232
1353233
1353234
1353235
1353236
1353237
1353238
1353239
1353240
1353241
1353242
1353243
1353244
1353245
1353246
1353247
1353248
1353249
1353250
1353251
1353252
1353253
1353254
1353255
1353256
1353257
1353258
1353259
1353260
1353261
1353262
1353263
1353264
1353265
1353266
1353267
1353268
1353269
1353270
1353271
1353272
1353273
1353274
1353275
1353276
1353277
1353278
1353279
1353280
1353281
1353282
1353283
1353284
1353285
1353286
1353287
1353288
1353289
1353290
1353291
1353292
1353293
1353294
1353295
1353296
1353297
1353298
1353299
1353700
1353701
1353702
1353703
1353704
1353705
1353706
1353707
1353708
1353709
1353710
1353711
1353712
1353713
1353714
1353715
1353716
1353717
1353718
1353719
1353720
1353721
1353722
1353723
1353724
1353725
1353726
1353727
1353728
1353729
1353730
1353731
1353732
1353733
1353734
1353735
1353736
1353737
1353738
1353739
1353740
1353741
1353742
1353743
1353744
1353745
1353746
1353747
1353748
1353749
1353830
1353831
1353832
1353833
1353834
1353835
1353836
1353837
1353838
1353839
1353840
1353841
1353842
1353843
1353844
1353845
1353846
1353847
1353848
1353849
1353850
1353851
1353852
1353853
1353854
1353855
1353856
1353857
1353858
1353859
1353860
1353861
1353862
1353863
1353864
1353865
1353866
1353867
1353868
1353869
1353900
1353901
1353902
1353903
1353904
1353905
1353906
1353907
1353908
1353909
1354370
1354371
1354372
1354373
1354374
1354375
1354376
1354377
1354378
1354379
1354460
1354461
1354462
1354463
1354464
1354465
1354466
1354467
1354468
1354469
1354470
1354471
1354472
1354473
1354474
1354475
1354476
1354477
1354478
1354479
1354480
1354481
1354482
1354483
1354484
1354485
1354486
1354487
1354488
1354489
1354690
1354691
1354692
1354693
1354694
1354695
1354696
1354697
1354698
1354699
1354920
1354921
1354922
1354923
1354924
1354925
1354926
1354927
1354928
1354929
1354930
1354931
1354932
1354933
1354934
1354935
1354936
1354937
1354938
1354939
1354940
1354941
1354942
1354943
1354944
1354945
1354946
1354947
1354948
1354949
1355380
1355381
1355382
1355383
1355384
1355385
1355386
1355387
1355388
1355389
1355660
1355661
1355662
1355663
1355664
1355665
1355666
1355667
1355668
1355669
1355670
1355671
1355672
1355673
1355674
1355675
1355676
1355677
1355678
1355679
1355970
1355971
1355972
1355973
1355974
1355975
1355976
1355977
1355978
1355979
1356080
1356081
1356082
1356083
1356084
1356085
1356086
1356087
1356088
1356089
1358070
1358071
1358072
1358073
1358074
1358075
1358076
1358077
1358078
1358079
1358080
1358081
1358082
1358083
1358084
1358085
1358086
1358087
1358088
1358089
1358090
1358091
1358092
1358093
1358094
1358095
1358096
1358097
1358098
1358099
1359270
1359271
1359272
1359273
1359274
1359275
1359276
1359277
1359278
1359279
1452976
1452977
1452980
1452981
1452982
1452983
1452984
1452985
1452986
1452987
1452988
1452989
1453989
1454678
1454679
1454687
1454693
1454806
1454818
1454819
1454820
1454835
1454836
1457903
1457904
1457905
1458769
1458800
1458801
1458802
1458803
1458804
1458805
1458806
1458807
1458808
1458809
1458810
1458811
1458812
1458813
1458814
1458815
1458816
1458817
1458818
1458819
1458902
1458903
1458904
1458905
1458906
1458907
1459880
1459881
1459882
1459883
1459884
1459885
1459886
1459887
1459888
1459889
1459890
1459891
1726612
1726662
1727928
1727932
1727935
1300680
1300681
1300682
1300683
1300684
1300685
1301068
1301663
1301664
1301860
1301861
1301862
1301863
1301864
1301865
1301866
1301867
1301868
1301869
1302680
1302681
1302682
1302683
1302684
1302685
1303880
1303881
1303882
1303883
1303884
1303885
1303886
1303887
1303888
1303889
1304682
1304683
1304684
1304685
1304686
1304687
1304688
1304689
1304970
1304971
1304972
1304973
1304974
1304975
1304976
1304977
1304978
1304979
1305850
1305851
1305852
1305853
1305854
1305855
1305856
1305857
1305858
1305859
1305940
1305941
1305942
1305943
1305944
1305945
1305946
1306610
1306611
1306612
1306613
1306614
1306615
1306616
1306617
1306618
1306619
1307090
1307091
1307092
1307093
1307094
1307095
1307096
1307097
1307098
1307099
1307130
1307131
1307132
1307133
1307134
1307135
1307136
1307137
1307138
1307139
1860208
1860209
1860769
1861720
1861721
1861722
1861723
1861724
1861725
1861726
1861727
1861728
1861729
1866400
1866401
1866402
1866403
1866404
1866405
1866406
1866407
1866408
1866409
1866410
1866411
1866412
1866413
1866414
1866415
1866416
1866417
1866418
1866419
1866510
1866511
1866512
1866513
1866514
1866515
1866516
1866517
1866518
1866519
1866640
1866641
1866642
1866643
1866644
1866645
1866646
1866647
1866648
1866649
1866685
1866686
1866687
1866688
1866689
1867515
1867538
1867604
1867605
1867621
1867628
1867633
1867635
1867661
1867690
1867691
1867692
1867693
1867694
1867695
1867696
1867697
1867698
1867699
1868005
1868006
1868007
1868008
1868009
1868040
1868041
1868042
1868043
1868060
1868061
1868062
1868063
1868064
1868065
1868100
1868101
1868102
1868103
1868104
1868105
1868106
1868107
1868108
1868109
1868110
1868111
1868112
1868113
1868114
1868115
1868116
1868117
1868118
1868119
1868861
1868862
1868863
1868864
1868865
1868866
1868867
1868868
1868869
1868881
1868945
1390260
1390261
1390264
1390269
1390303
1392250
1392251
1392252
1392253
1392254
1392290
1392291
1392292
1392293
1392294
1392295
1392296
1392297
1392298
1392299
1392433
1392434
1392435
1392436
1392437
1392550
1392551
1392552
1392553
1392554
1392555
1392556
1392557
1392558
1392559
1392570
1392571
1392572
1392573
1392574
1392575
1392576
1392577
1392578
1392579
1392580
1392581
1392582
1392583
1392584
1392585
1392586
1392587
1392588
1392589
1392680
1392681
1392682
1392683
1392684
1392685
1392686
1392687
1392688
1392689
1392920
1392921
1392922
1392923
1392924
1392925
1392926
1392927
1392928
1392929
1392940
1392941
1392942
1392943
1392944
1392945
1392946
1392947
1392948
1392949
1671769
1672767
1672769
1673769
1674038
1674039
1810023
1810024
1810290
1810291
1810292
1810293
1810294
1810295
1810296
1810297
1810298
1810299
1810300
1810301
1810302
1810303
1810304
1810305
1810306
1810307
1810308
1810309
1810769
1812280
1812281
1812282
1812283
1812284
1812285
1812286
1812287
1812288
1812289
1812290
1812291
1812292
1812293
1812294
1812295
1812296
1812297
1812298
1812299
1812430
1812431
1812432
1812433
1812434
1812435
1812436
1812437
1812438
1812439
1812495
1812496
1812800
1812801
1812802
1812803
1812804
1812850
1812851
1812852
1812853
1812854
1812855
1812856
1812857
1812858
1812859
1812860
1812861
1812862
1812863
1812864
1812865
1812866
1812867
1812868
1812869
1814587
1814588
1814589
1816344
1816345
1818883
1818889
1819882
1819883
1520769
1521707
1521708
1521709
1521710
1521711
1521712
1521713
1521714
1521723
1521724
1521725
1521726
1521735
1521736
1521737
1521738
1521748
1521749
1521750
1521751
1521752
1521753
1521778
1521779
1521875
1521876
1521877
1521878
1521879
1522029
1522030
1522031
1522032
1522033
1522034
1522035
1522036
1522037
1522038
1522039
1522040
1522041
1522042
1880256
1880260
1880261
1880264
1880269
1880769
1881338
1881433
1881675
1881681
1881908
1881909
1881910
1881911
1881950
1881951
1881952
1881970
1881971
1881972
1881973
1881974
1881975
1881976
1882030
1882031
1882032
1882033
1882034
1882060
1882061
1882071
1882072
1882073
1882074
1882075
1882295
1882296
1882297
1882298
1882299
1882357
1882358
1882359
1882420
1882421
1882422
1882433
1882434
1882435
1882436
1882437
1882441
1882442
1882449
1882452
1882453
1882454
1882455
1882456
1882457
1882550
1882551
1882552
1882553
1882554
1882555
1882556
1882557
1882558
1882559
1882570
1882571
1882572
1882573
1882574
1882575
1882576
1882577
1882578
1882579
1882580
1882581
1882582
1882583
1882584
1882585
1882586
1882587
1882588
1882589
1882680
1882681
1882682
1882683
1882684
1882685
1882686
1882687
1882688
1882689
1882695
1882696
1882697
1882698
1882699
1882990
1882998
1889870
1889871
1889974
1889988
1750625
1750629
1750769
1752015
1752016
1752017
1752018
1756670
1756671
1756672
1756673
1756674
1756675
1756676
1756677
1756678
1756679
1756690
1756691
1756692
1756693
1756694
1756695
1756696
1756697
1756698
1756699
1757561
1757562
1757563
1757696
1757697
1757698
1757699
1471459
1471460
1471461
1471462
1471491
1471492
1471493
1471515
1471516
1471518
1471519
1471522
1471534
1471537
1471544
1471548
1471549
1471560
1471604
1471607
1471612
1471613
1471614
1471615
1471617
1471619
1477801
1477814
1477840
1477841
1477864
1371180
1371181
1371182
1371183
1371184
1371185
1371186
1371187
1371188
1371189
1371190
1371191
1371192
1371193
1371194
1371195
1371196
1371197
1371198
1371199
1371200
1371201
1371202
1371203
1371204
1371205
1371206
1371207
1371208
1371209
1371210
1371211
1371212
1371213
1371214
1371215
1371216
1371217
1371218
1371219
1371220
1371221
1371222
1371223
1371224
1371225
1371226
1371227
1371228
1371229
1371230
1371231
1371232
1371233
1371234
1371235
1371236
1371237
1371238
1371239
1371240
1371241
1371242
1371243
1371244
1371245
1371246
1371247
1371248
1371249
1371250
1371251
1371252
1371253
1371254
1371255
1371256
1371257
1371258
1371259
1371260
1371261
1371262
1371263
1371264
1371265
1371266
1371267
1371268
1371269
1371270
1371271
1371272
1371273
1371274
1371275
1371276
1371277
1371278
1371279
1371280
1371281
1371282
1371283
1371284
1371285
1371286
1371287
1371288
1371289
1371290
1371291
1371292
1371293
1371294
1371295
1371296
1371297
1371298
1371299
1371300
1371301
1371302
1371303
1371304
1371305
1371306
1371307
1371308
1371309
1371310
1371311
1371312
1371313
1371314
1371315
1371316
1371317
1371318
1371319
1371320
1371321
1371322
1371323
1371324
1371325
1371326
1371327
1371328
1371329
1371330
1371331
1371332
1371333
1371334
1371335
1371336
1371337
1371338
1371339
1371340
1371341
1371342
1371343
1371344
1371345
1371346
1371347
1371348
1371349
1371715
1371716
1371717
1371718
1371719
1371730
1371731
1371732
1371733
1371734
1371735
1371736
1371737
1371738
1371739
1371740
1371741
1371742
1371743
1371744
1372350
1372351
1372352
1372353
1372354
1372355
1372356
1372357
1372358
1372359
1372440
1372441
1372442
1372443
1372444
1372445
1372446
1372447
1372448
1372449
1372450
1372451
1372452
1372453
1372454
1372455
1372456
1372457
1372458
1372459
1372570
1372571
1372572
1372573
1372574
1372575
1372576
1372577
1372578
1372579
1372580
1372581
1372582
1372583
1372584
1372585
1372586
1372587
1372588
1372589
1372640
1372641
1372642
1372643
1372644
1372645
1372646
1372647
1372648
1372649
1372810
1372811
1372812
1372813
1372814
1372815
1372816
1372817
1372818
1372819
1372820
1372821
1372822
1372823
1372824
1372825
1372826
1372827
1372828
1372829
1372830
1372831
1372832
1372833
1372834
1372835
1372836
1372837
1372838
1372839
1372840
1372841
1372842
1372843
1372844
1372845
1372846
1372847
1372848
1372849
1372990
1372991
1372992
1372993
1372994
1372995
1372996
1372997
1372998
1372999
1375120
1375121
1375122
1375123
1375124
1375125
1375126
1375127
1375128
1375129
1375130
1375131
1375132
1375133
1375134
1375135
1375136
1375137
1375138
1375139
1375140
1375141
1375142
1375143
1375144
1375145
1375146
1375147
1375148
1375149
1376310
1376311
1376312
1376313
1376314
1376315
1376316
1376317
1376318
1376319
1376320
1376321
1376322
1376323
1376324
1376325
1376326
1376327
1376328
1376329
1379010
1379011
1379012
1379013
1379014
1379015
1379016
1379017
1379018
1379019
1379020
1379021
1379022
1379023
1379024
1379025
1379026
1379027
1379028
1379029
1379030
1379031
1379032
1379033
1379034
1379035
1379036
1379037
1379038
1379039
1379040
1379041
1379042
1379043
1379044
1379045
1379046
1379047
1379048
1379049
1379050
1379051
1379052
1379053
1379054
1379055
1379056
1379057
1379058
1379059
1379060
1379061
1379062
1379063
1379064
1379065
1379066
1379067
1379068
1379069
1379480
1379481
1379482
1379483
1379484
1379485
1379486
1379487
1379488
1379489
1379490
1379491
1379492
1379493
1379494
1379495
1379496
1379497
1379498
1379499
1379870
1379871
1379872
1379873
1379874
1379875
1379876
1379877
1379878
1379879
1379880
1379881
1379882
1379883
1379884
1379885
1379886
1379887
1379888
1379889
1379890
1379891
1379892
1379893
1379894
1700260
1700301
1700365
1700366
1700367
1700368
1700404
1700405
1700694
1700695
1700696
1700769
1700779
1701743
1701744
1701768
1701769
1701770
1701771
1701772
1701773
1701774
1702284
1702285
1702286
1702287
1702288
1702289
1702290
1702291
1702292
1702293
1702294
1702295
1702296
1702297
1702298
1702299
1705040
1705076
1705117
1705153
1705233
1705321
1705323
1705348
1705378
1705513
1705606
1705607
1705735
1705736
1705737
1705817
1705880
1705881
1706386
1706387
1706388
1706389
1706390
1706391
1706392
1706393
1706394
1706395
1706396
1706397
1706398
1706399
1706400
1706401
1706402
1706403
1706404
1706405
1706406
1706407
1706408
1706409
1706410
1706411
1706412
1706413
1706414
1706415
1706416
1706417
1706418
1706419
1706420
1706421
1708180
1708181
1708182
1708183
1708184
1708185
1708186
1708187
1708188
1708189
1708200
1708201
1708202
1708203
1708204
1708205
1708206
1708207
1708208
1708209
1708440
1708441
1708442
1708443
1708444
1708445
1708446
1708447
1708448
1708449
1709745
1709746
1709750
1709751
1709752
1709753
1709754
1709755
1709756
1709757
1709758
1709759
1709892
1709893
1709996
1910769
1912540
1912541
1912542
1912543
1912544
1912545
1912546
1912547
1912548
1912549
1912550
1912551
1320265
1320266
1320267
1320268
1320269
1320270
1320271
1320272
1320273
1320274
1321100
1321101
1321510
1321511
1321512
1321513
1321514
1321515
1321516
1321517
1321518
1321519
1321520
1321521
1321522
1321523
1321524
1321525
1321526
1321527
1321528
1321529
1321530
1321531
1321532
1321533
1321534
1321535
1321536
1321537
1321538
1321539
1321542
1321546
1321769
1323830
1323831
1323832
1323833
1323834
1323835
1323836
1323837
1323838
1323839
1324050
1324051
1324052
1324053
1324054
1324055
1324056
1324057
1324058
1324059
1324060
1324061
1324062
1324063
1324064
1324065
1324066
1324067
1324068
1324069
1324495
1324496
1324497
1324498
1324499
1324692
1324693
1324694
1324695
1324696
1324697
1324698
1324699
1324947
1324990
1324991
1324992
1324993
1324994
1324995
1324996
1324997
1324998
1325769
1326520
1326521
1326522
1326523
1326524
1326525
1326526
1326527
1326528
1326529
1326600
1326601
1326602
1326603
1326604
1326605
1326606
1326607
1326608
1326609
1326610
1326611
1326612
1326613
1326614
1326615
1326616
1326617
1326618
1326619
1326620
1326621
1326622
1326623
1326624
1326625
1326626
1326627
1326628
1326629
1326725
1326726
1326727
1326728
1326729
1326730
1326731
1326732
1326733
1326734
1326735
1326736
1326737
1326738
1326739
1326740
1326741
1326742
1326743
1326744
1326745
1326746
1326747
1326748
1326749
1326750
1326751
1326752
1326753
1326754
1326755
1326756
1326757
1326758
1326759
1326840
1326841
1326842
1326843
1326844
1326845
1326846
1326847
1326848
1326849
1326850
1326851
1326852
1326853
1326854
1326855
1326856
1326857
1326858
1326859
1326860
1326861
1326862
1326863
1326864
1326865
1326866
1326867
1326868
1326869
1326870
1326871
1326872
1326873
1326874
1326875
1326876
1326877
1326878
1326879
1326880
1326881
1326882
1326883
1326884
1326885
1326886
1326887
1326888
1326889
1326890
1326891
1326892
1326893
1326894
1326895
1326896
1326897
1326898
1326899
1328885
1328886
1328888
1328889
1570769
1571813
1571833
1571834
1571843
1572401
1572402
1572812
1572813
1572817
1572844
1572868
1572871
1579388
1840769
1842003
1842021
1842040
1847698
1650608
1650613
1650769
1651106
1651107
1651769
1652169
1653907
1980688
1980769
1981192
1981202
1981440
1982005
1982006
1982012
1982019
1982021
1982040
1982041
1982074
1982082
1982099
1983022
1983041
1983064
1983077
1983078
1983082
1983099
1983273
1983274
1983285
1983297
1983584
1983588
1983589
1984192
1984201
1984206
1984207
1984212
1984216
1984220
1984225
1984232
1984238
1984239
1984252
1984259
1984262
1984269
1984278
1984903
1984911
1984914
1984928
1984939
1984943
1984964
1984972
1984976
1984996
1985401
1985442
1985443
1985452
1985453
1985458
1985470
1985489
1985492
1985493
1985498
1986003
1986004
1986034
1986037
1986038
1986089
1986404
1986412
1986417
1986434
1986441
1986469
1986511
1986514
1986528
1986545
1986559
1986577
1986602
1986604
1986660
1986681
1986682
1986683
1986764
1986767
1986822
1986841
1986842
1986843
1986844
1986845
1986846
1986849
1986854
1986855
1986860
1986861
1986862
1986863
1986867
1986878
1986894
1986897
1987252
1987259
1987262
1987268
1987269
1987283
1987287
1987292
1987296
1987298
1987454
1987455
1987457
1987458
1987459
1987480
1987481
1987482
1987483
1987484
1987485
1987486
1987487
1987488
1987489
1987490
1987491
1987492
1987493
1987494
1987495
1987496
1987497
1987498
1987499
1987679
1987684
1987687
1987690
1987691
1987692
1987693
1987694
1987695
1987696
1987697
1987698
1987699
1987815
1987822
1987828
1987855
1987860
1987895
1987896
1987897
1987904
1987907
1987911
1987914
1987917
1987924
1987927
1987933
1987934
1987937
1987938
1987939
1987950
1987951
1987952
1987953
1987954
1987957
1987964
1987967
1987996
1987998
1988082
1988086
1988093
1988607
1988608
1988611
1988612
1988627
1988629
1988638
1988640
1988643
1988646
1988653
1988657
1989698
1989804
1989808
1989815
1989817
1989825
1989834
1989835
1989841
1989844
1989849
1989853
1989863
1989864
1380237
1380238
1380239
1380245
1380926
1380927
1380961
1380962
1380963
1380964
1380982
1382570
1382571
1382572
1382573
1382574
1382575
1382576
1382577
1382578
1382579
1382690
1382691
1382692
1382693
1382694
1382695
1382696
1382697
1382698
1382699
1382720
1382721
1382722
1382723
1382724
1382725
1382726
1382727
1382728
1382729
1382910
1382911
1382912
1382913
1382914
1382915
1382916
1382917
1382918
1382919
1382920
1382921
1382922
1382923
1382924
1382925
1382926
1382927
1382928
1382929
1388997
1388998
1388999
1660769
1661678
1662060
1662061
1662062
1662063
1662064
1662065
1662066
1662067
1662068
1662069
1662070
1662071
1662072
1662073
1662074
1662075
1662076
1662077
1666616
1667596
1667597
1667598
1667599
1667640
1667641
1667642
1667643
1667644
1667645
1667646
1667647
1667648
1667649
1667650
1667651
1667652
1667653
1667654
1667655
1667656
1667657
1667658
1667659
1667690
1667691
1667692
1667693
1667694
1667695
1667696
1667697
1667698
1667699
1310475
1310476
1310477
1310478
1310479
1310685
1310686
1310687
1310688
1310689
1311280
1311281
1311282
1311283
1311284
1311285
1311286
1311287
1311288
1311289
1311305
1311306
1311307
1311308
1311309
1311310
1311311
1311312
1311313
1311314
1311315
1311316
1311317
1311318
1311319
1311320
1311321
1311322
1311323
1311324
1311325
1311326
1311327
1311328
1311329
1312800
1312801
1312802
1312803
1312804
1312805
1312806
1312807
1312808
1312809
1312810
1312811
1312812
1312813
1312814
1312815
1312816
1312817
1312818
1312819
1312940
1312941
1312942
1312943
1312944
1312945
1312946
1312947
1312948
1312949
1312980
1312981
1312982
1312983
1312984
1312985
1312986
1312987
1312988
1312989
1313880
1313881
1313882
1313883
1313884
1314320
1314321
1314322
1314323
1314324
1314325
1314326
1314327
1314328
1314329
1314485
1314486
1314487
1314488
1314489
1314490
1314491
1314492
1314493
1314494
1314495
1314496
1314497
1314498
1314499
1314730
1314731
1314732
1314733
1314734
1314735
1314736
1314737
1314738
1314739
1314855
1314856
1314857
1314858
1314859
1316840
1316841
1316842
1316843
1316844
1316845
1316846
1316847
1316848
1316849
1316890
1316891
1316892
1316893
1316894
1316895
1316896
1316897
1316898
1316899
1316950
1316951
1316952
1316953
1316954
1317210
1317211
1317216
1319200
1319201
1319202
1319203
1319204
1319205
1319206
1319207
1319208
1319209
1730769
1731810
1731811
1731812
1731813
1731814
1732210
1732211
1732212
1732213
1732214
1732215
1732216
1732217
1732218
1732840
1732841
1732842
1732843
1732844
1732845
1732846
1732847
1732848
1732849
1733600
1733601
1733602
1733603
1733604
1738880
1341200
1341201
1341202
1341203
1341204
1341205
1341206
1341207
1341208
1341209
1341210
1341211
1341212
1341213
1341214
1341215
1341216
1341217
1341218
1341219
1341220
1341221
1341222
1341223
1341224
1341225
1341226
1341227
1341228
1341229
1341230
1341231
1341232
1341233
1341234
1341235
1341236
1341237
1341238
1341239
1341240
1341241
1341242
1341243
1341244
1341245
1341246
1341247
1341248
1341249
1341250
1341251
1341252
1341253
1341254
1341255
1341256
1341257
1341258
1341259
1341260
1341261
1341262
1341263
1341264
1341265
1341266
1341267
1341268
1341269
1341270
1341271
1341272
1341273
1341274
1341275
1341276
1341277
1341278
1341279
1341280
1341281
1341282
1341283
1341284
1341285
1341286
1341287
1341288
1341289
1341290
1341291
1341292
1341293
1341294
1341295
1341296
1341297
1341298
1341299
1341420
1341421
1341422
1341423
1341424
1341425
1341426
1341427
1341428
1341429
1341430
1341431
1341432
1341433
1341434
1341435
1341436
1341437
1341438
1341439
1341440
1341441
1341442
1341443
1341444
1341585
1341586
1341587
1341588
1341589
1341590
1341591
1341592
1341593
1341594
1341595
1341596
1341597
1341598
1341599
1341660
1341661
1341662
1341663
1341664
1341665
1341666
1341667
1341668
1341669
1341670
1341671
1341672
1341673
1341674
1341675
1341676
1341677
1341678
1341679
1341680
1341681
1341682
1341683
1341684
1341685
1341686
1341687
1341688
1341689
1341690
1341691
1341692
1341693
1341694
1341695
1341696
1341697
1341698
1341699
1341820
1341821
1341822
1341823
1341824
1341825
1341826
1341827
1341828
1341829
1341830
1341831
1341832
1341833
1341834
1341835
1341836
1341837
1341838
1341839
1342190
1342191
1342192
1342193
1342194
1342195
1342196
1342197
1342198
1342199
1342300
1342301
1342302
1342303
1342304
1342305
1342306
1342307
1342308
1342309
1342310
1342311
1342312
1342313
1342314
1342315
1342316
1342317
1342318
1342319
1342320
1342321
1342322
1342323
1342324
1342325
1342326
1342327
1342328
1342329
1342330
1342331
1342332
1342333
1342334
1342335
1342336
1342337
1342338
1342339
1342340
1342341
1342342
1342343
1342344
1342345
1342346
1342347
1342348
1342349
1342470
1342471
1342472
1342473
1342474
1342475
1342476
1342477
1342478
1342479
1342480
1342481
1342482
1342483
1342484
1342485
1342486
1342487
1342488
1342489
1342780
1342781
1342782
1342783
1342784
1342785
1342786
1342787
1342788
1342789
1342840
1342841
1342842
1342843
1342844
1342845
1342846
1342847
1342848
1342849
1342850
1342851
1342852
1342853
1342854
1342855
1342856
1342857
1342858
1342859
1342860
1342861
1342862
1342863
1342864
1343110
1343111
1343112
1343113
1343114
1343115
1343116
1343117
1343118
1343119
1343120
1343121
1343122
1343123
1343124
1343125
1343126
1343127
1343128
1343129
1343130
1343131
1343132
1343133
1343134
1343135
1343136
1343137
1343138
1343139
1343140
1343141
1343142
1343143
1343144
1343145
1343146
1343147
1343148
1343149
1343150
1343151
1343152
1343153
1343154
1343300
1343301
1343302
1343303
1343304
1343305
1343306
1343307
1343308
1343309
1343360
1343361
1343362
1343363
1343364
1343365
1343366
1343367
1343368
1343369
1343400
1343401
1343402
1343403
1343404
1343405
1343406
1343407
1343408
1343409
1343450
1343451
1343452
1343453
1343454
1343455
1343456
1343457
1343458
1343459
1343735
1343736
1343737
1343738
1343739
1343740
1343741
1343742
1343743
1343744
1343745
1343746
1343747
1343748
1343749
1345000
1345001
1345002
1345003
1345004
1345005
1345006
1345007
1345008
1345009
1345060
1345061
1345062
1345063
1345064
1345065
1345066
1345067
1345068
1345069
1348000
1348001
1348002
1348003
1348004
1348005
1348006
1348007
1348008
1348009
1348040
1348041
1348042
1348043
1348044
1348045
1348046
1348047
1348048
1348049
1580769
1581280
1581281
1581282
1581283
1581284
1581285
1581286
1581287
1581288
1581289
1581410
1581411
1581412
1581413
1581414
1581415
1581416
1581417
1581418
1581419
1581420
1581421
1581422
1581423
1581424
1581425
1581426
1581427
1581428
1581429
1581430
1581431
1581432
1581433
1581434
1581435
1581436
1581437
1581438
1581439
1581680
1581681
1581682
1581683
1581684
1581750
1581751
1581752
1581753
1581754
1581755
1581756
1581757
1581758
1581759
1581760
1581761
1581762
1581763
1581764
1581765
1581766
1581767
1581768
1581769
1581770
1581771
1581772
1581773
1581774
1581775
1581776
1581777
1581778
1581779
1581820
1581821
1581822
1581823
1581824
1581825
1581826
1581827
1581828
1581829
1581830
1581831
1581832
1581833
1581834
1581835
1581836
1581837
1581838
1581839
1581840
1581841
1581842
1581843
1581844
1581845
1581846
1581847
1581848
1581849
1582080
1582081
1582082
1582083
1582084
1582085
1582086
1582087
1582088
1582089
1582090
1582091
1582092
1582093
1582094
1582095
1582096
1582097
1582098
1582099
1587640
1587641
1587642
1587643
1587644
1587645
1587646
1587647
1587648
1587649
1587690
1587691
1587692
1587693
1587694
1587695
1587696
1587697
1587698
1587699
1589960
1589961
1589962
1589963
1589964
1589965
1589966
1589967
1589968
1589969
1589990
1589991
1589992
1589993
1589994
1760208
1760209
1760661
1760669
1760764
1760765
1760769
1762050
1762051
1762052
1762053
1762054
1762055
1762056
1762057
1762058
1762059
1766620
1766621
1766622
1766623
1766624
1766625
1766626
1766640
1766641
1766642
1768802
1768803
1768804
1768860
1768861
1768862
1768863
1768864
1768865
1768866
1768867
1768868
1768869
1768881
1510769
1511270
1511271
1511272
1511273
1511274
1511275
1511276
1511277
1511278
1511279
1511280
1511281
1511282
1511283
1511284
1511285
1511286
1511287
1511288
1511289
1511820
1511821
1511822
1511823
1511824
1511825
1511826
1511827
1511828
1511829
1511830
1511831
1511832
1511833
1511834
1511835
1511836
1511837
1511838
1511839
1511840
1511841
1511842
1511843
1511844
1511845
1511846
1511847
1511848
1511849
1511850
1511851
1511852
1511853
1511854
1511855
1511856
1511857
1820064
1820085
1820761
1820769
1821159
1821803
1821828
1821890
1821921
1821927
1821956
