1820820
1820821
1820822
1820823
1820824
1820825
1820826
1820827
1820828
1820829
1822420
1822421
1822422
1822423
1822424
1822425
1822426
1822427
1822428
1822429
1822720
1822721
1822722
1822723
1822724
1822725
1822726
1822727
1822728
1822729
1824443
1828310
1828311
1828312
1828313
1828314
1828315
1828316
1828317
1828318
1828319
1828482
1828483
1828484
1828485
1828486
1828487
1828488
1828489
1518110
1518111
1518112
1518113
1518114
1518115
1518116
1518117
1518118
1518119
1518148
1518149
1518310
1518311
1518312
1518313
1518314
1518315
1518316
1518317
1518318
1518319
1518390
1518391
1519695
1519696
1519697
1519698
1519699
1760831
1762810
1762811
1762812
1762814
1762831
1762842
1762843
1762894
1762896
1762897
1762898
1762899
1768310
1580831
1580845
1580846
1580847
1588135
1588136
1588137
1588138
1588139
1588310
1588311
1588312
1588313
1588314
1588315
1588316
1588317
1588318
1588319
1588410
1588411
1588412
1588413
1588414
1588474
1588475
1588476
1588477
1589250
1589251
1589252
1589253
1589254
1589255
1340821
1340831
1341923
1341924
1341925
1341926
1341927
1341928
1341929
1344009
1345847
1345874
1345880
1345881
1345882
1345883
1345884
1732195
1732196
1732197
1732198
1732199
1734182
1734183
1734184
1734185
1734186
1734187
1734188
1734189
1734433
1737879
1737880
1738323
1738324
1738325
1739050
1739817
1739818
1739880
1739966
1739967
1739968
1739969
1310800
1310831
1311800
1311801
1311847
1311848
1311849
1315469
1315863
1315864
1315865
1318347
1318396
1318397
1319493
1319832
1319833
1319846
1319883
1319884
1871615
1871616
1871617
1871618
1871619
1878060
1878061
1878062
1878063
1878064
1878065
1878066
1878067
1878068
1878069
1878310
1878311
1878312
1878313
1878314
1878315
1878316
1878317
1878318
1878319
1878410
1878411
1878412
1878413
1878414
1878460
1878461
1878462
1878463
1878464
1878465
1878466
1878467
1878468
1878469
1660828
1660831
1660834
1668310
1668311
1668312
1668313
1668314
1668315
1668316
1668317
1668318
1668319
1380829
1389043
1389044
1389090
1389091
1389092
1389093
1389094
1389095
1389096
1389097
1389098
1389099
1980829
1980831
1981282
1982720
1982721
1982722
1982723
1982724
1982725
1982742
1982793
1982794
1982795
1988112
1988113
1988114
1988115
1988116
1988117
1988118
1988119
1988120
1988121
1988122
1988123
1988244
1988245
1988246
1988247
1650010
1650815
1650831
1651502
1651831
1651984
1652731
1848292
1848293
1848294
1848295
1848296
1848297
1848298
1848299
1848310
1848311
1848312
1848313
1848314
1848315
1848316
1848317
1848318
1848319
1570831
1572986
1572987
1576005
1576006
1576007
1576008
1576009
1576044
1576045
1577590
1577591
1577592
1577593
1577594
1577595
1577596
1577597
1577598
1577599
1320831
1321939
1321950
1321951
1321952
1321953
1321954
1321983
1322831
1322832
1328196
1328197
1328198
1910831
1911903
1911904
1913074
1913075
1914024
1914025
1914026
1914027
1914028
1914029
1914030
1914031
1914032
1914033
1914034
1914035
1914036
1914037
1915070
1915071
1915072
1915073
1915074
1915895
1915896
1916005
1916006
1916007
1916008
1916009
1916044
1916045
1916263
1916264
1916265
1916266
1916267
1916268
1916269
1916270
1916271
1916272
1916273
1916275
1916276
1916277
1916278
1916279
1916280
1916281
1916282
1918039
1918310
1918311
1918312
1918313
1918314
1919640
1919641
1919642
1919643
1919644
1700831
1370099
1370829
1373074
1373075
1377890
1377891
1377892
1377893
1377894
1377895
1377896
1377897
1379580
1379581
1379582
1379583
1379592
1379598
1472677
1472678
1472679
1478080
1478081
1478082
1478083
1478084
1478085
1478086
1478087
1478088
1478089
1478142
1478143
1750810
1750831
1758202
1758203
1758204
1758205
1758206
1758207
1758208
1758209
1758300
1758301
1758302
1758303
1758304
1758305
1758306
1758307
1758308
1758309
1758311
1758312
1758313
1758314
1758315
1758316
1758317
1758318
1758319
1880831
1882892
1882893
1882894
1882895
1882896
1882897
1882898
1882899
1888190
1888191
1888192
1888193
1888194
1888195
1888196
1888197
1888198
1888199
1888235
1888236
1888237
1888238
1888239
1888240
1888241
1528140
1528141
1528142
1528143
1528144
1528310
1528311
1528312
1528313
1528314
1528315
1528316
1528317
1528318
1528319
1528353
1528354
1528355
1528356
1528357
1528358
1528359
1528363
1528364
1528365
1528366
1528367
1528368
1528369
1528415
1528416
1528417
1528418
1528419
1529815
1529816
1529817
1529818
1529819
1811114
1811115
1811116
1811147
1811148
1811378
1811379
1811380
1811381
1811382
1811383
1811384
1811385
1811798
1811799
1814028
1814029
1814030
1814031
1814032
1814033
1814259
1814428
1814844
1814845
1814846
1816107
1816108
1816109
1816110
1816111
1818031
1818163
1818164
1818165
1818166
1818167
1818168
1818169
1818170
1819052
1819053
1819054
1819055
1819056
1819057
1819058
1819059
1819060
1819061
1671831
1672818
1672819
1672831
1672832
1672834
1673831
1390909
1398039
1398920
1398921
1398922
1399090
1399091
1399092
1399093
1399094
1399095
1399096
1399097
1399098
1399099
1550284
1550285
1550286
1550831
1550840
1550841
1552060
1552061
1552062
1552063
1552064
1552870
1552871
1552872
1552873
1552874
1552895
1552896
1552897
1552898
1552899
1558310
1558311
1558312
1558313
1558314
1558315
1860828
1860829
1860831
1868259
1868310
1868311
1868312
1868313
1868314
1868315
1868316
1868317
1868318
1868319
1868408
1868409
1938300
1938301
1938302
1938303
1938304
1938305
1938306
1938307
1938308
1938309
1938310
1938311
1938312
1938313
1938314
1938315
1938316
1938317
1938318
1938319
1300288
1301817
1303648
1303649
1303650
1303651
1303652
1303653
1303823
1305664
1305665
1308654
1308655
1308656
1308833
1309288
1309453
1309458
1309459
1309618
1309620
1309621
1309622
1720833
1720834
1720835
1720836
1720837
1720838
1720839
1726082
1452820
1452821
1454567
1454874
1459330
1459331
1459332
1459333
1459334
1350818
1350819
1351845
1354140
1354770
1354771
1354772
1355070
1355071
1355072
1355073
1355074
1355895
1355896
1356806
1356807
1356808
1356809
1356810
1356811
1356856
1356857
1356858
1356859
1771121
1771122
1771147
1771158
1771349
1771384
1771385
1771617
1771618
1771648
1771649
1771689
1772985
1773687
1773815
1773816
1773817
1773818
1773819
1773899
1774028
1774286
1774331
1774332
1774336
1774337
1774339
1774425
1774426
1774435
1774807
1774872
1776011
1776050
1776063
1776100
1776112
1777861
1778031
1778042
1778079
1778080
1778132
1778133
1778134
1778135
1778188
1778189
1779646
1590829
1590839
1590849
1592832
1592833
1598310
1598311
1598312
1598313
1598314
1598410
1598411
1598412
1598413
1598414
1598446
1598447
1830810
1830811
1830812
1830813
1830814
1830815
1830816
1830817
1830818
1830819
1834900
1834901
1834902
1834903
1834904
1834905
1834906
1834907
1834908
1834909
1838080
1838081
1838082
1838083
1838084
1838085
1838086
1838087
1838088
1838089
1838146
1838147
1838310
1838311
1838312
1838313
1838314
1838315
1838316
1838317
1838318
1838319
1508245
1508246
1508260
1508261
1508262
1508263
1508264
1530909
1532845
1532846
1532847
1532848
1532880
1532881
1532882
1532883
1532884
1534815
1534816
1535135
1535136
1537827
1538830
1538831
1538832
1538833
1538842
1539034
1539035
1800810
1800811
1800812
1801121
1801122
1801617
1801618
1801619
1804045
1804846
1804847
1804876
1804877
1804898
1808136
1808137
1808138
1808139
1808496
1808497
1809094
1809095
1809096
1809097
1809098
1809099
1809622
1809623
1890909
1894286
1898039
1898920
1898921
1898922
1899090
1899091
1899092
1899093
1899094
1899095
1899096
1899097
1899098
1899099
1953381
1360829
1361903
1362903
1364903
1365903
1367831
1368415
1368416
1368417
1368418
1368419
1368828
1368829
1369822
1369823
1712480
1713831
1715831
1716831
1717146
1717818
1717824
1717831
1330909
1332065
1332066
1333065
1333066
1334065
1334066
1335017
1335018
1335019
1335024
1335060
1335061
1337827
1337828
1338838
1338839
1339820
1339821
1850831
1858244
1858290
1858291
1858292
1858293
1858294
1858295
1858310
1858311
1858312
1858313
1858314
1780831
1782881
1782882
1782883
1782884
1786606
1786607
1786703
1788254
1788255
1788256
1788347
1788362
1788363
1788364
1788365
1788845
1560909
1568028
1568039
1568170
1568171
1568172
1568173
1568174
1568175
1568176
1568177
1568178
1568179
1568222
1568223
1568224
1568225
1568226
1568227
1569283
1569284
1990801
1990810
1990811
1990812
1990813
1990814
1990815
1993419
1993420
1993842
1993844
1994097
1994098
1995070
1995071
1995072
1995073
1995074
1996005
1996006
1996007
1996008
1996009
1996044
1996045
1996145
1996150
1996151
1996152
1996153
1996154
1996155
1996156
1996157
1996158
1996159
1998039
1998150
1998151
1998152
1998153
1998154
1998155
1998156
1998157
1998158
1998159
1998248
1998249
