1570562
1571562
1575600
1575601
1575602
1575603
1575604
1575605
1575606
1575607
1575608
1575609
1840562
1845620
1845621
1845622
1845623
1845624
1845625
1845626
1845627
1845628
1845629
1980562
1981062
1981357
1984013
1984018
1984180
1985575
1985620
1985621
1985622
1985628
1650562
1910562
1914262
1915620
1915621
1915622
1915623
1915624
1916644
1320562
1321562
1322562
1327562
1328562
1329562
1750562
1880562
1881562
1885620
1885621
1885622
1885623
1885624
1885625
1885626
1885627
1885628
1885629
1370562
1373187
1470562
1810562
1813343
1815620
1815621
1815622
1815628
1817544
1521562
1525660
1525661
1525662
1525663
1510562
1515620
1820562
1822562
1825620
1825621
1825626
1825627
1825628
1825629
1348562
1580562
1760562
1767272
1768139
1313548
1314562
1315562
1316761
1317012
1319562
1730562
1733462
1733463
1735621
1735622
1735623
1735625
1735626
1735627
1735628
1735629
1738432
1738433
1739831
1385620
1385621
1385622
1385623
1385624
1385625
1385626
1385627
1385628
1385629
1386562
1386650
1386651
1386684
1386685
1660562
1870562
1871497
1871562
1872693
1875620
1875621
1875622
1875623
1875624
1875625
1875626
1875627
1875628
1875629
1800562
1805620
1805621
1805628
1807544
1809562
1809843
1530562
1532447
1534562
1535781
1535782
1537562
1538562
1539562
1360562
1361562
1363562
1364562
1365562
1368562
1950562
1890562
1895620
1895621
1895622
1895623
1895624
1895625
1895626
1895627
1895628
1895629
1330562
1332912
1333562
1333912
1333925
1334562
1335562
1336562
1338562
1339562
1339962
1715562
1716562
1717491
1717554
1717562
1990562
1994262
1995620
1995621
1995622
1995623
1995624
1995625
1995626
1995627
1995628
1995629
1996642
1996656
1560562
1565620
1565621
1565622
1565623
1565624
1565625
1565626
1565627
1565628
1565629
1566562
1569562
1850562
1855522
1859020
1780562
1785628
1785629
1788444
1789166
1860562
1865620
1865621
1865622
1865623
1865624
1550562
1390562
1395590
1395591
1395592
1395593
1395594
1395624
1395625
1396520
1396521
1396522
1396523
1671197
1671441
1671442
1671562
1672562
1673562
1720562
1301315
1303315
1303548
1304557
1305325
1306325
1308315
1308325
1308343
1309333
1309548
1590562
1595620
1595621
1595622
1770562
1773046
1773330
1775620
1775621
1775622
1775623
1775624
1775625
1775626
1775627
1775628
1775629
1776436
1452092
1453087
1454109
1457232
1458210
1458211
1458212
1458213
1458214
1351562
1500562
1505620
1505621
1505680
1505681
1830562
1832670
1832671
1835627
1835628
1835629
