1530580
1530680
1532510
1532511
1532543
1532544
1532545
1532580
1533680
1533681
1533682
1533683
1533684
1533770
1534580
1535529
1535559
1535580
1535680
1537217
1537245
1537275
1537276
1537277
1537278
1537279
1538134
1538135
1538136
1539580
1800580
1804229
1804239
1805800
1805801
1805802
1805803
1805804
1805805
1805806
1805807
1805808
1805809
1806768
1806769
1806928
1806929
1806947
1807264
1807265
1807266
1807429
1890580
1890680
1895720
1895721
1895722
1895723
1896644
1896645
1896720
1896721
1896722
1896723
1896920
1896921
1896922
1896923
1896924
1896925
1951806
1951807
1955803
1361580
1361680
1364580
1364650
1364680
1365580
1365680
1365682
1366580
1366581
1366658
1366659
1366670
1366671
1367580
1717947
1717948
1717949
1717974
1717984
1717985
1717986
1717987
1719580
1719964
1719974
1719984
1719985
1719986
1719987
1330580
1330680
1332580
1332590
1333580
1334580
1335580
1336240
1336241
1336242
1336280
1336281
1336282
1337259
1337580
1337680
1338580
1338668
1338669
1338844
1339580
1339680
1850580
1850680
1859036
1859037
1780580
1781580
1781581
1781582
1781583
1781584
1781600
1782699
1785767
1785829
1785880
1786790
1789582
1789583
1560580
1560680
1565708
1565709
1569580
1990580
1990662
1990680
1990689
1997535
1997536
1390580
1390680
1395720
1395721
1395722
1395723
1396720
1396721
1396722
1396723
1860580
1860680
1865800
1865801
1865802
1865803
1865804
1865805
1865806
1865807
1865808
1865809
1300262
1300429
1301881
1302262
1305980
1305981
1305982
1305983
1305984
1305985
1305986
1305987
1305988
1305989
1308286
1308287
1309475
1309580
1309581
1720580
1728000
1350580
1350660
1350680
1351580
1356765
1356766
1356767
1356768
1356769
1357560
1357561
1357562
1357563
1358704
1358705
1358706
1358707
1358708
1358709
1452249
1452269
1454172
1454700
1454710
1454720
1458130
1458131
1458132
1458133
1458134
1458135
1770580
1770680
1775789
1775837
1775838
1775839
1776700
1776701
1776702
1776703
1776704
1776969
1776979
1776982
1776983
1776984
1779465
1779466
1779467
1779468
1779469
1590580
1590680
1592400
1592401
1592402
1592403
1592404
1595705
1595706
1595707
1595708
1595709
1595805
1595806
1595807
1595808
1595809
1830580
1835805
1835806
1835807
1835808
1835809
1836805
1836806
1836807
1836808
1836809
1500580
1506800
1506801
1508887
1508888
1508889
1980580
1981244
1981482
1981800
1981801
1981802
1981803
1981804
1981805
1981806
1981807
1981808
1982280
1984420
1984421
1984422
1984423
1984424
1984425
1985805
1985806
1985807
1985808
1985809
1985885
1988400
1988401
1988402
1988403
1988404
1988405
1988406
1988407
1988408
1988409
1988440
1988441
1988442
1988443
1988444
1988445
1988446
1988447
1988448
1988449
1650580
1651829
1840580
1845890
1845891
1570580
1572808
1572809
1320580
1321657
1321658
1321659
1321680
1322173
1322174
1322175
1323580
1325580
1327680
1328235
1328236
1328237
1328239
1328580
1329580
1910580
1910680
1700580
1701216
1701217
1701218
1701219
1702246
1702247
1707445
1707925
1707926
1707927
1707928
1707929
1709940
1709941
1709960
1709961
1709962
1709963
1709964
1470580
1475800
1475801
1370580
1370680
1373252
1373253
1373500
1373501
1373502
1373503
1373504
1375071
1375072
1375800
1375801
1375802
1375803
1375804
1375805
1750580
1750661
1750680
1880580
1880680
1885705
1885706
1885707
1885708
1885709
1885838
1885839
1886800
1886801
1520580
1525706
1525707
1525708
1526800
1526801
1526802
1526803
1526804
1810580
1815800
1815801
1815802
1815803
1815804
1815805
1815806
1815807
1815808
1815809
1815859
1816451
1816709
1820580
1826870
1826871
1826872
1826873
1826874
1510580
1515798
1515799
1516805
1516806
1516807
1516808
1516809
1760580
1760680
1580580
1585805
1585806
1585807
1585808
1585809
1345405
1345406
1345407
1345408
1345409
1730580
1730680
1734208
1734209
1734897
1734898
1734899
1736700
1736701
1736702
1736703
1736704
1736988
1736989
1736990
1736991
1736992
1736993
1736994
1737429
1737765
1737766
1737767
1737768
1737769
1739859
1310580
1310587
1311580
1311680
1313625
1313626
1313627
1313628
1313629
1313640
1313641
1313642
1313643
1313644
1317580
1317581
1317582
1317583
1317584
1318580
1318677
1318678
1318679
1870580
1876800
1876801
1876802
1876803
1876804
1876805
1876806
1876807
1876808
1876809
1660580
1665702
1385720
1385721
1385722
1385723
1386720
1386721
1386722
1386723
1386820
1386821
1386822
1386823
1386824
1388430
1388431
