1830766
1831236
1831239
1831600
1831626
1831629
1831630
1831645
1831646
1831682
1831689
1831837
1831840
1831841
1831848
1831850
1831855
1831922
1834441
1834444
1500766
1501449
1501649
1501658
1501659
1501820
1508817
1508818
1508819
1770305
1770766
1772417
1772577
1772778
1772874
1772875
1772876
1776886
1590766
1591715
1452974
1457918
1458766
1459064
1459065
1459066
1459067
1350999
1353790
1353791
1353792
1353793
1353794
1354240
1354241
1354242
1354243
1354244
1358065
1358066
1358067
1358068
1358069
1300538
1300539
1302538
1302539
1303027
1303028
1303029
1304920
1304921
1304922
1305930
1305931
1305932
1305933
1305934
1307750
1307751
1307752
1307753
1307754
1307755
1307756
1307757
1307758
1307759
1860766
1866676
1867565
1867660
1867662
1867663
1867664
1868857
1390237
1392265
1392266
1392710
1392711
1392712
1392713
1392714
1392715
1392716
1392717
1392718
1392719
1990242
1990307
1992484
1992558
1992559
1992620
1992621
1992622
1992623
1992624
1992866
1780766
1781145
1781715
1781766
1781816
1781879
1781892
1781930
1781933
1782024
1782090
1782091
1782535
1782536
1782537
1782538
1782539
1782540
1782541
1782542
1782557
1782729
1782730
1782773
1782774
1782783
1784198
1784199
1787502
1787624
1787639
1787661
1787682
1788059
1788951
1788952
1788953
1789669
1850764
1850765
1850766
1850767
1857809
1560237
1562265
1562266
1562710
1562711
1562712
1562713
1562714
1562715
1562716
1562717
1562718
1562719
1566022
1569766
1330237
1331890
1331891
1332294
1332295
1334658
1334659
1336019
1337766
1338042
1338043
1360023
1360296
1360963
1362025
1362244
1362246
1364227
1364228
1365308
1367250
1367251
1367252
1367253
1367254
1367255
1367256
1367257
1367258
1367259
1367260
1367261
1367262
1367263
1367264
1890237
1892265
1892266
1892715
1892716
1892717
1892718
1892719
1893419
1893420
1893812
1893813
1893845
1893846
1893849
1894839
1899862
1530766
1532215
1532216
1532217
1532218
1533845
1533846
1536035
1536036
1536037
1536038
1536039
1800766
1802335
1802336
1802337
1802338
1802339
1802375
1802376
1802377
1802378
1802379
1802505
1802506
1802949
1803337
1660765
1660766
1667660
1667661
1667662
1667663
1667664
1667665
1382465
1382466
1382467
1382468
1382469
1382670
1382671
1382672
1382673
1382674
1382675
1382676
1382677
1382678
1382679
1382680
1382681
1382682
1382683
1382684
1382685
1382686
1382687
1382688
1382689
1870766
1871896
1871897
1871898
1871930
1310480
1310481
1314864
1314865
1316816
1316817
1316937
1316938
1316939
1319260
1319261
1319262
1319263
1319264
1730761
1730766
1730825
1730829
1732289
1732460
1732461
1736347
1736348
1737678
1341170
1341171
1341172
1341173
1341174
1341175
1341176
1341177
1341178
1341179
1341795
1341796
1341797
1341798
1341799
1342177
1342178
1342179
1343590
1343591
1343592
1343593
1343594
1343595
1343596
1343597
1343598
1343599
1348035
1348036
1348037
1760766
1766602
1768857
1580766
1581175
1581176
1581177
1581178
1581179
1581950
1581951
1581952
1581953
1587660
1587661
1820092
1820205
1820766
1821131
1821826
1821832
1821957
1510766
1510767
1511378
1511379
1511990
1511991
1520766
1520767
1521857
1521858
1521859
1521964
1521965
1521966
1521967
1810766
1812250
1812487
1812504
1812505
1812691
1812718
1812719
1812728
1812729
1812760
1812761
1812978
1814469
1814869
1814884
1814885
1816588
1880766
1881181
1881369
1881420
1881896
1881897
1881898
1881983
1881984
1882051
1889972
1750765
1750766
1756665
1756666
1756667
1756668
1756669
1757669
1371980
1371981
1371982
1371983
1371984
1372970
1372971
1372972
1372973
1372974
1372975
1372976
1372977
1372978
1372979
1471480
1471546
1471633
1477805
1321766
1322636
1322971
1322972
1323210
1323211
1323212
1323213
1323214
1325043
1325766
1328870
1328872
1328873
1910301
1910765
1910766
1912585
1912586
1840766
1842052
1847502
1847504
1570766
1570767
1571839
1572834
1572855
1572860
1576704
1576716
1576809
1576880
1980766
1981220
1981458
1982024
1982061
1982062
1982064
1982076
1983012
1983030
1983059
1984915
1984959
1984983
1985499
1986010
1986044
1986411
1986423
1986451
1986462
1986516
1986541
1986560
1986573
1986719
1986720
1986816
1986819
1986820
1986821
1986823
1986825
1987660
1987661
1987665
1987667
1987669
1987853
