1502510
1502511
1502512
1502513
1502514
1502515
1502516
1502517
1502518
1502519
1508700
1508701
1508702
1508703
1508704
1508705
1508706
1508707
1508708
1508709
1508710
1508711
1508712
1508713
1508714
1508715
1508716
1508717
1508718
1508719
1509660
1509661
1509662
1509663
1509664
1509665
1509666
1509667
1509668
1509669
1830871
1831370
1831371
1831372
1831373
1831374
1831375
1831376
1831377
1831378
1831379
1831380
1831381
1831382
1831383
1831384
1831385
1831386
1831387
1831388
1831389
1831390
1831391
1831392
1831393
1831394
1831395
1831396
1831397
1831398
1831399
1831410
1831411
1831412
1831413
1831414
1831415
1831416
1831417
1831430
1831431
1831432
1831433
1831434
1831435
1831436
1831437
1831438
1831439
1831440
1831441
1831442
1831443
1831444
1831445
1831446
1831447
1831448
1831449
1831450
1831451
1831452
1831453
1831454
1831455
1831456
1831457
1831458
1831459
1838710
1838711
1838712
1838713
1838714
1838715
1838716
1838717
1838718
1838719
1838800
1838801
1838802
1838803
1838804
1838805
1838806
1838807
1838808
1838809
1838810
1838811
1838812
1838813
1838814
1838815
1838816
1838817
1838818
1838819
1838820
1838821
1838822
1838823
1838824
1838825
1838826
1838827
1838828
1838829
1838839
1838840
1838841
1838842
1838843
1838844
1838845
1838846
1838847
1838848
1838849
1838888
1452884
1452896
1452897
1452898
1452899
1453860
1453861
1453862
1453863
1453864
1453865
1453866
1453867
1453868
1453869
1453870
1453871
1453872
1453873
1453874
1453875
1453876
1453877
1453878
1453879
1453880
1453881
1453882
1453883
1453884
1453885
1454150
1454151
1454152
1454153
1454154
1454155
1454156
1454157
1454158
1454640
1454641
1454650
1454651
1350871
1350880
1351870
1351871
1351872
1351873
1351874
1351875
1351876
1351878
1351879
1352900
1352901
1352902
1352903
1352904
1352905
1352906
1352907
1352908
1352909
1352910
1352911
1352912
1352913
1352914
1352915
1352916
1352917
1352918
1352919
1352920
1352921
1352922
1352923
1352924
1352925
1352926
1352927
1352928
1352929
1352930
1352931
1352932
1352933
1352934
1352935
1352936
1352937
1352938
1352939
1352940
1352941
1352942
1352943
1352944
1352945
1357700
1357701
1357702
1357703
1357704
1357705
1357706
1357707
1357708
1357709
1357710
1357711
1357712
1357713
1357714
1357715
1357716
1357717
1357718
1357719
1590871
1590880
1590884
1590885
1590889
1591150
1591151
1591152
1591153
1591154
1591155
1591156
1591157
1591158
1591159
1591160
1591161
1591162
1591163
1591164
1591165
1591166
1591167
1591168
1591169
1591170
1591171
1591172
1591173
1591174
1591210
1591211
1591212
1591213
1591214
1591215
1591216
1591217
1591218
1591219
1591240
1591241
1591242
1591243
1591244
1591245
1591246
1591247
1591248
1591249
1591250
1591251
1591252
1591253
1591254
1591255
1591256
1591257
1591258
1591259
1592510
1592511
1592512
1592513
1592514
1592515
1592516
1592517
1592518
1592519
1592520
1592521
1592522
1592523
1596940
1596941
1596942
1596943
1596944
1596945
1596946
1596947
1596948
1596949
1596950
1596951
1596952
1596953
1596954
1596955
1596956
1596957
1596958
1596959
1597480
1597481
1597482
1597483
1597484
1598710
1598711
1598712
1598713
1598714
1598715
1598716
1598717
1598718
1598719
1770871
1770885
1778700
1778701
1778710
1778711
1778712
1778713
1778714
1778715
1778716
1778717
1778718
1778719
1778725
1778726
1778727
1778728
1778729
1778736
1778744
1778745
1778747
1778777
1778784
1778785
1778786
1778787
1778794
1778795
1778798
1300865
1300866
1300867
1300868
1300869
1301086
1301330
1301331
1301332
1301333
1301335
1303333
1303334
1303335
1303336
1303337
1303338
1303339
1306420
1306421
1306422
1306423
1306424
1306425
1306426
1306427
1306428
1306429
1307870
1307871
1307872
1307873
1307874
1307875
1307876
1307877
1307878
1307879
1308533
1308534
1308535
1308536
1308537
1308538
1308539
1309530
1309531
1309532
1309533
1309534
1309535
1309536
1309940
1309941
1309942
1309943
1309944
1309945
1309946
1309990
1309991
1309992
1309993
1309994
1309995
1309996
1309997
1309998
1309999
1727850
1727851
1727852
1390087
1390871
1390880
1390884
1390885
1390886
1390887
1398710
1398711
1398712
1398713
1398714
1398715
1398716
1398717
1398718
1398719
1398760
1398761
1398762
1398763
1398764
1398765
1398766
1398767
1398768
1398769
1673899
1673900
1860871
1860880
1866900
1866901
1866902
1866903
1866904
1866905
1866906
1866907
1866908
1866909
1866910
1866911
1866916
1866917
1866920
1866921
1866922
1866926
1866927
1868700
1868701
1868702
1868703
1868704
1868706
1868710
1868711
1868712
1868713
1868714
1868715
1868716
1868717
1868718
1868719
1868720
1868721
1868722
1868724
1868731
1868732
1868733
1868735
1868736
1868740
1868741
1868742
1868743
1868750
1868751
1868752
1868753
1868754
1868756
1868757
1868760
1868761
1868766
1868767
1868770
1868771
1868772
1868773
1868774
1868780
1868781
1868782
1868783
1868784
1868786
1868790
1868791
1550871
1550880
1550884
1550885
1550889
1555960
1555961
1555962
1555963
1555964
1555965
1555966
1555967
1555968
1555969
1555970
1555971
1555972
1555973
1555974
1555975
1555976
1555977
1555978
1555979
1555980
1555981
1555982
1555983
1555984
1555985
1555986
1555987
1555988
1555989
1555990
1555991
1558700
1558701
1558702
1558703
1558704
1558705
1558706
1558707
1558708
1558709
1558710
1558711
1558712
1558713
1558714
1558715
1558716
1558717
1558718
1558719
1558720
1558721
1558722
1558723
1558724
1558725
1560871
1560880
1560884
1560885
1560889
1568705
1568706
1568707
1568708
1568709
1568710
1568711
1568712
1568713
1568714
1568715
1568716
1568717
1568718
1568719
1568737
1568738
1568739
1568760
1568761
1568762
1568763
1568764
1568765
1568775
1568776
1568777
1568778
1568779
1568785
1568786
1568787
1568788
1568789
1569466
1569704
1569705
1569706
1850871
1850881
1850883
1850884
1850885
1850886
1850888
1850889
1858719
1858724
1858725
1858726
1858730
1858731
1858732
1858733
1858734
1858735
1858736
1858737
1858738
1858739
1858931
1858934
1858935
1859310
1859311
1859312
1859313
1859314
1859316
1780871
1784205
1784206
1784207
1784208
1784209
1784210
1784211
1784212
1784213
1784214
1784215
1784216
1784217
1784218
1784219
1786940
1786941
1786942
1786943
1786944
1786945
1786946
1786947
1786948
1786949
1786950
1786951
1786952
1786953
1786954
1786955
1786956
1786957
1786958
1786959
1786960
1786961
1786962
1786963
1786964
1786965
1786966
1786967
1786968
1786969
1786970
1786971
1786972
1786973
1786974
1786975
1786976
1786977
1786978
1786979
1786980
1786981
1786982
1786983
1786984
1786998
1786999
1787480
1787481
1787482
1787483
1787484
1787485
1787486
1787487
1787488
1787489
1789325
1789326
1789327
1789328
1789329
1789870
1789871
1789872
1789873
1789874
1789875
1789876
1789877
1789878
1789879
1990871
1990880
1990884
1990885
1990889
1991271
1991278
1994860
1994861
1994862
1994863
1994864
1994865
1994866
1994867
1994868
1994869
1994871
1996912
1996913
1996914
1996915
1996920
1996921
1996922
1996923
1996924
1996925
1996926
1996927
1998710
1998711
1998712
1998713
1998714
1998715
1998716
1998717
1998718
1998719
1998736
1998762
1998763
1998764
1998765
1998766
1998772
1998773
1998774
1998775
1998776
1998783
1998784
1998785
1998786
1998810
1998811
1998812
1998813
1998814
1998815
1998816
1998817
1998819
1998832
1998833
1998834
1998835
1998840
1998841
1998842
1998843
1998844
1998845
1998846
1998847
1998848
1998849
1998850
1998851
1998852
1998853
1998854
1998855
1998856
1998857
1998858
1998859
1998870
1998871
1998872
1998873
1998874
1998875
1998877
1998991
1998999
1999581
1999594
1713871
1715470
1715471
1715472
1715473
1715474
1715475
1715476
1715477
1715478
1715479
1715690
1715693
1715694
1715695
1715696
1715697
1715698
1715699
1715700
1715701
1715702
1715703
1715704
1715705
1715706
1715707
1715871
1716699
1716871
1717699
1717700
1717871
1718476
1718699
1718800
1718801
1718802
1718803
1718805
1718806
1718807
1718808
1718809
1718810
1718811
1718812
1718813
1718815
1718816
1718817
1718818
1718819
1719690
1719693
1719695
1719696
1719697
1719698
1719699
1719804
1719814
1719871
1719876
1330871
1330880
1330884
1330885
1331250
1331251
1331252
1331253
1331254
1331255
1331256
1331257
1331258
1331259
1332050
1332051
1332052
1332053
1332054
1333041
1333043
1333044
1333046
1333049
1333050
1333051
1333052
1333053
1333054
1335460
1335461
1335462
1335463
1335464
1335465
1335490
1335491
1335492
1335493
1335494
1335495
1335496
1335497
1335498
1335499
1336871
1336880
1336884
1336885
1337871
1337880
1337884
1337885
1338871
1338880
1338884
1338885
1339871
1339880
1339884
1339885
1890871
1890880
1890884
1890885
1890889
1898705
1898706
1898709
1898710
1898711
1898712
1898713
1898714
1898715
1898716
1898717
1898718
1898719
1898725
1898726
1898727
1898728
1898729
1898735
1898736
1898745
1898746
1898747
1898748
1898749
1898755
1898756
1898757
1898758
1898759
1898767
1898768
1898769
1898775
1898776
1898777
1898778
1898779
1898786
1898787
1898788
1898789
1898795
1898799
1898806
1898807
1898808
1898809
1898815
1898816
1898827
1898828
1898829
1898840
1898841
1898842
1898843
1898844
1898845
1898846
1898847
1898848
1898849
1360871
1360880
1360881
1360884
1360885
1360886
1360887
1360888
1361871
1361960
1361961
1361962
1361963
1361964
1361965
1361966
1361967
1361968
1361969
1362940
1362941
1362942
1362943
1362944
1362945
1362946
1362947
1362948
1362949
1362960
1362961
1362962
1362963
1362964
1362965
1362966
1362967
1362968
1362969
1364871
1364880
1364881
1364882
1364883
1364884
1364885
1364886
1364887
1364888
1364889
1365871
1365880
1365881
1365882
1365883
1365884
1365885
1365886
1365887
1365888
1365889
1366870
1366871
1366872
1366873
1366874
1366875
1366876
1366877
1366878
1366879
1366970
1366971
1366972
1366973
1366974
1366975
1366976
1366977
1366978
1366979
1367870
1367871
1367872
1367873
1367874
1367875
1367876
1367877
1367878
1367879
1368870
1368871
1369870
1369871
1369872
1369873
1369874
1369875
1369876
1369877
1369878
1369879
1952330
1952331
1952332
1952334
1952335
1952336
1952337
1953074
1953336
1953996
1800871
1800880
1800884
1800885
1800889
1806480
1806481
1806482
1806483
1806484
1806485
1806486
1806487
1806488
1806489
1808270
1808271
1808272
1808273
1808274
1808275
1808276
1808278
1808290
1808291
1808292
1808293
1808294
1808295
1808296
1808297
1808298
1808380
1808381
1808382
1808383
1808384
1808385
1808386
1808387
1808389
1808704
1808705
1808706
1808710
1808711
1808712
1808713
1808714
1808715
1808716
1808717
1808718
1808719
1808723
1808724
1808725
1808726
1808727
1808732
1808734
1808735
1808736
1808737
1808742
1808743
1808744
1808745
1808752
1808753
1808754
1808755
1808774
1808775
1808776
1808782
1808783
1808784
1808785
1808786
1808794
1808795
1808796
1808801
1808812
1808813
1808814
1808823
1808824
1808825
1808826
1808827
1808829
1808830
1808831
1808832
1808834
1808840
1808841
1808842
1808843
1808844
1808845
1808846
1808847
1808848
1808849
1808898
1808899
1530871
1530880
1530884
1530885
1530889
1533131
1533171
1533172
1533173
1533174
1533175
1533176
1533439
1534871
1536800
1536801
1536802
1536803
1536804
1536805
1536806
1536807
1536808
1536809
1536810
1536811
1536812
1536813
1536814
1536815
1536816
1536817
1536818
1536819
1536820
1536821
1536822
1536823
1536824
1536825
1536826
1536871
1536880
1536884
1536885
1536886
1536887
1536889
1538871
1538883
1538884
1538888
1538889
1539133
1539134
1539135
1539136
1539148
1539490
1539497
1539837
1539838
1539839
1539840
1539841
1539842
1539843
1539844
1539845
1539846
1539847
1539848
1539849
1539850
1539851
1539852
1539853
1539854
1539855
1539856
1539857
1539858
1539859
1539860
1539861
1539862
1539863
1539864
1539865
1539867
1539869
1539871
1870871
1872500
1872501
1872502
1872503
1872504
1872505
1872506
1872507
1872508
1872509
1872510
1872511
1872512
1872513
1872514
1872515
1872516
1872517
1872518
1872519
1878700
1878701
1878702
1878703
1878704
1878705
1878706
1878707
1878708
1878709
1878710
1878711
1878712
1878713
1878714
1878715
1878716
1878717
1878718
1878719
1878744
1878745
1878746
1878747
1878748
1878749
1878809
1878810
1878811
1878812
1878813
1878814
1878815
1878816
1878817
1878818
1878819
1878829
1878840
1878841
1878842
1878843
1878844
1878845
1878846
1878847
1878848
1878849
1878850
1878851
1878852
1878853
1878854
1878855
1878856
1878857
1878858
1878859
1380087
1380870
1380871
1380872
1380873
1380875
1380879
1388800
1388801
1388802
1388803
1388804
1388805
1388806
1388807
1388808
1388809
1388810
1388811
1388812
1388813
1388814
1388815
1388816
1388817
1388818
1388819
1388820
1388821
1388822
1388823
1388824
1388825
1388826
1388827
1388828
1388829
1388830
1388831
1388832
1388833
1388834
1388835
1388836
1388837
1388838
1388839
1388840
1388841
1388842
1388843
1388844
1388845
1388846
1388847
1388848
1388849
1388850
1388851
1388852
1388853
1388854
1388855
1388856
1388857
1388858
1388859
1388860
1388861
1388862
1388863
1388864
1388865
1388866
1388867
1388868
1388869
1388870
1388871
1388872
1388873
1388874
1388875
1388876
1388877
1388878
1388879
1388880
1388881
1388882
1388883
1388884
1388885
1388886
1388887
1388888
1388889
1388890
1388891
1388892
1388893
1388894
1388895
1388896
1388897
1388898
1388899
1660697
1660698
1660871
1660880
1660881
1660882
1660884
1660885
1668709
1668710
1668711
1668718
1668719
1668723
1668744
1668745
1668749
1730009
1730871
1730880
1730889
1738700
1738701
1738710
1738711
1738712
1738713
1738715
1738716
1738717
1738718
1738719
1738721
1738733
1738739
1738741
1738759
1738764
1738771
1738774
1738784
1738789
1738791
1738794
1738799
1310850
1310851
1310852
1310853
1310854
1310865
1310866
1310867
1310868
1310869
1310870
1310871
1310876
1310880
1310883
1310884
1310885
1310886
1310887
1310889
1311414
1311420
1311421
1311422
1311423
1311424
1311425
1311426
1311427
1311428
1311429
1311620
1311621
1311622
1311623
1311624
1311625
1311626
1311627
1311628
1311629
1311695
1311871
1315070
1315071
1315074
1315075
1317060
1317061
1317062
1317063
1318740
1318741
1318742
1318743
1318744
1318770
1318781
1318782
1318783
1318784
1318785
1318786
1318787
1318788
1318789
1580870
1580871
1580875
1580876
1580879
1580880
1580881
1580882
1580884
1580885
1580886
1580887
1580888
1580889
1581200
1581201
1581202
1581203
1581204
1581205
1581206
1581207
1581208
1581209
1581210
1581211
1581212
1581213
1581214
1582525
1582526
1582527
1582528
1582529
1587790
1587791
1587792
1587793
1587794
1587795
1587796
1587797
1587798
1587799
1588700
1588701
1588702
1588703
1588704
1588705
1588706
1588707
1588708
1588709
1588710
1588711
1588712
1588713
1588714
1588715
1588716
1588717
1588718
1588719
1588720
1588721
1588722
1588723
1588724
1588725
1588726
1588727
1588728
1588729
1588780
1588781
1588782
1588783
1588784
1588785
1588786
1588787
1760690
1760696
1760697
1760698
1760699
1760871
1760880
1760884
1768700
1768704
1768710
1768711
1768712
1768717
1768719
1344588
1344687
1344688
1344787
1344887
1344987
1519870
1519871
1519872
1519873
1519874
1519875
1519876
1519877
1519878
1519879
1519880
1519881
1519882
1519883
1519884
1519885
1519886
1519887
1519888
1519889
1519890
1519891
1519892
1519893
1519894
1519895
1519896
1519897
1519898
1519899
1820670
1820671
1820672
1820673
1820674
1820675
1820676
1820677
1820678
1820679
1820680
1820681
1820682
1820683
1820684
1820685
1820686
1820687
1820688
1820689
1820870
1820871
1820872
1820873
1820874
1820875
1820876
1820877
1820878
1820879
1820880
1820881
1820882
1820883
1820884
1820885
1820886
1820887
1820888
1820889
1821300
1821301
1821302
1821303
1821304
1821305
1821306
1821307
1821308
1821309
1821340
1821341
1821342
1821343
1821344
1821345
1821346
1821347
1821348
1821349
1821350
1821351
1821352
1821353
1821354
1821355
1821356
1821357
1821358
1821359
1821380
1821381
1821382
1821383
1821384
1821385
1821386
1821387
1821388
1821389
1821390
1821391
1821392
1821393
1821394
1821395
1821396
1821397
1821398
1821399
1821455
1821456
1821457
1821458
1821459
1821460
1821461
1821462
1821463
1821464
1828710
1828711
1828712
1828713
1828714
1828715
1828716
1828717
1828718
1828719
1828820
1828821
1828822
1828823
1828824
1828825
1828826
1828827
1828828
1828829
1828860
1828861
1828862
1828863
1828864
1828865
1828866
1828867
1828868
1828869
1828870
1828871
1828872
1828873
1828874
1828875
1828876
1828877
1828878
1828879
1828890
1828891
1828892
1828893
1828894
1828895
1828896
1828897
1828898
1828899
1810088
1810089
1810870
1810871
1810875
1810881
1810882
1810885
1816461
1816462
1818351
1818352
1818354
1818364
1818371
1818381
1818382
1818384
1818385
1818386
1818387
1818389
1818480
1818481
1818482
1818483
1818484
1818485
1818486
1818487
1818488
1818489
1818701
1818702
1818705
1818706
1818710
1818711
1818712
1818715
1818716
1818725
1818730
1818731
1818732
1818750
1818751
1818752
1818781
1818782
1520871
1528440
1528441
1528710
1528711
1528712
1528713
1528714
1528715
1528716
1528717
1528718
1528719
1528810
1528811
1528812
1528813
1528814
1528815
1528816
1528817
1528818
1528819
1528820
1528821
1528822
1528823
1528824
1528825
1528826
1528827
1528828
1528829
1528830
1528831
1528832
1528833
1528834
1528835
1528836
1528837
1528838
1528839
1528840
1528841
1528842
1528843
1528844
1528845
1528846
1528847
1528848
1528849
1370060
1370061
1370062
1370063
1370064
1370065
1370066
1370067
1370068
1370069
1370840
1370841
1370842
1370843
1370844
1370845
1370846
1370847
1370848
1370849
1370870
1370871
1370872
1370873
1370876
1370879
1370880
1370884
1370885
1370886
1370887
1370888
1370889
1374088
1375910
1375911
1375912
1375913
1375914
1375915
1375916
1375917
1375918
1375919
1375940
1375941
1375942
1375943
1375944
1375945
1375946
1375947
1375948
1375949
1375950
1375951
1375952
1375953
1375954
1375955
1375956
1375957
1375958
1375959
1376910
1376911
1376912
1376913
1376914
1376915
1376916
1376917
1376918
1376919
1470871
1470884
1470889
1473645
1473646
1473647
1473648
1473649
1473650
1473651
1473652
1473653
1473654
1473655
1473656
1473657
1473658
1473659
1476419
1476577
1478710
1478711
1478719
1478745
1478746
1478747
1478748
1478749
1478780
1478781
1478782
1478783
1478784
1478785
1478786
1478787
1478788
1478789
1750871
1750880
1750884
1750885
1750889
1758410
1758701
1758708
1758731
1758791
1758798
1758799
1880871
1880880
1880888
1881220
1881221
1881222
1881223
1881224
1881225
1881226
1881227
1881228
1881229
1886070
1886071
1886072
1886073
1886074
1886075
1886076
1886077
1886078
1886079
1888710
1888711
1888712
1888713
1888714
1888715
1888716
1888717
1888718
1888719
1888788
1889588
1889596
1889597
1910871
1910880
1910884
1910885
1910889
1914301
1914311
1914327
1914328
1918420
1918421
1918422
1918423
1918424
1918425
1918427
1918428
1918710
1918711
1918712
1918713
1918714
1918715
1918716
1918717
1918718
1918719
1320871
1320880
1320884
1320885
1320889
1321160
1321161
1321162
1321163
1321164
1321165
1321166
1321167
1321168
1321169
1321170
1321171
1321172
1321173
1321174
1321175
1321176
1321177
1321178
1321179
1321192
1323866
1323867
1323868
1323869
1323871
1327871
1327872
1329493
1329494
1329495
1329496
1329497
1700870
1700871
1700872
1700873
1700874
1700875
1700876
1700877
1700878
1700879
1701900
1701901
1701902
1701903
1701904
1701905
1701906
1702840
1702841
1702842
1702843
1702844
1702845
1702846
1702847
1702848
1702849
1702860
1702861
1702862
1702863
1702864
1702865
1702866
1702867
1702868
1702869
1702870
1702871
1702872
1702873
1702874
1702875
1702876
1702877
1702878
1702879
1703420
1703421
1703422
1703423
1703424
1703425
1703426
1703427
1703428
1703429
1703430
1703431
1703432
1703433
1703434
1703435
1703436
1703437
1703438
1703439
1703440
1703441
1703442
1703443
1703444
1705032
1705173
1705220
1705253
1705364
1705398
1705502
1705567
1705568
1705569
1705632
1705677
1705691
1705784
1707760
1707761
1707762
1707763
1707764
1708860
1708861
1708862
1708863
1708864
1708865
1708866
1708867
1708868
1708869
1709650
1709651
1709652
1709653
1709654
1709655
1709656
1709657
1709658
1709659
1980871
1980880
1980881
1980882
1980888
1981110
1981111
1981112
1981113
1981114
1981115
1981116
1981117
1981118
1981119
1981158
1981159
1981312
1984884
1984885
1984886
1984887
1984888
1984889
1984890
1986975
1986976
1986977
1986978
1986979
1986980
1986981
1986982
1986983
1986984
1986985
1986986
1986987
1986988
1986989
1988710
1988711
1988712
1988713
1988714
1988715
1988716
1988717
1988718
1988719
1650871
1651870
1651871
1652040
1652656
1653920
1570871
1571871
1571876
1571879
1572187
1572188
1572189
1575200
1575201
1575202
1575203
1575204
1579882
1579883
1579884
1579885
1579886
1579887
1579888
1579889
1840871
1844080
1844081
1844082
1844083
1844084
1844085
1844086
1844087
1844088
1844089
1844090
1844091
1844092
1844093
1844094
1844095
1844096
1844097
1844098
1844099
1846800
1846801
1846802
1846803
1846804
1846805
1846806
1846807
1846808
1846809
1846810
1846811
1846812
1846813
1846814
1846815
1846816
1846817
1846818
1846819
1846820
1846821
1846822
1846823
1846824
1846825
1846826
1846827
1846828
1846829
1846910
1846911
1846912
1846913
1846914
1846915
1846916
1846917
1846918
1846919
1848707
1848708
1848709
1848710
1848711
1848712
1848713
1848714
1848715
1848716
1848717
1848718
1848719
1848720
1848721
1848722
1848723
1848724
1848725
1848726
1848727
1848728
1848729
1848730
1848731
1848732
1848733
1848734
1848735
1848736
1848737
1848738
1848739
1848800
1848801
1848802
1848803
1848804
1848805
1848806
1848807
1848808
1848809
1848810
1848811
1848812
1848813
1848814
1848815
1848816
1848817
1848818
1848819
1848820
1848821
1848822
1848823
1848824
1848825
1848826
1848827
1848828
1848829
1848830
1848831
1848832
1848833
1848834
1848835
1848836
1848837
1848838
1848839
1848840
1848841
1848842
1848843
1848844
1848845
1848846
1848847
1848848
1848849
1848850
1848851
1848852
1848853
1848854
1848855
1848856
1848857
1848858
1848859
1848860
1848861
1848862
1848863
1848864
1848865
1848866
1848867
1848868
1848869
1848870
1848871
1848872
1848873
1848874
1848875
1848876
1848877
1848878
1848879
1848880
1848881
1848882
1848883
1848884
1848885
1848886
1848887
1848888
1848889
1848890
1848892
1848893
1848894
1848895
1848896
1848897
1848898
1848899
1849133
1849134
1849135
1849136
1849137
1849138
