1340398
1341980
1341981
1341982
1341983
1341984
1760398
1761305
1762461
1762462
1762463
1763980
1763981
1763982
1763983
1763984
1763985
1763988
1763989
1765594
1765797
1765799
1769820
1580398
1583980
1583981
1583982
1583983
1583984
1583985
1583986
1583987
1583988
1583989
1589025
1589026
1589027
1589028
1589029
1820398
1823670
1823671
1823672
1823673
1823674
1823980
1823981
1823982
1823983
1823984
1823985
1823986
1823987
1823988
1823989
1513815
1513816
1513817
1513818
1513819
1513980
1513981
1513982
1513983
1513984
1513985
1513986
1513987
1513988
1513989
1660398
1663844
1663980
1663981
1663982
1663983
1663984
1663985
1663986
1663987
1663988
1663989
1665066
1380398
1383980
1383981
1383982
1383983
1383984
1383985
1383986
1383987
1383988
1383989
1384980
1384981
1384982
1384983
1384984
1870398
1873645
1873646
1873647
1873648
1873649
1873980
1873981
1873982
1873983
1873984
1873985
1873986
1873987
1873988
1873989
1879070
1879071
1879072
1879073
1879074
1310398
1313748
1313749
1313797
1313798
1314056
1316384
1318324
1318339
1319394
1319395
1319396
1319397
1319398
1319399
1730398
1732489
1732621
1732910
1732911
1732912
1732913
1732914
1732915
1732916
1732917
1732918
1732919
1733479
1733486
1733542
1733598
1734497
1734498
1735255
1736464
1700398
1701397
1701398
1701399
1702190
1702191
1704346
1704347
1704348
1704349
1704350
1704351
1704352
1704353
1704354
1704355
1704356
1707167
1707398
1708398
1708486
1324323
1324324
1325392
1325393
1325394
1325395
1325396
1325397
1325398
1325399
1327308
1327309
1327398
1328398
1329084
1329091
1329827
1329828
1329829
1329848
1329849
1910398
1914398
1840398
1843622
1570398
1571398
1571645
1572900
1572901
1572902
1572903
1572949
1650398
1653986
1655184
1655185
1980398
1981277
1983980
1520398
1523840
1523841
1523842
1523843
1523844
1523890
1523891
1523892
1523893
1523894
1523895
1523896
1523897
1523898
1523899
1523980
1523981
1523982
1523983
1523984
1523985
1523986
1523987
1523988
1523989
1810398
1814398
1815301
1880382
1880398
1883980
1883981
1883982
1883983
1883984
1883985
1883986
1883987
1883988
1883989
1750398
1751346
1751381
1751382
1753980
1753981
1754929
1759134
1759135
1759136
1759137
1759138
1759139
1473868
1473898
1475662
1478310
1478311
1478312
1478313
1478314
1478398
1370074
1370381
1370764
1374980
1374981
1374982
1374983
1374984
1378100
1378101
1378102
1378103
1378104
1378398
1303034
1303035
1303036
1303037
1303038
1304398
1308707
1550398
1551620
1551621
1551622
1551623
1551624
1551625
1551626
1551627
1551628
1551629
1551630
1551631
1551632
1551633
1551788
1553980
1553981
1553982
1553983
1553984
1553985
1553986
1553987
1553988
1553989
1554425
1554427
1860398
1861491
1862398
1862539
1862589
1863978
1863980
1863983
1863984
1863985
1863986
1863987
1863988
1863989
1671398
1672398
1673398
1674398
1390398
1393810
1393811
1393812
1393980
1393981
1393982
1393983
1393984
1393985
1393986
1393987
1393988
1393989
1394975
1394976
1394977
1394978
1394979
1830398
1833985
1833986
1833987
1833988
1833989
1500398
1503645
1503646
1503647
1503648
1503649
1503980
1503981
1503982
1503983
1503984
1503985
1503986
1503987
1503988
1503989
1623981
1770398
1771905
1771908
1771992
1772489
1773476
1773483
1773729
1773739
1773970
1773971
1774476
1774648
1774649
1774694
1776020
1776029
1779658
1590398
1593685
1593686
1593687
1593688
1593689
1593980
1593981
1593982
1593983
1593984
1593985
1593986
1593987
1593988
1593989
1597830
1597831
1597832
1597833
1597834
1350398
1351388
1352398
1352520
1352521
1352522
1352523
1352524
1352585
1352586
1352587
1352588
1352589
1356960
1356961
1356962
1452358
1452359
1454869
1458545
1458546
1458547
1458548
1458549
1951342
1953593
1360340
1360381
1361398
1362398
1362982
1363398
1363982
1363983
1363984
1363986
1363987
1363988
1363989
1364398
1365398
1366308
1366398
1367398
1369398
1369399
1890398
1893903
1893904
1893905
1893906
1893907
1893908
1893909
1530375
1530398
1533398
1534398
1534399
1534610
1534611
1534612
1539374
1539375
1800398
1803925
1803926
1803992
1803993
1803998
1990398
1994398
1780398
1781492
1783809
1783813
1783814
1783980
1783981
1783982
1789686
1850398
1853034
1853035
1853036
1853037
1853038
1853050
1853742
1853980
1853981
1856860
1856861
1856862
1560397
1560398
1563864
1563980
1563981
1563982
1563983
1563984
1563985
1563986
1563987
1563988
1563989
1564975
1564976
1564977
1564978
1564979
1566439
1569080
1330398
1332366
1332398
1333398
1334366
1334398
1334691
1334692
1335398
1337396
1337397
1337398
1337399
1338398
1712369
1712370
1712371
1712372
1712373
1712374
1712375
1712376
1712377
1712378
1712379
1713398
1715398
1716398
1717398
1717469
1717500
1717501
1717502
1718398
1719384
1719387
1719398
1719436
