1910791
1914200
1914201
1914202
1914203
1917050
1917051
1917910
1917911
1917912
1917913
1917914
1917915
1917916
1917917
1917918
1917919
1320700
1320708
1320709
1320791
1321700
1321791
1323700
1323704
1323708
1323751
1323752
1323764
1323791
1324700
1324708
1324709
1324770
1324771
1324776
1324778
1324780
1324781
1324784
1324786
1324791
1325700
1325708
1325709
1325791
1326300
1326309
1326391
1700702
1700703
1700704
1700705
1700706
1700707
1700708
1700709
1700791
1700798
1700799
1701680
1701681
1701682
1701683
1701684
1701685
1701686
1701687
1701688
1701689
1702790
1702791
1702792
1702793
1702794
1702795
1704492
1704493
1704494
1704495
1704496
1704497
1704498
1704499
1705029
1705160
1705215
1705374
1705533
1705630
1705774
1706941
1706942
1706943
1706944
1706945
1706946
1706947
1706948
1706949
1706950
1706951
1706952
1706953
1706954
1706955
1706956
1707710
1707711
1707712
1707713
1707714
1707715
1707716
1707717
1707718
1707719
1708755
1708756
1708757
1708758
1708759
1709910
1709911
1709912
1709913
1709914
1709915
1709916
1709917
1709918
1709919
1980791
1981509
1987002
1987003
1987004
1987005
1987006
1987007
1987008
1987009
1987010
1987011
1987012
1988006
1988007
1988008
1988009
1988010
1988011
1988012
1988013
1988014
1988015
1988016
1988017
1988018
1988019
1988040
1988041
1988042
1988043
1988044
1988045
1988046
1988047
1988060
1988061
1988062
1988063
1650582
1650791
1650836
1651120
1651121
1651791
1652027
1653853
1656103
1656264
1656272
1657178
1570791
1571700
1571709
1571791
1572763
1572764
1572765
1572766
1572767
1572768
1577957
1579762
1579763
1579764
1579765
1579766
1579767
1579768
1579769
1579770
1579771
1579772
1579773
1579774
1579775
1579776
1579777
1579778
1579779
1579780
1579781
1579782
1579783
1579784
1579785
1579786
1579787
1579788
1579789
1579790
1579791
1579792
1579793
1579794
1579795
1579796
1840700
1840702
1840703
1840704
1840705
1840706
1840707
1840708
1840709
1840791
1846050
1846051
1846052
1846053
1846054
1846055
1846056
1846057
1846058
1846059
1846060
1846061
1846062
1846063
1846064
1846065
1846066
1846067
1846068
1846069
1846070
1846071
1846072
1846073
1846074
1846075
1846076
1846077
1846078
1846079
1846080
1846081
1846082
1846083
1846084
1846085
1846086
1846087
1846088
1846089
1846090
1846091
1846092
1846093
1846094
1846095
1846096
1846097
1846098
1846099
1846570
1846571
1846572
1846573
1846574
1846575
1846576
1846577
1846578
1846579
1846580
1846581
1846582
1846583
1846584
1846585
1846586
1846587
1846588
1846589
1846590
1846591
1846592
1846593
1846594
1846595
1846596
1846597
1846598
1846599
1847000
1847001
1847002
1847003
1847004
1847005
1847006
1847007
1847008
1847009
1847080
1847081
1847082
1847083
1847084
1847085
1847086
1847087
1847088
1847089
1847090
1847091
1847092
1847093
1847094
1847095
1847096
1847097
1847098
1847099
1847910
1847911
1847912
1847913
1847914
1847915
1847916
1847917
1847918
1847919
1849052
1849053
1849055
1849056
1849057
1849059
1849530
1849531
1849532
1849533
1849534
1849535
1849536
1849537
1849538
1849539
1849540
1849541
1849542
1849543
1849544
1849545
1849546
1849547
1849548
1849549
1810078
1810079
1810700
1810708
1810709
1810791
1814661
1814662
1814670
1814671
1814678
1816071
1816074
1816210
1816211
1816603
1816604
1817000
1817001
1817002
1817003
1817004
1817005
1817006
1817007
1817008
1817009
1817040
1817041
1817080
1817081
1817082
1817083
1817084
1817085
1817086
1817087
1817088
1817089
1817090
1817091
1817092
1817093
1817094
1817095
1817096
1817097
1817098
1817099
1817280
1817281
1817282
1817283
1817284
1817285
1817286
1817287
1817288
1817289
1817400
1817401
1817404
1817890
1817891
1817910
1817911
1817912
1817913
1817914
1817915
1817916
1817917
1817918
1817919
1817999
1520791
1527000
1527001
1527002
1527003
1527004
1527080
1527081
1527082
1527083
1527084
1527085
1527086
1527087
1527088
1527089
1527090
1527091
1527092
1527093
1527094
1527095
1527096
1527097
1527098
1527099
1527910
1527911
1527912
1527913
1527914
1527915
1527916
1527917
1527918
1527919
1529791
1370708
1370709
1370791
1373290
1373291
1373292
1373293
1373294
1373295
1373296
1373297
1373298
1373299
1374070
1374079
1374270
1374279
1375560
1375561
1375562
1375563
1375564
1375565
1375566
1375567
1375568
1375569
1375575
1375576
1375577
1375578
1375579
1376700
1376701
1376702
1376703
1376704
1376705
1376706
1376707
1376708
1376709
1376710
1376711
1376712
1376713
1376714
1376715
1376716
1376717
1376718
1376719
1376740
1376741
1376742
1376743
1376744
1376745
1376746
1376747
1376748
1376749
1376795
1376796
1376797
1376798
1376799
1470700
1470791
1471740
1471741
1471742
1471743
1471744
1476566
1476568
1476569
1477070
1477071
1477072
1477073
1477910
1477911
1477912
1477913
1477914
1477915
1477916
1477917
1477918
1477919
1750700
1750708
1750709
1750791
1757901
1757911
1757921
1880700
1880708
1880709
1880791
1882791
1887000
1887001
1887002
1887003
1887004
1887005
1887006
1887007
1887008
1887009
1887047
1887080
1887081
1887082
1887083
1887084
1887085
1887086
1887087
1887091
1887910
1887911
1887912
1887913
1887914
1887915
1887916
1887917
1887918
1887919
1889791
1580700
1580791
1587000
1587001
1587002
1587003
1587060
1587061
1587062
1587063
1587064
1587065
1587066
1587067
1587068
1587069
1587900
1587901
1587902
1587903
1587904
1587905
1587906
1587907
1587908
1587909
1587910
1587911
1587912
1587913
1587914
1587915
1587916
1587917
1587918
1587919
1760700
1760708
1760709
1760791
1767900
1767901
1767908
1767910
1767911
1767921
1767931
1767941
1767950
1767951
1767953
1767955
1767958
1767959
1768791
1340700
1340708
1340709
1340791
1342668
1343700
1343708
1343709
1343790
1343791
1347910
1347911
1347912
1347913
1347914
1347915
1347916
1347917
1347918
1347919
1510791
1517000
1517001
1517002
1517003
1517004
1517005
1517006
1517007
1517008
1517009
1517020
1517021
1517022
1517023
1517024
1517040
1517041
1517042
1517043
1517044
1517045
1517046
1517047
1517048
1517049
1517910
1517911
1517912
1517913
1517914
1517915
1517916
1517917
1517918
1517919
1518010
1518011
1518012
1518013
1518014
1518015
1518016
1518017
1518018
1518019
1518040
1518041
1518042
1518043
1518044
1518045
1518046
1518047
1518048
1518049
1820700
1820708
1820709
1820791
1827080
1827081
1827082
1827083
1827084
1827085
1827086
1827087
1827088
1827089
1827091
1827910
1827911
1827912
1827913
1827914
1827915
1827916
1827917
1827918
1827919
1829611
1829612
1829613
1829614
1829615
1829616
1829617
1870250
1870251
1870252
1870253
1870254
1870259
1870260
1870261
1870262
1870263
1870264
1870269
1870791
1872005
1872006
1872007
1872008
1872009
1872041
1872090
1872091
1872092
1872093
1872094
1872095
1872096
1872097
1872098
1872099
1877000
1877001
1877002
1877003
1877004
1877005
1877006
1877007
1877008
1877009
1877081
1877091
1877910
1877911
1877912
1877913
1877914
1877915
1877916
1877917
1877918
1877919
1877986
1877987
1877988
1877989
1879781
1879791
1380350
1380351
1380352
1380353
1380354
1380700
1380703
1380704
1380705
1380706
1380708
1380709
1380791
1387005
1387006
1387007
1387008
1387009
1387060
1387061
1387062
1387063
1387064
1387065
1387066
1387067
1387068
1387069
1387080
1387081
1387082
1387083
1387084
1387085
1387086
1387087
1387088
1387089
1387090
1387091
1387092
1387093
1387094
1387095
1387096
1387097
1387098
1387099
1387910
1387911
1387912
1387913
1387914
1387915
1387916
1387917
1387918
1387919
1660700
1660703
1660705
1660708
1660709
1660791
1667900
1667901
1667903
1667905
1667908
1667909
1730700
1730708
1730709
1730791
1734661
1734662
1734666
1734670
1734671
1737000
1737001
1737002
1737003
1737004
1737005
1737006
1737007
1737008
1737009
1737045
1737080
1737081
1737082
1737083
1737084
1737085
1737086
1737087
1737088
1737089
1737910
1737911
1737912
1737913
1737914
1737915
1737916
1737917
1737918
1737919
1311780
1311781
1311791
1312521
1313380
1313381
1313382
1313383
1313384
1313391
1315580
1315581
1315582
1315583
1317086
1317087
1317088
1317091
1317777
1317778
1317780
1317781
1317782
1317783
1317784
1317785
1317786
1317787
1317788
1317789
1317791
1318456
1318457
1318458
1318459
1319791
1890700
1890708
1890709
1890791
1894220
1894221
1894222
1894223
1894224
1894230
1894231
1894232
1894233
1894234
1894235
1897000
1897001
1897002
1897003
1897004
1897005
1897006
1897007
1897008
1897009
1897080
1897081
1897082
1897083
1897084
1897085
1897086
1897087
1897088
1897089
1897090
1897091
1897092
1897093
1897094
1897095
1897096
1897097
1897098
1897099
1897910
1897911
1897912
1897913
1897914
1897915
1897916
1897917
1897918
1897919
1360700
1360704
1360706
1360708
1360709
1360791
1361700
1361708
1361709
1361791
1362700
1362708
1362709
1362791
1364700
1364708
1364709
1364791
1365700
1365708
1365709
1365791
1366700
1366708
1366709
1366791
1367220
1367221
1367222
1367223
1367224
1367700
1367708
1367709
1367791
1368481
1368700
1368708
1368709
1368791
1369488
1369700
1369708
1369709
1369791
1369800
1369809
1369841
1369950
1369951
1369952
1369953
1369954
1369955
1369956
1950020
1950021
1950022
1950023
1950024
1952751
1800020
1800021
1800070
1800071
1800700
1800708
1800709
1800791
1804670
1804671
1804676
1804680
1804681
1807000
1807002
1807003
1807004
1807005
1807006
1807007
1807008
1807009
1807011
1807012
1807013
1807014
1807015
1807028
1807029
1807038
1807039
1807040
1807041
1807049
1807050
1807051
1807059
1807910
1807911
1807912
1807913
1807914
1807915
1807916
1807917
1807918
1807919
1530700
1530791
1533775
1534791
1535000
1535001
1535011
1535012
1535040
1535041
1535042
1535043
1537429
1538791
1539089
1539780
1539791
1560791
1567910
1567911
1567912
1567913
1567914
1567915
1567916
1567917
1567918
1567919
1569781
1569784
1569791
1850700
1850704
1850708
1850709
1850791
1857904
1857905
1857906
1857910
1857911
1857912
1857913
1857914
1857915
1857916
1857917
1857918
1857919
1780700
1780702
1780703
1780704
1780705
1780706
1780707
1780708
1780709
1780791
1780881
1784620
1784621
1784622
1784623
1784624
1784625
1784626
1784627
1787071
1787081
1787091
1787901
1787940
1787941
1787942
1787943
1787944
1787945
1787946
1787947
1787948
1787949
1788741
1789151
1789791
1990700
1990791
1991440
1991441
1991442
1991443
1991444
1991445
1991446
1991447
1991448
1991449
1991790
1991791
1991792
1991793
1997000
1997001
1997002
1997003
1997004
1997005
1997006
1997007
1997008
1997009
1997014
1997018
1997019
1997040
1997041
1997901
1997902
1997903
1997904
1997905
1997906
1997907
1997908
1997909
1997911
1997912
1997913
1997914
1997915
1997916
1997917
1997918
1997919
1997940
1997941
1997942
1997952
1997953
1997954
1997955
1997956
1997985
1997986
1997991
1997992
1997993
1997994
1997995
1997996
1711342
1713290
1713291
1713292
1713293
1713294
1713295
1713296
1713297
1713298
1713299
1713700
1713702
1713703
1713704
1713705
1713791
1713799
1715294
1715299
1715791
1715799
1715840
1715841
1715842
1715843
1715844
1715845
1715846
1716299
1716791
1716799
1717299
1717791
1717799
1718190
1718191
1718192
1718193
1718195
1718196
1718197
1718199
1718282
1718288
1718299
1718787
1718788
1718791
1718848
1718849
1719791
1719799
1719840
1719841
1719842
1330700
1330708
1330709
1330791
1331700
1331705
1331791
1331940
1331941
1331942
1331943
1332001
1332011
1333005
1333006
1333007
1333008
1333009
1333010
1333011
1333012
1334001
1334011
1336161
1336162
1336163
1336164
1336165
1336171
1336700
1336708
1336709
1336791
1338700
1338708
1338709
1338791
1339700
1339708
1339709
1339791
1300620
1300621
1300720
1300721
1300722
1300723
1300724
1300728
1301072
1302620
1302621
1302720
1302721
1302722
1302723
1302724
1302728
1303620
1303621
1303720
1303721
1303722
1303723
1303724
1303728
1304490
1304491
1304790
1304791
1306410
1306411
1306412
1306413
1306414
1306510
1306511
1306512
1306513
1306514
1306515
1306516
1306517
1306518
1306519
1307790
1307791
1307792
1307793
1307794
1307795
1307796
1307797
1307798
1307799
1309720
1309721
1309728
1390070
1390079
1390700
1390708
1390709
1390791
1397000
1397001
1397002
1397003
1397004
1397005
1397006
1397007
1397008
1397009
1397080
1397081
1397082
1397083
1397084
1397085
1397086
1397087
1397088
1397089
1397090
1397091
1397092
1397093
1397094
1397095
1397096
1397097
1397098
1397099
1397910
1397911
1397912
1397913
1397914
1397915
1397916
1397917
1397918
1397919
1671150
1671151
1671152
1671153
1671154
1671155
1671156
1671157
1671158
1671159
1671791
1672791
1673791
1860700
1860708
1860791
1867910
1867911
1867912
1867913
1867914
1867915
1867916
1867917
1867918
1867919
1550791
1557910
1557911
1557912
1557913
1557914
1557915
1557916
1557917
1557918
1500700
1500791
1507000
1507001
1507002
1507003
1507004
1507005
1507006
1507007
1507008
1507009
1507040
1507041
1507080
1507081
1507082
1507083
1507084
1507085
1507086
1507087
1507088
1507089
1507090
1507091
1507092
1507093
1507094
1507095
1507096
1507097
1507098
1507099
1507900
1507901
1507902
1507903
1507904
1507905
1507906
1507907
1507908
1507909
1507910
1507911
1507912
1507913
1507914
1507915
1507916
1507917
1507918
1507919
1508350
1508351
1508352
1508353
1508354
1508355
1508380
1508381
1508382
1508383
1508384
1830700
1830701
1830790
1830791
1831791
1837913
1837914
1837915
1837916
1837917
1837918
1837919
1837997
1837998
1837999
1839781
1839791
1452651
1452661
1452668
1453660
1453661
1453662
1453663
1453664
1453665
1454441
1454451
1457020
1457021
1350700
1350708
1350709
1350791
1351700
1351708
1351709
1351791
1357600
1357601
1357602
1357603
1357604
1357605
1357606
1357607
1357608
1357609
1357610
1357611
1357612
1357613
1357614
1357625
1357626
1357627
1357628
1357629
1357690
1357691
1357692
1357693
1357694
1357695
1357696
1357697
1357698
1357699
1590700
1590708
1590709
1590791
1597040
1597041
1597042
1597043
1597044
1597045
1597046
1597047
1597048
1597049
1597060
1597061
1597062
1597063
1597064
1597065
1597066
1597067
1597068
1597069
1597900
1597901
1597902
1597903
1597904
1597905
1597906
1597907
1597908
1597909
1597910
1597911
1597912
1597913
1597914
1597915
1597916
1597917
1597918
1597919
1770700
1770708
1770709
1770791
1774661
1774662
1774666
1777000
1777001
1777002
1777003
1777004
1777005
1777006
1777007
1777008
1777009
1777080
1777081
1777082
1777083
1777084
1777085
1777086
1777087
1777088
1777089
1777910
1777911
1777912
1777913
1777914
1777915
1777916
1777917
1777918
1777919
