1701465
1701466
1701467
1702942
1702943
1702944
1702945
1703681
1703682
1703683
1703684
1703685
1910362
1910452
1910462
1910466
1320452
1320650
1320651
1320660
1320661
1320662
1320663
1320672
1320673
1321282
1321295
1321296
1321452
1321462
1322452
1322462
1323452
1323460
1323461
1323462
1323463
1323464
1323493
1323494
1325152
1325162
1325868
1325869
1326352
1327452
1327466
1328402
1328452
1328498
1329871
1329872
1570452
1570462
1571452
1571462
1573452
1573462
1575452
1575462
1576452
1576462
1576504
1576505
1576506
1576507
1576508
1576509
1577452
1577462
1840452
1844520
1844521
1844522
1844528
1980452
1980462
1981551
1984520
1984521
1984523
1984524
1984528
1984558
1984559
1984564
1984565
1984566
1984567
1984568
1984569
1984589
1984625
1984630
1984631
1984632
1988997
1650082
1650191
1650332
1650452
1650462
1650947
1650948
1651040
1651042
1651062
1651091
1651096
1651259
1651313
1651346
1651384
1651452
1651707
1651946
1652018
1652087
1652299
1652342
1652402
1652444
1652452
1652462
1652482
1652520
1652521
1652639
1652652
1652664
1652682
1652742
1652746
1652747
1652828
1652844
1652852
1653034
1653232
1653233
1653239
1653245
1653252
1653259
1653307
1653452
1653462
1653620
1653621
1653622
1653623
1653624
1653625
1653642
1653644
1653658
1653672
1653673
1653684
1653685
1653740
1653741
1653774
1653775
1653852
1653874
1653993
1655041
1655452
1655553
1655566
1655640
1655733
1655747
1655770
1655778
1655885
1655887
1655889
1656005
1656345
1656346
1656452
1656462
1656611
1656754
1656774
1656778
1656788
1656815
1656824
1656934
1656952
1657022
1657140
1657193
1657202
1657209
1657220
1657248
1657295
1657370
1657402
1657452
1657507
1657510
1657523
1657529
1657542
1657656
1657840
1657892
1810362
1810452
1814532
1814533
1818272
1818282
1520452
1521440
1521441
1521442
1521443
1521444
1521445
1521446
1521447
1521448
1521449
1524520
1524521
1524522
1524523
1524524
1524525
1524526
1524527
1524528
1524529
1524572
1524573
1524580
1524581
1524582
1524583
1524584
1750452
1750462
1754502
1754503
1754504
1754505
1754506
1754507
1754508
1754509
1754520
1754521
1754522
1880452
1881452
1881462
1881466
1881472
1884520
1884521
1884522
1884523
1884524
1884525
1884526
1884527
1884528
1884529
1884620
1884630
1884631
1884632
1884633
1884634
1884635
1884636
1884637
1884638
1884639
1370369
1370452
1370461
1370462
1370482
1374520
1374521
1374522
1374523
1374524
1374525
1374526
1374527
1374528
1374529
1374620
1374621
1374622
1374623
1374624
1374625
1374626
1374627
1374628
1374629
1376345
1376346
1376347
1376348
1376349
1376350
1376351
1376352
1376353
1376354
1376355
1376356
1376357
1376358
1376359
1376651
1376652
1376653
1376654
1376655
1376656
1376657
1376658
1379624
1379625
1379626
1379627
1379628
1379629
1379630
1379631
1379632
1379633
1379634
1379684
1379685
1379686
1379687
1379688
1379689
1470452
1470462
1470465
1474561
1474562
1474563
1474564
1474565
1474566
1474586
1474587
1474589
1478452
1478462
1478463
1479452
1479462
1479463
1479803
1479804
1479805
1479806
1479807
1479808
1479809
1344069
1580452
1584520
1584521
1584522
1584523
1584524
1584525
1584526
1584527
1584528
1584560
1584561
1584562
1584563
1584564
1584565
1584566
1584567
1584568
1584569
1584570
1584571
1584572
1584573
1584574
1584575
1584576
1584577
1584578
1584579
1584620
1584621
1584622
1584623
1584624
1584625
1584626
1584627
1584628
1760452
1760462
1761452
1764521
1764522
1764523
1764524
1764525
1764570
1764571
1764572
1514520
1514521
1514522
1514523
1514524
1514525
1514526
1514527
1514528
1514529
1514530
1514531
1514540
1514541
1514620
1514621
1514622
1514623
1514624
1514665
1514666
1514667
1514668
1514669
1516460
1516461
1516462
1516463
1516464
1516465
1516466
1516467
1516468
1516469
1517450
1517451
1517452
1517453
1517454
1517455
1517456
1517457
1517458
1517459
1517460
1517461
1517462
1517463
1517464
1517465
1820452
1820462
1820465
1820466
1824520
1824521
1824522
1824523
1824524
1824525
1824526
1824527
1824528
1824529
1824620
1824621
1824622
1824623
1824624
1824625
1824626
1824627
1824628
1824629
1824668
1824669
1824927
1824928
1824929
1824952
1380360
1380361
1380362
1380363
1383620
1383621
1383622
1383623
1383624
1383625
1383626
1383627
1383628
1383629
1384520
1384521
1384522
1384523
1384524
1384525
1384526
1384527
1384528
1384529
1384620
1384621
1384622
1384623
1384624
1384625
1384626
1384627
1384628
1384629
1389595
1389596
1389597
1389598
1389599
1660452
1660461
1660462
1660463
1664571
1664572
1664573
1664574
1664575
1664576
1664577
1664620
1664621
1664622
1664623
1664624
1664625
1664626
1664627
1664628
1664629
1870452
1871430
1871431
1871432
1871433
1871434
1871435
1871436
1871437
1871438
1871452
1871471
1871472
1871473
1871474
1871475
1872447
1872448
1872452
1874520
1874521
1874522
1874523
1874524
1874525
1874526
1874527
1874528
1874529
1874620
1874621
1874622
1874623
1874624
1874625
1874626
1874627
1874628
1874629
1874681
1874682
1874683
1874684
1874685
1874686
1874687
1874688
1874689
1310082
1310092
1310098
1310099
1310152
1310162
1310402
1310403
1310404
1310452
1311452
1311462
1311466
1311532
1311566
1312452
1313452
1313660
1313661
1313662
1313663
1313672
1313673
1314452
1314457
1314952
1314957
1314962
1315452
1316340
1319452
1319962
1319963
1319964
1319965
1319966
1319967
1319968
1319969
1730362
1730452
1734562
1738272
1738282
1739062
1360452
1360461
1360462
1360482
1361452
1361461
1361462
1362452
1362462
1363452
1363462
1363482
1363483
1363484
1363486
1364452
1364462
1366452
1366462
1367452
1368452
1369452
1953596
1890362
1890452
1890462
1894452
1894512
1894520
1894521
1894522
1894523
1894524
1894528
1894620
1894621
1894622
1894623
1894624
1894625
1894626
1894627
1894628
1894629
1800362
1800452
1800462
1804520
1804521
1804522
1804523
1804524
1804525
1804526
1804527
1804528
1804529
1808872
1530362
1530452
1530462
1530482
1532652
1532668
1533184
1533189
1533197
1534452
1534460
1534461
1534462
1990362
1990452
1990462
1990482
1991770
1991771
1991772
1991773
1991774
1991775
1991776
1991777
1991778
1996978
1996979
1997570
1999750
1999751
1999752
1560362
1560452
1560462
1560482
1563620
1563621
1563622
1563623
1563624
1563625
1563626
1563627
1563628
1563629
1563695
1563696
1564520
1564521
1564522
1564523
1564524
1564525
1564526
1564527
1564528
1564529
1567283
1567286
1567292
1567295
1567297
1569452
1569962
1850452
1854520
1854560
1854610
1854611
1854650
1780452
1784502
1784543
1784544
1784545
1784546
1784547
1784570
1784571
1784572
1788410
1788411
1788421
1788701
1789171
1789701
1330362
1330452
1330462
1330482
1331452
1331462
1331465
1331466
1332942
1332952
1333942
1333952
1334942
1334952
1335102
1335112
1335122
1335132
1335142
1335162
1335172
1335182
1335192
1335252
1335452
1335952
1335957
1335973
1335974
1335975
1338452
1338462
1339452
1339462
1300973
1300974
1300975
1301097
1301903
1301909
1301973
1301978
1302973
1302974
1302975
1303974
1304520
1304521
1304522
1304523
1304524
1304527
1305424
1305430
1305431
1306963
1306968
1306973
1306997
1306998
1306999
1307960
1307961
1307962
1307963
1307964
1307965
1307966
1307967
1307968
1307969
1308973
1308974
1308975
1860362
1860452
1860462
1864520
1864521
1864522
1864660
1864661
1864662
1864663
1868690
1868691
1868692
1868693
1868694
1868695
1868696
1868697
1868698
1868699
1550452
1554502
1554520
1554521
1554522
1554523
1554524
1554560
1554561
1554562
1554563
1554564
1554565
1554566
1554567
1554568
1554569
1554623
1554624
1554625
1554626
1554627
1554628
1554629
1556192
1558192
1559080
1390362
1390452
1390462
1390482
1394520
1394521
1394522
1394523
1394524
1394525
1394526
1394527
1394528
1394529
1394620
1394621
1394622
1394623
1394624
1394625
1394626
1394627
1394628
1394629
1671452
1672082
1672083
1672085
1672086
1672087
1672088
1672089
1672090
1672091
1672092
1672452
1673452
1674363
1674364
1674365
1674366
1674452
1674476
1674477
1675616
1675652
1504520
1504521
1504522
1504523
1504524
1504620
1504621
1504622
1504623
1504624
1504625
1504626
1504627
1504628
1504629
1508451
1508452
1508453
1508454
1508455
1508456
1508457
1508458
1508459
1830452
1832452
1834520
1834521
1834525
1834526
1834527
1834528
1834529
1622135
1622137
1590452
1590462
1594520
1594521
1594522
1594523
1594524
1594525
1594620
1594621
1594622
1594623
1594624
1594625
1594626
1594627
1594628
1594629
1594645
1594646
1594647
1594648
1594649
1594650
1594651
1594652
1770362
1770452
1771332
1774520
1774524
1774528
1775886
1779060
1779061
1779062
1779063
1450620
1450621
1450622
1450623
1450624
1452440
1452441
1452442
1452443
1452452
1454302
1454964
1454965
1454966
1350452
1350461
1350462
1350482
1351460
1351461
1351462
1351463
1351464
1351465
1351466
1351467
1351468
1351469
