1520434
1520440
1520441
1520442
1520443
1520444
1520445
1520446
1520447
1520448
1520449
1810434
1810444
1814311
1814364
1750434
1750444
1751930
1751931
1751932
1751933
1751934
1751935
1751936
1751937
1751938
1751939
1754340
1754341
1754342
1754343
1754344
1754345
1754346
1754347
1754348
1754349
1754440
1754441
1754442
1754443
1754444
1754445
1754446
1754447
1754448
1754449
1754990
1754991
1754992
1754993
1754994
1754995
1754996
1754997
1754998
1754999
1758128
1880434
1884340
1884341
1884342
1884343
1884344
1884345
1884346
1884347
1884348
1884349
1884440
1884441
1884442
1884443
1884444
1884445
1884446
1884447
1884448
1884449
1470434
1471730
1471731
1471732
1471733
1471734
1471735
1471736
1471737
1471738
1471739
1474314
1374340
1374341
1374342
1374343
1374344
1374345
1374346
1374347
1374348
1374349
1703751
1703752
1703753
1703754
1703755
1705743
1705744
1705864
1706841
1706842
1706843
1320434
1321434
1321444
1322434
1322440
1322441
1322444
1323434
1324405
1324406
1324407
1324408
1324409
1324424
1324434
1324444
1325184
1325870
1325871
1325872
1325873
1325878
1325879
1325880
1327434
1327800
1327801
1327802
1327803
1327804
1327805
1327806
1327807
1327808
1327809
1327812
1327813
1327814
1327840
1327841
1327842
1327843
1327844
1327850
1327851
1327852
1327853
1327854
1329434
1329889
1910434
1910444
1914455
1840434
1844340
1844341
1844342
1844343
1844344
1844345
1844346
1844347
1844348
1844349
1570434
1571434
1571444
1573440
1573441
1573442
1573443
1573444
1573445
1573446
1573447
1573448
1573449
1577440
1577441
1577442
1577443
1577444
1577445
1577446
1577447
1577448
1577449
1980432
1980434
1981579
1984302
1984304
1984325
1984326
1984327
1984328
1984329
1984343
1984344
1984345
1984350
1984351
1984352
1984353
1984354
1984355
1984364
1988826
1988827
1988974
1650198
1650295
1650424
1650434
1650461
1650690
1651041
1651043
1651045
1651293
1651434
1651982
1652003
1652164
1652434
1653434
1653443
1653444
1653445
1653607
1653608
1655443
1655445
1655683
1655710
1655952
1656054
1656434
1657348
1657434
1660432
1660434
1662434
1662444
1662445
1662446
1662447
1664304
1664340
1664343
1668824
1668834
1668844
1668846
1380434
1380447
1384340
1384341
1384342
1384343
1384344
1384345
1384346
1384347
1384348
1384349
1384440
1384441
1384442
1384443
1384444
1384445
1384446
1384447
1384448
1384449
1389440
1389441
1389442
1389443
1389444
1389445
1389446
1389447
1389448
1389449
1870434
1874340
1874341
1874342
1874343
1874344
1874345
1874346
1874347
1874348
1874349
1874440
1874441
1874442
1874443
1874444
1874445
1874446
1874447
1874448
1874449
1310434
1312583
1313434
1314434
1315434
1315962
1315978
1317902
1317903
1317918
1318063
1318097
1318098
1319434
1319627
1319628
1319629
1730434
1734382
1739097
1340434
1340460
1340461
1340462
1340463
1340464
1760434
1760444
1761434
1761444
1764340
1764341
1764342
1764343
1764344
1764345
1764346
1764347
1764348
1764349
1764964
1765406
1580434
1583440
1583441
1583442
1583443
1583444
1583445
1583446
1583447
1583448
1583449
1584340
1584341
1584342
1584343
1584344
1584345
1584346
1584347
1584348
1584349
1584440
1584441
1584442
1584443
1584444
1584445
1584446
1584447
1584448
1584449
1588600
1588601
1588602
1588603
1588604
1588605
1588606
1588607
1588608
1588609
1820434
1824340
1824341
1824342
1824343
1824344
1824345
1824346
1824347
1824348
1824349
1510434
1513440
1513441
1513442
1513443
1513444
1513445
1513446
1513447
1513448
1513449
1514340
1514341
1514342
1514343
1514344
1514345
1514346
1514347
1514348
1514349
1514440
1514441
1514442
1514443
1514444
1514445
1514446
1514447
1514448
1514449
1514460
1514461
1514462
1514463
1514464
1514465
1514466
1514467
1514468
1514469
1990434
1999717
1850434
1850444
1854340
1854341
1854342
1854343
1854344
1854345
1854346
1854347
1854348
1854349
1780407
1780408
1780409
1780434
1783300
1783301
1783302
1784346
1784347
1784348
1784349
1784894
1788714
1789614
1560434
1564340
1564341
1564342
1564343
1564344
1564345
1564346
1564347
1564348
1566267
1566269
1566594
1566597
1569434
1569952
1330434
1330435
1331434
1332143
1332155
1332434
1333155
1333173
1335158
1335316
1335434
1336434
1336455
1336458
1338434
1338444
1339434
1339444
1360434
1361434
1361444
1362077
1362434
1362444
1363070
1363074
1363090
1363091
1363092
1363093
1363094
1363095
1363096
1363097
1363098
1363099
1363434
1363444
1364434
1364444
1365434
1365444
1366434
1366448
1367434
1367440
1367444
1368971
1368972
1368973
1368974
1369400
1369401
1369402
1369434
1369439
1369440
1369444
1369449
1890434
1890444
1894340
1894384
1894385
1530434
1530449
1533064
1533065
1533066
1533067
1535463
1535464
1800434
1804340
1804341
1804343
1804345
1830434
1834340
1834341
1834342
1834343
1834344
1834345
1834346
1834347
1834348
1834349
1500434
1500440
1500441
1500442
1500443
1500444
1500445
1500446
1500447
1500448
1500449
1504340
1504341
1504342
1504343
1504344
1504345
1504346
1504347
1504348
1504349
1504440
1504441
1504442
1504443
1504444
1504445
1504446
1504447
1504448
1504449
1623230
1770434
1776680
1776785
1776796
1590434
1594340
1594341
1594342
1594343
1594344
1594345
1594346
1594347
1594348
1594349
1594440
1594441
1594442
1594443
1594444
1594445
1594446
1594447
1594448
1594449
1598150
1598151
1598152
1598153
1598154
1598155
1598156
1598157
1598158
1598159
1598165
1598166
1598167
1598168
1598169
1350084
1350096
1350434
1350435
1350444
1350473
1350474
1351434
1359660
1359661
1359662
1359663
1359664
1359665
1359666
1359667
1359668
1359669
1450510
1450511
1450512
1450513
1450514
1452170
1452171
1454144
1300902
1300903
1302902
1302903
1303902
1303903
1304030
1304038
1304434
1306902
1306903
1306922
1306928
1308922
1308923
1308928
1550010
1550011
1550012
1550013
1550014
1550015
1550016
1550017
1550018
1550019
1550041
1550434
1552658
1552659
1554344
1556720
1556721
1556722
1556723
1556724
1556725
1556850
1556851
1556852
1556853
1556854
1556855
1556856
1556857
1556858
1556859
1558470
1558471
1558472
1558473
1558474
1558475
1558476
1558477
1558478
1558479
1558543
1558545
1559018
1559019
1559020
1559021
1559022
1559023
1559024
1559025
1559026
1559027
1559028
1559029
1559040
1559041
1559042
1559043
1559044
1559045
1559046
1559047
1559069
1860434
1862875
1862876
1862877
1862878
1862981
1862982
1862983
1862984
1862985
1862986
1862987
1862988
1862989
1864300
1864301
1864340
1864341
1864342
1864343
1864344
1864345
1864346
1864347
1864348
1864349
1864480
1864481
1864482
1864483
1864484
1864485
1864490
1864491
1868424
1868426
1868427
1868428
1868429
1868434
1671434
1672242
1672243
1672244
1672434
1672508
1672509
1673434
1674222
1674434
1390434
1390435
1394331
1394346
1394347
1394348
1394349
1394440
1394441
1394442
1394443
1394444
1394445
1394446
1394447
1394448
1394449
