1310457
1311457
1312457
1313457
1313670
1315457
1319457
1319931
1319932
1730457
1734564
1660457
1664537
1664570
1380484
1384570
1384571
1384572
1384573
1384574
1384575
1384576
1384577
1384578
1384579
1384655
1384656
1384657
1384658
1384659
1870457
1871457
1872457
1760457
1761457
1580457
1880457
1881460
1884570
1750457
1470457
1478457
1479457
1374574
1520457
1524574
1524575
1524576
1524577
1524578
1524579
1810457
1814539
1818287
1840387
1840457
1570457
1571467
1577457
1650195
1650401
1650457
1650800
1651457
1651572
1652109
1652394
1652426
1652457
1653457
1653670
1653676
1653679
1653857
1655457
1656457
1656739
1656759
1656845
1656846
1656847
1656848
1656849
1657026
1657457
1980457
1981562
1984570
1984626
1988983
1321457
1323457
1325157
1328457
1910457
1770457
1771337
1774539
1590457
1594570
1350456
1355507
1355508
1355509
1355548
1452457
1453460
1453461
1453462
1453463
1504570
1509460
1509461
1509462
1623318
1623320
1554507
1860457
1864570
1864571
1864572
1864573
1864574
1671457
1672109
1672136
1672457
1673457
1674457
1674472
1674473
1674491
1674496
1390457
1394570
1303990
1303991
1303992
1303993
1304526
1308990
1308991
1308992
1309173
1309174
1309175
1330457
1331457
1332937
1333937
1334937
1335137
1335147
1335257
1335457
1335962
1335990
1338457
1990457
1994597
1780457
1784507
1784511
1784586
1788428
1850457
1854523
1854547
1560457
1563643
1564570
1569457
1530457
1800457
1804577
1360487
1361457
1362457
1890457
1894539
1894570
