1470940
1471700
1471701
1471900
1471901
1471902
1471903
1471904
1471905
1471906
1479370
1479371
1373930
1750930
1759300
1759301
1759302
1759303
1759304
1759305
1759306
1759307
1759308
1759309
1759340
1759341
1759342
1759343
1759344
1759345
1759360
1759361
1759362
1759363
1759364
1759365
1759366
1880930
1889330
1889390
1889410
1889427
1889439
1889440
1889441
1889452
1889453
1520930
1521400
1529300
1529301
1529302
1529303
1529388
1529389
1529390
1810930
1813970
1813971
1814150
1818930
1819300
1819301
1819302
1819303
1819304
1819305
1819306
1819307
1819308
1819309
1980930
1981591
1989070
1989071
1989300
1989301
1989302
1989303
1989304
1989305
1989306
1989307
1989308
1989309
1989610
1989611
1650930
1840930
1840940
1841800
1841801
1841904
1841905
1841927
1841928
1841931
1841932
1841940
1841950
1841960
1841977
1841980
1841990
1570177
1570930
1570946
1571960
1573096
1575192
1576940
1320930
1322047
1322049
1323930
1326454
1326914
1326924
1329930
1910930
1919300
1919301
1919302
1919303
1919305
1919306
1919307
1919308
1919309
1730930
1737060
1737061
1738960
1738961
1738962
1738963
1738964
1739300
1739303
1739304
1739425
1739426
1739427
1739607
1313930
1315004
1315009
1319585
1870930
1874090
1874091
1879300
1879301
1879302
1879303
1879304
1879305
1879306
1879307
1879308
1879309
1879450
1879451
1879452
1879453
1879454
1660930
1669300
1669301
1669309
1669360
1669361
1669362
1669363
1669364
1669365
1669366
1669367
1669368
1669369
1380093
1383010
1383011
1383012
1383013
1388400
1388401
1388402
1388403
1388404
1820930
1820940
1821500
1821501
1821502
1821503
1821504
1821505
1821506
1821507
1821508
1821509
1821960
1821970
1821980
1821990
1829300
1829301
1829302
1829303
1829400
1829401
1829850
1829851
1829852
1510930
1512046
1512047
1512048
1512049
1512050
1512051
1512052
1512053
1512054
1512055
1512056
1760930
1769300
1769330
1769331
1769332
1769333
1769334
1769371
1769372
1769373
1769374
1769376
1769377
1769378
1580930
1330930
1332134
1336930
1338930
1339930
1850930
1850940
1859060
1780930
1783430
1784880
1786611
1786614
1786618
1786619
1788080
1789930
1560930
1560940
1569300
1569301
1569304
1569308
1569309
1990930
1994426
1995845
1995846
1995847
1995848
1995849
1995863
1999300
1999301
1999302
1999303
1999304
1999305
1530930
1533600
1533604
1533930
1533970
1534364
1534670
1534680
1534690
1534804
1534930
1534940
1535225
1535226
1535242
1535243
1537440
1537802
1537803
1537930
1537990
1537991
1537992
1537993
1537994
1539060
1539061
1539300
1539301
1539302
1539303
1539304
1800930
1803467
1808930
1809300
1809301
1809302
1809303
1809304
1809305
1809306
1809307
1809308
1809309
1890930
1891930
1891940
1899300
1899301
1899302
1362930
1365930
1368930
1368931
1351900
1351930
1452840
1453851
1453852
1770449
1770930
1771878
1771879
1778930
1778931
1778932
1778950
1779300
1779301
1779302
1779303
1779304
1779305
1779306
1779307
1779308
1779309
1830930
1830940
1836897
1839300
1839301
1839302
1839303
1839304
1839305
1839306
1839307
1839308
1839340
1839370
1839390
1839404
1839405
1839406
1839407
1839410
1839420
1839491
1500930
1500940
1502580
1502581
1502582
1502590
1509544
1390093
1390930
1399300
1399301
1399302
1399303
1399304
1399305
1399306
1399307
1399308
1399309
1556961
1559300
1559301
1559302
1559303
1559304
1559305
1860930
1869300
1869301
1869302
1869303
1869304
1869437
1939548
1302877
1302878
1303413
1304291
1308591
1309929
