1830220
1830221
1830222
1830223
1830224
1830225
1830226
1830227
1830228
1830229
1832200
1832201
1832202
1832203
1832204
1832205
1832206
1832207
1832208
1832209
1832210
1832211
1832212
1832213
1832214
1832215
1832216
1832217
1832218
1832219
1832220
1832221
1832222
1832223
1832224
1832225
1832226
1832227
1832228
1832229
1832230
1832231
1832232
1832233
1832234
1832235
1832236
1832237
1832238
1832239
1832240
1832241
1832242
1832243
1832244
1832245
1832246
1832247
1832248
1832249
1832250
1832251
1832252
1832253
1832254
1832255
1832256
1832257
1832258
1832259
1832260
1832261
1832262
1832263
1832264
1832265
1832266
1832267
1832268
1832269
1832270
1832271
1832272
1832273
1832274
1832275
1832276
1832277
1832278
1832279
1500220
1500221
1500222
1500223
1500224
1500225
1500226
1500227
1500228
1500229
1502200
1502201
1502202
1502203
1502204
1502205
1502206
1502207
1502208
1502209
1502210
1502211
1502212
1502213
1502214
1502215
1502216
1502217
1502218
1502219
1502220
1502221
1502222
1502223
1502224
1502225
1502226
1502227
1502228
1502229
1502230
1502231
1502232
1502233
1502234
1502235
1502236
1502237
1502238
1502239
1502240
1502241
1502242
1502243
1502244
1502245
1502246
1502247
1502248
1502249
1502250
1502251
1502252
1502253
1502254
1502255
1502256
1502257
1502258
1502259
1502260
1502261
1502262
1502263
1502264
1502265
1502266
1502267
1502268
1502269
1502270
1502271
1502272
1502273
1502274
1502275
1502276
1502277
1502278
1502279
1621020
1621220
1621223
1621224
1621229
1622201
1622204
1622205
1622207
1623429
1770006
1770220
1770221
1770222
1770223
1770224
1770225
1770226
1770227
1770228
1770229
1772000
1772001
1772002
1772003
1772004
1772005
1772006
1772007
1772008
1772009
1772010
1772011
1772012
1772013
1772014
1772015
1772016
1772017
1772018
1772019
1772530
1772531
1772532
1772533
1772534
1772535
1772536
1772537
1772538
1772539
1772540
1772541
1772542
1772543
1772544
1772545
1772546
1772547
1772548
1772549
1772600
1772601
1772602
1772603
1772604
1772605
1772606
1772607
1772608
1772609
1774220
1774221
1774222
1774223
1774224
1774225
1774226
1774227
1774228
1774229
1590020
1590021
1590022
1590023
1590024
1590025
1590026
1590027
1590028
1590029
1590030
1590031
1590032
1590033
1590034
1590035
1590036
1590037
1590038
1590039
1590220
1590221
1590222
1590223
1590224
1590225
1590226
1590227
1590228
1590229
1592200
1592201
1592202
1592203
1592204
1592205
1592206
1592207
1592208
1592209
1592210
1592211
1592212
1592213
1592214
1592215
1592216
1592217
1592218
1592219
1592220
1592221
1592222
1592223
1592224
1592225
1592226
1592227
1592228
1592229
1350200
1350201
1350202
1350203
1350204
1350205
1350206
1350207
1350208
1350209
1350210
1350211
1350212
1350213
1350214
1350215
1350216
1350217
1350218
1350219
1351200
1351201
1351202
1351203
1351204
1351205
1351206
1351207
1351208
1351209
1351220
1351221
1351222
1351223
1351224
1351225
1351226
1351227
1351228
1351229
1351240
1351241
1351242
1351243
1351244
1351245
1351246
1351247
1351248
1351249
1351280
1351281
1351282
1351283
1351284
1351285
1351286
1351287
1351288
1351289
1351290
1351291
1351292
1351293
1351294
1351295
1351296
1351297
1351298
1351299
1351610
1351611
1351612
1351613
1351614
1351615
1351616
1351617
1351618
1351619
1351620
1351621
1351622
1351623
1351624
1351625
1351626
1351627
1351628
1351629
1450100
1450101
1450102
1450103
1450104
1450105
1450106
1450107
1450108
1450109
1450110
1450111
1450112
1450113
1450114
1450115
1450116
1450117
1450118
1450119
1450120
1450121
1450122
1450123
1450124
1450125
1450126
1450127
1450128
1450129
1450130
1450131
1450132
1450133
1450134
1450135
1450136
1450137
1450138
1450139
1450140
1450141
1450142
1450143
1450144
1450145
1450146
1450147
1450148
1450149
1450150
1450151
1450152
1450153
1450154
1450155
1450156
1450157
1450158
1450159
1452040
1452041
1452042
1452043
1452044
1452045
1452046
1452047
1452048
1452049
1452050
1452051
1452052
1452053
1452054
1452055
1452056
1452057
1452058
1452059
1453030
1453031
1453032
1453033
1453034
1453035
1453036
1453037
1453038
1453039
1453040
1453041
1453042
1453043
1453044
1453045
1453046
1453047
1453048
1453049
1453050
1453051
1453052
1453053
1453054
1453055
1453056
1453057
1453058
1453059
1453130
1453131
1453132
1453133
1453134
1453135
1453136
1453137
1453138
1453139
1453140
1453141
1453142
1453143
1453144
1453145
1453146
1453147
1453148
1453149
1453150
1453151
1453152
1453153
1453154
1453155
1453156
1453157
1453158
1453159
1454040
1454041
1454042
1454043
1454044
1454045
1454046
1454047
1454048
1454049
1454050
1454051
1454052
1454053
1454054
1454055
1454056
1454057
1454058
1454059
1457700
1457701
1457702
1457703
1457704
1457705
1457706
1457707
1457708
1457709
1720122
1720123
1727776
1300012
1300013
1300014
1300018
1300019
1300130
1300131
1300132
1300133
1300134
1300135
1300136
1300137
1300138
1300139
1300220
1300221
1300222
1300223
1300224
1300225
1300226
1300227
1300228
1300229
1301013
1301130
1301131
1301132
1301133
1301134
1301135
1301136
1301137
1301138
1301139
1301220
1301221
1301222
1301223
1301224
1301225
1301226
1301227
1301228
1301229
1302130
1302131
1302132
1302133
1302134
1302135
1302136
1302137
1302138
1302139
1302220
1302221
1302222
1302223
1302224
1302225
1302226
1302227
1302228
1302229
1303220
1303221
1303222
1303223
1303224
1303225
1303226
1303227
1303228
1303229
1303430
1303431
1303432
1303433
1303434
1303435
1303436
1303437
1303438
1303439
1304220
1304221
1304222
1304223
1304224
1304225
1304226
1304227
1304228
1304229
1304320
1304321
1304322
1304323
1304324
1304325
1304326
1304327
1304328
1304329
1307200
1307201
1307202
1307203
1307204
1307205
1307206
1307207
1307208
1307209
1307220
1307221
1307222
1307223
1307224
1307225
1307226
1307227
1307228
1307229
1550220
1550221
1550222
1550223
1550224
1550225
1550226
1550227
1550228
1550229
1551080
1551081
1551082
1551083
1551084
1551085
1551086
1551087
1551088
1551089
1551090
1551091
1551092
1551093
1551094
1551095
1551096
1551097
1551098
1551099
1552200
1552201
1552202
1552203
1552204
1552205
1552206
1552207
1552208
1552209
1552210
1552211
1552212
1552213
1552214
1552215
1552216
1552217
1552218
1552219
1552220
1552221
1552222
1552223
1552224
1552225
1552226
1552227
1552228
1552229
1552230
1552231
1552232
1552233
1552234
1552235
1552236
1552237
1552238
1552239
1552240
1552241
1552242
1552243
1552244
1552245
1552246
1552247
1552248
1552249
1552250
1552251
1552252
1552253
1552254
1552255
1552256
1552257
1552258
1552259
1552260
1552261
1552262
1552263
1552264
1552265
1552266
1552267
1552268
1552269
1552270
1552271
1552272
1552273
1552274
1552275
1552276
1552277
1552278
1552279
1552280
1552281
1552282
1552283
1552284
1552285
1552286
1552287
1552288
1552289
1552290
1552291
1552292
1552293
1552294
1552295
1552296
1552297
1552298
1552299
1860220
1860221
1860222
1860223
1860224
1860225
1860226
1860227
1860228
1860229
1860260
1860261
1860262
1860263
1860264
1860265
1860266
1860267
1860268
1860269
1862200
1862201
1862202
1862203
1862204
1862205
1862206
1862207
1862208
1862209
1862210
1862211
1862212
1862213
1862214
1862215
1862216
1862217
1862218
1862219
1862220
1862221
1862222
1862223
1862224
1862225
1862226
1862227
1862228
1862229
1862230
1862231
1862232
1862233
1862234
1862235
1862236
1862237
1862238
1862239
1862240
1862241
1862242
1862243
1862244
1862245
1862246
1862247
1862248
1862249
1862250
1862251
1862252
1862253
1862254
1862255
1862256
1862257
1862258
1862259
1862260
1862261
1862262
1862263
1862264
1862265
1862266
1862267
1862268
1862269
1862270
1862271
1862272
1862273
1862274
1862275
1862276
1862277
1862278
1862279
1862280
1862281
1862282
1862283
1862284
1862285
1862286
1862287
1862288
1862289
1862290
1862291
1862292
1862293
1862294
1862295
1862296
1862297
1862298
1862299
1863080
1863081
1863082
1863083
1863084
1863085
1863086
1863087
1863088
1863089
1863090
1863091
1863092
1863093
1863094
1863095
1863096
1863097
1863098
1863099
1864410
1864411
1864412
1864413
1864414
1864415
1864416
1864417
1864418
1864419
1864900
1864901
1864902
1864903
1864904
1864905
1864906
1864907
1864908
1864909
1864910
1864911
1864912
1864913
1864914
1864915
1864916
1864917
1864918
1864919
1864920
1864921
1864922
1864923
1864924
1864925
1864926
1864927
1864928
1864929
1869800
1869801
1869802
1869803
1869804
1869805
1869806
1869807
1869808
1869809
1869810
1869811
1869812
1869813
1869814
1869815
1869816
1869817
1869818
1869819
1671229
1672745
1390021
1390200
1390201
1390202
1390203
1390204
1390205
1390206
1390207
1390208
1390209
1390210
1390211
1390212
1390213
1390214
1390215
1390216
1390217
1390218
1390219
1392000
1392001
1392002
1392003
1392004
1392005
1392006
1392007
1392008
1392009
1392010
1392011
1392012
1392013
1392014
1392015
1392016
1392017
1392018
1392019
1392020
1392021
1392022
1392023
1392024
1392025
1392026
1392027
1392028
1392029
1392030
1392031
1392032
1392033
1392034
1392035
1392036
1392037
1392038
1392039
1392040
1392041
1392042
1392043
1392044
1392045
1392046
1392047
1392048
1392049
1392050
1392051
1392052
1392053
1392054
1392055
1392056
1392057
1392058
1392059
1392060
1392061
1392062
1392063
1392064
1392065
1392066
1392067
1392068
1392069
1392070
1392071
1392072
1392073
1392074
1392075
1392076
1392077
1392078
1392079
1392080
1392081
1392082
1392083
1392084
1392085
1392086
1392087
1392088
1392089
1392090
1392091
1392092
1392093
1392094
1392095
1392096
1392097
1392098
1392099
1990200
1990201
1990202
1990203
1990204
1990205
1990206
1990207
1990208
1990209
1990210
1990211
1990212
1990213
1990214
1990215
1990216
1990217
1990218
1990219
1992240
1992241
1992242
1992243
1992244
1992245
1992246
1992247
1992248
1992249
1992250
1992251
1992252
1992253
1992254
1992255
1992256
1992257
1992258
1992259
1992260
1992261
1992262
1992263
1992264
1992265
1992266
1850220
1850221
1850222
1850223
1850224
1850225
1850226
1850227
1850228
1850229
1850260
1850261
1850262
1850263
1850264
1850265
1850266
1850267
1850268
1850269
1851220
1851221
1851222
1851223
1851224
1851225
1851226
1851227
1851228
1851229
1852200
1852201
1852202
1852203
1852204
1852205
1852206
1852207
1852208
1852209
1852210
1852211
1852212
1852213
1852214
1852215
1852216
1852217
1852218
1852219
1852220
1852221
1852222
1852223
1852224
1852225
1852226
1852227
1852228
1852229
1852230
1852231
1852232
1852233
1852234
1852235
1852236
1852237
1852238
1852239
1852240
1852241
1852242
1852243
1852244
1852245
1852246
1852247
1852248
1852249
1852250
1852251
1852252
1852253
1852254
1852255
1852256
1852257
1852258
1852259
1852260
1852261
1852262
1852263
1852264
1852265
1852266
1852267
1852268
1852269
1852270
1852271
1852272
1852273
1852274
1852275
1852276
1852277
1852278
1852279
1852280
1852281
1852282
1852283
1852284
1852285
1852286
1852287
1852288
1852289
1852290
1852291
1852292
1852293
1852294
1852295
1852296
1852297
1852298
1852299
1852600
1852601
1852602
1852603
1852604
1852605
1852606
1852607
1852608
1852609
1852610
1852611
1852612
1852613
1852614
1852615
1852616
1852617
1852618
1852619
1852620
1852621
1852622
1852623
1852624
1852625
1852626
1852627
1852628
1852629
1852630
1852631
1852632
1852633
1852634
1852635
1852636
1852637
1852638
1852639
1852640
1852641
1852642
1852643
1852644
1852645
1852646
1852647
1852648
1852649
1852650
1852651
1852652
1852653
1852654
1852655
1852656
1852657
1852658
1852659
1852660
1852661
1852662
1852663
1852664
1852665
1852666
1852667
1852668
1852669
1852670
1852671
1852672
1852673
1852674
1852675
1852676
1852677
1852678
1852679
1852680
1852681
1852682
1852683
1852684
1852685
1852686
1852687
1852688
1852689
1852690
1852691
1852692
1852693
1852694
1852695
1852696
1852697
1852698
1852699
1780220
1780221
1780222
1780223
1780224
1780225
1780226
1780227
1780228
1780229
1782200
1782201
1782202
1782203
1782204
1782205
1782206
1782207
1782208
1782209
1782210
1782211
1782212
1782213
1782214
1782215
1782216
1782217
1782218
1782219
1782220
1782221
1782222
1782223
1782224
1782225
1782226
1782227
1782228
1782229
1782230
1782231
1782232
1782233
1782234
1782235
1782236
1782237
1782238
1782239
1782240
1782241
1782242
1782243
1782244
1782245
1782246
1782247
1782248
1782249
1782250
1782251
1782252
1782253
1782254
1782255
1782256
1782257
1782258
1782259
1782260
1782261
1782262
1782263
1782264
1782265
1782266
1782267
1782268
1782269
1784800
1784801
1784802
1784803
1784804
1784805
1784806
1784807
1784808
1784809
1786740
1786741
1786742
1786743
1786744
1786745
1786746
1786747
1786748
1786749
1789800
1789801
1789802
1789803
1789804
1789805
1789806
1789807
1789808
1789809
1560200
1560201
1560202
1560203
1560204
1560205
1560206
1560207
1560208
1560209
1560210
1560211
1560212
1560213
1560214
1560215
1560216
1560217
1560218
1560219
1562000
1562001
1562002
1562003
1562004
1562005
1562006
1562007
1562008
1562009
1562010
1562011
1562012
1562013
1562014
1562015
1562016
1562017
1562018
1562019
1562020
1562021
1562022
1562023
1562024
1562025
1562026
1562027
1562028
1562029
1562030
1562031
1562032
1562033
1562034
1562035
1562036
1562037
1562038
1562039
1562040
1562041
1562042
1562043
1562044
1562045
1562046
1562047
1562048
1562049
1562050
1562051
1562052
1562053
1562054
1562055
1562056
1562057
1562058
1562059
1562060
1562061
1562062
1562063
1562064
1562065
1562066
1562067
1562068
1562069
1562070
1562071
1562072
1562073
1562074
1562075
1562076
1562077
1562078
1562079
1562080
1562081
1562082
1562083
1562084
1562085
1562086
1562087
1562088
1562089
1562090
1562091
1562092
1562093
1562094
1562095
1562096
1562097
1562098
1562099
1562480
1562481
1562482
1562483
1562484
1562485
1562486
1562487
1562488
1562489
1567200
1567201
1567202
1567203
1567205
1567206
1567207
1567208
1567209
1567210
1567211
1567212
1567213
1567214
1567215
1567216
1567217
1567218
1567219
1567220
1567221
1567222
1567223
1567224
1567225
1567226
1567227
1567228
1567229
1567230
1567231
1567232
1567233
1567234
1567235
1567236
1567237
1567238
1567239
1569220
1569221
1569222
1569223
1569224
1569225
1569226
1569227
1569228
1569229
1330033
1330034
1330200
1330201
1330202
1330203
1330204
1330205
1330206
1330207
1330208
1330209
1330210
1330211
1330212
1330213
1330214
1330215
1330216
1330217
1330218
1330219
1331200
1331201
1331202
1331203
1331204
1331205
1331206
1331207
1331208
1331209
1331210
1331211
1331212
1331213
1331214
1331215
1331216
1331217
1331218
1331219
1332330
1332331
1332332
1332333
1332334
1332335
1332336
1332337
1332338
1332339
1332340
1332341
1332342
1332343
1332344
1332345
1332346
1332347
1332348
1332349
1333200
1333201
1333202
1333203
1333204
1333205
1333206
1333207
1333208
1333209
1334200
1334201
1334202
1334203
1334204
1334205
1334206
1334207
1334208
1334209
1334433
1334434
1335200
1335201
1335202
1335203
1335204
1335205
1335206
1335207
1335208
1335209
1337030
1337031
1337032
1337033
1337034
1337035
1337036
1337037
1337038
1337039
1337040
1337041
1337042
1337043
1337044
1337045
1337046
1337047
1337048
1337049
1338800
1338801
1338802
1338803
1338804
1338805
1338806
1338807
1338808
1338809
1338900
1338901
1338902
1338903
1338904
1338905
1338906
1338907
1338908
1338909
1338990
1338991
1338992
1338993
1338994
1338995
1338996
1338997
1338998
1338999
1711026
1711222
1711227
1712980
1712981
1712982
1712983
1712984
1712985
1712986
1712987
1712988
1712989
1712990
1712991
1712992
1712993
1712994
1712995
1712996
1712997
1712998
1712999
1715200
1715201
1715202
1715203
1715204
1715205
1715206
1715207
1715208
1715209
1715220
1715221
1715222
1715223
1715224
1715225
1715226
1715227
1715228
1715229
1716200
1716201
1716202
1716203
1716204
1716205
1716206
1716207
1716208
1716209
1716220
1716221
1716222
1716223
1716224
1716225
1716226
1716227
1716228
1716229
1717200
1717201
1717202
1717203
1717204
1717205
1717206
1717207
1717208
1717209
1717220
1717221
1717222
1717223
1717224
1717225
1717226
1717227
1717228
1717229
1718140
1718141
1718142
1718143
1718144
1718145
1718146
1718147
1718148
1718149
1718200
1718201
1718202
1718203
1718204
1718205
1718206
1718207
1718208
1718209
1718220
1718221
1718222
1718223
1718224
1718225
1718226
1718227
1718228
1718229
1718720
1718721
1718722
1718723
1718724
1718725
1718726
1718727
1718728
1718729
1719050
1719051
1719052
1719053
1719054
1719055
1719056
1719057
1719058
1719059
1719060
1719061
1719062
1719063
1719064
1719065
1719066
1719067
1719068
1719069
1719200
1719201
1719202
1719203
1719204
1719205
1719206
1719207
1719208
1719209
1719220
1719221
1719222
1719223
1719224
1719225
1719226
1719227
1719228
1719229
1950040
1950041
1950042
1950043
1950044
1950045
1950046
1950047
1950048
1950049
1952338
1952339
1952341
1952345
1953804
1360200
1360201
1360202
1360203
1360204
1360205
1360206
1360207
1360208
1360209
1360210
1360211
1360212
1360213
1360214
1360215
1360216
1360217
1360218
1360219
1361200
1361201
1361202
1361203
1361204
1361205
1361206
1361207
1361208
1361209
1361210
1361211
1361212
1361213
1361214
1361215
1361216
1361217
1361218
1361219
1362200
1362201
1362202
1362203
1362204
1362205
1362206
1362207
1362208
1362209
1362210
1362211
1362212
1362213
1362214
1362215
1362216
1362217
1362218
1362219
1364200
1364201
1364202
1364203
1364204
1364205
1364206
1364207
1364208
1364209
1364210
1364211
1364212
1364213
1364214
1364215
1364216
1364217
1364218
1364219
1365200
1365201
1365202
1365203
1365204
1365205
1365206
1365207
1365208
1365209
1365210
1365211
1365212
1365213
1365214
1365215
1365216
1365217
1365218
1365219
1366200
1366201
1366202
1366203
1366204
1366205
1366206
1366207
1366208
1366209
1366210
1366211
1366212
1366213
1366214
1366215
1366216
1366217
1366218
1366219
1367200
1367201
1367202
1367203
1367204
1367205
1367206
1367207
1367208
1367209
1367210
1367211
1367212
1367213
1367214
1367215
1367216
1367217
1367218
1367219
1368200
1368201
1368202
1368203
1368204
1368205
1368206
1368207
1368208
1368209
1368210
1368211
1368212
1368213
1368214
1368215
1368216
1368217
1368218
1368219
1890200
1890201
1890202
1890203
1890204
1890205
1890206
1890207
1890208
1890209
1890210
1890211
1890212
1890213
1890214
1890215
1890216
1890217
1890218
1890219
1892000
1892001
1892002
1892003
1892004
1892005
1892006
1892007
1892008
1892009
1892010
1892011
1892012
1892013
1892014
1892015
1892016
1892017
1892018
1892019
1892020
1892021
1892022
1892023
1892024
1892025
1892026
1892027
1892028
1892029
1892030
1892031
1892032
1892033
1892034
1892035
1892036
1892037
1892038
1892039
1892040
1892041
1892042
1892043
1892044
1892045
1892046
1892047
1892048
1892049
1892050
1892051
1892052
1892053
1892054
1892055
1892056
1892057
1892058
1892059
1892060
1892061
1892062
1892063
1892064
1892065
1892066
1892067
1892068
1892069
1892070
1892071
1892072
1892073
1892074
1892075
1892076
1892077
1892078
1892079
1892080
1892081
1892082
1892083
1892084
1892085
1892086
1892087
1892088
1892089
1892090
1892091
1892092
1892093
1892094
1892095
1892096
1892097
1892098
1892099
1530200
1530201
1530202
1530203
1530204
1530205
1530206
1530207
1530208
1530209
1530210
1530211
1530212
1530213
1530214
1530215
1530216
1530217
1530218
1530219
1532000
1532001
1532002
1532003
1532004
1532005
1532006
1532007
1532008
1532009
1532010
1532011
1532012
1532013
1532014
1532015
1532016
1532017
1532018
1532019
1533100
1533200
1533201
1533202
1533203
1533204
1533205
1533206
1533207
1533208
1533209
1533210
1533211
1533212
1533213
1533214
1533215
1533216
1533217
1533218
1533219
1534200
1534201
1534202
1534203
1534204
1534205
1534206
1534207
1534208
1534209
1534210
1534211
1534212
1534213
1534214
1534215
1534216
1534217
1534218
1534219
1800200
1800201
1800202
1800203
1800204
1800205
1800206
1800207
1800208
1800209
1800210
1800211
1800212
1800213
1800214
1800215
1800216
1800217
1800218
1800219
1802000
1802001
1802002
1802003
1802004
1802005
1802006
1802007
1802008
1802009
1660020
1660021
1660022
1660023
1660024
1660025
1660026
1660027
1660028
1660029
1660030
1660031
1660032
1660033
1660034
1660035
1660036
1660037
1660038
1660039
1660040
1660041
1660042
1660043
1660044
1660045
1660046
1660047
1660048
1660049
1660050
1660051
1660052
1660053
1660054
1660055
1660056
1660057
1660058
1660059
1660060
1660061
1660062
1660063
1660064
1660065
1660066
1660067
1660068
1660069
1660220
1660221
1660222
1660223
1660224
1660225
1660226
1660227
1660228
1660229
1660260
1660261
1660262
1660263
1660264
1660265
1660266
1660267
1660268
1660269
1661165
1661166
1661180
1661181
1661182
1661183
1661184
1661185
1661186
1661187
1661188
1661189
1661604
1662200
1662201
1662202
1662203
1662204
1662205
1662206
1662207
1662208
1662209
1662210
1662211
1662212
1662213
1662214
1662215
1662216
1662217
1662218
1662219
1662220
1662221
1662222
1662223
1662224
1662225
1662226
1662227
1662228
1662229
1662230
1662231
1662232
1662233
1662234
1662235
1662236
1662237
1662238
1662239
1662240
1662241
1662242
1662243
1662244
1662245
1662246
1662247
1662248
1662249
1662250
1662251
1662252
1662253
1662254
1662255
1662256
1662257
1662258
1662259
1662260
1662261
1662262
1662263
1662264
1662265
1662266
1662267
1662268
1662269
1662270
1662271
1662272
1662273
1662274
1662275
1662276
1662277
1662278
1662279
1662280
1662281
1662282
1662283
1662284
1662285
1662286
1662287
1662288
1662289
1662290
1662291
1662292
1662293
1662294
1662295
1662296
1662297
1662298
1662299
1662900
1662901
1662902
1662903
1662904
1662905
1662906
1662907
1662908
1662909
1662910
1662911
1662912
1662913
1662914
1662915
1662916
1662917
1662918
1662919
1662920
1662921
1662922
1662923
1662924
1662925
1662926
1662927
1662928
1662929
1662930
1662936
1662938
1380022
1380200
1380201
1380202
1380203
1380204
1380205
1380206
1380207
1380208
1380209
1380210
1380211
1380212
1380213
1380214
1380215
1380216
1380217
1380218
1380219
1380300
1380301
1380302
1380303
1380304
1380305
1380306
1380307
1380308
1380309
1382000
1382001
1382002
1382003
1382004
1382005
1382006
1382007
1382008
1382009
1382010
1382011
1382012
1382013
1382014
1382015
1382016
1382017
1382018
1382019
1382020
1382021
1382022
1382023
1382024
1382025
1382026
1382027
1382028
1382029
1382030
1382031
1382032
1382033
1382034
1382035
1382036
1382037
1382038
1382039
1382040
1382041
1382042
1382043
1382044
1382045
1382046
1382047
1382048
1382049
1382050
1382051
1382052
1382053
1382054
1382055
1382056
1382057
1382058
1382059
1382060
1382061
1382062
1382063
1382064
1382065
1382066
1382067
1382068
1382069
1382070
1382071
1382072
1382073
1382074
1382075
1382076
1382077
1382078
1382079
1382080
1382081
1382082
1382083
1382084
1382085
1382086
1382087
1382088
1382089
1382090
1382091
1382092
1382093
1382094
1382095
1382096
1382097
1382098
1382099
1382100
1382101
1382102
1382103
1382104
1382105
1382106
1382107
1382108
1382109
1382110
1382111
1382112
1382113
1382114
1382115
1382116
1382117
1382118
1382119
1382120
1382121
1382122
1382123
1382124
1382125
1382126
1382127
1382128
1382129
1382130
1382131
1382132
1382133
1382134
1382135
1382136
1382137
1382138
1382139
1382140
1382141
1382142
1382143
1382144
1382145
1382146
1382147
1382148
1382149
1382150
1382151
1382152
1382153
1382154
1382155
1382156
1382157
1382158
1382159
1382160
1382161
1382162
1382163
1382164
1382165
1382166
1382167
1382168
1382169
1382170
1382171
1382172
1382173
1382174
1382175
1382176
1382177
1382178
1382179
1382180
1382181
1382182
1382183
1382184
1382185
1382186
1382187
1382188
1382189
1382190
1382191
1382192
1382193
1382194
1382195
1382196
1382197
1382198
1382199
1870220
1870221
1870222
1870223
1870224
1870225
1870226
1870227
1870228
1870229
1872200
1872201
1872202
1872203
1872204
1872205
1872206
1872207
1872208
1872209
1872210
1872211
1872212
1872213
1872214
1872215
1872216
1872217
1872218
1872219
1872220
1872221
1872222
1872223
1872224
1872225
1872226
1872227
1872228
1872229
1872230
1872231
1872232
1872233
1872234
1872235
1872236
1872237
1872238
1872239
1872240
1872241
1872242
1872243
1872244
1872245
1872246
1872247
1872248
1872249
1872250
1872251
1872252
1872253
1872254
1872255
1872256
1872257
1872258
1872259
1872260
1872261
1872262
1872263
1872264
1872265
1872266
1872267
1872268
1872269
1310200
1310201
1310202
1310203
1310204
1310205
1310206
1310207
1310208
1310209
1310210
1310211
1310212
1310213
1310214
1310215
1310216
1310217
1310218
1310219
1310220
1310221
1310222
1310223
1310224
1310225
1310226
1310227
1310228
1310229
1311000
1311001
1311002
1311003
1311004
1311005
1311006
1311007
1311008
1311009
1311480
1311481
1311482
1311483
1311484
1311485
1311486
1311487
1311488
1311489
1311490
1311491
1311492
1311493
1311494
1311495
1311496
1311497
1311498
1311499
1311600
1311601
1311602
1311603
1311604
1311605
1311606
1311607
1311608
1311609
1311610
1311611
1311612
1311613
1311614
1311615
1311616
1311617
1311618
1311619
1313200
1313201
1313202
1313203
1313204
1313205
1313206
1313207
1313208
1313209
1313210
1313211
1313212
1313213
1313214
1313215
1313216
1313217
1313218
1313219
1313220
1313221
1313222
1313223
1313224
1313225
1313226
1313227
1313228
1313229
1313250
1313251
1313252
1313253
1313254
1313255
1313256
1313257
1313258
1313259
1316300
1316301
1316302
1316303
1316304
1316305
1316306
1316307
1316308
1316309
1316310
1316311
1316312
1316313
1316314
1316315
1316316
1316317
1316318
1316319
1316400
1316401
1316402
1316403
1316404
1316405
1316406
1316407
1316408
1316409
1317480
1317481
1317482
1317483
1317484
1317485
1317486
1317487
1317488
1317489
1319460
1319461
1319462
1319463
1319464
1319465
1319466
1319467
1319468
1319469
1730220
1730221
1730222
1730223
1730224
1730225
1730226
1730227
1730228
1730229
1732000
1732001
1732002
1732003
1732004
1732005
1732006
1732007
1732008
1732009
1732020
1732021
1732022
1732023
1732024
1732025
1732026
1732027
1732028
1732029
1760220
1760221
1760222
1760223
1760224
1760225
1760226
1760227
1760228
1760229
1760260
1760261
1760262
1760263
1760264
1760265
1760266
1760267
1760268
1760269
1761220
1761221
1761222
1761223
1761224
1761225
1761226
1761227
1761228
1761229
1762200
1762201
1762202
1762203
1762204
1762205
1762206
1762207
1762208
1762209
1762210
1762211
1762212
1762213
1762214
1762215
1762216
1762217
1762218
1762219
1762220
1762221
1762222
1762223
1762224
1762225
1762226
1762227
1762228
1762229
1762230
1762231
1762232
1762233
1762234
1762235
1762236
1762237
1762238
1762239
1762240
1762241
1762242
1762243
1762244
1762245
1762246
1762247
1762248
1762249
1762250
1762251
1762252
1762253
1762254
1762255
1762256
1762257
1762258
1762259
1762260
1762261
1762262
1762263
1762264
1762265
1762266
1762267
1762268
1762269
1762270
1762271
1762272
1762273
1762274
1762275
1762276
1762277
1762278
1762279
1762280
1762281
1762282
1762283
1762284
1762285
1762286
1762287
1762288
1762289
1762290
1762291
1762292
1762293
1762294
1762295
1762296
1762297
1762298
1762299
1762760
1762761
1762762
1762763
1762764
1762765
1762766
1762767
1762768
1762769
1762770
1762771
1762772
1762773
1762774
1762775
1762776
1762777
1762778
1762779
1762780
1762781
1762782
1762783
1762784
1762785
1762786
1762787
1762788
1762789
1769480
1769481
1769482
1769483
1769484
1769485
1769486
1769487
1769488
1769489
1769490
1769491
1769492
1769493
1769494
1769495
1769496
1769497
1769498
1769499
1769540
1769541
1769542
1769543
1769544
1769545
1769546
1769547
1769548
1769549
1769550
1769551
1769552
1769553
1769554
1769555
1769556
1769557
1769558
1769559
1769560
1769561
1769562
1769563
1769564
1769565
1769566
1769567
1769568
1769569
1769570
1769571
1769572
1769573
1769574
1769575
1769576
1769577
1769578
1769579
1769580
1769581
1769582
1769583
1769584
1769585
1769586
1769587
1769588
1769589
1769590
1769591
1769592
1769593
1769594
1769595
1769596
1769597
1769598
1769599
1580220
1580221
1580222
1580223
1580224
1580225
1580226
1580227
1580228
1580229
1582200
1582201
1582202
1582203
1582204
1582205
1582206
1582207
1582208
1582209
1582210
1582211
1582212
1582213
1582214
1582215
1582216
1582217
1582218
1582219
1582220
1582221
1582222
1582223
1582224
1582225
1582226
1582227
1582228
1582229
1582230
1582231
1582232
1582233
1582234
1582235
1582236
1582237
1582238
1582239
1582240
1582241
1582242
1582243
1582244
1582245
1582246
1582247
1582248
1582249
1582250
1582251
1582252
1582253
1582254
1582255
1582256
1582257
1582258
1582259
1582260
1582261
1582262
1582263
1582264
1582265
1582266
1582267
1582268
1582269
1582270
1582271
1582272
1582273
1582274
1582275
1582276
1582277
1582278
1582279
1582280
1582281
1582282
1582283
1582284
1582285
1582286
1582287
1582288
1582289
1582290
1582291
1582292
1582293
1582294
1582295
1582296
1582297
1582298
1582299
1820220
1820221
1820222
1820223
1820224
1820225
1820226
1820227
1820228
1820229
1820250
1820251
1820252
1820253
1820254
1820255
1820256
1820257
1820258
1820259
1820260
1820261
1820262
1820263
1820264
1820265
1820266
1820267
1820268
1820269
1822200
1822201
1822202
1822203
1822204
1822205
1822206
1822207
1822208
1822209
1822210
1822211
1822212
1822213
1822214
1822215
1822216
1822217
1822218
1822219
1822220
1822221
1822222
1822223
1822224
1822225
1822226
1822227
1822228
1822229
1822230
1822231
1822232
1822233
1822234
1822235
1822236
1822237
1822238
1822239
1822240
1822241
1822242
1822243
1822244
1822245
1822246
1822247
1822248
1822249
1822250
1822251
1822252
1822253
1822254
1822255
1822256
1822257
1822258
1822259
1822260
1822261
1822262
1822263
1822264
1822265
1822266
1822267
1822268
1822269
1822270
1822271
1822272
1822273
1822274
1822275
1822276
1822277
1822278
1822279
1822280
1822281
1822282
1822283
1822284
1822285
1822286
1822287
1822288
1822289
1822290
1822291
1822292
1822293
1822294
1822295
1822296
1822297
1822298
1822299
1510220
1510221
1510222
1510223
1510224
1510225
1510226
1510227
1510228
1510229
1512200
1512201
1512202
1512203
1512204
1512205
1512206
1512207
1512208
1512209
1512210
1512211
1512212
1512213
1512214
1512215
1512216
1512217
1512218
1512219
1512220
1512221
1512222
1512223
1512224
1512225
1512226
1512227
1512228
1512229
1512230
1512231
1512232
1512233
1512234
1512235
1512236
1512237
1512238
1512239
1512240
1512241
1512242
1512243
1512244
1512245
1512246
1512247
1512248
1512249
1512250
1512251
1512252
1512253
1512254
1512255
1512256
1512257
1512258
1512259
1512260
1512261
1512262
1512263
1512264
1512265
1512266
1512267
1512268
1512269
1512270
1512271
1512272
1512273
1512274
1512275
1512276
1512277
1512278
1512279
1512280
1512281
1512282
1512283
1512284
1512285
1512286
1512287
1512288
1512289
1512290
1512291
1512292
1512293
1512294
1512295
1512296
1512297
1512298
1512299
1520220
1520221
1520222
1520223
1520224
1520225
1520226
1520227
1520228
1520229
1522200
1522201
1522202
1522203
1522204
1522205
1522206
1522207
1522208
1522209
1522210
1522211
1522212
1522213
1522214
1522215
1522216
1522217
1522218
1522219
1522220
1522221
1522222
1522223
1522224
1522225
1522226
1522227
1522228
1522229
1522230
1522231
1522232
1522233
1522234
1522235
1522236
1522237
1522238
1522239
1522240
1522241
1522242
1522243
1522244
1522245
1522246
1522247
1522248
1522249
1522250
1522251
1522252
1522253
1522254
1522255
1522256
1522257
1522258
1522259
1522260
1522261
1522262
1522263
1522264
1522265
1522266
1522267
1522268
1522269
1522270
1522271
1522272
1522273
1522274
1522275
1522276
1522277
1522278
1522279
1522280
1522281
1522282
1522283
1522284
1522285
1522286
1522287
1522288
1522289
1810010
1810011
1810200
1810201
1810202
1810203
1810204
1810205
1810206
1810207
1810208
1810209
1810210
1810211
1810212
1810213
1810214
1810215
1810216
1810217
1810218
1810219
1814220
1814221
1814222
1814223
1814224
1814225
1814226
1814227
1814228
1814229
1750220
1750221
1750222
1750223
1750224
1750225
1750226
1750227
1750228
1750229
1750260
1750261
1750262
1750263
1750264
1750265
1750266
1750267
1750268
1750269
1751020
1751021
1751022
1751023
1751024
1751025
1751026
1751027
1751028
1751029
1751220
1751221
1751222
1751223
1751224
1751225
1751226
1751227
1751228
1751229
1752200
1752201
1752202
1752203
1752204
1752205
1752206
1752207
1752208
1752209
1752210
1752211
1752212
1752213
1752214
1752215
1752216
1752217
1752218
1752219
1752220
1752221
1752222
1752223
1752224
1752225
1752226
1752227
1752228
1752229
1752230
1752231
1752232
1752233
1752234
1752235
1752236
1752237
1752238
1752239
1752240
1752241
1752242
1752243
1752244
1752245
1752246
1752247
1752248
1752249
1752250
1752251
1752252
1752253
1752254
1752255
1752256
1752257
1752258
1752259
1752260
1752261
1752262
1752263
1752264
1752265
1752266
1752267
1752268
1752269
1752270
1752271
1752272
1752273
1752274
1752275
1752276
1752277
1752278
1752279
1752280
1752281
1752282
1752283
1752284
1752285
1752286
1752287
1752288
1752289
1752290
1752291
1752292
1752293
1752294
1752295
1752296
1752297
1752298
1752299
1752600
1752601
1752602
1752603
1752604
1752605
1752606
1752607
1752608
1752609
1752610
1752611
1752612
1752613
1752614
1752615
1752616
1752617
1752618
1752619
1752620
1752621
1752622
1752623
1752624
1752625
1752626
1752627
1752628
1752629
1752640
1752641
1752642
1752643
1752644
1752645
1752646
1752647
1752648
1752649
1752650
1752651
1752652
1752653
1752654
1752655
1752656
1752657
1752658
1752659
1752660
1752661
1752662
1752663
1752664
1752665
1752666
1752667
1752668
1752669
1752680
1752681
1752682
1752683
1752684
1752685
1752686
1752687
1752688
1752689
1752690
1752691
1752692
1752693
1752694
1752695
1752696
1752697
1752698
1752699
1752900
1752901
1752902
1752903
1752904
1752905
1752906
1752907
1752908
1752909
1752910
1752911
1752912
1752913
1752914
1752915
1752916
1752917
1752918
1752919
1752920
1752921
1752922
1752923
1752924
1752925
1752926
1752927
1752928
1752929
1752930
1752931
1752932
1752933
1752934
1752935
1752936
1752937
1752938
1752939
1752940
1752941
1752942
1752943
1752944
1752945
1752946
1752947
1752948
1752949
1752950
1752951
1752952
1752953
1752954
1752955
1752956
1752957
1752958
1752959
1752960
1752961
1752962
1752963
1752964
1752965
1752966
1752967
1752968
1752969
1752970
1752971
1752972
1752973
1752974
1752975
1752976
1752977
1752978
1752979
1752980
1752981
1752982
1752983
1752984
1752985
1752986
1752987
1752988
1752989
1752990
1752991
1752992
1752993
1752994
1752995
1752996
1752997
1752998
1752999
1880220
1880221
1880222
1880223
1880224
1880225
1880226
1880227
1880228
1880229
1881250
1881251
1881252
1881253
1881254
1881255
1881256
1881257
1881258
1881259
1881260
1881261
1881262
1881263
1881264
1881265
1881266
1881267
1881268
1881269
1881270
1881271
1881272
1881273
1881274
1881275
1881276
1881277
1881278
1881279
1881280
1881281
1881282
1881283
1881284
1881285
1881286
1881287
1881288
1881289
1881290
1881291
1881292
1881293
1881294
1881295
1881296
1881297
1881298
1881299
1882200
1882201
1882202
1882203
1882204
1882205
1882206
1882207
1882208
1882209
1882210
1882211
1882212
1882213
1882214
1882215
1882216
1882217
1882218
1882219
1882220
1882221
1882222
1882223
1882224
1882225
1882226
1882227
1882228
1882229
1882230
1882231
1882232
1882233
1882234
1882235
1882236
1882237
1882238
1882239
1882240
1882241
1882242
1882243
1882244
1882245
1882246
1882247
1882248
1882249
1882250
1882251
1882252
1882253
1882254
1882255
1882256
1882257
1882258
1882259
1882260
1882261
1882262
1882263
1882264
1882265
1882266
1882267
1882268
1882269
1882270
1882271
1882272
1882273
1882274
1882275
1882276
1882277
1882278
1882279
1889220
1889221
1889222
1889223
1889224
1889225
1889226
1889227
1889228
1889229
1470220
1470221
1470222
1470223
1470224
1470225
1470226
1470227
1470228
1470229
1472200
1472201
1472202
1472203
1472204
1472205
1472206
1472207
1472208
1472209
1472210
1472211
1472212
1472213
1472214
1472215
1472216
1472217
1472218
1472219
1472220
1472221
1472222
1472223
1472224
1472225
1472226
1472227
1472228
1472229
1472280
1472281
1472282
1472283
1472284
1472285
1472286
1472287
1472288
1472289
1472290
1472291
1472292
1472293
1472294
1472295
1472296
1472297
1472298
1472299
1476450
1476451
1476452
1476453
1476454
1476455
1476456
1476457
1476458
1476459
1476460
1476461
1476462
1476463
1476464
1476510
1370200
1370201
1370202
1370203
1370204
1370205
1370206
1370207
1370208
1370209
1370210
1370211
1370212
1370213
1370214
1370215
1370216
1370217
1370218
1370219
1374020
1375200
1375201
1375202
1375203
1375204
1375205
1375206
1375207
1375208
1375209
1375210
1375211
1375212
1375213
1375214
1375215
1375216
1375217
1375218
1375219
1375220
1375221
1375222
1375223
1375224
1375225
1375226
1375227
1375228
1375229
1375230
1375231
1375232
1375233
1375234
1375235
1375236
1375237
1375238
1375239
1375240
1375241
1375242
1375243
1375244
1375245
1375246
1375247
1375248
1375249
1375250
1375251
1375252
1375253
1375254
1375255
1375256
1375257
1375258
1375259
1375260
1375261
1375262
1375263
1375264
1375265
1375266
1375267
1375268
1375269
1375270
1375271
1375272
1375273
1375274
1375275
1375276
1375277
1375278
1375279
1700047
1700048
1700050
1700051
1700052
1700053
1700054
1700055
1700056
1700057
1700058
1700059
1700060
1700061
1700062
1700063
1700064
1700065
1700066
1700067
1700068
1700069
1700134
1700135
1700220
1700221
1700222
1700223
1700224
1700225
1700226
1700227
1700228
1700229
1700345
1700346
1700347
1700903
1700904
1700905
1700906
1700907
1700908
1700909
1701270
1701271
1701272
1701273
1701274
1701275
1701276
1701277
1701278
1701279
1701646
1701649
1701974
1701975
1702050
1702051
1702052
1702053
1702054
1702055
1702056
1702057
1702058
1702059
1702060
1702061
1702062
1702063
1702064
1702065
1702066
1702067
1702068
1702069
1702200
1702201
1702202
1702203
1702204
1702205
1702206
1702207
1702208
1702209
1703265
1703266
1703267
1703268
1703269
1703270
1703271
1703272
1703273
1703274
1703275
1703276
1703277
1703278
1703279
1703280
1703281
1703282
1703283
1703284
1703285
1703286
1703287
1703288
1703289
1703290
1703291
1703292
1703293
1703294
1703295
1703296
1703297
1703298
1703299
1703300
1703301
1703302
1703304
1703305
1703306
1703307
1703308
1703309
1703310
1703311
1703312
1703313
1703314
1703315
1703316
1703317
1703318
1703319
1703320
1703321
1703322
1703323
1703324
1703325
1703326
1703327
1703328
1703329
1703330
1703331
1703332
1703333
1703334
1703335
1703336
1703337
1703338
1703339
1703340
1703341
1703342
1703343
1703344
1703345
1703346
1703347
1703348
1703349
1703350
1703351
1703352
1703353
1703354
1703355
1703356
1703357
1703358
1703359
1703360
1703361
1703362
1703363
1703364
1703365
1703366
1703367
1703368
1703369
1703370
1703371
1703372
1703373
1703374
1703375
1703376
1703377
1703378
1703379
1703380
1703381
1703382
1703383
1703384
1703385
1703386
1703387
1703388
1703389
1703390
1703391
1703392
1703393
1703394
1703395
1703396
1703397
1703398
1703399
1703400
1703401
1703402
1703403
1703404
1703405
1703406
1703407
1703408
1703409
1703959
1703960
1703961
1703962
1703963
1703964
1703965
1703966
1703967
1703968
1703969
1703970
1703971
1703972
1703973
1703974
1703975
1703976
1703977
1703978
1703979
1703980
1703981
1704980
1704981
1704982
1704983
1704984
1704985
1704986
1704987
1704988
1704989
1704990
1704991
1704992
1704993
1704994
1704995
1704996
1704997
1704998
1704999
1705002
1705012
1705039
1705058
1705122
1705172
1705223
1705235
1705252
1705355
1705522
1705562
1705599
1705608
1705667
1705685
1705716
1705746
1705780
1705796
1705797
1705806
1707120
1707121
1707122
1707123
1707124
1707125
1707126
1707127
1707128
1707129
1707220
1707221
1707222
1707223
1707224
1707225
1707226
1707227
1707228
1707229
1708120
1708121
1708122
1708123
1708124
1708125
1708126
1708127
1708128
1708129
1708220
1708221
1708222
1708223
1708224
1708225
1708226
1708227
1708228
1708229
1709220
1709221
1709222
1709223
1709224
1709225
1709226
1709227
1709228
1709229
1320750
1320751
1320752
1320753
1320754
1320755
1320756
1320757
1320758
1320759
1320760
1320761
1320762
1320763
1320764
1320765
1320766
1320767
1320768
1320769
1321200
1321201
1321202
1321203
1321204
1321205
1321206
1321207
1321208
1321209
1321210
1321211
1321212
1321213
1321214
1321215
1321216
1321217
1321218
1321219
1321220
1321221
1321222
1321223
1321224
1321225
1321226
1321227
1321228
1321229
1329990
1329991
1329992
1329993
1329994
1329995
1329996
1329997
1329998
1329999
1910220
1910221
1910222
1910223
1910224
1910225
1910226
1910227
1910228
1910229
1912500
1912501
1912502
1912503
1912504
1912505
1912506
1840220
1840221
1840222
1840223
1840224
1840225
1840226
1840227
1840228
1840229
1842200
1842201
1842202
1842203
1842204
1842205
1842206
1842207
1842208
1842209
1842210
1842211
1842212
1842213
1842214
1842215
1842216
1842217
1842218
1842219
1842233
1842234
1842235
1842236
1842237
1842238
1842239
1842262
1842263
1842264
1842265
1842266
1842267
1842269
1842270
1842271
1842272
1842273
1842274
1842275
1842276
1842277
1842278
1842279
1842281
1842282
1842283
1842284
1842285
1842286
1842287
1842288
1842289
1570220
1570221
1570222
1570223
1570224
1570225
1570226
1570227
1570228
1570229
1571020
1571021
1571022
1571023
1571024
1571025
1571026
1571027
1571028
1571029
1571220
1571221
1571222
1571223
1571224
1571225
1571226
1571227
1571228
1571229
1572200
1572201
1572202
1572203
1572204
1572205
1572206
1572207
1572208
1572209
1572220
1572221
1572222
1572223
1572224
1572225
1572226
1572227
1572228
1572229
1576070
1576071
1576072
1576073
1576074
1576075
1576076
1576077
1576078
1576079
1576970
1576971
1576972
1576973
1576974
1576975
1576976
1576977
1576978
1576979
1579020
1579021
1579022
1579023
1579024
1579025
1579026
1579027
1579028
1579029
1579220
1579221
1579222
1579223
1579224
1579225
1579226
1579227
1579228
1579229
1579460
1579461
1579462
1579463
1579464
1579465
1579466
1579467
1579468
1579469
1980220
1980221
1980222
1980223
1980224
1980225
1980226
1980227
1980228
1980229
1981400
1982200
1982201
1982202
1982203
1982204
1982205
1982206
1982207
1982208
1982209
1982210
1982211
1982212
1982213
1982214
1982215
1982216
1982217
1982218
1982219
1982220
1982221
1982222
1982223
1982224
1982225
1982226
1982227
1982228
1982229
1984400
1984401
1984402
1984403
1984404
1984405
1984406
1984407
1984408
1984409
1988800
1988801
1988802
1988803
1988804
1988805
1988806
1988807
1988808
1988809
1650022
1650220
1650221
1650223
1650224
1650225
1650226
1650227
1650228
1650229
1650525
1650526
1650676
1651022
1651222
1651270
1651322
1651568
1651605
1651606
1651882
1652082
1652112
1652122
1652200
1652201
1652203
1652204
1652205
1652206
1652207
1652208
1652209
1652260
1652262
1652263
1652906
1652907
1652908
1652909
1652955
1653049
1653087
1653118
1653122
1653195
1653242
1653243
1653309
1653327
1653903
1655022
1655222
1655715
1655922
1655928
1655992
1655993
1655996
1656122
1656222
1656226
1656730
1656902
1657006
1657108
1657121
1657182
