1570512
1570513
1570514
1570515
1570519
1571512
1571513
1572247
1572253
1575119
1575120
1575121
1575122
1575123
1575124
1575125
1575148
1575169
1845110
1845111
1845112
1845113
1845114
1845115
1845116
1845117
1845118
1845119
1845257
1980504
1980506
1980507
1980508
1981232
1981470
1981620
1981621
1981622
1981623
1981647
1982541
1982542
1982543
1982544
1982610
1982611
1982612
1982613
1984449
1984832
1984845
1985060
1985061
1985062
1985063
1985064
1985065
1985066
1985067
1985068
1985069
1985110
1985111
1985112
1985113
1985114
1985115
1985180
1985181
1985182
1985183
1985184
1985185
1985186
1985187
1985188
1985189
1985245
1985246
1985247
1989541
1989554
1989558
1989595
1989596
1989597
1989598
1650382
1650501
1650518
1650673
1650837
1650846
1651129
1651625
1651954
1652032
1652081
1652118
1652202
1652623
1652638
1653514
1655132
1655135
1655136
1655137
1655138
1655139
1655972
1656028
1656059
1656109
1656505
1700518
1701650
1701651
1701652
1702602
1702603
1704091
1708570
1708571
1708572
1708573
1708574
1708575
1708576
1910518
1910526
1322518
1322520
1322521
1323630
1323631
1323632
1323633
1323634
1327040
1327060
1750145
1750518
1750612
1750613
1751140
1751141
1755157
1755158
1755159
1755180
1755181
1755182
1755183
1755184
1755185
1755186
1755187
1755188
1755189
1755895
1755896
1755897
1755898
1755899
1880512
1880513
1885125
1885149
1886086
1886130
1886131
1886132
1886133
1886134
1886135
1886136
1886137
1886138
1886139
1888813
1889661
1889662
1889663
1470015
1470512
1470513
1475133
1476085
1476130
1476131
1476132
1476133
1476134
1476135
1476240
1476264
1476265
1476266
1476267
1476268
1476269
1476273
1476286
1370512
1370513
1373912
1377540
1377541
1377542
1377543
1377544
1377545
1377546
1377547
1377548
1377549
1377556
1377557
1377558
1377559
1377649
1377659
1810512
1810513
1811215
1811216
1811217
1811218
1811427
1811428
1811495
1811520
1811521
1811586
1811599
1812160
1812161
1812162
1812163
1813656
1813657
1815125
1816812
1816813
1816814
1816815
1816843
1816844
1816862
1816863
1816864
1520512
1520513
1524030
1524031
1524032
1524033
1525120
1525121
1525122
1525123
1525124
1525125
1525126
1525127
1525128
1525129
1525244
1525280
1525281
1525282
1525283
1525284
1526130
1526131
1526132
1526133
1526134
1526135
1526136
1526137
1526138
1526139
1529860
1529861
1529862
1529863
1529864
1510512
1510513
1515090
1515091
1515092
1515093
1515094
1515095
1515096
1515097
1515098
1515099
1515120
1515121
1515122
1515123
1515124
1515125
1515126
1515127
1515128
1515129
1515253
1515254
1516130
1516131
1516132
1516133
1516134
1516135
1516136
1516137
1516138
1516139
1518900
1518901
1518902
1518903
1518904
1519570
1519571
1519572
1519573
1519574
1820512
1820513
1824893
1824894
1824895
1824896
1825125
1825126
1825127
1825140
1825141
1826038
1826039
1826130
1826131
1826132
1826133
1826134
1826135
1826136
1826137
1826138
1826139
1826275
1826276
1826277
1826278
1826279
1826283
1340126
1340418
1580512
1580513
1585041
1586120
1586121
1586122
1586123
1586124
1586125
1586126
1586127
1586128
1586129
1586290
1589578
1589579
1589610
1589611
1589612
1589613
1589614
1760518
1760524
1762518
1762548
1762696
1762697
1762698
1762699
1765218
1765219
1769686
1769687
1769688
1769689
1769690
1311513
1311514
1311515
1314150
1314151
1314152
1314153
1315137
1315138
1315139
1315144
1315170
1315171
1315172
1315173
1315174
1315175
1315176
1315177
1317418
1317419
1317957
1317958
1317959
1318646
1318647
1318660
1318661
1318662
1319683
1319684
1730147
1730512
1730513
1730518
1731233
1731234
1731410
1731411
1731412
1731413
1731414
1731466
1731467
1731468
1731472
1731473
1732165
1732166
1732173
1732710
1732711
1732712
1732713
1732715
1732716
1732717
1732718
1735180
1735181
1735182
1735183
1735184
1735185
1735186
1735249
1735493
1735829
1736810
1736831
1737293
1738456
1738457
1738458
1738459
1738803
1739473
1380512
1380513
1381232
1381233
1381234
1381243
1381244
1381546
1381560
1381561
1381562
1381563
1381564
1381565
1381566
1381567
1381568
1381569
1385120
1385121
1385122
1385123
1385124
1385125
1385126
1385127
1385128
1385129
1385139
1386142
1386143
1660255
1660256
1660518
1665105
1665184
1665185
1665186
1665187
1870512
1870513
1872417
1875122
1875123
1875124
1875125
1875140
1875141
1876130
1876131
1876132
1876133
1876134
1876135
1876136
1876137
1876138
1876139
1876257
1876272
1876273
1876274
1879550
1879551
1879552
1879553
1879554
1879555
1879556
1879557
1879558
1879559
1879644
1800007
1800016
1800017
1800018
1800019
1800512
1800513
1801215
1801216
1801217
1801440
1801441
1801442
1801443
1801444
1801460
1801461
1801462
1801463
1801464
1802193
1802194
1802195
1802196
1803656
1803657
1803658
1803659
1803660
1803661
1803662
1803663
1803664
1803665
1803666
1803667
1803668
1803669
1803670
1803671
1803672
1803673
1805125
1805149
1805230
1805231
1805232
1805233
1805234
1806131
1806132
1806133
1806134
1806135
1806136
1806137
1806138
1806139
1806195
1807166
1808203
1808204
1808205
1808237
1808238
1808239
1530512
1530513
1531210
1531211
1531212
1531213
1531244
1535180
1535181
1535182
1535183
1535184
1535185
1535186
1535187
1535188
1536545
1536546
1536547
1536630
1536631
1536665
1536666
1536667
1536668
1536669
1537142
1537143
1537144
1537150
1537151
1537152
1537153
1537154
1537165
1537166
1537167
1537168
1537169
1538025
1538026
1538027
1538028
1538029
1538068
1538069
1539464
1539465
1539679
1539698
1539699
1360512
1360513
1361155
1364512
1364513
1365512
1365513
1365514
1367520
1367521
1367522
1367523
1367524
1367525
1367526
1367527
1367528
1367529
1890512
1890513
1891215
1891216
1891217
1891218
1893656
1893657
1893658
1893659
1893660
1893661
1893662
1893663
1893664
1893665
1893666
1893667
1893668
1893669
1893670
1893671
1893672
1893673
1895125
1895149
1896130
1896131
1896132
1896133
1896134
1896135
1896136
1896137
1896138
1896139
1899450
1899451
1899452
1899453
1899454
1330512
1330513
1332786
1332787
1333786
1333787
1333898
1333899
1334786
1334787
1335786
1335787
1336526
1336527
1338293
1338294
1338295
1338296
1713518
1715518
1716518
1717518
1717624
1717628
1717629
1717630
1717631
1717632
1717633
1717634
1717635
1717640
1717641
1718518
1719518
1719623
1719624
1719633
1719634
1990151
1990152
1990153
1990154
1990155
1990156
1990157
1990518
1994167
1994180
1995141
1995164
1995188
1995250
1560512
1560513
1565125
1565149
1566831
1566832
1566834
1566835
1566846
1569518
1850149
1850518
1855069
1855100
1855101
1855102
1855144
1855188
1855189
1855220
1855221
1855222
1855223
1855224
1855225
1780503
1782622
1782623
1782653
1782654
1782657
1782660
1783479
1783490
1783491
1783492
1783493
1784900
1784901
1784902
1784903
1784904
1784905
1784906
1784907
1784908
1784909
1785122
1785123
1785124
1785125
1785126
1785127
1785128
1785129
1785141
1788737
1789529
1860153
1860154
1860518
1865125
1865149
1865170
1865171
1865172
1865173
1865210
1865211
1865212
1865213
1865241
1866125
1866126
1550141
1550525
1390512
1390513
1391215
1391216
1391217
1391218
1395125
1395149
1396130
1396131
1396132
1396133
1396134
1396135
1396136
1396137
1396138
1396139
1671518
1672518
1672522
1672524
1672525
1672526
1672528
1672529
1673144
1673145
1673146
1673147
1673148
1673149
1673200
1673201
1673202
1673203
1673204
1673205
1673206
1673207
1673208
1673518
1300346
1300347
1301690
1301691
1301692
1302346
1302347
1303352
1304199
1304865
1304866
1304867
1304868
1304869
1305604
1305605
1305606
1305607
1305608
1305609
1306494
1306495
1306496
1306497
1308253
1309237
1309238
1309239
1309245
1590512
1590513
1595070
1595071
1595072
1595073
1595074
1595075
1595076
1595077
1595078
1595079
1595125
1595149
1596130
1596131
1596132
1596133
1596134
1596135
1596136
1596137
1596138
1596139
1599610
1599611
1599612
1599613
1599614
1770255
1770256
1770512
1770513
1771224
1771410
1771411
1771412
1771413
1771414
1771415
1771456
1771472
1771473
1775167
1775168
1775169
1775180
1775181
1775182
1775183
1775184
1775185
1775186
1775187
1775188
1775189
1776629
1776630
1776631
1776847
1776848
1776858
1776859
1776899
1779897
1350513
1351156
1358528
1358529
1450950
1450951
1450952
1450953
1450954
1452640
1452641
1453659
1454439
1454932
1457092
1457093
1457094
1457242
1500512
1500513
1505090
1505091
1505092
1505115
1505116
1505117
1505118
1505119
1505248
1505249
1506130
1506131
1506132
1506133
1506134
1506135
1506136
1506137
1506138
1506139
1506140
1506290
1506291
1506292
1506293
1506294
1506295
1506296
1506297
1506298
1830512
1830513
1834474
1834478
1834485
1835149
1835210
1835211
1835212
1835213
1835214
1835215
1835216
1835217
1835218
1835219
1835249
1835280
1835281
1835282
1836034
1836035
1836036
1836037
1836038
1836039
1836050
1836051
1836052
1836053
1836054
1836055
1836056
1836057
1836058
1836059
1836060
1836061
1836062
1836063
1836064
1836065
1836066
1836067
1836068
1836069
1836148
1836184
1836188
1836243
1836244
1836284
1836285
1621505
1621506
