1990739
1990842
1991810
1991811
1991812
1991817
1991818
1991819
1991839
1996780
1996781
1996782
1996783
1996784
1996785
1996786
1996787
1996788
1996789
1996790
1996791
1996792
1996793
1996794
1996795
1996796
1996797
1996798
1996799
1997390
1997391
1997392
1997393
1997394
1997395
1997396
1997397
1997398
1997399
1997414
1997415
1997416
1997417
1997418
1997419
1997694
1560739
1561640
1561641
1561698
1561699
1566025
1566026
1566027
1567355
1567356
1567357
1567358
1567359
1567390
1567391
1567392
1567393
1567394
1567395
1567396
1567397
1567398
1567399
1567590
1567591
1567592
1567593
1567594
1567595
1567596
1567597
1567598
1567599
1568492
1568493
1568498
1568499
1568821
1568822
1568823
1569739
1780739
1784751
1784752
1784753
1787228
1787229
1787242
1787243
1787244
1787283
1787284
1787285
1787286
1787392
1787393
1787394
1787395
1787396
1787397
1787398
1787399
1787774
1788695
1789739
1850739
1856928
1856929
1856930
1856964
1856965
1856966
1857024
1857025
1857390
1857391
1857392
1857393
1857394
1857395
1857396
1857397
1857398
1857476
1857477
1330739
1331739
1331969
1332729
1332739
1333259
1333729
1333739
1334139
1334259
1334729
1334739
1334879
1334969
1335729
1335739
1336589
1336739
1337809
1337899
1338739
1339739
1339759
1339769
1713739
1713744
1713745
1715739
1716739
1717738
1717739
1718739
1719739
1719748
1360739
1360747
1361739
1361842
1362739
1362747
1363739
1363849
1364739
1365739
1367742
1367743
1956889
1890739
1890842
1894490
1897390
1897391
1897392
1897393
1897394
1897395
1897396
1897397
1897398
1897399
1897547
1897548
1897549
1897575
1897576
1897590
1897591
1897592
1897593
1897594
1897595
1897596
1897597
1897598
1897599
1800739
1807390
1807391
1807392
1807393
1807394
1807395
1807396
1807397
1807398
1807399
1807590
1807591
1807592
1807593
1807594
1807595
1530739
1534309
1534329
1534339
1534739
1534839
1534847
1536419
1536439
1536449
1536729
1536739
1536763
1536764
1536765
1537739
1538639
1538739
1539973
1539974
1539975
1539976
1500739
1500747
1500748
1500749
1507390
1507391
1507392
1507393
1507394
1507395
1507396
1507397
1507398
1507399
1508090
1508091
1508092
1508093
1508094
1830739
1837390
1837391
1837392
1837393
1837394
1837395
1837396
1837397
1837398
1837399
1839070
1839071
1839072
1839073
1839074
1839075
1839076
1839077
1839078
1839079
1839760
1839761
1839762
1839763
1839764
1839765
1839766
1839767
1839768
1839769
1590739
1597327
1597328
1597329
1597390
1597391
1597392
1597393
1597394
1597395
1597396
1597397
1597398
1597399
1770057
1770739
1770749
1771169
1771179
1771897
1771898
1771899
1774259
1775266
1775267
1776939
1777390
1777391
1777392
1777393
1777394
1777395
1777396
1777397
1777398
1777399
1777565
1777566
1777567
1777568
1777569
1452739
1452759
1454502
1458660
1458661
1458662
1458663
1458664
1350739
1350842
1351739
1351742
1354889
1357490
1357491
1357492
1357493
1357494
1357495
1357496
1357497
1357498
1357499
1726444
1726445
1726446
1726447
1726739
1300739
1302437
1302438
1302739
1303670
1303671
1303672
1303673
1303674
1303739
1304728
1308726
1308728
1308739
1860739
1860849
1862739
1867024
1867025
1867349
1867390
1867391
1867392
1867393
1867394
1867395
1867396
1867397
1867398
1867399
1869249
1869279
1869290
1869291
1869292
1869293
1869294
1869295
1869296
1869297
1869298
1869299
1550739
1552600
1552601
1552602
1552603
1552604
1552605
1552606
1552607
1552608
1552609
1557390
1557391
1557392
1557393
1557394
1557395
1557396
1557397
1557398
1557399
1557558
1557559
1557640
1557641
1557642
1557643
1557644
1557645
1557646
1557647
1557648
1557649
1558038
1558039
1558077
1558078
1558079
1558150
1558151
1558152
1558153
1558167
1390739
1390842
1397355
1397356
1397357
1397358
1397359
1397390
1397391
1397392
1397393
1397394
1397395
1397396
1397397
1397398
1397399
1397590
1397591
1397592
1397593
1397594
1397595
1397596
1397597
1397598
1397599
1671739
1672739
1673739
1810739
1815280
1815281
1815282
1815283
1815284
1815285
1815286
1815287
1815288
1815289
1816380
1816381
1816382
1816383
1816384
1816385
1816386
1816387
1816610
1816611
1816612
1816613
1816614
1816615
1816923
1816939
1816949
1817390
1817391
1817392
1817393
1817394
1817395
1817396
1817397
1817398
1817399
1817420
1817421
1817422
1817590
1817591
1817592
1817593
1817594
1817595
1818890
1520739
1521190
1521191
1521192
1521193
1521194
1521195
1521196
1521197
1521198
1521199
1524390
1524391
1524392
1524393
1524394
1524395
1524396
1524397
1524398
1524399
1527390
1527391
1527392
1527393
1527394
1527395
1527396
1527397
1527398
1527399
1880739
1887390
1887391
1887392
1887393
1887394
1887395
1887396
1887397
1887398
1887399
1889015
1889016
1889017
1889018
1889019
1889045
1889046
1889047
1889048
1889049
1889749
1750739
1750846
1750847
1750848
1750849
1757390
1757391
1757392
1757393
1757394
1757395
1757396
1757397
1757398
1757399
1757420
1757421
1757422
1757423
1757424
1757425
1757426
1757427
1757428
1757429
1757975
1757976
1757977
1757978
1757979
1758039
1758055
1758056
1758057
1758058
1758059
1758070
1758071
1758072
1758073
1758074
1758075
1758076
1758077
1758078
1758079
1758150
1758151
1758152
1758153
1758154
1758239
1370739
1376249
1376285
1376286
1376287
1376288
1376289
1378690
1378691
1378692
1378693
1378694
1378695
1378696
1378697
1378698
1378699
1378739
1378749
1378913
1378914
1378915
1378916
1378917
1378918
1378919
1470739
1477309
1477390
1477391
1477392
1477393
1477394
1478660
1478661
1478662
1478663
1478664
1478665
1478666
1478667
1478668
1478669
1705386
1706815
1706816
1706817
1708746
1708747
1708748
1708749
1910739
1910842
1911810
1911811
1911812
1911813
1911814
1911815
1911816
1911817
1911818
1911819
1916527
1916528
1916529
1917390
1917391
1917392
1917393
1917394
1917395
1917396
1917397
1917398
1917399
1918680
1918681
1918682
1918683
1918684
1918685
1918686
1918687
1918688
1918689
1918690
1918691
1918692
1918693
1918694
1320324
1320325
1320326
1320327
1320328
1320329
1320739
1321739
1321749
1322254
1323739
1324571
1325739
1326089
1327049
1327220
1329739
1329864
1570739
1571739
1571759
1572742
1572743
1577390
1577391
1577392
1577393
1577394
1577395
1577396
1577397
1577398
1577399
1577400
1577401
1577402
1577403
1577404
1577405
1577406
1577407
1577408
1577409
1840739
1847390
1847391
1847392
1847393
1847394
1847395
1847396
1847397
1847398
1847399
1847825
1847826
1847827
1847828
1847829
1650585
1650739
1651729
1651739
1651740
1652559
1980739
1980747
1981332
1984817
1984818
1984819
1987334
1987335
1987336
1987337
1987338
1987390
1987391
1987392
1987393
1987394
1987395
1987396
1987397
1989199
1989430
1989431
1989432
1989433
1989642
1989643
1380739
1387390
1387391
1387392
1387393
1387394
1387395
1387396
1387397
1387398
1387399
1387420
1387421
1387422
1387423
1387424
1387425
1387426
1387427
1387428
1387429
1660739
1667039
1667190
1667191
1667192
1667193
1667194
1667195
1667196
1667197
1667198
1667199
1667390
1667391
1667392
1667393
1667394
1667395
1667396
1667397
1667398
1667399
1667415
1667416
1667417
1667418
1667419
1667475
1667476
1667477
1667478
1667479
1668039
1668075
1668076
1668077
1668078
1668079
1870739
1871190
1871191
1871192
1871193
1871194
1871195
1871196
1871197
1871198
1871199
1877390
1877391
1877392
1877393
1877394
1877395
1877396
1877397
1877398
1877399
1877447
1877448
1877449
1877450
1310039
1310709
1310719
1310729
1310739
1311739
1311749
1311759
1313508
1313519
1313529
1313539
1314195
1314196
1314197
1314257
1317039
1317049
1317429
1318717
1318718
1318719
1318728
1318729
1318738
1318739
1730739
1734379
1734710
1734711
1734712
1734713
1734714
1734715
1734716
1734717
1734718
1734719
1734739
1736390
1736391
1736392
1736393
1736394
1736395
1736396
1736397
1736398
1736399
1737390
1737391
1737392
1737393
1737394
1737395
1737396
1737397
1737398
1737399
1737774
1737789
1737810
1737811
1737812
1737813
1737814
1739725
1739739
1972229
1340739
1340749
1346739
1346778
1346779
1346928
1346929
1348739
1348761
1348762
1348763
1348795
1348796
1348797
1348798
1580739
1584290
1584291
1584292
1584293
1584294
1584295
1584296
1584297
1584298
1584299
1586985
1586986
1586987
1586988
1586989
1587375
1587376
1587377
1587378
1587379
1587390
1587391
1587392
1587393
1587394
1587395
1587396
1587397
1587398
1587399
1589739
1760739
1767090
1767091
1767092
1767093
1767094
1767095
1767096
1767097
1767098
1767099
1767339
1767340
1767376
1767377
1767378
1767379
1767380
1767381
1767382
1767383
1767384
1767385
1767386
1767388
1767389
1767391
1767392
1767393
1767394
1767395
1767396
1767397
1767398
1767399
1767400
1767401
1767402
1767403
1767404
1767405
1767406
1767407
1767408
1767409
1768039
1768049
1768077
1768078
1768079
1768080
1768082
1768088
1768094
1768096
1768099
1510739
1511590
1511591
1511592
1511593
1511594
1511595
1511596
1511597
1511598
1511599
1517390
1517391
1517392
1517393
1517394
1517395
1517396
1517397
1517398
1517399
1518090
1518091
1518092
1518093
1518094
1518095
1518096
1518097
1518098
1518099
1519790
1519791
1519792
1519793
1519794
1519795
1519796
1519797
1519798
1519799
1820739
1822942
1822943
1822944
1822958
1822959
1823060
1823061
1823062
1823063
1823064
1823065
1823066
1823067
1823068
1823069
1827390
1827391
1827392
1827393
1827394
1827395
1827396
1827397
1827398
1827399
1827430
1827431
1827432
1827433
1827434
1827435
1827436
1827437
1827438
1827439
1827440
1827441
1827442
1827443
1827444
1827445
1827446
1827447
1827448
1827449
