1361883
1362883
1890883
1898830
1898831
1898832
1898833
1898834
1800883
1808833
1808835
1808836
1808837
1808838
1808839
1530883
1533160
1533161
1533162
1533441
1536883
1990883
1991293
1994883
1994897
1998830
1998831
1998836
1998837
1998838
1998839
1560883
1568793
1568794
1568795
1569463
1858705
1858706
1786774
1786775
1786934
1786935
1786936
1786937
1787418
1787420
1787421
1787422
1330088
1330883
1331271
1332049
1336883
1337883
1338883
1339883
1717479
1717695
1717696
1717697
1718478
1719705
1719706
1719707
1303592
1309439
1309522
1309960
1309961
1860883
1866912
1866913
1866914
1550883
1390883
1398700
1398701
1398703
1398830
1398831
1398832
1398833
1398834
1398835
1398836
1398837
1398838
1398839
1673893
1673894
1673895
1501200
1501201
1501202
1501203
1501204
1501205
1501206
1501207
1501208
1501209
1501210
1501211
1508780
1508781
1508782
1508783
1508784
1508785
1508786
1508787
1508788
1508789
1830883
1830884
1831408
1831409
1831418
1831419
1838883
1838885
1838887
1838889
1838890
1838891
1838892
1838893
1838894
1838895
1838896
1838897
1838898
1590690
1590691
1590692
1590693
1590694
1590695
1590696
1590883
1591184
1591185
1591189
1592547
1592548
1592549
1597490
1597491
1597492
1598725
1598726
1598727
1770883
1770884
1778721
1778738
1778743
1778748
1778773
1452883
1454659
1459510
1459511
1459512
1459513
1352960
1352961
1352962
1352998
1357830
1357831
1357832
1357833
1357842
1357843
1357844
1708420
1708421
1708422
1910883
1914316
1914320
1916912
1918830
1918831
1918832
1918833
1918834
1918835
1918836
1320883
1321193
1323863
1570883
1575840
1575841
1575842
1575843
1575860
1575861
1575862
1575863
1575864
1575865
1575866
1575867
1575868
1575869
1576990
1576991
1576992
1576993
1576994
1576995
1576996
1579870
1840880
1840881
1840882
1840883
1840884
1840885
1840889
1846961
1846984
1846985
1846986
1846987
1846988
1846989
1848797
1848798
1848799
1980883
1981109
1981147
1981148
1981149
1981321
1986948
1986949
1986950
1986951
1988780
1988781
1988782
1988783
1988784
1988785
1810883
1818360
1818361
1818362
1818380
1818383
1818388
1818399
1818707
1818709
1818719
1818734
1520883
1524090
1524091
1524092
1524093
1524094
1528760
1528761
1528762
1750883
1758417
1880690
1880694
1880695
1880696
1880697
1880883
1884997
1884998
1884999
1889580
1889581
1889582
1889583
1889584
1889585
1889586
1889587
1889620
1889621
1370883
1375930
1375931
1375932
1375933
1375934
1375935
1375936
1375937
1375938
1375939
1470883
1473684
1473685
1476900
1476901
1476902
1476903
1476904
1476905
1476906
1476907
1476908
1476909
1478708
1478709
1478750
1478751
1478752
1478753
1478754
1478755
1478756
1478757
1478758
1478759
1340888
1340889
1580869
1580883
1582500
1582501
1588798
1588799
1760882
1760883
1512645
1512646
1512647
1512648
1512649
1512650
1512651
1512652
1512653
1512654
1512655
1512656
1512657
1512658
1512659
1519860
1821450
1821451
1821452
1821453
1821454
1828830
1828831
1828832
1828833
1828834
1828835
1828836
1828837
1828838
1828839
1660883
1668713
1870880
1870881
1870882
1870883
1872490
1872491
1872492
1872493
1872494
1872495
1878830
1878831
1878832
1878833
1878834
1878835
1878836
1878837
1878838
1878839
1311416
1317055
1318747
1318758
1318759
1730883
1738723
1738743
1738744
1738748
1738768
1738769
