1390478
1394738
1394780
1394781
1394782
1394783
1394784
1394785
1394786
1394787
1394788
1394789
1394818
1394838
1394839
1394878
1394888
1394898
1550478
1550488
1554080
1554081
1554090
1554091
1554780
1554781
1554782
1554783
1554784
1554785
1554786
1554787
1554788
1554789
1554790
1554827
1554828
1554829
1554830
1556051
1556052
1559885
1559886
1559887
1559888
1860478
1860489
1861478
1861488
1861489
1864780
1864781
1864782
1864783
1864784
1864785
1864786
1864787
1864788
1864789
1864840
1864841
1864842
1864843
1864874
1864875
1864876
1864877
1864878
1864879
1300958
1301508
1301528
1301958
1302045
1302046
1302047
1302048
1302958
1303478
1308028
1308156
1308478
1308846
1308847
1308848
1308849
1350068
1351478
1351488
1450278
1452485
1452486
1453397
1453398
1453399
1453490
1454338
1770478
1774727
1774728
1774780
1774781
1774823
1774824
1590478
1594728
1594738
1594748
1594754
1830478
1834785
1834786
1834787
1834788
1834789
1500478
1502487
1502488
1502489
1504480
1504481
1504482
1504483
1504484
1504485
1504486
1504487
1504488
1504489
1504705
1504706
1504707
1504708
1504709
1504726
1504727
1504728
1504729
1504789
1504858
1504859
1504880
1504881
1504882
1504883
1504884
1504885
1504886
1504887
1504888
1504889
1504898
1504899
1504939
1504980
1504981
1504982
1504983
1504984
1530478
1532678
1533278
1533288
1533289
1533478
1533487
1533488
1533489
1533498
1533499
1533561
1533568
1534426
1534427
1534428
1534429
1537465
1537478
1537480
1538478
1538978
1539106
1539107
1539478
1800478
1804780
1804781
1804782
1804783
1804784
1804785
1804786
1804787
1804788
1804789
1890478
1894734
1894738
1894748
1894780
1894781
1894788
1894789
1360478
1361478
1361488
1362478
1362488
1363478
1364478
1365478
1330478
1331478
1332708
1333700
1333701
1333703
1333708
1335478
1338478
1339478
1339483
1339485
1339486
1339487
1780478
1780498
1781448
1784712
1784713
1784726
1784878
1789728
1850478
1850488
1850498
1854780
1854781
1854782
1854783
1854784
1854785
1854786
1854787
1854788
1854789
1854801
1854802
1854831
1854832
1560478
1562478
1564780
1564781
1564782
1564783
1564784
1564785
1564786
1564787
1564788
1564789
1564840
1564841
1564842
1564843
1564844
1564885
1564886
1564887
1564888
1564889
1569478
1990478
1994718
1996908
1997558
1820478
1824780
1824781
1824782
1824783
1824784
1824785
1824786
1824787
1824788
1824789
1510478
1511478
1513495
1513496
1513497
1513498
1513499
1514478
1514780
1514781
1514782
1514783
1514784
1514785
1514786
1514787
1514788
1514789
1514790
1514791
1514792
1514793
1514880
1514881
1514882
1514883
1514884
1514885
1514886
1514887
1514888
1514889
1514980
1514981
1514982
1514983
1514984
1514985
1514986
1514987
1516480
1516481
1516482
1516483
1516484
1516485
1516486
1516487
1516488
1516489
1760478
1761478
1764818
1768478
1580478
1584780
1584781
1584782
1584783
1584784
1584785
1584786
1584787
1584788
1584789
1584870
1584871
1584872
1584873
1584874
1584876
1584984
1584985
1584986
1584987
1584988
1584989
1344078
1345138
1348478
1730478
1312684
1313478
1313480
1313481
1314178
1314245
1314246
1314247
1314248
1315099
1315478
1317132
1317133
1317134
1319078
1319079
1319085
1319086
1319087
1319138
1319139
1870478
1870490
1870491
1870492
1870493
1870494
1870495
1870496
1870497
1870498
1870499
1874780
1874781
1874782
1660478
1660488
1664880
1664881
1664882
1664883
1664884
1380478
1384780
1384781
1384782
1384783
1384784
1384785
1384786
1384787
1384788
1384789
1384848
1384858
1384868
1384874
1384878
1384884
1655478
1656170
1980478
1980498
1840478
1841431
1844718
1844738
1844739
1570478
1571478
1571488
1573478
1575478
1576478
1576483
1576484
1576485
1576486
1576487
1576488
1577120
1577121
1577147
1577148
1577478
1320478
1321478
1321488
1321489
1321497
1322478
1322488
1322489
1323478
1323487
1323488
1323489
1324592
1324593
1327031
1327478
1327488
1328478
1328479
1329478
1329488
1329697
1329698
1329699
1910478
1910488
1474718
1474780
1474781
1474782
1474783
1474784
1474785
1474786
1478478
1479478
1479488
1372218
1373990
1374780
1374781
1374782
1374783
1374784
1374785
1374786
1374787
1374788
1374789
1375408
1375418
1378948
1378958
1378968
1378978
1880478
1884780
1884781
1884782
1884783
1884784
1884785
1884786
1884787
1884788
1884789
1884819
1750478
1520478
1524780
1524781
1524782
1524783
1524784
1524884
1524885
1524886
1524887
1524888
1524889
1810478
1810487
1814758
1814780
