1820430
1820431
1824300
1824301
1824302
1824303
1824304
1824305
1824306
1824307
1824308
1824309
1824310
1824311
1824312
1824313
1824314
1824315
1824316
1824317
1824318
1824319
1824400
1824401
1824402
1824403
1824404
1824405
1824406
1824407
1824408
1824409
1510430
1510431
1510440
1510441
1510442
1510443
1510444
1510445
1510446
1510447
1510448
1510449
1514300
1514301
1514302
1514303
1514304
1514305
1514306
1514307
1514308
1514309
1514310
1514311
1514312
1514313
1514314
1514315
1514316
1514317
1514318
1514319
1514400
1514401
1514402
1514403
1514404
1514405
1514406
1514407
1514408
1514409
1514410
1514411
1514412
1514413
1514414
1514415
1514416
1514417
1514418
1514419
1516430
1516431
1516432
1516433
1516434
1516435
1516436
1516437
1516438
1516439
1760430
1760431
1760440
1760441
1761430
1761431
1761440
1761441
1762430
1762431
1762432
1762433
1762434
1762435
1762436
1762437
1762438
1762439
1764300
1764301
1764303
1764304
1764305
1764306
1764307
1764309
1764310
1764311
1764312
1764313
1764314
1764315
1764316
1764317
1764318
1764319
1764400
1764401
1764402
1764403
1764404
1764405
1764406
1764407
1764408
1764409
1764410
1764411
1764412
1764413
1764414
1764415
1764416
1764417
1764418
1764419
1764980
1764981
1764982
1764983
1764984
1764985
1764986
1764987
1764988
1764989
1764990
1764991
1764992
1764993
1764994
1764995
1764996
1764997
1764998
1764999
1767830
1767831
1767834
1767836
1767838
1767839
1767840
1767841
1767842
1767843
1767844
1767845
1767848
1768431
1768432
1768433
1768434
1768435
1768436
1768437
1768438
1768439
1580430
1580431
1580440
1580441
1580442
1580443
1580444
1580445
1580446
1580447
1580448
1580449
1584300
1584301
1584302
1584303
1584304
1584305
1584306
1584307
1584308
1584309
1584310
1584311
1584312
1584313
1584314
1584315
1584316
1584317
1584318
1584319
1584400
1584401
1584402
1584403
1584404
1584405
1584406
1584407
1584408
1584409
1584410
1584411
1584412
1584413
1584414
1584415
1584416
1584417
1584418
1584419
1340430
1340431
1340432
1340433
1340435
1340436
1340437
1340438
1340439
1340470
1340471
1340472
1340473
1340474
1340475
1340476
1340477
1340478
1340479
1730006
1730430
1730431
1738680
1738681
1738682
1738683
1738684
1738685
1738686
1738687
1738688
1738689
1739000
1739001
1739002
1739003
1739004
1739005
1739006
1739007
1739008
1739090
1739091
1739092
1739094
1739095
1739096
1739099
1310430
1310431
1310440
1310441
1310442
1310443
1310444
1310445
1310446
1310447
1310448
1310449
1312570
1312574
1312580
1312581
1312582
1313430
1313431
1313443
1313445
1313446
1313447
1313448
1313449
1314430
1314431
1314764
1314765
1314766
1314770
1314771
1315430
1315431
1315435
1315436
1315437
1315439
1315950
1315951
1315952
1315953
1315956
1315960
1315961
1315964
1315968
1315974
1315975
1315977
1316680
1316681
1316682
1316683
1316684
1316685
1316686
1316687
1316688
1316689
1317430
1317431
1317433
1317434
1317435
1317436
1317437
1317438
1317439
1317440
1317441
1317442
1317443
1317444
1317445
1317446
1317447
1317448
1317449
1317900
1317901
1317904
1317910
1317911
1317912
1317913
1318074
1318079
1318080
1318081
1318082
1318083
1318084
1318085
1318086
1318087
1318088
1318089
1318094
1318099
1319430
1319431
1319435
1319436
1319437
1319438
1319439
1319600
1319601
1319602
1319603
1319604
1870430
1870431
1870440
1870441
1870442
1870443
1870444
1870445
1870446
1870447
1870448
1870449
1874300
1874301
1874302
1874303
1874304
1874305
1874306
1874307
1874308
1874309
1874310
1874311
1874312
1874313
1874314
1874315
1874316
1874317
1874318
1874319
1874400
1874401
1874402
1874403
1874404
1874405
1874406
1874407
1874408
1874409
1874410
1874411
1874412
1874413
1874414
1874415
1874416
1874417
1874418
1874419
1660430
1660431
1660440
1660441
1660442
1660443
1660444
1660445
1660446
1660447
1660448
1660449
1662430
1662431
1662457
1662458
1662459
1664300
1664301
1664307
1664308
1664309
1664310
1664311
1664312
1664313
1664314
1664315
1664316
1664317
1664318
1664319
1664341
1664344
1664345
1664351
1664352
1664353
1664354
1664355
1664356
1664357
1664358
1664359
1664368
1664369
1664370
1664371
1664372
1664373
1664374
1664375
1664376
1664377
1664378
1664379
1664391
1664392
1664393
1664394
1664395
1664396
1664397
1664398
1664399
1668820
1668821
1668830
1668831
1668837
1668840
1668841
1668847
1668848
1668849
1380043
1380430
1380431
1380432
1380433
1380435
1380437
1380439
1380446
1384300
1384301
1384302
1384303
1384304
1384305
1384306
1384307
1384308
1384309
1384310
1384311
1384312
1384313
1384314
1384315
1384316
1384317
1384318
1384319
1384400
1384401
1384402
1384403
1384404
1384405
1384406
1384407
1384408
1384409
1384410
1384411
1384412
1384413
1384414
1384415
1384416
1384417
1384418
1384419
1384480
1384481
1384482
1384483
1384484
1384485
1384486
1384487
1384488
1384489
1384490
1384491
1384492
1384493
1384494
1384495
1384496
1384497
1384498
1384499
1389475
1389476
1389477
1389478
1389479
1389480
1389481
1389482
1389483
1389484
1389485
1389486
1389487
1389488
1389489
1650144
1650196
1650287
1650291
1650294
1650298
1650322
1650331
1650400
1650430
1650431
1650440
1650441
1650444
1650674
1651152
1651333
1651386
1651430
1651431
1651515
1651611
1651622
1651991
1652028
1652029
1652111
1652130
1652134
1652140
1652430
1652431
1652677
1652686
1652687
1652689
1652701
1652744
1652784
1652959
1652965
1652969
1652975
1652989
1653038
1653047
1653086
1653137
1653177
1653187
1653234
1653238
1653240
1653241
1653244
1653277
1653288
1653331
1653399
1653400
1653431
1653440
1653441
1653442
1653484
1653485
1653637
1653800
1653803
1653804
1653805
1653808
1653809
1653820
1653840
1653841
1653870
1653909
1653970
1655044
1655061
1655425
1655440
1655441
1655488
1655505
1655588
1655639
1655641
1655670
1655673
1655677
1655700
1655713
1655716
1655722
1655726
1655727
1655944
1655956
1656000
1656025
1656027
1656033
1656037
1656039
1656040
1656041
1656044
1656057
1656062
1656063
1656064
1656069
1656074
1656075
1656099
1656333
1656430
1656431
1656667
1656668
1656744
1656794
1656814
1656851
1656936
1657000
1657017
1657027
1657031
1657050
1657051
1657052
1657053
1657054
1657070
1657084
1657090
1657148
1657169
1657225
1657257
1657272
1657328
1657344
1657373
1657400
1657430
1657431
1657498
1657501
1657527
1657646
1657677
1657773
1657774
1657822
1980430
1980431
1981577
1984280
1984281
1984282
1984283
1984284
1984285
1984286
1984287
1984288
1984289
1984290
1984291
1984292
1984293
1984294
1984295
1984296
1984297
1984298
1984299
1984300
1984301
1984310
1984311
1984312
1984313
1984314
1984315
1984316
1984317
1984318
1984319
1984320
1984321
1984322
1984323
1984324
1984380
1984381
1984390
1984391
1984392
1984393
1984394
1984395
1984396
1984397
1988970
1988971
1840430
1840431
1844300
1844301
1844302
1844303
1844304
1844305
1844306
1844307
1844308
1844309
1844310
1844311
1844312
1844313
1844314
1844315
1844316
1844317
1844318
1844319
1844391
1844398
1844399
1844420
1844421
1844422
1844423
1844424
1844425
1844426
1844427
1844428
1844429
1844430
1844431
1844432
1844433
1844434
1844435
1844436
1844437
1844438
1844439
1844440
1844441
1844442
1844443
1844444
1844445
1844446
1844447
1844448
1844449
1844450
1844451
1844452
1844453
1844454
1844455
1844456
1844457
1844458
1844459
1849250
1849251
1849252
1849253
1849254
1849255
1849256
1849257
1849258
1849259
1849263
1849264
1849265
1849266
1849267
1849268
1849269
1849270
1849271
1849272
1849273
1849274
1849276
1849277
1849278
1849279
1849280
1849281
1849282
1849283
1849284
1570430
1570431
1570440
1570441
1570442
1570443
1570444
1570445
1570446
1570447
1570448
1570449
1571430
1571431
1571440
1571441
1575430
1575431
1575432
1575433
1575434
1575435
1575436
1575437
1575438
1575439
1576430
1576431
1576432
1576433
1576434
1576435
1576436
1576437
1576438
1576439
1576440
1576441
1576442
1576443
1576444
1576445
1576446
1576447
1576448
1576449
1320430
1320431
1321430
1321431
1321440
1321441
1321442
1321443
1321446
1321447
1321448
1321449
1322430
1322431
1323430
1323431
1323440
1323441
1323442
1323443
1323444
1323445
1323446
1323447
1323448
1323449
1324426
1324427
1324430
1324431
1324440
1324441
1324442
1324443
1325170
1325171
1325172
1325173
1325174
1325175
1325180
1325181
1325260
1325261
1325262
1325263
1325264
1325884
1325888
1327430
1327431
1327810
1329430
1329431
1329888
1910430
1910431
1910440
1910441
1914450
1914451
1914454
1914456
1914457
1914459
1700430
1700431
1700433
1700434
1700436
1700437
1701430
1701431
1701432
1701433
1701434
1701435
1701436
1701437
1702422
1702423
1702424
1702425
1702426
1702427
1702428
1702429
1702430
1702431
1702432
1702433
1702434
1702435
1702436
1702437
1702438
1702439
1703726
1703727
1703728
1703729
1703730
1703731
1703732
1703733
1703734
1703735
1703736
1703737
1703738
1703739
1703740
1703741
1703742
1703743
1703744
1703745
1703746
1703747
1703748
1703749
1703750
1704520
1704521
1704522
1704523
1704524
1704525
1704526
1704527
1704528
1704529
1704530
1704531
1704532
1704533
1704534
1704535
1704536
1704537
1704538
1704539
1704540
1704541
1704542
1704543
1704544
1704545
1704546
1704547
1704548
1704549
1704550
1704551
1704552
1704553
1704554
1704555
1704556
1704557
1704558
1704559
1704560
1704561
1704562
1704563
1704564
1704565
1704566
1704567
1704568
1704569
1705027
1705090
1705154
1705161
1705212
1705263
1705379
1705543
1705560
1705589
1705625
1705740
1705792
1705793
1705877
1706821
1706822
1706823
1706824
1706825
1706826
1706827
1706828
1706829
1706830
1706831
1706832
1706833
1706834
1706835
1706836
1706837
1706838
1706839
1706840
1707430
1707431
1707432
1707433
1707434
1707435
1707436
1707437
1707438
1707439
1708430
1708431
1708432
1708433
1708434
1708435
1708436
1708437
1708438
1708439
1709430
1709431
1709432
1709433
1709434
1709435
1709436
1709437
1709438
1709439
1370436
1374044
1374300
1374301
1374302
1374303
1374304
1374306
1374307
1374308
1374309
1374310
1374311
1374312
1374313
1374314
1374315
1374316
1374317
1374318
1374319
1374332
1374400
1374401
1374402
1374403
1374404
1374405
1374406
1374407
1374408
1374409
1374410
1374411
1374412
1374413
1374414
1374415
1374416
1374417
1374418
1374419
1374480
1374481
1374482
1374483
1374484
1374485
1374486
1374487
1374488
1374489
1374490
1374491
1374492
1374493
1374494
1374495
1374496
1374497
1374498
1374499
1375600
1375601
1375602
1375603
1375604
1375605
1375606
1375607
1375608
1375609
1375610
1375611
1375612
1375613
1375614
1375615
1375616
1375617
1375618
1375619
1375620
1375621
1375622
1375623
1375624
1375625
1375626
1375627
1375628
1375629
1375630
1375631
1375632
1375633
1375634
1375635
1375636
1375637
1375638
1375639
1375640
1375641
1375642
1375643
1375644
1375645
1375646
1375647
1375648
1375649
1375650
1375651
1375652
1375653
1375654
1375655
1375656
1375657
1375658
1375659
1375660
1375661
1375662
1375663
1375664
1375665
1375666
1375667
1375668
1375669
1375680
1375681
1375682
1375683
1375684
1375685
1375686
1375687
1375688
1375689
1375690
1375691
1375692
1375693
1375694
1375695
1375696
1375697
1375698
1375699
1470430
1470431
1471720
1471721
1471722
1471723
1471724
1471725
1471726
1471727
1471728
1471729
1474310
1474311
1474315
1474316
1474317
1474319
1474390
1474391
1474392
1474393
1474394
1474395
1474396
1474397
1474398
1474399
1476532
1476533
1476534
1476576
1476586
1476595
1476596
1476597
1476598
1476684
1476685
1476686
1476687
1479430
1479431
1479432
1479433
1479434
1479435
1479436
1479437
1479438
1479439
1479810
1479811
1479812
1479813
1479814
1479815
1479816
1479817
1479818
1479819
1880430
1880431
1884300
1884301
1884302
1884303
1884304
1884305
1884306
1884307
1884308
1884309
1884310
1884311
1884312
1884313
1884314
1884315
1884316
1884317
1884318
1884319
1884400
1884401
1884402
1884403
1884404
1884405
1884406
1884407
1884408
1884409
1884410
1884411
1884412
1884413
1884414
1884415
1884416
1884417
1884418
1884419
1884450
1884451
1884452
1884453
1884454
1884455
1884456
1884457
1884458
1884459
1750430
1750431
1750440
1750441
1751400
1751401
1751402
1751403
1751404
1751405
1751406
1751407
1751408
1751409
1751410
1751411
1751412
1751413
1751414
1751415
1751416
1751417
1751418
1751419
1751910
1751911
1751912
1751913
1751914
1751915
1751916
1751917
1751918
1751919
1751920
1751921
1751922
1751923
1751924
1751925
1751926
1751927
1751928
1751929
1751940
1751941
1751942
1751943
1751944
1751945
1751946
1751947
1751948
1751949
1751960
1751961
1751962
1751963
1751964
1751965
1751966
1751967
1751968
1751969
1751970
1751971
1751972
1751973
1751974
1751975
1751976
1751977
1751978
1751979
1751994
1751996
1751997
1751998
1751999
1754300
1754301
1754302
1754303
1754304
1754305
1754306
1754307
1754308
1754309
1754310
1754311
1754312
1754313
1754314
1754315
1754316
1754317
1754318
1754319
1754368
1754369
1754370
1754371
1754372
1754373
1754374
1754375
1754376
1754377
1754378
1754379
1754380
1754381
1754382
1754383
1754384
1754385
1754386
1754387
1754388
1754389
1754394
1754395
1754396
1754397
1754398
1754399
1754400
1754401
1754402
1754403
1754404
1754405
1754406
1754407
1754408
1754409
1754410
1754411
1754412
1754413
1754414
1754415
1754416
1754417
1754418
1754419
1754940
1754941
1754942
1754943
1754944
1754945
1754946
1754947
1754948
1754949
1754950
1754951
1754952
1754953
1754954
1754955
1754956
1754957
1754958
1754959
1754960
1754961
1754962
1754963
1754964
1754965
1754966
1754967
1754968
1754969
1754970
1754971
1754972
1754973
1754974
1754975
1754976
1754977
1754978
1754979
1754980
1754981
1754982
1754983
1754984
1754985
1754986
1754987
1754988
1754989
1758120
1758121
1758122
1758123
1758124
1520430
1520431
1524310
1524311
1524312
1524313
1524314
1524315
1524316
1524317
1524318
1524319
1810048
1810049
1810430
1810431
1810440
1810441
1814300
1814301
1814302
1814303
1814304
1814305
1814306
1814307
1814308
1814309
1814310
1814314
1814360
1816680
1816681
1816682
1816683
1816684
1816685
1816686
1816687
1816688
1816689
1818680
1818681
1818682
1818683
1818684
1818685
1818686
1818687
1818688
1818689
1671431
1672170
1672171
1672172
1672173
1672175
1672176
1672177
1672178
1672179
1672180
1672181
1672182
1672183
1672185
1672186
1672187
1672188
1672189
1672190
1672191
1672192
1672193
1672195
1672196
1672197
1672198
1672199
1672200
1672201
1672202
1672203
1672205
1672206
1672207
1672208
1672209
1672230
1672231
1672232
1672233
1672235
1672236
1672237
1672238
1672239
1672245
1672246
1672247
1672248
1672249
1672260
1672261
1672262
1672263
1672264
1672265
1672266
1672267
1672268
1672269
1672270
1672271
1672272
1672273
1672274
1672275
1672276
1672277
1672278
1672279
1672280
1672281
1672282
1672283
1672284
1672285
1672286
1672287
1672288
1672289
1672290
1672291
1672292
1672293
1672294
1672295
1672304
1672324
1672364
1672384
1672400
1672401
1672402
1672403
1672404
1672405
1672406
1672407
1672408
1672409
1672430
1672431
1672440
1672441
1672442
1672443
1672444
1672445
1672446
1672447
1672448
1672449
1672490
1672491
1672492
1672493
1672494
1672495
1672496
1672497
1672498
1672499
1672504
1673430
1673431
1674190
1674191
1674192
1674193
1674194
1674195
1674196
1674197
1674198
1674199
1674200
1674201
1674202
1674203
1674204
1674205
1674206
1674207
1674208
1674209
1674220
1674221
1674223
1674431
1390430
1390431
1390432
1390433
1390439
1394300
1394301
1394302
1394303
1394304
1394305
1394306
1394307
1394308
1394309
1394310
1394311
1394312
1394313
1394315
1394316
1394317
1394318
1394319
1394400
1394401
1394402
1394403
1394404
1394405
1394406
1394407
1394408
1394409
1394410
1394411
1394412
1394413
1394414
1394415
1394416
1394417
1394418
1394419
1394480
1394481
1394482
1394483
1394484
1394485
1394486
1394487
1394488
1394489
1394490
1394491
1394492
1394493
1394494
1394495
1394496
1394497
1394498
1394499
1550000
1550001
1550002
1550003
1550004
1550005
1550006
1550007
1550008
1550009
1550430
1550431
1550440
1550441
1550442
1550443
1550444
1550445
1550446
1550447
1550448
1550449
1550600
1550601
1550605
1552663
1552664
1552665
1552666
1552667
1552680
1552681
1552682
1552683
1552684
1552685
1552686
1552687
1552688
1552689
1554300
1554301
1554309
1554310
1554311
1554312
1554313
1554314
1554315
1554316
1554317
1554318
1554319
1554327
1554328
1554340
1554341
1554345
1554349
1554350
1554351
1554352
1554353
1554354
1554355
1554356
1554357
1554358
1554359
1554360
1554361
1554362
1554363
1554364
1554365
1554366
1554367
1554368
1554369
1554370
1554371
1554372
1554373
1554374
1554375
1554376
1554377
1554378
1554379
1556700
1556701
1556702
1556703
1556704
1556705
1556706
1556707
1556708
1556709
1556710
1556711
1556712
1556713
1556714
1556715
1556716
1556717
1556718
1556719
1556770
1556771
1556772
1556773
1556774
1556775
1556776
1556777
1556870
1556871
1556872
1556873
1556874
1556875
1556876
1556877
1556878
1556879
1556880
1556881
1556882
1556883
1556884
1556885
1556886
1556887
1556888
1556889
1556890
1556891
1556892
1556893
1556894
1556895
1556896
1556897
1556898
1556899
1558410
1558411
1558412
1558413
1558414
1558415
1558416
1558417
1558418
1558419
1558420
1558421
1558422
1558423
1558424
1558425
1558426
1558427
1558428
1558429
1558430
1558431
1558432
1558433
1558434
1558435
1558436
1558437
1558438
1558439
1558440
1558441
1558442
1558443
1558444
1558445
1558446
1558447
1558448
1558449
1559000
1559001
1559002
1559003
1559004
1559005
1559050
1559051
1559052
1559053
1559054
1559055
1559056
1559057
1559058
1559059
1559066
1559067
1559068
1860430
1860431
1860440
1860441
1860442
1860443
1860444
1860445
1860446
1862660
1862661
1862662
1862663
1862664
1862665
1862666
1862667
1862668
1862669
1862670
1862671
1862672
1862690
1862691
1862692
1862693
1862879
1864306
1864307
1864310
1864311
1864312
1864313
1864314
1864315
1864316
1864317
1864318
1864319
1864492
1864493
1864494
1864495
1864496
1864497
1864498
1864499
1868430
1868431
1868634
1868635
1868636
1868637
1868638
1868639
1868640
1868641
1868642
1868643
1868644
1868645
1868646
1868647
1868648
1868649
1868650
1868651
1868652
1868653
1868654
1868660
1868661
1868662
1868663
1868664
1868665
1868666
1868667
1868668
1868669
1930252
1939000
1939620
1300091
1300900
1300901
1300910
1300911
1300912
1300913
1300914
1301091
1301910
1301911
1301912
1301913
1301920
1301921
1301922
1302900
1302901
1302910
1302911
1302912
1302913
1302914
1303900
1303901
1303904
1303910
1303911
1303912
1303913
1303914
1303920
1303921
1303922
1303930
1303931
1303932
1303934
1304136
1304137
1304138
1304139
1304330
1304331
1304332
1304333
1304334
1304430
1304431
1306900
1306901
1306904
1306910
1306911
1306912
1306913
1306914
1306920
1306921
1306924
1307430
1307431
1307432
1307433
1307434
1307435
1307436
1307437
1307438
1307439
1308001
1308002
1308003
1308004
1308680
1308681
1308682
1308683
1308684
1308685
1308686
1308687
1308688
1308689
1308910
1308911
1308912
1308913
1308914
1308940
1308941
1308942
1728900
1450610
1450611
1450612
1450613
1450614
1450615
1452190
1452191
1452192
1452193
1452194
1452195
1452196
1452197
1452198
1452199
1454140
1454141
1457860
1457861
1457862
1457863
1457864
1457865
1457866
1457867
1457868
1457869
1457920
1457921
1457922
1457923
1457924
1457925
1457926
1457927
1457928
1457929
1457930
1457931
1457932
1457933
1457934
1457935
1457936
1457937
1457938
1457939
1457950
1457951
1457952
1457953
1457954
1457955
1457956
1457957
1457958
1457959
1457960
1457961
1457962
1457963
1457964
1457965
1457966
1457967
1457968
1457969
1350080
1350081
1350082
1350085
1350086
1350088
1350089
1350430
1350431
1350432
1350433
1350439
1350440
1350441
1350442
1350443
1350445
1350446
1350447
1350448
1350449
1350470
1350479
1351430
1351431
1351440
1351441
1351446
1351447
1351448
1351449
1357860
1357861
1357862
1357863
1357864
1357865
1357866
1357867
1357868
1357869
1357870
1357871
1357872
1357873
1357874
1357875
1357876
1357877
1357878
1357879
1357880
1357881
1357882
1357883
1357884
1357885
1357886
1357887
1357888
1357889
1357890
1357891
1357892
1357893
1357894
1357895
1357896
1357897
1357898
1357899
1359600
1359601
1359602
1359603
1359604
1359605
1359606
1359607
1359608
1359609
1359610
1359611
1359612
1359613
1359614
1359615
1359616
1359617
1359618
1359619
1359640
1359641
1359642
1359643
1359644
1359645
1359646
1359647
1359648
1359649
1770430
1770431
1774300
1774301
1774302
1774303
1774304
1774305
1774306
1774307
1774308
1774309
1774310
1774311
1774312
1774313
1774314
1774315
1774316
1774317
1774318
1774319
1774340
1774341
1774342
1774343
1774344
1774345
1774346
1774347
1774348
1774349
1776770
1776771
1776772
1776773
1776774
1776775
1776776
1776777
1776778
1776779
1776789
1779000
1779001
1779002
1779003
1779004
1779005
1779006
1779007
1779008
1779009
1590430
1590431
1590440
1590441
1590442
1590443
1590444
1590445
1590446
1590447
1590448
1590449
1594300
1594301
1594302
1594303
1594304
1594305
1594306
1594307
1594308
1594309
1594310
1594311
1594312
1594313
1594314
1594315
1594316
1594317
1594318
1594319
1594400
1594401
1594402
1594403
1594404
1594405
1594406
1594407
1594408
1594409
1594410
1594411
1594412
1594413
1594414
1594415
1594416
1594417
1594418
1594419
1594780
1594781
1594782
1594783
1594784
1594785
1594786
1594787
1594788
1594789
1594800
1594801
1594802
1594803
1594804
1594805
1594806
1594807
1594808
1594809
1594810
1594811
1594812
1594813
1594814
1594815
1594816
1594817
1594818
1594819
1594820
1594821
1594822
1594823
1594824
1594825
1594826
1594827
1594828
1594829
1594830
1594831
1594832
1594833
1594834
1594835
1594836
1594837
1594838
1594839
1594870
1594871
1594872
1594873
1594874
1594875
1594876
1594877
1594878
1594879
1598100
1598101
1598102
1598103
1598104
1598105
1598106
1598107
1598108
1598109
1623252
1623253
1623254
1623256
1623257
1623266
1830430
1830431
1834300
1834301
1834302
1834303
1834304
1834305
1834306
1834307
1834308
1834309
1834310
1834311
1834312
1834313
1834314
1834315
1834316
1834317
1834318
1834319
1500430
1500431
1504300
1504301
1504302
1504303
1504304
1504305
1504306
1504307
1504308
1504309
1504310
1504311
1504312
1504313
1504314
1504315
1504316
1504317
1504318
1504319
1504400
1504401
1504402
1504403
1504404
1504405
1504406
1504407
1504408
1504409
1504410
1504411
1504412
1504413
1504414
1504415
1504416
1504417
1504418
1504419
1504430
1504431
1504432
1504433
1504434
1504435
1504436
1504437
1504438
1504439
1530430
1530431
1530440
1530441
1530442
1530443
1530444
1530445
1530446
1530447
1530448
1532630
1532631
1532640
1532641
1532642
1533060
1533061
1533110
1534430
1534431
1534436
1534437
1535450
1535451
1535452
1535470
1535471
1535472
1535473
1535474
1535475
1535476
1535477
1535478
1535479
1800430
1800431
1800440
1800441
1800442
1800443
1800444
1800445
1800446
1800447
1800448
1800449
1804300
1804301
1804302
1804303
1804304
1804305
1804306
1804307
1804308
1804309
1804310
1804311
1804312
1804313
1804314
1804315
1804316
1804317
1804318
1804319
1804321
1804323
1804333
1804334
1804344
1804353
1804354
1804357
1804358
1804359
1804361
1804363
1804364
1804367
1804368
1804369
1804371
1804376
1804381
1804391
1804396
1808860
1808861
1808862
1808863
1808864
1808865
1808866
1808867
1808868
1808869
1890430
1890431
1890440
1890441
1894300
1894301
1894302
1894303
1894304
1894305
1894306
1894307
1894308
1894309
1894310
1894311
1894312
1894313
1894314
1894315
1894316
1894317
1894318
1894319
1894360
1894361
1894362
1894363
1894364
1894365
1894366
1894367
1894368
1894369
1894390
1894391
1894392
1894393
1894394
1894395
1894396
1894397
1894398
1894399
1894650
1894651
1894652
1894653
1894654
1894655
1894656
1894657
1894658
1894659
1894660
1894661
1894662
1894663
1894664
1894665
1894666
1894667
1894668
1894669
1894670
1894671
1894672
1894673
1894674
1894675
1894676
1894677
1894678
1894679
1950030
1950031
1950032
1950033
1950034
1950035
1950036
1950037
1950038
1950039
1954310
1954311
1954312
1954313
1954314
1954315
1954316
1954317
1954318
1954319
1958012
1360430
1360431
1360432
1360433
1360436
1360439
1360440
1360441
1360442
1360443
1360444
1361070
1361071
1361072
1361073
1361074
1361078
1361079
1361430
1361431
1361440
1361441
1361447
1362078
1362079
1362430
1362431
1362440
1362441
1362446
1362447
1362449
1363050
1363051
1363052
1363053
1363054
1363055
1363056
1363057
1363058
1363059
1363430
1363431
1363440
1363441
1364430
1364431
1364440
1364441
1365430
1365431
1365436
1365437
1365439
1365440
1365441
1365447
1366430
1366431
1366433
1366440
1366441
1366443
1367430
1367431
1368980
1368981
1368982
1368983
1368984
1368985
1369430
1369431
1710895
1712800
1712801
1712802
1712803
1712804
1712805
1712806
1712807
1712808
1712809
1712810
1712811
1712812
1712813
1712814
1712815
1712816
1712817
1712818
1712819
1712820
1712821
1712822
1712823
1712824
1712825
1712826
1712827
1712828
1712829
1712830
1712831
1712832
1712833
1712834
1712835
1712836
1712837
1712838
1712839
1712840
1712841
1712842
1712843
1712844
1712845
1712846
1712847
1712848
1712849
1712850
1712851
1712852
1712853
1712854
1712855
1712856
1712857
1712858
1712859
1713060
1713061
1713062
1713063
1713064
1713065
1713066
1713067
1713068
1713069
1713180
1713181
1713182
1713183
1713184
1713185
1713186
1713187
1713188
1713189
1713430
1713431
1713433
1713434
1713435
1713436
1713437
1713438
1713439
1715060
1715061
1715062
1715063
1715064
1715065
1715066
1715067
1715068
1715069
1715430
1715431
1715433
1715434
1715435
1715436
1715437
1715438
1715439
1716060
1716061
1716062
1716063
1716064
1716066
1716430
1716431
1716433
1716434
1716435
1716436
1716437
1716438
1716439
1717064
1717066
1717430
1717431
1717433
1717434
1717435
1717436
1717437
1717438
1717439
1719180
1719181
1719182
1719183
1719184
1719185
1719186
1719187
1719188
1719189
1719190
1719191
1719192
1719193
1719194
1719195
1719196
1719197
1719198
1719199
1330430
1330431
1330432
1330433
1330439
1331430
1331431
1331439
1332140
1332141
1332154
1332158
1332430
1332431
1332446
1332447
1333154
1333158
1333164
1333165
1333166
1333167
1333168
1333169
1333174
1333175
1333176
1333177
1334140
1334141
1334142
1334143
1334144
1334145
1334146
1334147
1334148
1334149
1334157
1334158
1334159
1334416
1335150
1335154
1335310
1335311
1335314
1335319
1335320
1335324
1335326
1335327
1335329
1335430
1335431
1336430
1336431
1336446
1336447
1336448
1336450
1336451
1336454
1336460
1336461
1336463
1336464
1336468
1336469
1338430
1338431
1338447
1338448
1338449
1339430
1339431
1339447
1339448
1339449
1780430
1780431
1780804
1780805
1780806
1780807
1780808
1780809
1783310
1783311
1783312
1783313
1783314
1783315
1783323
1783330
1783331
1783332
1783333
1783334
1783335
1783336
1783337
1783338
1783339
1784300
1784301
1784302
1784303
1784304
1784305
1784306
1784307
1784308
1784309
1784310
1784311
1784312
1784313
1784314
1784315
1784316
1784317
1784318
1784319
1784330
1784331
1784332
1784333
1784334
1784335
1784336
1784337
1784338
1784339
1784890
1784891
1788710
1788711
1789260
1789261
1789262
1789263
1789264
1789265
1789266
1789267
1789268
1789269
1789270
1789271
1789272
1789273
1789274
1789275
1789276
1789277
1789278
1789279
1789280
1789281
1789282
1789283
1789284
1789285
1789286
1789287
1789288
1789289
1789311
1789312
1789313
1789314
1789315
1789316
1789317
1789318
1789319
1789320
1789321
1789322
1789323
1789324
1789610
1789611
1850430
1850431
1850440
1850441
1850443
1851430
1851431
1851432
1851433
1851434
1851435
1851436
1851437
1851438
1851439
1854300
1854301
1854311
1854312
1854313
1854315
1854316
1854317
1854318
1854319
1854400
1854401
1854402
1854403
1854404
1854405
1854406
1854407
1854408
1854409
1854411
1858430
1858431
1858432
1858433
1858434
1858435
1858436
1858437
1858438
1858439
1560430
1560431
1560440
1560441
1560442
1560443
1560444
1560445
1560446
1560447
1560448
1560449
1564300
1564301
1564302
1564303
1564304
1564305
1564306
1564307
1564308
1564309
1564310
1564311
1564312
1564313
1564314
1564315
1564316
1564317
1564318
1564319
1564349
1564360
1564361
1564362
1564363
1564364
1564370
1564371
1564372
1564373
1564374
1564375
1564389
1566220
1566221
1566222
1566223
1566224
1569430
1569431
1569950
1569955
1569956
1569957
1990430
1990431
1990440
1990441
1990442
1990443
1990444
1990445
1990446
1990447
1990448
1990449
1991720
1991721
1991722
1991723
1991724
1991725
1991726
1991727
1991728
1991729
1994480
1994481
1994482
1994483
1994484
1994485
1994486
1994487
1994488
1994489
1996950
1996951
1996952
1996953
1996954
1996955
1996956
1996957
1996958
1996959
1997580
1997581
1997582
1997583
1997584
1997585
1997586
1997587
1997588
1997589
1999050
1999051
1999052
1999053
1999054
1999055
1999056
1999057
1999058
1999059
1999710
1999712
1999713
1999714
1999715
1999716
1999718
1999719
