1820790
1821490
1827090
1827904
1827905
1827906
1827907
1827908
1827909
1829610
1829620
1510790
1517012
1517013
1517014
1517090
1518000
1518001
1518002
1518003
1518004
1518005
1518006
1340790
1342667
1347900
1760790
1768790
1580790
1587009
1587947
1587993
1587994
1311790
1313390
1317090
1317753
1317754
1317790
1319784
1319790
1730790
1737040
1737900
1737901
1737902
1737903
1737904
1737905
1737906
1737907
1737908
1737909
1660790
1380079
1380790
1387900
1387901
1387902
1387903
1387904
1387905
1387906
1387907
1387908
1387909
1870700
1870790
1872040
1877090
1877900
1877901
1879790
1840790
1847900
1847901
1570790
1571790
1572772
1572773
1577958
1577959
1579760
1579761
1980790
1981517
1987001
1988033
1988034
1988035
1988036
1988065
1650790
1651790
1708844
1708845
1708846
1708847
1320790
1321708
1321790
1323754
1323755
1323756
1323757
1323790
1325706
1325790
1910707
1910790
1914216
1750790
1880790
1882790
1887027
1887028
1887029
1887090
1887900
1887901
1887902
1887903
1887904
1887905
1887906
1887907
1887908
1887909
1889790
1470790
1477990
1477991
1479680
1479690
1479780
1479790
1370790
1375554
1375555
1375556
1375557
1375558
1375559
1375570
1375571
1376728
1376729
1520790
1527900
1527901
1527902
1527903
1527904
1527905
1527906
1527907
1527908
1527909
1529790
1810790
1817900
1817901
1817902
1817903
1817904
1817905
1550790
1557013
1557014
1557015
1557016
1557017
1557900
1557901
1557902
1557903
1860790
1867017
1867900
1867901
1867903
1867904
1867905
1867906
1867907
1867908
1867909
1671790
1672790
1673790
1390790
1397049
1397900
1397901
1397902
1397903
1397904
1397905
1397906
1397907
1397908
1397909
1300628
1303055
1303628
1308610
1309700
1770790
1777900
1777901
1777902
1777903
1777904
1777905
1777906
1777907
1777908
1777909
1590790
1597029
1597987
1597988
1597989
1350790
1351790
1357646
1357647
1452660
1454440
1458305
1458306
1458307
1458308
1458309
1831790
1837900
1837901
1837902
1837903
1837904
1839780
1839790
1500790
1507012
1507013
1507014
1508360
1508361
1508362
1508363
1508364
1508396
1508397
1530790
1534790
1535039
1535049
1538780
1538790
1539790
1800790
1804674
1807900
1807901
1807903
1807904
1807905
1807906
1807907
1807908
1807909
1360790
1361790
1362790
1365790
1366790
1367790
1890790
1897049
1897900
1897901
1897902
1897903
1897904
1897905
1897906
1897907
1897908
1897909
1330790
1331790
1332000
1334000
1336170
1336790
1338790
1339790
1713790
1715790
1716790
1717293
1717790
1717849
1718286
1718790
1719790
1719846
1990790
1994210
1997010
1850790
1857900
1857909
1780790
1787090
1787900
1788740
1789790
1560709
1560790
1567900
1567904
1567905
1567906
1567907
1567908
1567909
1569790
