1352952
1352953
1357820
1357821
1357822
1357823
1357824
1357825
1357826
1357827
1357828
1357829
1452892
1454159
1454655
1459518
1459519
1459520
1459521
1770880
1770882
1778796
1590882
1591175
1592543
1592544
1592545
1596904
1596905
1596920
1596921
1596922
1596923
1596924
1596925
1596926
1596927
1596928
1598756
1598757
1598758
1598788
1598789
1830692
1830693
1830694
1830695
1830696
1830697
1830698
1830699
1831304
1831305
1831306
1831307
1831308
1831309
1831346
1831347
1831348
1831349
1838750
1838751
1838752
1838753
1838754
1838755
1838756
1838757
1838758
1838759
1509698
1509699
1673890
1673891
1673892
1390882
1398702
1398820
1398821
1398822
1398823
1398824
1398825
1398826
1398827
1398828
1398829
1558730
1558731
1558732
1558733
1558734
1558735
1558736
1860882
1866925
1866928
1866929
1303594
1303595
1303596
1309521
1309947
1309948
1309949
1715692
1716692
1717692
1718474
1718692
1718693
1719692
1330882
1331272
1332045
1332497
1333045
1336882
1337882
1338882
1339882
1786920
1786921
1786922
1786923
1787406
1787407
1787427
1787428
1787429
1787498
1787499
1858703
1858704
1858729
1858932
1560882
1568756
1568757
1568758
1569469
1990882
1994882
1996928
1996929
1530882
1533169
1533170
1533434
1536865
1536866
1536867
1536868
1536869
1536882
1536895
1536896
1538882
1539392
1539398
1539480
1539481
1539492
1800882
1808789
1808792
1808815
1808816
1808817
1808818
1808819
1808820
1808821
1890882
1898820
1898821
1898822
1898823
1898824
1360876
1361882
1361940
1362882
1362884
1362885
1362886
1362887
1362889
1730882
1738714
1738728
1738753
1310855
1310882
1311692
1311698
1317069
1318756
1318757
1878820
1878821
1878822
1878823
1878824
1660692
1660693
1660694
1668720
1668729
1380878
1388786
1388787
1828810
1828811
1828812
1828813
1828814
1828815
1828816
1828817
1828818
1828819
1510860
1510861
1510862
1510863
1510864
1518490
1518491
1518492
1518493
1518494
1518495
1518496
1518497
1518498
1760692
1760695
1588753
1588754
1588755
1589440
1589441
1589442
1589443
1589444
1470882
1473686
1473687
1478730
1478731
1478732
1478733
1478734
1478735
1478736
1478737
1478738
1478739
1370862
1375920
1375921
1375922
1375923
1375924
1880692
1880699
1884994
1884995
1884996
1886920
1886921
1886922
1886923
1886924
1886927
1886928
1886929
1750882
1758412
1758710
1758711
1758712
1758713
1758717
1758718
1758721
1758722
1758723
1758725
1758729
1520880
1520881
1520882
1520884
1520885
1520889
1528722
1528763
1810886
1810889
1818369
1818704
1818726
1980692
1981157
1981323
1984468
1984469
1986964
1986965
1986966
1986967
1986990
1986991
1986992
1840690
1840692
1840698
1840699
1846995
1846996
1846997
1846998
1570692
1570693
1570698
1570699
1575890
1575891
1575892
1575893
1575894
1575895
1575896
1575897
1575898
1575899
1320882
1910692
1910882
1918426
1707845
1707846
1707847
