1910505
1910595
1320505
1320506
1320507
1320508
1320509
1320595
1321506
1321507
1321595
1322500
1322595
1322598
1323595
1325500
1325503
1325595
1327505
1327507
1327508
1327595
1327600
1327609
1327694
1327698
1328501
1328503
1328504
1328595
1328599
1329085
1329086
1329088
1329500
1329502
1329505
1329590
1329595
1700480
1700481
1700595
1700600
1700601
1700602
1700603
1700604
1700605
1700606
1700607
1700608
1700609
1701582
1701583
1701584
1701585
1701586
1701587
1701588
1701589
1702540
1702541
1702542
1702543
1702544
1702545
1702546
1702547
1703554
1703555
1703556
1703557
1703558
1704066
1704067
1704068
1704069
1705083
1706188
1706189
1706190
1706191
1706192
1707545
1707546
1707547
1707548
1707549
1707590
1707591
1707592
1707593
1707594
1708580
1708581
1708594
1708595
1708596
1708597
1708598
1708599
1709580
1709581
1709582
1709583
1709584
1709585
1709586
1709587
1709588
1709589
1981399
1983522
1983523
1983524
1983525
1983526
1983527
1983528
1983529
1983544
1983545
1984055
1985900
1985901
1985902
1985903
1985904
1985945
1985950
1985951
1985952
1985953
1985954
1985955
1985956
1985957
1985958
1985959
1989035
1989036
1989037
1989038
1989039
1989043
1650595
1651192
1651195
1651938
1651996
1652002
1652158
1652168
1652188
1652198
1652199
1652219
1652502
1652602
1655090
1655095
1655096
1655097
1655595
1655598
1656185
1656190
1656203
1657595
1571595
1571596
1571597
1571598
1571599
1575090
1575091
1575092
1575093
1575094
1575095
1575096
1575097
1575098
1575099
1575945
1575946
1575947
1575948
1575949
1575950
1575951
1575952
1575953
1575954
1575955
1575956
1575957
1575958
1575959
1575970
1575971
1575972
1575973
1575974
1575975
1575976
1575977
1575978
1575979
1575980
1575981
1575982
1575983
1575984
1575985
1575986
1575987
1575988
1575989
1579038
1579188
1845900
1845901
1845902
1845903
1845904
1845905
1845906
1845907
1845908
1845909
1845950
1845951
1845952
1845953
1845954
1845955
1845956
1845957
1845958
1845959
1848016
1848017
1810052
1810053
1810054
1810505
1810506
1810507
1810508
1810595
1810699
1812060
1812061
1812062
1812063
1812064
1812065
1812066
1812067
1812068
1812069
1812070
1814601
1814602
1814603
1814604
1814605
1814606
1814607
1814608
1814609
1814957
1814958
1814959
1814960
1814961
1814965
1814966
1814967
1814968
1815046
1815047
1815048
1815049
1815050
1815051
1815052
1815053
1815054
1815055
1815056
1815057
1815058
1815059
1815060
1815061
1815091
1815092
1815093
1815094
1815095
1815096
1815097
1815098
1815099
1815913
1815915
1815916
1815917
1815920
1815921
1815922
1815923
1815925
1815926
1815927
1815930
1815931
1815932
1815933
1815935
1815936
1815937
1815950
1815952
1815958
1815959
1815998
1815999
1816090
1816091
1816092
1816093
1816094
1816095
1816096
1816097
1816098
1816099
1525940
1525941
1525942
1525943
1525944
1525945
1525946
1525947
1525948
1525949
1525950
1525951
1525952
1525953
1525954
1525955
1525956
1525957
1525958
1525959
1525970
1525971
1525972
1525973
1525974
1525975
1525976
1525977
1525978
1525979
1526030
1526031
1526032
1526033
1526034
1526035
1526036
1526037
1526038
1526039
1526040
1526041
1526042
1526043
1526044
1526045
1526046
1526047
1526048
1526049
1526070
1526071
1526072
1526073
1526074
1526075
1526076
1526077
1526078
1526079
1526080
1526081
1526082
1526083
1526084
1526085
1526086
1526087
1526088
1526089
1528045
1528046
1528047
1528048
1528049
1528085
1528086
1528087
1528088
1528089
1529450
1529451
1529452
1529453
1529454
1529455
1529456
1529457
1529458
1529459
1470590
1470591
1470592
1470593
1470594
1470595
1470596
1470597
1470598
1470599
1475950
1475951
1475952
1475953
1475954
1475955
1475956
1475957
1475958
1475959
1476015
1476016
1476017
1476018
1476019
1372084
1372085
1372086
1377480
1377481
1377482
1377483
1377484
1377485
1377486
1377487
1377488
1377489
1378880
1378881
1378882
1378883
1378884
1378885
1378886
1379920
1379921
1379922
1379923
1379924
1379945
1379946
1379947
1379948
1379949
1379950
1379951
1379952
1379953
1379954
1379955
1379956
1379957
1379958
1379959
1379985
1379986
1379987
1379988
1379989
1750505
1750506
1750507
1750595
1750604
1750699
1755905
1755913
1755914
1755920
1755921
1755922
1880595
1881595
1881596
1881597
1881598
1881599
1885940
1885941
1885942
1885943
1885944
1885945
1885946
1885947
1885948
1885949
1885950
1885951
1885952
1885953
1885954
1885955
1885956
1885957
1885958
1885959
1885970
1885971
1885972
1885973
1885974
1885975
1885976
1885977
1885978
1885979
1885990
1885991
1885992
1885993
1885994
1885995
1885996
1885997
1885998
1885999
1887620
1887621
1887622
1887623
1887624
1887625
1887626
1887627
1887628
1887629
1887635
1887636
1887637
1887638
1887639
1887645
1887646
1887647
1887648
1887649
1887650
1887651
1887652
1887653
1887654
1887655
1887656
1887657
1887658
1887659
1580500
1580501
1580502
1580503
1580504
1580505
1580506
1580507
1580508
1580509
1580595
1580596
1580597
1580598
1580599
1585945
1585946
1585947
1585948
1585949
1585950
1585951
1585952
1585953
1585954
1585955
1585956
1585957
1585958
1585959
1585970
1585971
1585972
1585973
1585974
1585975
1585976
1585977
1585978
1585979
1586030
1586031
1586032
1586033
1586034
1586035
1586036
1586037
1586038
1586039
1586040
1586041
1586042
1586043
1586044
1586045
1586046
1586047
1586048
1586049
1586050
1586051
1586052
1586053
1586054
1586055
1586056
1586057
1586058
1586059
1586090
1586091
1586092
1586093
1586094
1588070
1588071
1588072
1588073
1588074
1588075
1588076
1588077
1588078
1588079
1588080
1588081
1588082
1588083
1588084
1588085
1588086
1588087
1588088
1588089
1588090
1588091
1588092
1588093
1588094
1588095
1588096
1588097
1588098
1588099
1760595
1760600
1760601
1760602
1760603
1767999
1768935
1768936
1768937
1768947
1768948
1768949
1768967
1768968
1768969
1768996
1340080
1340081
1340082
1340083
1340084
1340085
1340086
1340087
1340088
1340089
1345950
1345951
1345952
1345953
1345954
1345955
1345956
1345957
1345958
1345959
1348920
1348921
1348922
1348923
1348924
1348925
1348926
1348927
1348928
1348929
1348930
1348931
1348932
1348933
1348934
1348935
1348936
1348937
1348938
1348939
1348940
1348941
1348942
1348943
1348944
1348945
1348946
1348947
1348948
1348949
1348950
1348951
1348952
1348953
1348954
1348955
1348956
1348957
1348958
1348959
1348970
1348971
1348972
1348973
1348974
1348975
1348976
1348977
1348978
1348979
1348980
1348981
1348982
1348983
1348984
1348985
1348986
1348987
1348988
1348989
1349045
1510600
1510601
1510602
1510603
1510604
1510605
1510606
1510607
1510608
1510609
1515950
1515951
1515952
1515953
1515954
1515955
1515956
1515957
1515958
1515959
1515970
1515971
1515972
1515973
1515974
1515975
1515976
1515977
1515978
1515979
1515980
1515981
1515982
1515983
1515984
1515985
1515986
1515987
1515988
1515989
1516030
1516031
1516032
1516033
1516034
1516035
1516036
1516037
1516038
1516039
1516040
1516041
1516042
1516043
1516044
1516075
1516076
1516077
1516078
1516079
1825025
1825026
1825027
1825028
1825029
1825040
1825041
1825042
1825043
1825044
1825060
1825061
1825062
1825063
1825064
1825950
1825951
1825952
1825953
1825954
1825955
1825956
1825957
1825958
1825959
1870595
1875040
1875041
1875042
1875043
1875044
1875045
1875046
1875047
1875048
1875049
1875050
1875051
1875052
1875053
1875054
1875055
1875056
1875057
1875058
1875059
1875060
1875061
1875062
1875063
1875064
1875065
1875066
1875067
1875068
1875069
1875940
1875941
1875942
1875943
1875944
1875945
1875946
1875947
1875948
1875949
1875950
1875951
1875952
1875953
1875954
1875955
1875956
1875957
1875958
1875959
1875990
1875991
1875992
1875993
1875994
1875995
1875996
1875997
1875998
1875999
1380590
1380591
1380592
1380593
1380594
1380595
1380596
1380597
1380598
1380599
1380850
1380851
1380852
1380853
1380854
1380855
1385070
1385071
1385072
1385073
1385074
1385075
1385076
1385077
1385078
1385079
1385970
1385971
1385972
1385973
1385974
1385975
1385976
1385977
1385978
1385979
1386070
1386071
1386072
1386073
1386074
1386075
1386076
1386077
1386078
1386079
1660507
1660508
1660509
1660595
1660600
1660601
1660602
1665922
1665923
1665924
1665925
1665926
1665927
1665928
1665929
1665946
1730505
1730506
1730507
1730508
1730595
1730699
1734603
1734604
1734605
1734606
1734607
1734608
1734609
1734645
1734951
1734952
1734953
1734965
1735006
1735007
1735008
1735009
1735016
1735017
1735072
1735073
1735074
1735075
1735076
1735077
1735078
1735079
1735090
1735091
1735092
1735093
1735094
1735095
1735096
1735097
1735098
1735099
1735913
1735920
1735921
1735922
1735930
1735931
1735953
1735954
1735955
1735956
1735957
1735958
1735959
1735971
1735972
1735996
1735997
1735998
1735999
1739988
1310144
1310145
1310146
1310506
1310507
1310508
1310509
1310780
1310781
1310782
1310783
1310784
1310785
1310786
1310787
1310788
1310789
1311070
1311071
1311072
1311073
1311074
1311080
1311081
1311082
1311083
1311085
1311086
1311094
1311095
1311096
1311097
1311098
1311099
1311595
1311599
1312300
1312301
1312302
1312303
1312310
1312311
1312312
1312313
1312446
1312447
1315900
1315901
1315902
1315903
1315904
1315905
1315906
1315907
1315908
1315909
1316391
1316392
1316393
1316394
1316395
1316396
1317801
1317804
1317808
1317809
1317820
1317821
1317832
1317836
1319406
1890030
1890031
1890032
1890033
1890034
1890035
1890036
1890037
1890038
1890039
1890505
1890506
1890507
1890508
1890595
1890609
1890699
1895970
1895971
1895972
1895973
1895974
1895975
1895976
1895977
1895978
1895979
1895980
1895981
1895982
1895983
1895984
1895985
1895986
1895987
1895988
1895989
1895990
1895991
1895992
1895993
1895994
1895995
1895996
1895997
1895998
1895999
1896020
1896021
1896022
1896023
1896024
1896025
1896026
1896027
1896028
1896029
1896030
1896031
1896032
1896033
1896034
1896035
1896036
1896037
1896038
1896039
1896040
1896041
1896042
1896043
1896044
1896045
1896046
1896047
1896048
1896049
1896545
1896548
1896550
1896551
1896552
1896553
1896554
1896555
1896560
1896561
1896562
1896563
1896564
1896565
1896566
1896567
1896568
1896569
1896570
1896571
1896572
1896573
1896574
1896575
1896576
1896577
1896578
1896579
1896586
1896587
1896595
1360070
1360071
1360072
1360073
1360074
1360075
1360076
1360077
1360078
1360079
1361590
1361591
1361592
1361594
1361595
1361596
1361597
1362595
1362596
1362597
1362598
1362599
1362605
1362606
1362607
1362608
1362609
1363690
1363691
1363692
1363693
1363694
1363695
1363696
1363697
1363698
1363699
1364590
1364591
1364592
1364593
1364594
1364595
1364596
1364597
1364598
1364599
1365590
1365591
1365592
1365593
1365594
1365595
1365596
1365597
1365598
1365599
1366590
1366591
1366592
1366593
1366594
1366595
1366596
1366597
1366598
1366599
1367590
1367591
1367592
1367593
1367594
1367595
1367596
1367597
1367598
1367599
1368590
1368591
1368592
1368593
1368594
1950590
1950595
1951741
1951742
1952355
1953335
1953343
1953512
1955905
1955906
1955907
1955908
1955950
1955952
1955953
1955956
1955957
1955958
1800505
1800506
1800507
1800595
1800603
1800604
1800605
1800699
1801650
1801651
1801652
1801653
1801654
1801655
1801656
1801657
1801658
1801659
1801660
1801661
1801662
1801663
1801664
1801665
1801666
1801667
1801668
1801669
1801670
1801671
1801672
1801673
1801674
1801675
1804611
1804612
1804633
1804634
1804635
1804636
1804637
1804638
1804639
1804645
1805080
1805081
1805082
1805083
1805084
1805085
1805086
1805087
1805088
1805089
1805090
1805091
1805092
1805093
1805094
1805095
1805096
1805097
1805098
1805099
1805998
1805999
1806000
1806001
1806002
1806003
1806004
1806005
1806006
1806007
1806008
1806009
1806010
1806520
1806521
1806522
1806523
1806524
1806525
1806526
1806527
1806528
1806529
1806530
1806531
1806532
1806533
1806534
1806535
1806536
1806537
1806538
1806539
1806540
1806541
1806542
1806543
1806544
1806545
1806546
1806547
1806548
1806549
1806550
1806551
1806552
1806553
1806554
1806555
1806556
1806557
1806558
1806559
1806560
1806595
1809405
1809406
1809407
1809408
1809409
1809410
1530500
1530503
1530509
1530595
1530608
1530695
1530696
1533755
1534594
1534595
1534599
1535905
1535930
1535936
1535937
1535938
1535939
1535946
1535947
1535948
1535949
1535950
1535951
1535952
1535953
1535954
1535955
1535956
1535957
1535958
1535959
1535960
1535961
1535962
1535963
1535964
1535965
1535982
1535983
1535985
1535997
1535998
1535999
1537410
1537411
1537412
1537413
1537414
1537415
1537416
1537417
1537418
1537419
1537570
1537571
1537572
1537573
1537574
1537575
1537576
1537577
1537578
1537579
1537580
1537581
1537582
1537583
1537584
1537585
1537586
1537587
1537588
1537589
1537794
1537795
1537796
1537797
1537798
1537799
1539207
1539208
1539209
1539210
1539211
1539212
1539213
1539214
1539215
1539216
1539217
1539218
1539219
1539220
1539221
1539222
1539223
1539224
1539225
1539226
1539227
1539228
1539229
1539244
1539443
1539444
1539595
1539630
1539631
1539632
1539633
1539637
1539638
1539639
1539640
1539641
1539642
1539643
1539644
1539645
1539646
1539647
1539648
1539649
1539650
1539651
1539652
1539653
1539654
1539655
1539656
1539657
1539658
1539659
1539660
1539661
1539662
1539663
1539664
1539665
1539666
1539667
1539668
1539669
1560500
1560504
1560595
1560603
1560608
1560696
1560698
1565905
1565906
1565907
1565908
1565909
1565920
1565921
1565922
1565923
1565947
1565948
1565949
1565950
1565951
1565960
1565970
1565971
1565972
1565985
1565986
1565987
1565988
1566574
1566578
1566595
1566599
1569595
1850595
1855856
1855857
1855858
1855859
1855868
1855869
1855893
1855894
1855895
1855896
1855897
1855898
1855899
1855905
1855947
1855948
1855949
1855951
1855952
1855953
1855954
1855955
1855956
1855957
1855958
1855959
1859448
1859449
1859646
1859647
1859648
1859649
1859650
1859651
1859652
1859655
1859656
1859670
1859671
1859672
1859673
1859675
1859688
1859689
1859954
1859955
1784280
1784281
1784282
1784283
1784284
1784285
1784286
1784287
1784288
1784289
1785028
1785029
1785040
1785041
1785042
1785043
1785044
1785045
1785046
1785047
1785048
1785049
1785090
1785091
1785092
1785093
1785094
1785095
1785096
1785097
1785098
1785099
1785902
1785905
1785913
1785914
1785915
1785928
1785939
1785948
1785965
1785966
1785967
1785980
1785981
1785982
1785983
1785984
1785985
1785986
1785987
1785988
1785989
1788034
1788035
1789186
1789187
1789590
1789595
1990505
1990506
1990507
1990508
1990595
1990609
1990699
1994276
1994277
1994278
1994279
1994280
1994281
1994282
1994283
1994284
1994285
1994286
1994287
1994288
1994289
1995967
1995968
1995969
1995970
1995971
1995972
1995973
1995974
1995975
1995976
1995977
1995978
1995979
1995980
1995981
1995982
1995983
1995984
1995985
1995986
1995987
1995988
1995989
1995994
1995995
1995996
1995997
1995998
1995999
1710133
1712056
1712057
1712058
1713495
1713496
1713497
1713499
1713589
1713590
1713595
1715260
1715261
1715262
1715263
1715265
1715267
1715268
1715269
1715580
1715581
1715582
1715583
1715585
1715586
1715587
1715589
1715590
1715595
1716260
1716261
1716595
1717595
1718586
1718587
1718589
1718590
1718593
1718595
1718597
1718598
1719491
1719496
1719499
1719500
1719507
1719595
1330505
1330506
1330507
1330508
1330595
1330596
1330597
1330598
1330609
1330699
1331374
1331382
1331383
1331387
1331388
1331389
1331496
1331497
1331498
1331499
1332842
1332843
1332850
1332851
1332852
1332853
1332854
1332855
1332856
1332857
1332887
1332888
1332889
1332896
1332897
1332898
1332899
1333847
1333848
1333849
1333856
1333857
1333858
1333859
1334044
1334045
1334046
1334850
1334851
1334852
1334853
1334854
1334855
1334856
1334857
1335842
1335843
1335854
1335855
1335856
1335857
1335858
1335859
1336595
1336596
1336597
1336598
1337595
1337599
1337696
1338595
1339402
1339407
1339506
1339509
1339595
1300480
1300481
1300482
1300483
1300484
1300485
1300486
1300487
1300488
1300489
1301048
1301581
1301582
1301583
1301584
1301585
1301586
1301587
1301588
1302480
1302481
1302482
1302483
1302484
1302485
1302486
1302487
1302488
1302489
1303094
1303097
1303098
1303099
1304454
1304455
1304456
1304595
1304696
1304697
1304698
1304699
1305532
1305533
1305546
1305547
1305560
1305561
1305562
1305563
1305564
1305565
1305566
1305567
1305580
1305581
1305595
1306702
1306703
1306704
1306705
1306706
1306707
1306708
1306709
1306712
1306713
1306714
1306715
1306716
1306717
1306718
1306719
1306747
1306748
1306749
1307490
1307491
1307492
1307493
1307495
1307496
1307497
1307498
1307499
1930609
1720130
1726830
1726831
1726832
1726835
1726837
1726838
1726839
1726849
1726851
1726853
1726854
1726855
1726856
1726857
1727876
1390059
1390505
1390506
1390507
1390508
1390595
1390596
1390597
1390598
1390609
1390699
1395970
1395971
1395972
1395973
1395974
1395975
1395976
1395977
1395978
1395979
1395980
1395981
1395982
1395983
1395984
1395985
1395986
1395987
1395988
1395989
1395990
1395991
1395992
1395993
1395994
1395995
1395996
1395997
1395998
1395999
1396020
1396021
1396022
1396023
1396024
1396025
1396026
1396027
1396028
1396029
1396030
1396031
1396032
1396033
1396034
1396035
1396036
1396037
1396038
1396039
1396040
1396041
1396042
1396043
1396044
1396045
1396046
1396047
1396048
1396049
1671200
1671201
1671595
1672595
1673595
1674027
1860500
1860504
1860595
1860603
1860605
1860608
1860695
1860696
1860698
1864994
1864995
1864996
1864997
1865029
1865059
1865067
1865090
1865091
1865900
1865901
1865902
1865903
1865904
1865905
1865906
1865907
1865908
1865909
1865940
1865950
1865951
1865952
1865953
1865954
1865955
1865956
1865957
1865958
1865959
1865970
1865971
1865972
1865973
1865974
1865980
1865981
1865982
1865983
1865984
1865990
1865991
1865992
1865993
1865994
1869470
1869471
1869472
1869473
1869474
1869475
1869564
1869565
1869566
1869834
1869835
1869836
1869837
1869838
1869839
1550595
1550695
1555900
1555901
1555902
1555903
1555904
1555905
1555906
1555907
1555908
1555909
1555910
1555911
1555912
1555913
1555914
1555915
1555916
1555917
1555918
1555919
1555950
1555951
1555952
1555953
1555954
1555955
1555956
1555957
1555958
1555959
1621595
1505950
1505951
1505952
1505953
1505954
1505955
1505956
1505957
1505958
1505959
1505970
1505971
1505972
1505973
1505974
1505975
1505976
1505977
1505978
1505979
1505980
1505981
1505982
1505983
1505984
1505985
1505986
1505987
1505988
1505989
1506045
1506046
1506047
1506048
1506049
1506060
1506061
1506062
1506063
1506064
1506080
1506081
1506082
1506083
1506084
1506085
1506086
1506087
1506088
1506089
1506090
1506091
1506092
1506093
1506094
1506095
1506096
1506097
1506098
1506099
1508040
1508041
1508042
1508043
1508044
1831460
1831461
1831462
1831463
1831464
1831465
1831466
1831467
1831468
1831469
1835050
1835051
1835052
1835053
1835054
1835055
1835056
1835057
1835058
1835059
1835070
1835071
1835072
1835073
1835074
1835075
1835076
1835077
1835078
1835079
1835940
1835941
1835942
1835943
1835944
1835945
1835946
1835947
1835948
1835949
1835950
1835951
1835952
1835953
1835954
1835955
1835956
1835957
1835958
1835959
1835980
1835981
1835982
1835983
1835984
1835985
1835986
1835987
1835988
1835989
1839620
1839621
1839622
1839623
1839624
1350500
1350501
1350502
1350503
1350504
1350505
1350506
1350507
1350508
1350509
1350590
1350591
1350592
1350593
1350594
1350595
1350596
1350597
1350598
1350599
1350600
1350601
1350602
1350603
1350604
1350605
1350606
1350607
1350608
1350609
1350690
1350691
1350692
1350693
1350694
1350695
1350696
1351400
1351401
1351402
1351503
1351504
1351505
1355902
1355903
1355904
1355905
1355906
1355907
1355908
1355936
1355937
1355940
1355941
1355942
1355950
1355951
1355952
1355953
1355954
1355955
1355956
1355957
1355958
1355959
1355962
1355963
1355964
1359910
1359911
1359912
1359913
1359914
1359915
1359916
1359917
1359920
1359921
1359922
1359923
1359924
1359925
1359926
1359927
1359928
1359929
1359970
1359971
1359972
1359973
1359974
1359975
1359976
1359977
1359978
1359979
1359993
1359994
1359998
1359999
1452575
1452576
1452577
1452578
1452579
1452594
1452595
1454403
1454415
1454416
1454946
1454947
1454948
1458290
1458291
1458292
1458293
1458294
1458295
1458296
1458297
1458298
1458299
1590500
1590501
1590502
1590503
1590504
1590505
1590506
1590507
1590508
1590509
1590590
1590591
1590592
1590593
1590594
1590595
1590596
1590597
1590598
1590599
1590600
1590601
1590602
1590603
1590604
1590605
1590606
1590607
1590608
1590609
1595950
1595951
1595952
1595953
1595954
1595955
1595956
1595957
1595958
1595959
1595985
1595986
1595987
1595988
1595989
1595995
1595996
1595997
1595998
1595999
1596040
1596041
1596042
1596043
1596044
1596055
1596056
1596057
1596058
1596059
1596070
1596071
1596072
1596073
1596074
1596075
1596076
1596077
1596078
1596079
1598000
1598001
1598002
1598003
1598004
1598005
1598006
1598007
1598008
1598009
1598030
1598031
1598032
1598033
1598040
1598041
1598042
1598043
1598044
1598045
1598046
1598047
1598048
1598049
1598590
1598591
1598592
1598593
1598594
1598595
1598596
1598597
1598598
1598599
1770463
1770464
1770465
1770466
1770505
1770506
1770507
1770508
1770595
1770604
1770605
1770606
1770607
1770608
1770695
1770699
1772060
1772061
1772062
1772063
1772064
1772065
1774404
1774410
1774411
1774412
1774413
1774414
1774415
1774416
1774417
1774418
1774419
1774600
1774601
1774602
1775002
1775003
1775004
1775005
1775006
1775007
1775008
1775009
1775010
1775048
1775049
1775050
1775051
1775052
1775053
1775054
1775055
1775056
1775057
1775070
1775071
1775072
1775073
1775074
1775075
1775076
1775077
1775078
1775079
1775080
1775081
1775082
1775083
1775084
1775085
1775086
1775087
1775088
1775089
1775090
1775091
1775092
1775093
1775094
1775095
1775096
1775097
1775098
1775099
1775870
1775871
1775872
1775875
1775876
1775877
1775879
1775940
1775941
1775942
1775944
1775945
1775950
1775951
1775952
1775953
1775954
1775955
1775963
1775964
1775965
1775974
1775989
1775996
1775997
1775998
1775999
