1990774
1990780
1990789
1997620
1997621
1997622
1997623
1997624
1997625
1997626
1997627
1997628
1997629
1997630
1997631
1997632
1997633
1997634
1997740
1997741
1997742
1997743
1997744
1997745
1997746
1997747
1997748
1997749
1999447
1999460
1999461
1999462
1999463
1850774
1850784
1852975
1852976
1852977
1852978
1857740
1857741
1857742
1857743
1857744
1857988
1858741
1858742
1858743
1858744
1858746
1858747
1858748
1858984
1780774
1780784
1784015
1784016
1784017
1784040
1787724
1787737
1787738
1787739
1787740
1787741
1787747
1787831
1787832
1787833
1787840
1787841
1787842
1788048
1789117
1789774
1560774
1560784
1567740
1567741
1567742
1567743
1567744
1567745
1567746
1567747
1567748
1567749
1569774
1330774
1330784
1331764
1331774
1331784
1332484
1332488
1334764
1336760
1336764
1336787
1337741
1337744
1339784
1360774
1360784
1361774
1361784
1362774
1362784
1363506
1363507
1363508
1363509
1363510
1363511
1364774
1364784
1364944
1365774
1365784
1365964
1366774
1366784
1366944
1366964
1367774
1367784
1368774
1368784
1890774
1893483
1893484
1897740
1897741
1897742
1897743
1897744
1897745
1897746
1897747
1897748
1897749
1897848
1897849
1530774
1800774
1800784
1800789
1807060
1807061
1807062
1807063
1807064
1807065
1807066
1807067
1807068
1807069
1807474
1807495
1807496
1807497
1807498
1807499
1807701
1807740
1807741
1807742
1807743
1807744
1807745
1807746
1807747
1807748
1807749
1807806
1807807
1807808
1807809
1830774
1830784
1837640
1837641
1837642
1837643
1837644
1837645
1837646
1837647
1837648
1837649
1837740
1837741
1837742
1837743
1837744
1837745
1837746
1837747
1837748
1837749
1837840
1837841
1837842
1837843
1837844
1837845
1837846
1837847
1837848
1837849
1500774
1500784
1507740
1507741
1507742
1507743
1507744
1507745
1507746
1507747
1507748
1507749
1507811
1507812
1507813
1507814
1507815
1507816
1507817
1770774
1770784
1777207
1777208
1777209
1777473
1777474
1777610
1777611
1777740
1777741
1777742
1777743
1777744
1777745
1777746
1777747
1777748
1777749
1590774
1350774
1350784
1351754
1351764
1351774
1351784
1355704
1355714
1355724
1355734
1355744
1355754
1355764
1355774
1355784
1355794
1355804
1355824
1355834
1452774
1454524
1459120
1459121
1459122
1459123
1459124
1459125
1459126
1459127
1459128
1459129
1720084
1720085
1300597
1300598
1300694
1302597
1302598
1302694
1303684
1303694
1308774
1308794
1308798
1309774
1309784
1309788
1309794
1550774
1550784
1550787
1557840
1557841
1860774
1860784
1864944
1864948
1867740
1867741
1867742
1867743
1867744
1867745
1867746
1867747
1867748
1867749
1390774
1390784
1397740
1397741
1397742
1397743
1397744
1397745
1397746
1397747
1397748
1397749
1397840
1397841
1397842
1397843
1397844
1397845
1397846
1397847
1397848
1397849
1520774
1520784
1527740
1527741
1527742
1527743
1527744
1527745
1527746
1527747
1527748
1527749
1527774
1527840
1527841
1527842
1527843
1527844
1527845
1527846
1527847
1527848
1527849
1810774
1810784
1817250
1817251
1817252
1817637
1817638
1817639
1817677
1817678
1817679
1817740
1817741
1817742
1817743
1817744
1817745
1817746
1817747
1817748
1817749
1817840
1817841
1817842
1817843
1817844
1817845
1817846
1817847
1817848
1817849
1750774
1750784
1757707
1757733
1757739
1757747
1757774
1757784
1757794
1757795
1757796
1757826
1757827
1757828
1757829
1759560
1759561
1759562
1759563
1759564
1759565
1880774
1880784
1887740
1887741
1887742
1887743
1887744
1887745
1887746
1887747
1887748
1887749
1887844
1887845
1887846
1887847
1887848
1887849
1888844
1470774
1470784
1473620
1473621
1473637
1473638
1477704
1477714
1477743
1477744
1479530
1479531
1479532
1479533
1479534
1479535
1479536
1479537
1479538
1479539
1479540
1479541
1479542
1479543
1479774
1370774
1370784
1373740
1373741
1373742
1373743
1373744
1373745
1373746
1373747
1373748
1373749
1373780
1373781
1373782
1373783
1373784
1373785
1373786
1373787
1373788
1373789
1376804
1376814
1376824
1378804
1378814
1378824
1378834
1320774
1320784
1321774
1326374
1326376
1326386
1329774
1329784
1910774
1912730
1912731
1912732
1912733
1912734
1912735
1912736
1912737
1912738
1912739
1912740
1912741
1912742
1912743
1912744
1912745
1912746
1912747
1912748
1912749
1912750
1912751
1912752
1912753
1912754
1912755
1912756
1912757
1912758
1912759
1912760
1912761
1912762
1912763
1912764
1912765
1912766
1912767
1912768
1912769
1917200
1917201
1917202
1917203
1917204
1917205
1917206
1917207
1917208
1917209
1917210
1917211
1917212
1917213
1917214
1917215
1917216
1917217
1917218
1917219
1917740
1917741
1917742
1917743
1917744
1917745
1917746
1917747
1917748
1917749
1840077
1840670
1840671
1840672
1840774
1847740
1847741
1847742
1847743
1847744
1847745
1847746
1847747
1847748
1847749
1570774
1571774
1572374
1572384
1572394
1577740
1577741
1577742
1577743
1577744
1577745
1577746
1577747
1577748
1577749
1577842
1577843
1577844
1577845
1577846
1577847
1577848
1577849
1980774
1980783
1981393
1987704
1987740
1987748
1987749
1989774
1989775
1989780
1989781
1989782
1650774
1660774
1667481
1667484
1667499
1667724
1667725
1667754
1667755
1667756
1667971
1380774
1380784
1387740
1387741
1387742
1387743
1387744
1387745
1387746
1387747
1387748
1387749
1387840
1387841
1387842
1387843
1387844
1387845
1387846
1387847
1387848
1387849
1870774
1870784
1877501
1877502
1877503
1877504
1877540
1877541
1877542
1877543
1877544
1877545
1877546
1877547
1877548
1877549
1877740
1877741
1877742
1877743
1877744
1877745
1877746
1877747
1877748
1877749
1877840
1877841
1877842
1877843
1877844
1877845
1877846
1877847
1877848
1877849
1877884
1311474
1311774
1312354
1313274
1319758
1319774
1730774
1730784
1734458
1734459
1737484
1737485
1737626
1737627
1737747
1737748
1737749
1344483
1344484
1345740
1345741
1345742
1345743
1345744
1345745
1345746
1345747
1345748
1345749
1347140
1347141
1347142
1347143
1347144
1347145
1347146
1347147
1347148
1347149
1347195
1347196
1347197
1347198
1347199
1348140
1348141
1348142
1348143
1348144
1348145
1348146
1348147
1348148
1348149
1349537
1760774
1760784
1767704
1767707
1767723
1767731
1767748
1768721
1768738
1768744
1768754
1768774
1580774
1580784
1587805
1587806
1587807
1587808
1587809
1587840
1587841
1587842
1587843
1587844
1587845
1587846
1820774
1820784
1827609
1827640
1827641
1827642
1827643
1827644
1827645
1827646
1827647
1827648
1827649
1827660
1827740
1827741
1827742
1827743
1827744
1827745
1827746
1827747
1827748
1827749
1827800
1827801
1827802
1827803
1827804
1827805
1827806
1827807
1827808
1827809
1827840
1827841
1827842
1827843
1827844
1827845
1827846
1827847
1827848
1827849
1510774
1510784
1517740
1517741
1517742
1517743
1517744
1517745
1517764
1517765
1517766
1517767
1517768
1517769
