1650147
1650250
1650251
1650252
1650253
1650254
1650256
1650257
1650258
1650259
1650364
1650701
1650702
1650874
1651025
1651383
1651489
1651819
1651902
1652026
1652041
1652044
1652105
1652125
1652135
1653402
1653501
1653508
1653825
1655025
1655970
1980505
1980514
1980515
1980516
1980517
1980518
1981222
1981460
1981640
1981652
1981653
1981654
1981658
1982260
1982261
1982262
1982263
1982264
1982265
1982266
1982267
1982268
1982269
1982500
1982501
1982502
1982503
1982504
1982505
1982506
1982507
1982508
1982509
1982540
1982580
1982581
1982700
1982701
1984454
1984455
1984456
1984458
1984820
1984834
1984838
1985005
1985006
1985007
1985008
1985009
1985040
1985041
1985042
1985043
1985044
1985070
1985071
1985080
1985081
1985082
1985083
1985084
1985085
1985086
1985087
1985088
1985089
1985140
1985280
1985281
1985282
1985283
1985284
1985285
1985286
1985287
1985288
1985289
1989549
1989559
1989585
1989586
1989587
1989588
1989589
1989990
1989991
1989992
1989993
1989994
1989995
1989996
1989998
1989999
1840250
1840251
1840252
1840253
1840254
1840255
1840256
1840257
1840258
1840259
1842532
1842534
1842535
1842536
1842539
1842540
1842541
1842542
1842543
1842544
1842547
1842568
1842569
1842570
1842571
1842572
1842573
1842574
1842575
1842576
1842597
1842599
1845200
1845202
1845204
1845206
1845207
1845208
1845209
1845210
1845211
1845212
1845213
1845214
1845215
1845216
1845217
1845218
1845219
1845220
1845221
1845223
1845224
1845225
1845226
1845227
1845228
1845229
1845234
1845235
1845236
1845237
1845238
1845244
1845254
1845260
1845280
1845281
1845282
1845283
1845284
1845285
1845286
1845287
1845288
1845289
1845290
1845291
1845292
1845293
1845294
1845295
1845296
1845297
1845298
1845299
1846860
1846861
1846862
1846863
1846864
1846865
1846866
1846867
1846868
1846869
1846870
1846871
1846872
1846873
1846874
1846875
1846876
1846877
1846878
1846879
1846880
1846881
1846882
1846883
1846884
1846885
1846886
1846887
1846888
1846889
1846890
1846891
1846892
1846893
1846894
1846895
1846896
1846897
1846898
1846899
1849060
1849061
1849062
1849063
1849064
1849065
1849066
1849067
1849068
1849069
1849070
1849240
1849241
1849243
1849245
1849246
1849247
1849248
1849249
1570518
1571514
1571515
1571516
1571517
1571518
1571519
1572060
1572061
1572062
1572080
1572081
1572082
1572290
1572291
1572292
1572487
1572488
1572489
1575176
1575182
1575183
1575184
1575185
1575186
1575187
1575188
1579424
1579427
1579428
1579429
1321800
1321801
1321802
1321803
1321804
1321805
1321806
1321807
1321808
1321809
1321848
1321849
1321888
1321889
1322200
1322201
1322202
1322203
1322204
1322205
1322206
1322207
1322208
1322209
1322243
1322244
1322272
1322273
1322274
1322275
1322276
1322277
1322278
1322279
1323640
1323641
1323650
1323651
1323652
1323653
1323654
1323655
1323656
1323657
1323658
1323659
1324520
1324521
1324522
1324523
1324524
1324525
1324526
1324527
1324528
1324529
1324580
1324581
1324582
1324583
1324584
1324585
1324586
1324587
1324588
1324589
1325526
1325527
1325528
1325529
1326070
1326071
1326072
1326073
1326074
1326075
1326076
1326077
1326078
1326079
1326080
1326081
1326082
1326083
1326084
1326085
1326086
1326087
1326088
1326090
1326091
1326092
1326093
1326094
1326095
1326096
1326097
1326098
1326099
1327044
1327045
1327070
1327071
1327072
1327073
1327074
1327075
1327080
1327081
1327082
1327083
1327084
1327085
1327086
1327087
1327088
1327089
1327660
1327661
1327662
1327663
1327664
1327665
1327666
1327667
1327668
1329126
1329127
1329128
1329129
1910250
1910251
1910252
1700158
1700250
1700251
1700252
1700253
1700254
1700255
1700256
1700257
1700258
1700259
1700528
1700610
1700611
1700612
1700613
1700614
1700653
1700654
1700945
1701628
1701629
1701630
1701631
1701632
1701633
1701634
1701635
1701636
1701637
1701638
1701639
1701640
1701641
1702500
1702501
1702502
1702503
1702504
1702505
1702506
1702507
1702508
1702509
1702630
1702631
1702632
1702633
1702634
1702635
1702636
1702637
1702638
1702639
1702640
1703761
1703762
1703763
1703764
1703765
1703766
1703767
1703768
1703769
1703770
1704887
1704888
1704889
1705028
1705065
1705125
1705162
1705222
1705238
1705265
1705361
1705362
1705525
1705610
1705661
1705725
1705765
1705819
1705832
1705847
1706844
1706845
1706846
1706847
1706848
1706849
1706850
1706851
1706852
1706853
1706854
1706855
1706856
1706857
1706858
1706859
1706860
1706861
1706862
1706863
1706864
1706865
1706866
1706867
1706868
1706869
1706870
1706871
1706872
1706873
1707150
1707151
1707152
1707153
1707154
1707155
1707156
1707157
1707158
1707159
1707250
1707251
1707252
1707253
1707254
1707255
1707256
1707257
1707258
1707259
1707500
1707501
1707502
1707503
1707504
1707505
1707506
1707507
1707508
1707509
1707510
1707511
1707512
1707513
1707514
1707515
1707516
1707517
1707518
1707519
1707520
1707521
1707522
1707523
1707524
1707525
1707526
1707527
1707528
1707529
1709250
1709251
1709252
1709253
1709254
1709255
1709256
1709257
1709258
1709259
1709541
1709542
1709543
1709554
1709555
1709556
1709557
1709558
1709559
1470514
1470515
1470516
1470517
1470518
1470519
1475106
1475107
1475108
1475109
1475120
1475121
1475122
1475123
1475124
1475125
1475126
1475127
1475160
1475161
1475162
1475163
1475164
1475165
1475166
1475167
1475168
1475169
1475170
1475171
1475172
1475173
1475174
1475175
1475176
1475177
1475178
1475179
1475180
1475181
1475182
1475183
1475184
1475185
1475186
1475187
1475188
1475189
1475190
1475191
1475192
1475193
1475194
1475195
1475196
1475197
1475198
1475199
1476084
1476088
1476186
1476187
1476244
1476288
1476289
1476290
1476291
1476292
1476293
1476294
1476295
1476296
1476297
1476298
1476299
1476551
1476552
1370140
1370145
1370146
1370147
1370158
1370514
1370515
1370516
1370517
1370518
1370519
1373918
1373919
1377030
1377031
1377032
1377033
1377034
1377050
1377051
1377052
1377053
1377054
1377055
1377056
1377057
1377058
1377059
1377060
1377061
1377062
1377063
1377064
1377065
1377066
1377067
1377068
1377069
1377070
1377071
1377072
1377073
1377074
1377075
1377076
1377077
1377078
1377079
1377080
1377081
1377082
1377083
1377084
1377085
1377086
1377087
1377088
1377089
1377090
1377091
1377092
1377093
1377094
1377095
1377096
1377097
1377098
1377099
1377640
1377641
1377650
1377651
1377652
1377653
1377654
1377655
1377656
1377657
1377660
1377661
1377662
1377663
1377664
1377665
1377666
1377667
1377668
1377669
1880158
1880159
1880514
1880515
1880516
1880517
1880518
1880519
1881621
1885100
1885101
1885102
1885103
1885104
1885105
1885106
1885107
1885108
1885109
1885110
1885111
1885112
1885113
1885114
1885115
1885116
1885117
1885118
1885119
1885160
1885161
1885162
1885163
1885164
1885165
1885166
1885167
1885168
1885169
1885170
1885171
1885172
1885173
1885174
1885175
1885176
1885177
1885178
1885179
1885180
1885181
1885182
1885183
1885184
1885185
1885186
1885187
1885188
1885189
1885190
1885191
1885192
1885193
1885194
1885195
1885196
1885197
1885198
1885199
1885200
1885201
1885202
1885203
1885204
1885205
1885206
1885207
1885208
1885209
1886084
1886094
1886095
1886096
1888800
1888811
1750144
1750250
1750251
1750252
1750253
1750254
1750255
1751250
1751251
1751252
1751253
1751254
1751255
1751256
1751257
1751258
1751259
1755101
1755102
1755103
1755104
1755105
1755106
1755107
1755108
1755109
1755112
1755113
1755114
1755115
1755116
1755117
1755118
1755119
1755120
1755121
1755122
1755123
1755124
1755125
1755126
1755127
1755128
1755129
1755140
1755141
1755142
1755143
1755144
1755145
1755146
1755147
1755148
1755149
1755150
1755151
1755152
1755153
1755191
1755192
1755197
1755198
1755199
1755200
1755201
1755202
1755203
1755204
1755205
1755206
1755207
1755208
1755209
1755210
1755211
1755212
1755213
1755214
1755215
1755216
1755217
1755218
1755219
1755220
1755223
1755224
1755225
1755226
1755227
1755228
1755229
1755232
1755233
1755234
1755235
1755236
1755237
1755238
1755239
1755240
1755241
1755242
1755243
1755280
1755281
1755282
1755283
1755284
1755285
1755286
1755287
1755288
1755289
1755290
1755291
1755292
1755293
1755294
1755295
1755296
1755297
1755298
1755299
1755850
1755851
1755852
1755853
1755854
1755855
1755856
1755857
1755858
1755859
1755860
1755861
1755862
1755863
1755864
1755865
1755866
1755867
1755868
1755869
1755870
1755871
1755884
1755885
1755886
1755887
1755888
1755889
1520514
1520515
1520516
1520517
1520518
1520519
1524021
1524022
1524023
1524024
1525095
1525096
1525097
1525098
1525099
1525170
1525171
1525172
1525173
1525174
1525175
1525176
1525177
1525178
1525179
1525180
1525181
1525182
1525183
1525184
1525185
1525186
1525187
1525188
1525189
1525245
1525246
1525247
1525248
1525249
1526140
1526141
1526142
1526143
1526144
1526145
1526146
1526147
1526148
1526149
1526180
1526181
1526182
1526183
1526184
1526185
1526186
1526187
1526188
1526189
1529550
1529551
1529552
1529553
1529554
1529555
1529556
1529557
1529558
1529559
1529570
1529571
1529572
1529573
1529574
1529575
1529576
1529577
1529578
1529579
1529835
1529836
1529837
1529838
1529839
1810060
1810061
1810062
1810158
1810159
1810514
1810515
1810516
1810517
1810518
1810519
1811290
1811291
1811292
1811293
1811294
1811295
1811296
1811297
1811298
1811299
1811400
1811401
1811402
1811403
1811404
1811445
1811446
1811447
1811448
1811449
1811470
1811471
1811472
1811480
1811492
1811512
1811513
1811514
1811515
1811516
1811517
1811518
1811519
1811546
1811547
1811560
1811561
1811562
1811564
1811588
1811880
1811881
1811882
1811883
1811884
1811885
1811899
1812010
1812011
1812012
1812013
1812014
1812015
1812016
1812017
1812018
1812019
1813648
1813649
1813665
1813666
1813667
1813668
1813684
1813685
1813686
1813687
1813688
1813689
1813690
1815100
1815101
1815102
1815103
1815160
1815161
1815162
1815163
1815164
1815165
1815166
1815167
1815168
1815169
1815192
1815193
1816800
1816801
1816802
1816803
1816804
1816805
1816806
1816807
1816808
1816809
1816810
1816811
1816840
1816841
1816842
1820508
1820509
1820514
1820515
1820516
1820517
1820518
1820519
1824878
1824879
1825180
1825181
1825182
1825183
1825184
1825185
1825186
1825187
1825188
1825189
1825190
1825191
1825192
1825193
1825194
1825195
1825196
1825197
1825198
1825199
1825200
1825201
1825202
1825203
1825204
1825205
1825206
1825207
1825208
1825209
1826000
1826001
1826002
1826003
1826004
1826005
1826006
1826007
1826008
1826009
1826040
1826041
1826114
1826192
1826193
1826194
1826260
1826261
1826262
1826263
1826264
1510514
1510515
1510516
1510517
1510518
1510519
1515050
1515051
1515052
1515053
1515054
1515055
1515056
1515057
1515058
1515059
1515060
1515061
1515062
1515063
1515064
1515065
1515066
1515067
1515068
1515069
1515180
1515181
1515182
1515183
1515184
1515185
1515186
1515187
1515188
1515189
1516145
1516146
1516147
1516148
1516149
1518980
1518981
1518982
1518983
1518984
1519045
1519046
1519047
1519048
1519049
1519575
1519576
1519577
1519578
1519579
1519580
1519581
1519582
1519583
1519584
1519585
1519586
1519587
1519588
1519589
1519590
1519591
1519592
1519593
1519594
1519595
1519596
1519597
1519598
1519599
1760154
1760155
1760156
1760250
1760251
1760252
1760253
1760254
1760255
1761250
1761251
1761252
1761253
1761254
1761255
1761256
1761257
1761258
1761259
1762528
1762590
1762591
1762592
1762593
1762594
1762595
1762596
1762597
1762598
1762599
1762600
1762601
1762602
1762603
1762604
1762605
1762606
1762607
1762608
1762609
1762610
1762611
1762612
1762613
1762614
1762615
1762616
1762617
1762618
1762619
1762620
1762621
1762622
1762623
1762624
1762625
1762626
1762627
1762628
1762629
1762630
1762631
1762632
1762633
1762634
1762635
1762636
1762637
1762638
1762639
1762670
1762671
1762672
1762673
1762674
1762675
1762676
1762677
1762678
1762679
1762680
1762681
1762682
1762683
1762684
1762685
1762686
1762687
1762688
1762689
1762690
1762691
1762692
1762693
1762694
1762695
1764900
1764901
1764902
1764903
1764904
1764905
1764906
1764907
1764908
1764909
1764910
1764911
1764912
1764913
1764914
1764915
1764916
1764917
1764918
1764919
1764920
1764921
1764922
1764923
1764924
1764925
1764926
1764927
1764928
1764929
1580514
1580515
1580516
1580517
1580518
1580519
1585050
1585051
1585052
1585053
1585054
1585055
1585056
1585057
1585058
1585059
1585060
1585061
1585062
1585063
1585064
1585065
1585066
1585067
1585068
1585069
1585070
1585071
1585072
1585073
1585074
1585075
1585076
1585077
1585078
1585079
1585180
1585181
1585182
1585183
1585184
1585185
1585186
1585187
1585188
1585189
1585290
1585291
1585292
1585293
1585294
1586180
1586181
1586182
1589580
1589581
1589582
1589583
1589584
1589585
1589586
1589587
1589588
1589589
1589590
1589591
1589592
1589593
1589594
1589595
1589596
1589597
1589598
1589599
1589644
1589645
1340005
1340006
1340007
1340190
1340191
1340192
1340193
1340194
1340195
1340196
1340197
1340198
1340199
1340410
1340411
1340412
1340413
1340414
1340415
1340416
1340417
1340580
1340581
1340582
1340583
1340584
1340585
1340586
1340587
1340588
1340589
1344128
1344132
1345180
1345181
1345182
1345183
1345184
1345185
1345186
1345187
1345188
1345189
1345190
1345191
1345192
1345193
1345194
1730148
1730158
1730159
1730250
1730251
1730252
1730253
1730254
1730255
1730256
1730257
1730258
1730259
1731111
1731204
1731214
1731223
1731224
1731225
1731226
1731227
1731228
1731229
1731230
1731418
1731419
1731420
1731440
1731441
1731442
1731443
1731444
1731445
1731480
1731481
1731482
1731483
1731484
1731485
1731486
1731487
1731488
1731489
1731490
1731495
1731496
1731497
1731498
1731499
1731544
1732154
1732164
1732610
1732611
1732612
1732613
1732700
1732708
1732709
1732771
1732772
1732773
1732775
1732776
1732777
1732778
1732779
1732785
1732786
1732787
1732788
1732789
1732790
1732798
1732799
1734270
1735100
1735101
1735103
1735104
1735175
1735176
1735177
1735178
1735179
1735240
1735497
1736180
1736185
1736186
1736187
1736188
1736189
1736190
1736191
1736197
1736198
1736199
1736547
1736548
1736549
1736600
1736601
1736602
1736603
1736605
1736606
1736607
1736608
1736609
1736610
1736615
1736616
1736617
1736618
1736619
1736620
1736621
1736622
1736623
1736625
1736626
1736627
1736628
1736629
1736630
1736631
1736632
1736633
1736635
1736636
1736637
1736638
1736639
1736801
1736812
1736833
1736845
1736846
1736847
1736848
1736854
1736858
1736868
1736869
1736870
1736871
1736872
1736873
1736874
1737220
1737221
1737223
1737224
1737225
1737226
1737227
1737228
1737275
1737276
1737277
1737278
1737279
1737295
1737296
1737297
1737470
1738440
1738441
1738442
1738443
1738444
1738445
1738446
1738447
1738448
1738449
1738807
1739477
1739680
1739795
1310184
1310188
1310189
1311500
1311501
1311502
1311503
1311504
1314070
1314071
1314072
1314073
1314074
1314075
1314076
1314077
1314078
1314079
1314165
1314166
1314167
1314168
1314169
1314280
1314281
1314282
1314283
1314284
1314512
1314513
1314514
1314515
1314516
1314517
1314518
1314519
1315105
1315106
1315107
1315108
1315109
1315140
1315141
1315142
1315152
1315153
1315154
1315155
1315156
1315157
1315158
1315159
1316002
1316003
1316004
1316005
1316006
1316007
1316008
1316009
1316046
1316047
1317407
1317408
1317409
1318280
1318281
1318282
1318283
1318284
1318285
1318286
1318287
1318288
1318289
1318290
1318291
1318292
1318293
1318294
1318295
1318296
1318297
1318298
1318299
1318640
1318641
1318642
1318643
1870514
1870515
1870516
1870517
1870518
1870519
1872400
1872401
1872402
1875180
1875181
1875182
1875183
1875184
1875185
1875186
1875187
1875188
1875189
1875190
1875191
1875192
1875193
1875194
1875195
1875196
1875197
1875198
1875199
1875200
1875201
1875202
1875203
1875204
1875205
1875206
1875207
1875208
1875209
1876160
1876161
1876162
1876163
1876164
1876165
1876166
1876167
1876168
1876169
1876180
1876181
1876182
1876183
1876184
1876185
1876186
1876187
1876188
1876189
1876240
1879546
1879580
1879581
1879582
1879583
1879584
1879585
1879586
1879587
1879588
1879589
1879590
1879591
1879592
1879593
1879594
1879595
1879596
1879597
1879598
1879599
1660521
1660522
1665110
1665111
1665160
1665161
1665162
1665163
1665164
1665165
1665166
1665167
1665168
1665169
1665190
1665191
1665192
1665193
1665194
1665195
1665196
1665197
1665198
1665199
1380025
1380158
1380159
1380514
1380515
1380516
1380517
1380518
1380519
1380900
1380902
1380903
1380904
1381300
1381301
1381302
1381303
1381304
1381305
1381306
1381307
1381308
1381309
1381335
1381336
1381337
1381338
1381339
1381380
1381381
1381382
1381383
1381384
1381385
1381386
1381387
1381388
1381389
1381390
1381391
1381392
1381393
1381394
1381395
1381396
1381397
1381398
1381399
1381400
1381401
1381402
1381403
1381404
1381405
1381406
1381407
1381408
1381409
1381410
1381411
1381412
1381413
1381414
1381415
1381416
1381417
1381418
1381419
1381450
1381451
1381452
1381453
1381454
1381540
1381541
1381542
1381543
1381544
1381585
1381586
1381587
1381588
1381589
1385140
1385141
1385142
1385143
1385144
1385145
1385146
1385147
1385148
1385149
1385150
1385151
1385152
1385153
1385154
1385155
1385156
1385157
1385158
1385159
1385160
1385161
1385162
1385163
1385164
1385165
1385166
1385167
1385168
1385169
1385170
1385171
1385172
1385173
1385174
1385175
1385176
1385177
1385178
1385179
1385180
1385181
1385182
1385183
1385184
1385185
1385186
1385187
1385188
1385189
1385190
1385191
1385192
1385193
1385194
1385195
1385196
1385197
1385198
1385199
1385228
1385229
1530158
1530159
1530514
1530515
1530516
1530517
1530518
1530519
1531200
1531201
1531202
1531203
1531204
1531205
1531206
1531207
1531208
1531209
1531240
1531241
1531296
1531297
1531298
1531299
1533514
1533515
1533516
1533517
1533518
1533519
1533754
1533774
1533776
1533778
1534518
1535158
1535810
1535811
1535812
1535813
1535814
1535815
1535816
1535817
1535818
1535819
1536500
1536501
1536502
1536503
1536504
1536505
1536506
1536507
1536508
1536509
1536510
1536511
1536512
1536513
1536514
1536515
1536516
1536517
1536518
1536519
1536600
1536601
1536602
1536603
1536604
1536605
1536606
1536607
1536608
1536609
1536610
1536611
1536612
1536613
1536614
1536615
1536616
1536617
1536618
1536619
1537100
1537101
1537102
1537103
1537104
1538040
1538041
1538042
1538043
1538044
1538075
1538076
1538077
1538078
1538079
1538080
1538081
1538082
1538083
1538084
1538085
1538086
1538087
1538088
1538089
1538090
1538091
1538092
1538093
1538094
1538095
1538096
1538097
1538098
1538099
1800158
1800159
1800514
1800515
1800516
1800517
1800518
1800519
1801290
1801291
1801292
1801293
1801294
1801295
1801296
1801297
1801298
1801299
1801300
1801301
1801302
1801303
1801304
1801330
1801331
1801332
1801333
1801334
1801335
1801336
1801337
1801338
1801339
1801380
1801381
1801382
1801383
1801384
1801385
1801386
1801387
1801388
1801389
1801390
1801391
1801392
1801393
1801394
1801395
1801396
1801397
1801398
1801399
1801445
1801446
1801447
1801448
1801449
1801470
1801471
1801472
1801473
1801474
1801480
1801481
1801482
1801483
1801484
1801485
1801800
1801801
1801802
1801803
1801804
1801805
1801806
1801807
1801808
1801809
1802010
1802011
1802012
1802013
1802014
1802015
1802016
1802017
1802018
1802110
1802111
1802112
1802113
1802114
1802139
1802140
1802141
1802150
1802151
1802152
1802153
1802154
1805100
1805101
1805102
1805103
1805107
1805108
1805196
1805197
1805198
1805199
1805200
1805201
1805202
1805203
1805204
1805205
1805206
1805207
1805208
1805209
1806120
1806121
1806122
1806123
1806124
1806125
1806126
1806127
1806128
1806129
1806142
1806143
1806144
1806145
1806146
1806147
1806148
1806149
1806160
1806161
1806162
1806163
1806164
1806165
1806166
1806167
1806168
1806169
1806170
1806171
1806172
1806173
1806174
1806175
1806176
1806177
1806178
1806179
1806184
1806185
1806188
1806603
1806604
1806605
1806606
1806607
1806608
1806609
1806610
1806611
1806880
1806881
1806882
1806883
1806884
1809420
1809421
1809422
1809423
1809424
1890066
1890067
1890068
1890158
1890159
1890514
1890515
1890516
1890517
1890518
1890519
1891290
1891291
1891292
1891293
1891294
1891295
1891296
1891297
1891298
1891299
1891300
1891301
1891302
1891303
1891304
1891330
1891331
1891332
1891333
1891334
1891335
1891336
1891337
1891338
1891339
1891380
1891381
1891382
1891383
1891384
1891385
1891386
1891387
1891388
1891389
1891390
1891391
1891392
1891393
1891394
1891395
1891396
1891397
1891398
1891399
1891445
1891446
1891447
1891448
1891449
1891470
1891471
1891472
1891473
1891474
1891475
1891476
1891477
1891478
1891479
1891590
1891591
1891592
1891593
1891594
1891595
1891596
1891597
1891598
1891599
1892140
1892141
1892142
1892143
1892144
1893600
1893601
1893602
1893603
1893604
1893685
1893686
1893687
1893688
1893689
1894400
1894401
1894402
1894403
1894404
1894405
1894406
1894407
1894408
1894409
1894410
1894411
1894412
1894413
1894414
1895100
1895101
1895102
1895103
1895107
1895108
1895160
1895161
1895162
1895163
1895164
1895165
1895166
1895167
1895168
1895169
1895170
1895171
1895172
1895173
1895174
1895175
1895176
1895177
1895178
1895179
1895180
1895181
1895182
1895183
1895184
1895185
1895186
1895187
1895188
1895189
1895190
1895191
1895192
1895193
1895194
1895195
1895196
1895197
1895198
1895199
1895200
1895201
1895202
1895203
1895204
1895205
1895206
1895207
1895208
1895209
1896360
1896361
1896362
1896363
1896364
1899400
1899401
1899402
1899403
1899404
1899405
1899406
1899407
1899408
1899409
1899410
1899411
1899412
1899413
1899414
1952425
1952426
1952427
1952428
1952429
1953990
1953991
1955194
1955195
1955196
1955197
1955198
1955199
1360140
1360143
1360145
1360146
1360158
1360514
1360515
1360516
1360517
1360518
1360519
1361150
1361151
1361156
1361157
1361158
1361159
1362158
1362159
1362610
1364514
1364515
1364516
1364517
1364518
1364519
1365516
1365517
1365518
1365519
1367510
1367511
1367512
1367513
1367514
1367515
1367516
1367517
1367518
1367519
1460002
1460003
1460004
1460007
1460008
1460011
1460015
1460016
1460017
1460018
1460019
1460023
1460024
1460025
1460026
1460027
1460028
1460029
1460031
1460032
1460033
1460034
1460035
1460036
1460040
1460041
1460044
1460045
1460046
1460047
1460051
1460054
1460055
1460056
1460057
1460062
1460063
1460064
1460065
1460066
1460067
1460068
1460069
1460070
1460071
1460072
1460073
1460074
1460075
1460077
1460078
1460079
1460080
1460081
1460082
1460083
1460085
1460087
1460090
1460091
1460092
1460094
1460095
1460099
1460100
1460101
1460102
1460104
1460106
1460107
1460108
1460109
1460111
1460113
1460114
1460116
1460117
1460119
1460120
1460121
1460122
1460123
1460124
1460125
1460126
1460128
1460129
1460130
1460132
1460134
1460135
1460138
1460139
1460140
1460142
1460143
1460144
1460147
1460148
1460153
1460154
1460155
1460158
1460162
1460163
1460164
1460165
1460167
1460168
1460173
1460174
1460176
1460178
1460179
1460180
1460182
1460183
1460184
1460186
1460196
1460197
1460199
1460201
1460206
1460207
1460211
1460214
1460215
1460216
1460218
1460221
1460222
1460224
1460225
1460226
1460230
1460231
1460232
1460233
1460234
1460236
1460237
1460239
1460240
1460244
1460245
1460246
1460247
1460248
1460249
1460251
1460253
1460254
1460255
1460256
1460257
1460259
1460260
1460261
1460263
1460264
1460265
1460267
1460268
1460269
1460270
1460271
1460274
1460275
1460276
1460281
1460284
1460285
1460286
1460287
1460288
1460289
1460290
1460291
1460292
1460296
1460297
1460298
1460299
1460301
1460302
1460303
1460304
1460305
1460306
1460308
1460312
1460314
1460316
1460320
1460323
1460324
1460326
1460328
1460329
1460335
1460341
1460343
1460344
1460346
1460350
1460352
1460354
1460356
1460357
1460358
1460361
1460362
1460364
1460365
1460366
1460367
1460368
1460369
1460370
1460371
1460374
1460375
1460376
1460377
1460378
1460380
1460381
1460383
1460384
1460385
1460387
1460388
1460390
1460391
1460392
1460396
1460397
1460398
1460400
1460401
1460402
1460404
1460405
1460407
1460408
1460409
1460411
1460412
1460413
1460416
1460417
1460418
1460419
1460420
1460421
1460422
1460424
1460426
1460427
1460428
1460429
1460430
1460433
1460434
1460435
1460436
1460437
1460438
1460443
1460445
1460447
1460448
1460449
1460452
1460454
1460455
1460457
1460458
1460459
1460460
1460461
1460463
1460464
1460465
1460466
1460467
1460468
1460474
1460475
1460476
1460477
1460480
1460483
1460484
1460485
1460488
1460491
1460494
1460495
1460502
1460503
1460504
1460505
1460507
1460508
1460509
1460510
1460511
1460512
1460513
1460514
1460516
1460517
1460518
1460521
1460523
1460525
1460526
1460527
1460528
1460529
1460530
1460532
1460533
1460534
1460536
1460537
1460539
1460543
1460546
1460548
1460549
1461496
1461523
1461525
1461527
1461536
1461605
1461654
1712330
1713023
1713024
1713025
1713026
1713027
1713028
1713029
1713030
1713031
1713032
1713033
1713034
1713035
1713036
1713037
1713038
1713039
1713040
1713041
1713042
1713043
1713044
1713045
1713046
1713047
1713048
1713049
1713050
1713051
1713052
1713053
1713054
1713055
1713056
1713057
1713058
1713059
1713520
1713521
1713522
1713524
1713525
1713526
1713528
1713529
1713620
1713621
1713622
1713623
1713624
1713625
1713626
1713627
1713628
1713629
1713650
1713651
1713652
1713653
1713654
1713655
1713656
1713657
1713658
1713659
1713770
1713773
1713774
1713777
1715050
1715054
1715333
1715334
1715335
1715340
1715341
1715522
1715656
1716333
1718330
1718331
1718332
1718333
1718334
1718335
1718336
1718337
1718338
1718339
1718340
1718341
1718342
1718343
1718344
1718345
1718346
1718520
1718521
1718522
1718525
1718526
1718527
1718528
1718529
1718620
1718621
1718622
1718623
1718625
1330158
1330159
1330514
1330515
1330516
1330517
1330518
1330519
1332770
1332771
1332772
1332773
1332780
1332781
1332782
1332783
1333770
1333771
1333772
1333773
1333780
1333781
1333782
1333783
1333860
1333861
1333862
1333863
1334770
1334771
1334772
1334773
1334780
1334781
1334782
1334783
1335770
1335771
1335772
1335773
1335780
1335781
1335782
1335783
1337200
1337201
1337202
1337203
1337605
1337606
1337607
1337608
1337609
1338200
1338201
1338202
1338203
1338204
1338205
1338206
1338207
1338208
1338209
1338240
1338276
1338277
1338278
1338279
1339075
1339076
1339077
1339078
1339079
1339090
1339091
1339092
1780440
1780500
1780510
1780511
1780512
1780513
1780514
1780515
1780516
1780517
1780518
1782600
1782601
1782602
1782603
1782604
1782605
1782606
1782608
1782650
1782651
1782652
1782668
1783450
1783451
1783452
1783489
1783499
1784990
1784991
1784992
1784993
1784994
1784995
1784996
1784997
1784998
1784999
1785144
1785148
1788724
1788728
1788810
1789200
1789201
1789202
1789203
1789204
1789205
1789206
1789207
1789208
1789209
1789210
1789211
1789212
1789213
1789500
1789501
1789502
1789503
1789509
1850140
1850250
1850251
1850252
1850253
1850254
1850255
1850256
1851250
1851251
1851252
1851253
1851254
1851255
1851256
1851257
1851258
1851259
1855140
1855141
1855142
1855143
1855160
1855161
1855162
1855163
1855164
1855165
1855166
1855167
1855168
1855169
1855170
1855171
1855172
1855173
1855174
1855175
1855176
1855177
1855178
1855179
1855180
1855181
1855182
1855183
1855184
1855185
1855186
1855187
1855197
1855198
1855226
1855227
1855228
1855278
1855618
1855619
1560158
1560159
1560514
1560515
1560516
1560517
1560518
1560519
1565100
1565101
1565102
1565103
1565107
1565108
1565160
1565161
1565162
1565163
1565164
1565165
1565166
1565167
1565168
1565169
1565170
1565171
1565172
1565173
1565174
1565175
1565176
1565177
1565178
1565179
1565180
1565181
1565182
1565183
1565184
1565185
1565186
1565187
1565188
1565189
1565190
1565191
1565192
1565193
1565194
1565195
1565196
1565197
1565198
1565199
1566446
1566447
1566456
1566457
1566870
1566871
1566873
1566874
1566875
1566876
1566877
1566878
1566879
1569521
1569529
1990158
1990159
1990517
1994150
1994151
1994152
1994153
1994154
1994155
1994156
1994164
1994177
1994198
1995165
1995166
1995167
1995168
1995171
1995172
1995173
1995174
1995175
1995176
1995177
1995178
1995179
1995192
1995193
1995194
1995195
1995196
1995197
1995198
1995199
1995240
1995241
1996186
1996187
1996188
1996189
1996200
1996201
1996202
1996203
1996204
1996205
1996206
1996207
1996208
1996209
1671250
1671251
1671252
1671253
1671254
1671255
1671256
1671257
1671258
1671259
1671526
1671528
1671529
1672250
1672251
1672252
1672253
1672254
1672255
1672256
1672257
1672258
1672259
1672520
1672521
1673141
1673142
1673250
1673251
1673252
1673253
1673254
1673255
1673256
1673257
1673258
1673259
1674250
1674251
1674252
1674253
1674254
1674255
1674256
1674257
1674258
1674259
1390015
1390051
1390158
1390159
1390514
1390515
1390516
1390517
1390518
1390519
1391290
1391291
1391292
1391293
1391294
1391295
1391296
1391297
1391298
1391299
1391300
1391301
1391302
1391303
1391304
1391330
1391331
1391332
1391333
1391334
1391335
1391336
1391337
1391338
1391339
1391380
1391381
1391382
1391383
1391384
1391385
1391386
1391387
1391388
1391389
1391390
1391391
1391392
1391393
1391394
1391395
1391396
1391397
1391398
1391399
1391445
1391446
1391447
1391448
1391449
1391470
1391471
1391472
1391473
1391474
1391475
1391476
1391477
1391478
1391479
1391590
1391591
1391592
1391593
1391594
1391595
1391596
1391597
1391598
1391599
1392140
1392141
1392142
1392143
1392144
1395100
1395101
1395102
1395103
1395107
1395108
1395160
1395161
1395162
1395163
1395164
1395165
1395166
1395167
1395168
1395169
1395170
1395171
1395172
1395173
1395174
1395175
1395176
1395177
1395178
1395179
1395180
1395181
1395182
1395183
1395184
1395185
1395186
1395187
1395188
1395189
1395190
1395191
1395192
1395193
1395194
1395195
1395196
1395197
1395198
1395199
1395200
1395201
1395202
1395203
1395204
1395205
1395206
1395207
1395208
1395209
1491200
1491201
1491202
1491203
1491204
1491205
1491206
1491207
1491208
1491209
1491210
1491211
1491212
1491213
1491214
1491215
1491216
1491217
1491218
1491219
1491220
1491221
1491222
1491223
1491224
1491225
1491226
1491227
1491228
1491229
1491230
1491231
1491232
1491233
1491234
1491235
1491236
1491237
1491238
1491239
1491240
1491241
1491242
1491243
1491244
1491245
1491246
1491247
1491248
1491249
1491250
1491251
1491252
1491253
1491254
1491255
1491256
1491257
1491258
1491259
1491260
1491261
1491262
1491263
1491264
1491265
1491266
1491267
1491268
1491269
1491270
1491271
1491272
1491273
1491274
1491275
1491276
1491277
1491278
1491279
1491280
1491281
1491282
1491283
1491284
1491285
1491286
1491287
1491288
1491289
1491290
1491291
1491292
1491293
1491294
1491295
1491296
1491297
1491298
1491299
1491300
1491301
1491302
1491303
1491304
1491305
1491306
1491307
1491308
1491309
1491310
1491311
1491312
1491313
1491314
1491315
1491316
1491317
1491318
1491319
1491320
1491321
1491322
1491323
1491324
1491325
1491326
1491327
1491328
1491329
1491330
1491331
1491332
1491333
1491334
1491335
1491336
1491337
1491338
1491339
1491340
1491341
1491342
1491343
1491344
1491345
1491346
1491347
1491348
1491349
1491350
1491351
1491352
1491353
1491354
1491355
1491356
1491357
1491358
1491359
1491360
1491361
1491362
1491363
1491364
1491365
1491366
1491367
1491368
1491369
1491370
1491371
1491372
1491373
1491374
1491375
1491376
1491377
1491378
1491379
1491380
1491381
1491382
1491383
1491384
1491385
1491386
1491387
1491388
1491389
1491390
1491391
1491392
1491393
1491394
1491395
1491396
1491397
1491398
1491399
1491400
1491401
1491402
1491403
1491404
1491405
1491406
1491407
1491408
1491409
1491410
1491411
1491412
1491413
1491414
1491415
1491416
1491417
1491418
1491419
1491420
1491421
1491422
1491423
1491424
1491425
1491426
1491427
1491428
1491429
1491430
1491431
1491432
1491433
1491434
1491435
1491436
1491437
1491438
1491439
1491440
1491441
1491442
1491443
1491444
1491445
1491446
1491447
1491448
1491449
1491450
1491451
1491452
1491453
1491454
1491455
1491456
1491457
1491458
1491459
1491460
1491461
1491462
1491463
1491464
1491465
1491466
1491467
1491468
1491469
1491470
1491471
1491472
1491473
1491474
1491475
1491476
1491477
1491478
1491479
1491480
1491481
1491482
1491483
1491484
1491485
1491486
1491487
1491488
1491489
1491490
1491491
1491492
1491493
1491494
1491495
1491496
1491497
1491498
1491499
1491500
1491501
1491502
1491503
1491504
1491505
1491506
1491507
1491508
1491509
1491510
1491511
1491512
1491513
1491514
1491515
1491516
1491517
1491518
1491519
1491520
1491521
1491522
1491523
1491524
1491525
1491526
1491527
1491528
1491529
1491530
1491531
1491532
1491533
1491534
1491535
1491536
1491537
1491538
1491539
1491540
1491541
1491542
1491543
1491544
1491545
1491546
1491547
1491548
1491549
1491550
1491551
1491552
1491553
1491554
1491555
1491556
1491557
1491558
1491559
1491560
1491561
1491562
1491563
1491564
1491565
1491566
1491567
1491568
1491569
1491570
1491571
1491572
1491573
1491574
1491575
1491576
1491577
1491578
1491579
1491580
1491581
1491582
1491583
1491584
1491585
1491586
1491587
1491588
1491589
1491590
1491591
1491592
1491593
1491594
1491595
1491596
1491597
1491598
1491599
1491600
1491601
1491602
1491603
1491604
1491605
1491606
1491607
1491608
1491609
1491610
1491611
1491612
1491613
1491614
1491615
1491616
1491617
1491618
1491619
1491620
1491621
1491622
1491623
1491624
1491625
1491626
1491627
1491628
1491629
1491630
1491631
1491632
1491633
1491634
1491635
1491636
1491637
1491638
1491639
1491640
1491641
1491642
1491643
1491644
1491645
1491646
1491647
1491648
1491649
1491650
1491651
1491652
1491653
1491654
1491655
1491656
1491657
1491658
1491659
1491660
1491661
1491662
1491663
1491664
1491665
1491666
1491667
1491668
1491669
1491670
1491671
1491672
1491673
1491674
1491675
1491676
1491677
1491678
1491679
1491680
1491681
1491682
1491683
1491684
1491685
1491686
1491687
1491688
1491689
1491690
1491691
1491692
1491693
1491694
1491695
1491696
1491697
1491698
1491699
1491700
1491701
1491702
1491703
1491704
1491705
1491706
1491707
1491708
1491709
1491710
1491711
1491712
1491713
1491714
1491715
1491716
1491717
1491718
1491719
1491720
1491721
1491722
1491723
1491724
1491725
1491726
1491727
1491728
1491729
1491730
1491731
1491732
1491733
1491734
1491735
1491736
1491737
1491738
1491739
1491740
1491741
1491742
1491743
1491744
1491745
1491746
1491747
1491748
1491749
1491750
1491751
1491752
1491753
1491754
1491755
1491756
1491757
1491758
1491759
1491760
1491761
1491762
1491763
1491764
1491765
1491766
1491767
1491768
1491769
1491770
1491771
1491772
1491773
1491774
1491775
1491776
1491777
1491778
1491779
1491780
1491781
1491782
1491783
1491784
1491785
1491786
1491787
1491788
1491789
1491790
1491791
1491792
1491793
1491794
1491795
1491796
1491797
1491798
1491799
1491800
1491801
1491802
1491803
1491804
1491805
1491806
1491807
1491808
1491809
1491810
1491811
1491812
1491813
1491814
1491815
1491816
1491817
1491818
1491819
1491820
1491821
1491822
1491823
1491824
1491825
1491826
1491827
1491828
1491829
1491830
1491831
1491832
1491833
1491834
1491835
1491836
1491837
1491838
1491839
1491840
1491841
1491842
1491843
1491844
1491845
1491846
1491847
1491848
1491849
1491850
1491851
1491852
1491853
1491854
1491855
1491856
1491857
1491858
1491859
1491860
1491861
1491862
1491863
1491864
1491865
1491866
1491867
1491868
1491869
1491870
1491871
1491872
1491873
1491874
1491875
1491876
1491877
1491878
1491879
1491880
1491881
1491882
1491883
1491884
1491885
1491886
1491887
1491888
1491889
1491890
1491891
1491892
1491893
1491894
1491895
1491896
1491897
1491898
1491899
1491900
1491901
1491902
1491903
1491904
1491905
1491906
1491907
1491908
1491909
1491910
1491911
1491912
1491913
1491914
1491915
1491916
1491917
1491918
1491919
1491920
1491921
1491922
1491923
1491924
1491925
1491926
1491927
1491928
1491929
1491930
1491931
1491932
1491933
1491934
1491935
1491936
1491937
1491938
1491939
1491940
1491941
1491942
1491943
1491944
1491945
1491946
1491947
1491948
1491949
1491950
1491951
1491952
1491953
1491954
1491955
1491956
1491957
1491958
1491959
1491960
1491961
1491962
1491963
1491964
1491965
1491966
1491967
1491968
1491969
1491970
1491971
1491972
1491973
1491974
1491975
1491976
1491977
1491978
1491979
1491980
1491981
1491982
1491983
1491984
1491985
1491986
1491987
1491988
1491989
1491990
1491991
1491992
1491993
1491994
1491995
1491996
1491997
1491998
1491999
1492000
1492001
1492002
1492003
1492004
1492005
1492006
1492007
1492008
1492009
1492010
1492011
1492012
1492013
1492014
1492015
1492016
1492017
1492018
1492019
1492020
1492021
1492022
1492023
1492024
1492025
1492026
1492027
1492028
1492029
1492030
1492031
1492032
1492033
1492034
1492035
1492036
1492037
1492038
1492039
1492040
1492041
1492042
1492043
1492044
1492045
1492046
1492047
1492048
1492049
1492050
1492051
1492052
1492053
1492054
1492055
1492056
1492057
1492058
1492059
1492060
1492061
1492062
1492063
1492064
1492065
1492066
1492067
1492068
1492069
1492070
1492071
1492072
1492073
1492074
1492075
1492076
1492077
1492078
1492079
1492080
1492081
1492082
1492083
1492084
1492085
1492086
1492087
1492088
1492089
1492090
1492091
1492092
1492093
1492094
1492095
1492096
1492097
1492098
1492099
1492100
1492101
1492102
1492103
1492104
1492105
1492106
1492107
1492108
1492109
1492110
1492111
1492112
1492113
1492114
1492115
1492116
1492117
1492118
1492119
1492120
1492121
1492122
1492123
1492124
1492125
1492126
1492127
1492129
1492131
1492132
1492134
1492138
1492139
1492140
1492142
1492144
1492145
1492146
1492147
1492148
1492149
1492150
1492152
1492154
1492156
1492157
1492158
1492160
1492163
1492165
1492167
1492168
1492169
1492170
1492171
1492172
1492173
1492174
1492175
1492176
1492177
1492178
1492179
1492180
1492181
1492182
1492183
1492184
1492185
1492186
1492187
1492188
1492189
1492190
1492191
1492192
1492193
1492194
1492195
1492196
1492198
1492200
1492201
1492202
1492206
1492207
1492208
1492209
1492210
1492211
1492212
1492213
1492215
1492217
1492220
1492221
1492222
1492224
1492226
1492227
1492228
1492229
1492231
1492234
1492235
1492236
1492238
1492242
1492243
1492244
1492246
1492247
1492248
1492249
1492250
1492251
1492252
1492254
1492256
1492257
1492258
1492259
1492260
1492261
1492262
1492263
1492264
1492265
1492266
1492267
1492268
1492269
1492270
1492271
1492272
1492273
1492274
1492275
1492276
1492277
1492278
1492279
1492280
1492281
1492282
1492283
1492284
1492285
1492286
1492287
1492288
1492289
1492290
1492291
1492292
1492293
1492294
1492295
1492296
1492297
1492298
1492299
1492300
1492301
1492302
1492303
1492304
1492305
1492306
1492307
1492308
1492309
1492310
1492311
1492312
1492313
1492314
1492315
1492316
1492317
1492318
1492319
1492320
1492321
1492322
1492323
1492324
1492325
1492326
1492327
1492328
1492329
1492330
1492331
1492332
1492333
1492334
1492335
1492336
1492337
1492338
1492339
1492340
1492341
1492342
1492343
1492344
1492345
1492346
1492347
1492348
1492349
1492350
1492351
1492352
1492353
1492354
1492355
1492356
1492357
1492358
1492359
1492360
1492361
1492362
1492363
1492364
1492365
1492366
1492367
1492368
1492369
1492370
1492371
1492372
1492373
1492374
1492375
1492376
1492377
1492378
1492379
1492380
1492381
1492382
1492383
1492384
1492385
1492386
1492387
1492388
1492389
1492390
1492391
1492392
1492393
1492394
1492395
1492396
1492397
1492398
1492399
1492400
1492401
1492402
1492403
1492404
1492405
1492406
1492407
1492408
1492409
1492410
1492411
1492412
1492413
1492414
1492415
1492416
1492417
1492418
1492419
1492420
1492421
1492422
1492423
1492424
1492425
1492426
1492427
1492428
1492429
1492430
1492431
1492432
1492433
1492434
1492435
1492436
1492437
1492438
1492439
1492440
1492441
1492442
1492443
1492444
1492445
1492446
1492447
1492448
1492449
1492450
1492451
1492452
1492453
1492454
1492455
1492456
1492457
1492458
1492459
1492460
1492461
1492462
1492463
1492464
1492465
1492466
1492467
1492468
1492469
1492470
1492471
1492472
1492473
1492474
1492475
1492476
1492477
1492478
1492479
1492480
1492481
1492482
1492483
1492484
1492485
1492486
1492487
1492488
1492489
1492490
1492491
1492492
1492493
1492494
1492495
1492496
1492497
1492498
1492499
1492500
1492501
1492504
1492505
1492506
1492507
1492508
1492509
1492510
1492511
1492512
1492513
1492514
1492515
1492516
1492517
1492518
1492519
1492520
1492521
1492522
1492523
1492524
1492525
1492526
1492527
1492528
1492530
1492532
1492533
1492534
1492537
1492538
1492539
1492540
1492541
1492542
1492543
1492547
1492548
1492549
1492550
1492554
1492556
1492558
1492559
1492560
1492561
1492562
1492565
1492566
1492568
1492569
1492570
1492571
1492572
1492573
1492574
1492575
1492576
1492577
1492578
1492579
1492580
1492581
1492582
1492583
1492584
1492585
1492586
1492587
1492588
1492589
1492590
1492591
1492592
1492593
1492594
1492595
1492596
1492597
1492598
1492599
1492600
1492601
1492602
1492603
1492604
1492605
1492606
1492607
1492608
1492609
1492611
1492612
1492613
1492614
1492615
1492616
1492617
1492618
1492619
1492620
1492621
1492622
1492623
1492624
1492625
1492626
1492627
1492628
1492629
1492630
1492631
1492632
1492633
1492634
1492635
1492636
1492637
1492638
1492639
1492640
1492641
1492642
1492643
1492644
1492645
1492646
1492647
1492648
1492649
1492650
1492651
1492652
1492653
1492654
1492655
1492656
1492657
1492658
1492659
1492660
1492661
1492662
1492663
1492664
1492665
1492666
1492667
1492668
1492669
1492670
1492671
1492672
1492673
1492674
1492675
1492676
1492677
1492678
1492679
1492680
1492681
1492682
1492683
1492684
1492685
1492686
1492687
1492688
1492689
1492690
1492691
1492692
1492693
1492694
1492695
1492696
1492697
1492698
1492699
1492700
1492701
1492702
1492703
1492704
1492705
1492706
1492707
1492708
1492709
1492710
1492711
1492712
1492713
1492714
1492715
1492716
1492717
1492718
1492719
1492720
1492721
1492722
1492723
1492724
1492725
1492726
1492727
1492728
1492729
1492730
1492731
1492732
1492733
1492734
1492737
1492739
1492741
1492744
1492745
1492746
1492747
1492749
1492750
1492751
1492752
1492755
1492756
1492757
1492758
1492759
1492760
1492761
1492762
1492763
1492764
1492765
1492766
1492767
1492768
1492769
1492770
1492771
1492772
1492773
1492774
1492776
1492778
1492779
1492780
1492781
1492782
1492783
1492784
1492785
1492786
1492790
1492795
1492796
1492797
1492798
1492801
1492803
1492804
1492805
1492807
1492809
1492810
1492811
1492812
1492813
1492814
1492815
1492816
1492817
1492818
1492819
1492821
1492822
1492823
1492824
1492825
1492826
1492827
1492828
1492829
1492830
1492831
1492832
1492833
1492834
1492835
1492836
1492837
1492838
1492839
1492840
1492841
1492842
1492843
1492844
1492845
1492846
1492847
1492848
1492849
1492850
1492851
1492852
1492853
1492854
1492855
1492856
1492857
1492858
1492859
1492860
1492861
1492862
1492863
1492864
1492865
1492866
1492867
1492868
1492869
1492870
1492871
1492872
1492873
1492874
1492875
1492876
1492877
1492878
1492879
1492880
1492881
1492882
1492883
1492884
1492885
1492886
1492887
1492888
1492889
1492890
1492891
1492892
1492893
1492894
1492895
1492896
1492897
1492898
1492899
1492900
1492901
1492902
1492903
1492904
1492905
1492906
1492907
1492908
1492909
1492910
1492911
1492912
1492913
1492914
1492915
1492916
1492917
1492918
1492919
1492920
1492921
1492922
1492923
1492924
1492925
1492926
1492927
1492928
1492929
1492930
1492931
1492932
1492933
1492934
1492935
1492936
1492937
1492938
1492939
1492940
1492941
1492942
1492943
1492944
1492945
1492946
1492947
1492948
1492949
1492950
1492951
1492952
1492953
1492954
1492955
1492956
1492957
1492958
1492959
1492960
1492961
1492962
1492963
1492964
1492965
1492966
1492967
1492968
1492969
1492970
1492971
1492972
1492973
1492974
1492975
1492976
1492977
1492978
1492979
1492980
1492981
1492982
1492983
1492984
1492985
1492986
1492987
1492988
1492989
1492990
1492991
1492992
1492993
1492994
1492995
1492996
1492997
1492998
1492999
1493000
1493001
1493002
1493003
1493004
1493005
1493006
1493007
1493008
1493009
1493010
1493011
1493012
1493013
1493014
1493015
1493016
1860140
1860250
1860251
1860252
1860253
1860254
1860255
1860256
1860619
1862515
1862516
1862517
1862518
1862519
1862641
1862642
1862643
1862644
1862645
1862646
1865160
1865161
1865162
1865163
1865164
1865165
1865166
1865167
1865168
1865169
1865180
1865181
1865182
1865183
1865184
1865185
1865186
1865187
1865188
1865189
1865190
1865200
1865201
1865202
1865203
1865204
1865205
1865206
1865207
1865208
1865209
1865290
1865291
1865292
1865293
1865294
1865295
1865296
1865297
1865298
1865299
1866120
1866270
1866271
1866272
1869497
1869498
1869499
1300006
1300025
1300026
1300028
1300029
1300030
1300031
1300032
1300250
1300251
1300252
1300253
1300254
1300255
1300256
1300257
1300258
1300259
1300340
1300341
1300342
1301034
1301693
1301694
1301695
1301696
1301697
1301698
1301699
1302250
1302251
1302252
1302253
1302254
1302255
1302256
1302257
1302258
1302259
1302340
1302341
1302342
1303254
1303255
1304250
1304251
1304252
1304253
1304254
1304255
1304256
1304257
1304258
1304259
1304750
1304751
1304752
1304753
1304754
1304755
1304756
1304757
1305750
1305751
1305752
1305753
1305754
1305755
1305756
1305757
1305758
1305759
1305760
1305761
1305762
1305763
1305764
1305765
1305766
1305767
1305768
1305769
1306250
1306251
1306252
1306253
1306254
1306255
1306256
1306257
1306258
1306259
1307250
1307251
1307252
1307253
1307254
1307255
1307256
1307257
1307258
1307259
1307340
1307341
1307342
1307343
1307344
1307345
1307346
1307347
1307348
1307349
1308254
1308255
1720092
1720093
1720094
1720095
1720096
1720097
1720098
1720099
1720511
1720513
1350514
1350515
1350516
1350517
1350518
1350519
1351250
1351251
1351252
1351253
1351254
1351510
1351511
1351512
1358400
1358401
1358402
1358403
1358404
1358405
1358406
1358407
1358408
1358409
1358510
1358511
1358512
1358513
1358514
1358515
1358516
1358517
1358518
1358519
1358520
1450800
1450801
1450802
1450803
1450804
1450805
1450806
1450807
1450808
1450809
1450810
1450811
1450812
1450813
1450814
1450815
1450816
1450817
1450818
1450819
1450820
1450821
1450822
1450823
1450824
1450825
1450826
1450827
1450828
1450829
1450839
1452600
1452601
1452602
1452603
1452604
1452605
1452606
1453600
1453601
1453602
1453603
1453604
1453605
1453630
1453631
1453632
1453633
1453634
1454420
1454432
1454933
1455000
1455001
1455002
1455003
1455004
1455005
1455006
1455007
1455008
1455009
1455010
1455011
1455012
1455013
1455014
1455015
1455016
1455017
1455018
1455019
1455020
1455021
1455022
1455023
1455024
1455025
1455026
1455027
1455028
1455029
1455030
1455031
1455032
1455033
1455034
1455035
1455036
1455037
1455038
1455039
1455040
1455041
1455042
1455043
1455044
1455045
1455046
1455047
1455048
1455049
1455050
1455051
1455052
1455053
1455054
1455055
1455056
1455057
1455058
1455059
1455060
1455061
1455062
1455063
1455064
1455065
1455066
1455067
1455068
1455069
1455070
1455071
1455072
1455073
1455074
1455075
1455076
1455077
1455078
1455079
1455080
1455081
1455082
1455083
1455084
1455085
1455086
1455087
1455088
1455089
1455090
1455091
1455092
1455093
1455094
1455095
1455096
1455097
1455098
1455099
1455100
1455101
1455102
1455103
1455104
1455105
1455106
1455107
1455108
1455109
1455110
1455111
1455112
1455113
1455114
1455115
1455116
1455117
1455118
1455119
1455120
1455121
1455122
1455123
1455124
1455125
1455126
1455127
1455128
1455129
1455130
1455131
1455132
1455133
1455134
1455135
1455136
1455137
1455138
1455139
1455140
1455141
1455142
1455143
1455144
1455145
1455146
1455147
1455148
1455149
1455150
1455151
1455152
1455153
1455154
1455155
1455156
1455157
1455158
1455159
1455160
1455161
1455162
1455163
1455164
1455165
1455166
1455167
1455168
1455169
1455170
1455171
1455172
1455173
1455174
1455175
1455176
1455177
1455178
1455179
1455180
1455181
1455182
1455183
1455184
1455185
1455186
1455187
1455188
1455189
1455190
1455191
1455192
1455193
1455194
1455195
1455196
1455197
1455198
1455199
1455200
1455201
1455202
1455203
1455204
1455205
1455206
1455207
1455208
1455209
1455210
1455211
1455212
1455213
1455214
1455215
1455216
1455217
1455218
1455219
1455220
1455221
1455222
1455223
1455224
1455225
1455226
1455227
1455228
1455229
1455230
1455231
1455232
1455233
1455234
1455235
1455236
1455237
1455238
1455239
1455240
1455241
1455242
1455243
1455244
1455245
1455246
1455247
1455248
1455249
1455250
1455251
1455252
1455253
1455254
1455255
1455256
1455257
1455258
1455259
1455260
1455261
1455262
1455263
1455264
1455265
1455266
1455267
1455268
1455269
1455270
1455271
1455272
1455273
1455274
1455275
1455276
1455277
1455278
1455279
1455280
1455281
1455282
1455283
1455284
1455285
1455286
1455287
1455288
1455289
1455290
1455291
1455292
1455293
1455294
1455295
1455296
1455297
1455298
1455299
1455300
1455301
1455302
1455303
1455304
1455305
1455306
1455307
1455308
1455309
1455310
1455311
1455312
1455313
1455314
1455315
1455316
1455317
1455318
1455319
1455320
1455321
1455322
1455323
1455324
1455325
1455326
1455327
1455328
1455329
1455330
1455331
1455332
1455333
1455334
1455335
1455336
1455337
1455338
1455339
1455340
1455341
1455342
1455343
1455344
1455345
1455346
1455347
1455348
1455349
1455350
1455351
1455352
1455353
1455354
1455355
1455356
1455357
1455358
1455359
1455360
1455361
1455362
1455363
1455364
1455365
1455366
1455367
1455368
1455369
1455370
1455371
1455372
1455373
1455374
1455375
1455376
1455377
1455378
1455379
1455380
1455381
1455382
1455383
1455384
1455385
1455386
1455387
1455388
1455389
1455390
1455391
1455392
1455393
1455394
1455395
1455396
1455397
1455398
1455399
1455400
1455401
1455402
1455403
1455404
1455405
1455406
1455407
1455408
1455409
1455410
1455411
1455412
1455413
1455414
1455415
1455416
1455417
1455418
1455419
1455420
1455421
1455422
1455423
1455424
1455425
1455426
1455427
1455428
1455429
1455430
1455431
1455432
1455433
1455434
1455435
1455436
1455437
1455438
1455439
1455440
1455441
1455442
1455443
1455444
1455445
1455446
1455447
1455448
1455449
1455450
1455451
1455452
1455453
1455454
1455455
1455456
1455457
1455458
1455459
1455460
1455461
1455462
1455463
1455464
1455465
1455466
1455467
1455468
1455469
1455470
1455471
1455472
1455473
1455474
1455475
1455476
1455477
1455478
1455479
1455480
1455481
1455482
1455483
1455484
1455485
1455486
1455487
1455488
1455489
1455490
1455491
1455492
1455493
1455494
1455495
1455496
1455497
1455498
1455499
1457081
1457082
1457083
1457084
1457243
1457246
1457247
1457248
1457249
1457250
1457251
1457252
1457253
1457470
1457471
1457472
1457473
1457474
1457475
1457476
1457477
1457478
1457479
1457480
1457481
1457482
1457483
1457484
1457485
1457486
1457487
1457488
1457489
1457490
1457491
1457492
1457493
1457494
1457495
1457496
1457497
1457498
1457499
1457500
1457501
1457502
1457503
1457504
1457505
1457506
1457507
1457508
1457509
1457510
1457511
1457512
1457513
1457514
1457515
1457516
1457517
1457518
1457519
1457520
1457521
1457522
1457523
1457524
1457525
1457526
1457527
1457528
1457529
1457530
1457531
1457532
1457533
1457534
1457535
1457536
1457537
1457538
1457539
1457540
1457541
1457542
1457543
1457544
1457545
1457546
1457547
1457548
1457549
1457550
1457551
1457552
1457553
1457554
1457555
1457556
1457557
1457558
1457559
1457560
1457561
1457562
1457563
1457564
1457565
1457566
1457567
1457568
1457569
1457570
1457571
1457572
1457573
1457574
1457575
1457576
1457577
1457578
1457579
1457580
1457581
1457582
1457583
1457584
1457585
1457586
1457587
1457588
1457589
1457590
1457591
1457592
1457593
1457594
1457595
1457596
1457597
1457598
1457599
1457600
1457601
1457602
1457603
1457604
1457605
1457606
1457607
1457608
1457609
1457610
1457611
1457612
1457613
1457614
1457615
1457616
1457617
1457618
1457619
1457620
1457621
1457622
1457623
1457624
1457625
1457626
1457627
1457628
1457629
1457630
1457631
1457632
1457633
1457634
1457635
1457636
1457637
1457638
1457639
1457640
1457641
1457642
1457643
1457644
1457645
1457646
1457647
1457648
1457649
1457650
1457651
1457652
1457653
1457654
1457655
1457656
1457657
1457658
1457659
1457660
1457661
1457662
1457663
1457664
1457665
1457666
1457667
1457668
1457669
1457940
1457941
1457942
1457943
1770158
1770159
1770250
1770251
1770514
1770515
1770516
1770517
1770518
1770519
1771240
1771241
1771242
1771285
1771286
1771287
1771288
1771289
1771290
1771291
1771418
1771419
1771420
1771430
1771431
1771432
1771433
1771434
1771435
1771436
1771437
1771438
1771439
1771440
1771441
1771442
1771452
1771453
1771476
1771477
1771478
1771479
1771523
1771524
1771525
1771526
1771527
1771528
1771529
1771566
1772150
1772151
1772152
1772153
1772154
1772155
1772156
1772157
1772158
1772159
1774950
1774951
1774952
1774953
1774954
1774955
1774956
1774957
1774958
1774959
1775100
1775101
1775102
1775103
1775104
1775175
1775176
1775177
1775178
1775179
1776170
1776171
1776172
1776173
1776174
1776175
1776176
1776177
1776178
1776179
1776605
1776606
1776607
1776608
1776609
1776610
1776640
1776641
1776642
1776810
1776811
1776812
1776813
1776814
1778838
1778839
1779850
1779851
1779852
1779853
1779854
1779855
1779856
1590514
1590515
1590516
1590517
1590518
1590519
1595045
1595046
1595047
1595048
1595049
1595050
1595051
1595052
1595053
1595054
1595055
1595056
1595057
1595058
1595059
1595100
1595101
1595102
1595103
1595107
1595108
1595160
1595161
1595162
1595163
1595164
1595165
1595166
1595167
1595168
1595169
1595170
1595171
1595172
1595173
1595174
1595175
1595176
1595177
1595178
1595179
1595180
1595181
1595182
1595183
1595184
1595185
1595186
1595187
1595188
1595189
1595190
1595191
1595192
1595193
1595194
1595195
1595196
1595197
1595198
1595199
1595200
1595201
1595202
1595203
1595204
1595205
1595206
1595207
1595208
1595209
1599620
1599621
1599622
1599623
1599624
1599625
1599626
1599627
1599628
1599629
1599630
1599631
1599632
1599633
1599634
1599635
1599636
1599637
1599638
1599639
1599640
1599641
1599642
1599643
1599644
1599645
1599646
1599647
1599648
1599649
1621449
1622502
1830514
1830515
1830516
1830517
1830518
1830519
1834465
1834466
1835100
1835144
1835145
1835180
1835181
1835182
1835183
1835184
1835185
1835186
1835187
1835188
1835189
1835190
1835191
1835192
1835193
1835194
1835195
1835196
1835197
1835198
1835199
1835264
1836045
1836046
1836085
1836086
1836205
1836206
1836207
1836208
1836209
1836290
1836291
1836292
1836293
1836294
1836295
1836296
1836297
1836298
1836299
1500514
1500515
1500516
1500517
1500518
1500519
1505052
1505053
1505054
1505055
1505056
1505057
1505058
1505059
1505180
1505181
1505182
1505183
1505184
1505185
1505186
1505187
1505188
1505189
1506220
1506221
1506222
1506223
1506224
1506225
1506226
1506227
1506228
1506229
1507782
1507783
1507784
1507785
1507786
1507787
1507788
1507789
1509430
1509431
