1590916
1592942
1592950
1592959
1599106
1599146
1599183
1599186
1599196
1770916
1771970
1771971
1772905
1772906
1772916
1772944
1772945
1772946
1773074
1773075
1773076
1773077
1773465
1774246
1774916
1774924
1774925
1776215
1776216
1776217
1776218
1776219
1776477
1779106
1779107
1779108
1779218
1779219
1779403
1452696
1454476
1459458
1459459
1459460
1459567
1459568
1350916
1357147
1357148
1357160
1357161
1357162
1357163
1357164
1357165
1357166
1357167
1357168
1357169
1357260
1357261
1357262
1500916
1502916
1502936
1502946
1502949
1502954
1502956
1502966
1502976
1502977
1502979
1502986
1509124
1509146
1509161
1509165
1509173
1509179
1509187
1830916
1832946
1832960
1832961
1832962
1832963
1832964
1832965
1832966
1839146
1839160
1839161
1839162
1839163
1839164
1839165
1839166
1839167
1839168
1860916
1860926
1862863
1862864
1862865
1862867
1869042
1869043
1869160
1869161
1869162
1869164
1869165
1869166
1869167
1869168
1869169
1550916
1552916
1559144
1559145
1559146
1559147
1559148
1559160
1559161
1559162
1559163
1559164
1559165
1559166
1559167
1559168
1559169
1559192
1559478
1559479
1390916
1399160
1399161
1399162
1399260
1399261
1399262
1399263
1399264
1399265
1399266
1399267
1399268
1399269
1671916
1672916
1673916
1300845
1300846
1302642
1302845
1302846
1303845
1303846
1303847
1306045
1306046
1308487
1308488
1308489
1309390
1309391
1309392
1309393
1309820
1309821
1330916
1331096
1331916
1332536
1333536
1333544
1333545
1334747
1335916
1336922
1336923
1336924
1336925
1337916
1337936
1337946
1338916
1339916
1339926
1713916
1715916
1716916
1717908
1717909
1717913
1717916
1990916
1991614
1991615
1991616
1991617
1994531
1994532
1994533
1994534
1999133
1999134
1999135
1999136
1999137
1999138
1999139
1999160
1999161
1999162
1999260
1999261
1999262
1999263
1999264
1999265
1999266
1999267
1999268
1999269
1999270
1999271
1999272
1999273
1999274
1999275
1999276
1999277
1999278
1999279
1560916
1561916
1561979
1561980
1561981
1561982
1561983
1561984
1566745
1566746
1566747
1566748
1566749
1568619
1568650
1568651
1568652
1568653
1568654
1568655
1568678
1568679
1569160
1569161
1569162
1569163
1569164
1569165
1850916
1859090
1859091
1859160
1859161
1859162
1780296
1780686
1780916
1780926
1782906
1782916
1782926
1782936
1782946
1782956
1782966
1782976
1782978
1782986
1782996
1784766
1784776
1786736
1786826
1786836
1786846
1786856
1786866
1786876
1786884
1789916
1800916
1804916
1809160
1809161
1809162
1809163
1809164
1809165
1809166
1809167
1530916
1531929
1531930
1531931
1531932
1531933
1531934
1531935
1531936
1531937
1531938
1533250
1533251
1533252
1533253
1533254
1533618
1533619
1533620
1533621
1534916
1535337
1535347
1535384
1535385
1538456
1538466
1538916
1538939
1539416
1539916
1539934
1539935
1361916
1362916
1363020
1363026
1363027
1364916
1365916
1366916
1368916
1953063
1959124
1959126
1959129
1890916
1899160
1899161
1899162
1899260
1899261
1899262
1899263
1899264
1899265
1899266
1899267
1899268
1899269
1310846
1310918
1310919
1311036
1311037
1311038
1311039
1314916
1318630
1318631
1318632
1318633
1318634
1318635
1319637
1319638
1319639
1730916
1731960
1731961
1731962
1731963
1731964
1731965
1731966
1731967
1734932
1738245
1738484
1738485
1738486
1738487
1738488
1738489
1738690
1739126
1739127
1739137
1739138
1739201
1739202
1739203
1739204
1739230
1739231
1739232
1739233
1739234
1739235
1739236
1739237
1739238
1739568
1739569
1739864
1739869
1380916
1389160
1389161
1389162
1389163
1389164
1389165
1389166
1389167
1389168
1389169
1389260
1389261
1389262
1389263
1389264
1389265
1389266
1389267
1389268
1389269
1660916
1870060
1870061
1870062
1870063
1870064
1870065
1870066
1870067
1870916
1871066
1871746
1872916
1872946
1872960
1872961
1872962
1872963
1872964
1872965
1872966
1872967
1874036
1874056
1874066
1874076
1879116
1879146
1879160
1879161
1879162
1879163
1879164
1879165
1879166
1879167
1510916
1511496
1512916
1512946
1512954
1512958
1512969
1512976
1512986
1519160
1519161
1519162
1519163
1519164
1519165
1519166
1519167
1519192
1820916
1822046
1822064
1822066
1822078
1822079
1824086
1829160
1829161
1829162
1829163
1829164
1829165
1829166
1829167
1829168
1829169
1829260
1829261
1829262
1829263
1829264
1829265
1829266
1342976
1346864
1346868
1346869
1347430
1347431
1347432
1347433
1347449
1347459
1347463
1348445
1348485
1348489
1348499
1348805
1348809
1348839
1348845
1580916
1582986
1587730
1587736
1587747
1587753
1587759
1589106
1589116
1589146
1589162
1589163
1589166
1589167
1760916
1760926
1761297
1769126
1750295
1750916
1750926
1880916
1882916
1882936
1882946
1882966
1882976
1882986
1884026
1889146
1889160
1889161
1889162
1889163
1889164
1889165
1889166
1889167
1889216
1370026
1370916
1375980
1375981
1377220
1377221
1377280
1377281
1377282
1377283
1377284
1470916
1472786
1472796
1472799
1472960
1472961
1472962
1472963
1472964
1472965
1472966
1472967
1472968
1472969
1479160
1479161
1479162
1479163
1479164
1479165
1810916
1814234
1814235
1814245
1814246
1814686
1814915
1814916
1816176
1816506
1816511
1819115
1819116
1819117
1819160
1819161
1819162
1819163
1819164
1819168
1819169
1520916
1522916
1522946
1522956
1522966
1522978
1522994
1524916
1528926
1529146
1529158
1529160
1529161
1529162
1529163
1529164
1529165
1529166
1570916
1570926
1571046
1571916
1571926
1576094
1576095
1576096
1576916
1576926
1577166
1577186
1840296
1840916
1840926
1842906
1842916
1842926
1980296
1980916
1981524
1982906
1982916
1982946
1988896
1989084
1989096
1989160
1989161
1989162
1989163
1989164
1989165
1989166
1989167
1989470
1989471
1989472
1989473
1989474
1989475
1989476
1989477
1989478
1989479
1989496
1989879
1650916
1651369
1651916
1655916
1910299
1910916
1914535
1914536
1919101
1320916
1320924
1320925
1320926
1320927
1321977
1323916
1325916
1325925
1325926
1325927
1325928
1325929
1327916
1328916
1328944
1328945
1328960
1328961
1328962
