1560439
1564397
1564398
1564399
1566292
1566293
1566294
1566295
1566296
1566297
1566298
1566299
1569439
1780400
1780439
1783308
1783309
1784340
1784899
1788719
1789619
1850439
1850449
1854309
1854390
1854391
1854399
1990439
1330449
1332149
1332159
1332439
1332449
1333149
1333159
1335159
1335439
1336439
1336449
1338439
1339439
1890439
1890449
1894349
1894376
1894388
1360449
1361439
1361449
1362439
1363073
1363079
1363439
1363449
1364439
1364449
1366439
1366449
1367439
1367449
1800439
1804390
1804395
1530439
1535458
1535459
1623297
1500439
1504390
1504391
1504392
1504393
1504394
1504395
1504396
1504397
1504398
1504399
1830439
1834390
1834391
1834392
1834393
1834394
1834395
1834396
1834397
1834398
1834399
1350093
1351439
1359670
1359671
1359672
1359673
1359674
1359675
1359676
1359677
1359678
1359679
1450605
1450606
1450607
1450608
1450609
1452179
1454149
1590439
1594390
1594391
1594392
1594393
1594394
1594395
1594396
1594397
1594398
1594399
1594490
1594491
1594492
1594493
1594494
1594495
1594496
1594497
1594498
1594499
1770439
1776686
1776781
1776790
1300907
1302907
1303907
1303938
1303939
1304032
1304039
1304439
1308938
1308939
1390449
1394314
1394342
1394390
1394391
1394392
1394393
1394394
1394395
1394396
1394397
1394398
1394399
1671439
1672362
1672363
1672365
1672439
1673439
1674248
1674249
1674260
1674439
1860439
1862975
1862976
1862977
1862978
1864390
1864391
1864392
1864393
1864394
1864395
1864396
1864397
1864398
1864399
1868439
1550439
1552692
1552693
1552696
1556759
1556797
1556798
1556799
1556810
1556811
1556812
1556813
1556814
1558490
1558491
1558492
1558493
1558494
1558495
1558496
1558548
1558549
1559038
1559039
1810439
1814319
1814369
1520439
1470439
1370439
1370449
1374390
1374391
1374392
1374393
1374394
1374395
1374396
1374397
1374398
1374399
1880439
1880449
1884390
1884391
1884392
1884393
1884394
1884395
1884396
1884397
1884398
1884399
1750439
1750449
1910439
1910449
1320439
1320449
1321439
1322439
1322449
1323439
1324439
1325189
1325269
1325889
1327439
1327811
1327829
1329439
1329881
1650070
1650267
1650439
1650949
1651439
1651629
1652145
1652439
1653439
1656032
1656439
1657313
1657439
1980439
1981584
1984309
1984340
1984349
1984398
1984399
1988979
1570439
1571439
1571449
1840439
1844390
1844392
1844393
1844394
1844395
1844396
1844397
1870439
1874390
1874391
1874392
1874393
1874394
1874395
1874396
1874397
1874398
1874399
1380449
1384390
1384391
1384392
1384393
1384394
1384395
1384396
1384397
1384398
1384399
1389400
1389401
1389402
1389403
1389404
1389405
1389406
1389407
1389408
1389409
1389473
1660439
1662439
1664390
1668839
1730439
1734389
1310439
1312439
1312579
1313439
1314439
1315969
1315979
1317907
1317917
1318070
1318071
1318072
1319619
1580439
1584390
1584391
1584392
1584393
1584394
1584395
1584396
1584397
1584398
1584399
1584490
1584491
1584492
1584493
1584494
1584495
1584496
1584497
1584498
1584499
1760439
1760449
1761439
1761449
1510439
1514390
1514391
1514392
1514393
1514394
1514395
1514396
1514397
1514398
1514399
1820439
1824390
1824391
1824392
1824393
1824394
1824395
1824396
1824397
1824398
1824399
1510433
1514330
1514331
1514332
1514333
1514334
1514335
1514336
1514337
1514338
1514339
1820433
1824330
1824331
1824332
1824333
1824334
1824335
1824336
1824337
1824338
1824339
1580433
1583470
1583471
1583472
1583473
1583474
1583475
1583476
1583477
1583478
1583479
1583490
1583491
1583492
1583493
1583494
1583495
1583496
1583497
1583498
1583499
1584330
1584331
1584332
1584333
1584334
1584335
1584336
1584337
1584338
1584339
1584430
1584431
1584432
1584433
1584434
1584435
1584436
1584437
1584438
1584439
1760433
1760443
1761433
1761443
1764330
1764333
1764334
1764335
1764336
1764337
1764338
1764339
1767833
1768430
1310433
1312433
1312573
1313433
1314433
1315433
1315963
1317908
1317909
1317914
1317915
1318073
1318090
1318091
1318092
1318093
1319433
1319620
1730433
1734381
1380443
1380448
1384330
1384331
1384332
1384333
1384334
1384335
1384336
1384337
1384338
1384339
1384430
1384431
1384432
1384433
1384434
1384435
1384436
1384437
1384438
1384439
1384470
1384471
1384472
1384473
1384474
1384475
1384476
1384477
1384478
1384479
1389430
1389431
1389432
1389433
1389434
1389435
1389436
1389437
1389438
1389439
1660433
1662433
1662440
1662441
1662442
1662443
1664303
1664330
1664331
1664332
1664333
1664334
1664335
1664336
1664337
1664338
1664339
1668823
1668833
1668843
1870433
1874330
1874331
1874332
1874333
1874334
1874335
1874336
1874337
1874338
1874339
1874430
1874431
1874432
1874433
1874434
1874435
1874436
1874437
1874438
1874439
1570433
1571433
1571443
1840433
1844330
1844331
1844332
1844333
1844334
1844335
1844336
1844337
1844338
1844339
1980433
1984303
1984337
1984338
1984339
1655933
1656043
1656045
1656084
1656433
1656442
1656443
1657279
1657379
1657433
1657462
1910433
1910443
1320433
1321433
1322433
1322443
1323433
1324433
1325183
1325881
1325882
1325883
1327433
1327823
1327824
1327833
1327834
1329433
1329880
1750433
1750443
1751993
1754330
1754331
1754332
1754333
1754334
1754335
1754336
1754337
1754338
1754339
1754390
1754391
1754392
1754393
1758129
1880433
1884330
1884331
1884332
1884333
1884334
1884335
1884336
1884337
1884338
1884339
1884430
1884431
1884432
1884433
1884434
1884435
1884436
1884437
1884438
1884439
1884470
1884471
1884472
1884473
1884474
1470433
1474313
1370433
1370438
1370443
1370446
1370448
1374330
1374331
1374333
1374334
1374335
1374336
1374337
1374338
1374339
1374430
1374431
1374432
1374433
1374434
1374435
1374436
1374437
1374438
1374439
1374470
1374471
1374472
1374473
1374474
1374475
1374476
1374477
1374478
1374479
1810433
1810443
1814313
1520433
1860433
1862694
1862695
1862696
1862697
1862698
1862699
1864328
1864329
1864330
1864331
1864332
1864333
1864334
1864335
1864336
1864337
1864338
1864339
1868433
1868633
1550433
1552670
1552671
1552672
1552673
1552674
1552675
1552676
1552677
1552678
1552679
1556760
1556761
1556762
1556763
1556764
1556765
1556766
1556767
1556768
1556769
1556800
1556801
1556802
1556803
1556804
1556805
1556806
1556807
1556808
1556809
1558460
1558461
1558462
1558463
1558464
1558465
1558466
1558467
1558468
1558555
1558556
1558558
1558559
1390443
1390446
1390447
1390448
1394332
1394335
1394336
1394337
1394338
1394339
1394430
1394431
1394432
1394433
1394434
1394435
1394436
1394437
1394438
1394439
1394470
1394471
1394472
1394473
1394474
1394475
1394476
1394477
1394478
1394479
1671430
1671433
1672174
1672184
1672194
1672204
1672234
1672240
1672241
1672389
1672433
1672500
1672501
1672502
1672503
1672505
1672506
1672507
1673433
1674433
1300908
1300909
1301918
1301923
1302908
1302909
1303908
1303909
1303918
1303923
1303933
1304335
1304336
1304337
1304338
1304339
1304433
1306908
1306909
1306923
1308930
1308931
1308932
1308933
1308934
1308943
1308944
1590433
1594330
1594331
1594332
1594333
1594334
1594335
1594336
1594337
1594338
1594339
1594430
1594431
1594432
1594433
1594434
1594435
1594436
1594437
1594438
1594439
1598130
1598131
1598132
1598133
1598134
1598135
1598136
1598137
1598138
1598139
1770433
1776688
1776783
1776793
1350091
1350092
1350472
1351433
1351443
1359650
1359651
1359652
1359653
1359654
1359655
1359656
1359657
1359658
1359659
1450500
1450501
1450502
1450503
1450504
1452185
1452186
1454143
1500433
1504330
1504331
1504332
1504333
1504334
1504335
1504336
1504337
1504338
1504339
1830433
1834330
1834331
1834332
1834333
1834334
1834335
1834336
1834337
1834338
1834339
1623241
1623242
1623289
1623290
1800433
1804330
1804331
1804335
1804336
1530433
1532633
1532643
1533063
1534432
1534433
1534438
1535453
1535454
1535455
1361077
1361433
1361443
1362070
1362071
1362433
1362443
1363066
1363067
1363068
1363069
1363433
1363443
1364433
1364443
1364446
1365433
1365443
1365448
1367433
1368970
1369433
1369443
1890433
1890443
1894330
1894331
1894332
1894333
1894334
1894335
1894336
1894337
1894370
1894371
1894372
1894373
1894374
1894375
1894389
1330443
1330446
1330447
1330448
1331433
1331438
1332144
1332151
1332433
1332443
1332448
1333148
1333151
1333163
1334152
1334153
1335157
1335313
1335325
1335433
1336433
1336443
1336466
1338433
1338443
1339433
1339443
1990433
1560433
1564330
1564331
1564332
1564333
1564334
1564335
1564336
1564337
1564338
1564339
1566218
1566219
1566225
1566226
1566227
1566228
1566229
1566280
1569433
1569958
1850433
1850448
1854331
1780433
1780800
1789613
1820430
1820431
1824300
1824301
1824302
1824303
1824304
1824305
1824306
1824307
1824308
1824309
1824310
1824311
1824312
1824313
1824314
1824315
1824316
1824317
1824318
1824319
1824400
1824401
1824402
1824403
1824404
1824405
1824406
1824407
1824408
1824409
1510430
1510431
1510440
1510441
1510442
1510443
1510444
1510445
1510446
1510447
1510448
1510449
1514300
1514301
1514302
1514303
1514304
1514305
1514306
1514307
1514308
1514309
1514310
1514311
1514312
1514313
1514314
1514315
1514316
1514317
1514318
1514319
1514400
1514401
1514402
1514403
1514404
1514405
1514406
1514407
1514408
1514409
1514410
1514411
1514412
1514413
1514414
1514415
1514416
1514417
1514418
1514419
1516430
1516431
1516432
1516433
1516434
1516435
1516436
1516437
1516438
1516439
1760430
1760431
1760440
1760441
1761430
1761431
1761440
1761441
1762430
1762431
1762432
1762433
1762434
1762435
1762436
1762437
1762438
1762439
1764300
1764301
1764303
1764304
1764305
1764306
1764307
1764309
1764310
1764311
1764312
1764313
1764314
1764315
1764316
1764317
1764318
1764319
1764400
1764401
1764402
1764403
1764404
1764405
1764406
1764407
1764408
1764409
1764410
1764411
1764412
1764413
1764414
1764415
1764416
1764417
1764418
1764419
1764980
1764981
1764982
1764983
1764984
1764985
1764986
1764987
1764988
1764989
1764990
1764991
1764992
1764993
1764994
1764995
1764996
1764997
1764998
1764999
1767830
1767831
1767834
1767836
1767838
1767839
1767840
1767841
1767842
1767843
1767844
1767845
1767848
1768431
1768432
1768433
1768434
1768435
1768436
1768437
1768438
1768439
1580430
1580431
1580440
1580441
1580442
1580443
1580444
1580445
1580446
1580447
1580448
1580449
1584300
1584301
1584302
1584303
1584304
1584305
1584306
1584307
1584308
1584309
1584310
1584311
1584312
1584313
1584314
1584315
1584316
1584317
1584318
1584319
1584400
1584401
1584402
1584403
1584404
1584405
1584406
1584407
1584408
1584409
1584410
1584411
1584412
1584413
1584414
1584415
1584416
1584417
1584418
1584419
1340430
1340431
1340432
1340433
1340435
1340436
1340437
1340438
1340439
1340470
1340471
1340472
1340473
1340474
1340475
1340476
1340477
1340478
1340479
1730006
1730430
1730431
1738680
1738681
1738682
1738683
1738684
1738685
1738686
1738687
1738688
1738689
1739000
1739001
1739002
1739003
1739004
1739005
1739006
1739007
1739008
1739090
1739091
1739092
1739094
1739095
1739096
1739099
1310430
1310431
1310440
1310441
1310442
1310443
1310444
1310445
1310446
1310447
1310448
1310449
1312570
1312574
1312580
1312581
1312582
1313430
1313431
1313443
1313445
1313446
1313447
1313448
1313449
1314430
1314431
1314764
1314765
1314766
1314770
1314771
1315430
1315431
1315435
1315436
1315437
1315439
1315950
1315951
1315952
1315953
1315956
1315960
1315961
1315964
1315968
1315974
1315975
1315977
1316680
1316681
1316682
1316683
1316684
1316685
1316686
1316687
1316688
1316689
1317430
1317431
1317433
1317434
1317435
1317436
1317437
1317438
1317439
1317440
1317441
1317442
1317443
1317444
1317445
1317446
1317447
1317448
1317449
1317900
1317901
1317904
1317910
1317911
1317912
1317913
1318074
1318079
1318080
1318081
1318082
1318083
1318084
1318085
1318086
1318087
1318088
1318089
1318094
1318099
1319430
1319431
1319435
1319436
1319437
1319438
1319439
1319600
1319601
1319602
1319603
1319604
1870430
1870431
1870440
1870441
1870442
1870443
1870444
1870445
1870446
1870447
1870448
1870449
1874300
1874301
1874302
1874303
1874304
1874305
1874306
1874307
1874308
1874309
1874310
1874311
1874312
1874313
1874314
1874315
1874316
1874317
1874318
1874319
1874400
1874401
1874402
1874403
1874404
1874405
1874406
1874407
1874408
1874409
1874410
1874411
1874412
1874413
1874414
1874415
1874416
1874417
1874418
1874419
1660430
1660431
1660440
1660441
1660442
1660443
1660444
1660445
1660446
1660447
1660448
1660449
1662430
1662431
1662457
1662458
1662459
1664300
1664301
1664307
1664308
1664309
1664310
1664311
1664312
1664313
1664314
1664315
1664316
1664317
1664318
1664319
1664341
1664344
1664345
1664351
1664352
1664353
1664354
1664355
1664356
1664357
1664358
1664359
1664368
1664369
1664370
1664371
1664372
1664373
1664374
1664375
1664376
1664377
1664378
1664379
1664391
1664392
1664393
1664394
1664395
1664396
1664397
1664398
1664399
1668820
1668821
1668830
1668831
1668837
1668840
1668841
1668847
1668848
1668849
1380043
1380430
1380431
1380432
1380433
1380435
1380437
1380439
1380446
1384300
1384301
1384302
1384303
1384304
1384305
1384306
1384307
1384308
1384309
1384310
1384311
1384312
1384313
1384314
1384315
1384316
1384317
1384318
1384319
1384400
1384401
1384402
1384403
1384404
1384405
1384406
1384407
1384408
1384409
1384410
1384411
1384412
1384413
1384414
1384415
1384416
1384417
1384418
1384419
1384480
1384481
1384482
1384483
1384484
1384485
1384486
1384487
1384488
1384489
1384490
1384491
1384492
1384493
1384494
1384495
1384496
1384497
1384498
1384499
1389475
1389476
1389477
1389478
1389479
1389480
1389481
1389482
1389483
1389484
1389485
1389486
1389487
1389488
1389489
1650144
1650196
1650287
1650291
1650294
1650298
1650322
1650331
1650400
1650430
1650431
1650440
1650441
1650444
1650674
1651152
1651333
1651386
1651430
1651431
1651515
1651611
1651622
1651991
1652028
1652029
1652111
1652130
1652134
1652140
1652430
1652431
1652677
1652686
1652687
1652689
1652701
1652744
1652784
1652959
1652965
1652969
1652975
1652989
1653038
1653047
1653086
1653137
1653177
1653187
1653234
1653238
1653240
1653241
1653244
1653277
1653288
1653331
1653399
1653400
1653431
1653440
1653441
1653442
1653484
1653485
1653637
1653800
1653803
1653804
1653805
1653808
1653809
1653820
1653840
1653841
1653870
1653909
1653970
1655044
1655061
1655425
1655440
1655441
1655488
1655505
1655588
1655639
1655641
1655670
1655673
1655677
1655700
1655713
1655716
1655722
1655726
1655727
1655944
1655956
1656000
1656025
1656027
1656033
1656037
1656039
1656040
1656041
1656044
1656057
1656062
1656063
1656064
1656069
1656074
1656075
1656099
1656333
1656430
1656431
1656667
1656668
1656744
1656794
1656814
1656851
1656936
1657000
1657017
1657027
1657031
1657050
1657051
1657052
1657053
1657054
1657070
1657084
1657090
1657148
1657169
1657225
1657257
1657272
1657328
1657344
1657373
1657400
1657430
1657431
1657498
1657501
1657527
1657646
1657677
1657773
1657774
1657822
1980430
1980431
1981577
1984280
1984281
1984282
1984283
1984284
1984285
1984286
1984287
1984288
1984289
1984290
1984291
1984292
1984293
1984294
1984295
1984296
1984297
1984298
1984299
1984300
1984301
1984310
1984311
1984312
1984313
1984314
1984315
1984316
1984317
1984318
1984319
1984320
1984321
1984322
1984323
1984324
1984380
1984381
1984390
1984391
1984392
1984393
1984394
1984395
1984396
1984397
1988970
1988971
1840430
1840431
1844300
1844301
1844302
1844303
1844304
1844305
1844306
1844307
1844308
1844309
1844310
1844311
1844312
1844313
1844314
1844315
1844316
1844317
1844318
1844319
1844391
1844398
1844399
1844420
1844421
1844422
1844423
1844424
1844425
1844426
1844427
1844428
1844429
1844430
1844431
1844432
1844433
1844434
1844435
1844436
1844437
1844438
1844439
1844440
1844441
1844442
1844443
1844444
1844445
1844446
1844447
1844448
1844449
1844450
1844451
1844452
1844453
1844454
1844455
1844456
1844457
1844458
1844459
1849250
1849251
1849252
1849253
1849254
1849255
1849256
1849257
1849258
1849259
1849263
1849264
1849265
1849266
1849267
1849268
1849269
1849270
1849271
1849272
1849273
1849274
1849276
1849277
1849278
1849279
1849280
1849281
1849282
1849283
1849284
1570430
1570431
1570440
1570441
1570442
1570443
1570444
1570445
1570446
1570447
1570448
1570449
1571430
1571431
1571440
1571441
1575430
1575431
1575432
1575433
1575434
1575435
1575436
1575437
1575438
1575439
1576430
1576431
1576432
1576433
1576434
1576435
1576436
1576437
1576438
1576439
1576440
1576441
1576442
1576443
1576444
1576445
1576446
1576447
1576448
1576449
1320430
1320431
1321430
1321431
1321440
1321441
1321442
1321443
1321446
1321447
1321448
1321449
1322430
1322431
1323430
1323431
1323440
1323441
1323442
1323443
1323444
1323445
1323446
1323447
1323448
1323449
1324426
1324427
1324430
1324431
1324440
1324441
1324442
1324443
1325170
1325171
1325172
1325173
1325174
1325175
1325180
1325181
1325260
1325261
1325262
1325263
1325264
1325884
1325888
1327430
1327431
1327810
1329430
1329431
1329888
1910430
1910431
1910440
1910441
1914450
1914451
1914454
1914456
1914457
1914459
1700430
1700431
1700433
1700434
1700436
1700437
1701430
1701431
1701432
1701433
1701434
1701435
1701436
1701437
1702422
1702423
1702424
1702425
1702426
1702427
1702428
1702429
1702430
1702431
1702432
1702433
1702434
1702435
1702436
1702437
1702438
1702439
1703726
1703727
1703728
1703729
1703730
1703731
1703732
1703733
1703734
1703735
1703736
1703737
1703738
1703739
1703740
1703741
1703742
1703743
1703744
1703745
1703746
1703747
1703748
1703749
1703750
1704520
1704521
1704522
1704523
1704524
1704525
1704526
1704527
1704528
1704529
1704530
1704531
1704532
1704533
1704534
1704535
1704536
1704537
1704538
1704539
1704540
1704541
1704542
1704543
1704544
1704545
1704546
1704547
1704548
1704549
1704550
1704551
1704552
1704553
1704554
1704555
1704556
1704557
1704558
1704559
1704560
1704561
1704562
1704563
1704564
1704565
1704566
1704567
1704568
1704569
1705027
1705090
1705154
1705161
1705212
1705263
1705379
1705543
1705560
1705589
1705625
1705740
1705792
1705793
1705877
1706821
1706822
1706823
1706824
1706825
1706826
1706827
1706828
1706829
1706830
1706831
1706832
1706833
1706834
1706835
1706836
1706837
1706838
1706839
1706840
1707430
1707431
1707432
1707433
1707434
1707435
1707436
1707437
1707438
1707439
1708430
1708431
1708432
1708433
1708434
1708435
1708436
1708437
1708438
1708439
1709430
1709431
1709432
1709433
1709434
1709435
1709436
1709437
1709438
1709439
1370436
1374044
1374300
1374301
1374302
1374303
1374304
1374306
1374307
1374308
1374309
1374310
1374311
1374312
1374313
1374314
1374315
1374316
1374317
1374318
1374319
1374332
1374400
1374401
1374402
1374403
1374404
1374405
1374406
1374407
1374408
1374409
1374410
1374411
1374412
1374413
1374414
1374415
1374416
1374417
1374418
1374419
1374480
1374481
1374482
1374483
1374484
1374485
1374486
1374487
1374488
1374489
1374490
1374491
1374492
1374493
1374494
1374495
1374496
1374497
1374498
1374499
1375600
1375601
1375602
1375603
1375604
1375605
1375606
1375607
1375608
1375609
1375610
1375611
1375612
1375613
1375614
1375615
1375616
1375617
1375618
1375619
1375620
1375621
1375622
1375623
1375624
1375625
1375626
1375627
1375628
1375629
1375630
1375631
1375632
1375633
1375634
1375635
1375636
1375637
1375638
1375639
1375640
1375641
1375642
1375643
1375644
1375645
1375646
1375647
1375648
1375649
1375650
1375651
1375652
1375653
1375654
1375655
1375656
1375657
1375658
1375659
1375660
1375661
1375662
1375663
1375664
1375665
1375666
1375667
1375668
1375669
1375680
1375681
1375682
1375683
1375684
1375685
1375686
1375687
1375688
1375689
1375690
1375691
1375692
1375693
1375694
1375695
1375696
1375697
1375698
1375699
1470430
1470431
1471720
1471721
1471722
1471723
1471724
1471725
1471726
1471727
1471728
1471729
1474310
1474311
1474315
1474316
1474317
1474319
1474390
1474391
1474392
1474393
1474394
1474395
1474396
1474397
1474398
1474399
1476532
1476533
1476534
1476576
1476586
1476595
1476596
1476597
1476598
1476684
1476685
1476686
1476687
1479430
1479431
1479432
1479433
1479434
1479435
1479436
1479437
1479438
1479439
1479810
1479811
1479812
1479813
1479814
1479815
1479816
1479817
1479818
1479819
1880430
1880431
1884300
1884301
1884302
1884303
1884304
1884305
1884306
1884307
1884308
1884309
1884310
1884311
1884312
1884313
1884314
1884315
1884316
1884317
1884318
1884319
1884400
1884401
1884402
1884403
1884404
1884405
1884406
1884407
1884408
1884409
1884410
1884411
1884412
1884413
1884414
1884415
1884416
1884417
1884418
1884419
1884450
1884451
1884452
1884453
1884454
1884455
1884456
1884457
1884458
1884459
1750430
1750431
1750440
1750441
1751400
1751401
1751402
1751403
1751404
1751405
1751406
1751407
1751408
1751409
1751410
1751411
1751412
1751413
1751414
1751415
1751416
1751417
1751418
1751419
1751910
1751911
1751912
1751913
1751914
1751915
1751916
1751917
1751918
1751919
1751920
1751921
1751922
1751923
1751924
1751925
1751926
1751927
1751928
1751929
1751940
1751941
1751942
1751943
1751944
1751945
1751946
1751947
1751948
1751949
1751960
1751961
1751962
1751963
1751964
1751965
1751966
1751967
1751968
1751969
1751970
1751971
1751972
1751973
1751974
1751975
1751976
1751977
1751978
1751979
1751994
1751996
1751997
1751998
1751999
1754300
1754301
1754302
1754303
1754304
1754305
1754306
1754307
1754308
1754309
1754310
1754311
1754312
1754313
1754314
1754315
1754316
1754317
1754318
1754319
1754368
1754369
1754370
1754371
1754372
1754373
1754374
1754375
1754376
1754377
1754378
1754379
1754380
1754381
1754382
1754383
1754384
1754385
1754386
1754387
1754388
1754389
1754394
1754395
1754396
1754397
1754398
1754399
1754400
1754401
1754402
1754403
1754404
1754405
1754406
1754407
1754408
1754409
1754410
1754411
1754412
1754413
1754414
1754415
1754416
1754417
1754418
1754419
1754940
1754941
1754942
1754943
1754944
1754945
1754946
1754947
1754948
1754949
1754950
1754951
1754952
1754953
1754954
1754955
1754956
1754957
1754958
1754959
1754960
1754961
1754962
1754963
1754964
1754965
1754966
1754967
1754968
1754969
1754970
1754971
1754972
1754973
1754974
1754975
1754976
1754977
1754978
1754979
1754980
1754981
1754982
1754983
1754984
1754985
1754986
1754987
1754988
1754989
1758120
1758121
1758122
1758123
1758124
1520430
1520431
1524310
1524311
1524312
1524313
1524314
1524315
1524316
1524317
1524318
1524319
1810048
1810049
1810430
1810431
1810440
1810441
1814300
1814301
1814302
1814303
1814304
1814305
1814306
1814307
1814308
1814309
1814310
1814314
1814360
1816680
1816681
1816682
1816683
1816684
1816685
1816686
1816687
1816688
1816689
1818680
1818681
1818682
1818683
1818684
1818685
1818686
1818687
1818688
1818689
1671431
1672170
1672171
1672172
1672173
1672175
1672176
1672177
1672178
1672179
1672180
1672181
1672182
1672183
1672185
1672186
1672187
1672188
1672189
1672190
1672191
1672192
1672193
1672195
1672196
1672197
1672198
1672199
1672200
1672201
1672202
1672203
1672205
1672206
1672207
1672208
1672209
1672230
1672231
1672232
1672233
1672235
1672236
1672237
1672238
1672239
1672245
1672246
1672247
1672248
1672249
1672260
1672261
1672262
1672263
1672264
1672265
1672266
1672267
1672268
1672269
1672270
1672271
1672272
1672273
1672274
1672275
1672276
1672277
1672278
1672279
1672280
1672281
1672282
1672283
1672284
1672285
1672286
1672287
1672288
1672289
1672290
1672291
1672292
1672293
1672294
1672295
1672304
1672324
1672364
1672384
1672400
1672401
1672402
1672403
1672404
1672405
1672406
1672407
1672408
1672409
1672430
1672431
1672440
1672441
1672442
1672443
1672444
1672445
1672446
1672447
1672448
1672449
1672490
1672491
1672492
1672493
1672494
1672495
1672496
1672497
1672498
1672499
1672504
1673430
1673431
1674190
1674191
1674192
1674193
1674194
1674195
1674196
1674197
1674198
1674199
1674200
1674201
1674202
1674203
1674204
1674205
1674206
1674207
1674208
1674209
1674220
1674221
1674223
1674431
1390430
1390431
1390432
1390433
1390439
1394300
1394301
1394302
1394303
1394304
1394305
1394306
1394307
1394308
1394309
1394310
1394311
1394312
1394313
1394315
1394316
1394317
1394318
1394319
1394400
1394401
1394402
1394403
1394404
1394405
1394406
1394407
1394408
1394409
1394410
1394411
1394412
1394413
1394414
1394415
1394416
1394417
1394418
1394419
1394480
1394481
1394482
1394483
1394484
1394485
1394486
1394487
1394488
1394489
1394490
1394491
1394492
1394493
1394494
1394495
1394496
1394497
1394498
1394499
1550000
1550001
1550002
1550003
1550004
1550005
1550006
1550007
1550008
1550009
1550430
1550431
1550440
1550441
1550442
1550443
1550444
1550445
1550446
1550447
1550448
1550449
1550600
1550601
1550605
1552663
1552664
1552665
1552666
1552667
1552680
1552681
1552682
1552683
1552684
1552685
1552686
1552687
1552688
1552689
1554300
1554301
1554309
1554310
1554311
1554312
1554313
1554314
1554315
1554316
1554317
1554318
1554319
1554327
1554328
1554340
1554341
1554345
1554349
1554350
1554351
1554352
1554353
1554354
1554355
1554356
1554357
1554358
1554359
1554360
1554361
1554362
1554363
1554364
1554365
1554366
1554367
1554368
1554369
1554370
1554371
1554372
1554373
1554374
1554375
1554376
1554377
1554378
1554379
1556700
1556701
1556702
1556703
1556704
1556705
1556706
1556707
1556708
1556709
1556710
1556711
1556712
1556713
1556714
1556715
1556716
1556717
1556718
1556719
1556770
1556771
1556772
1556773
1556774
1556775
1556776
1556777
1556870
1556871
1556872
1556873
1556874
1556875
1556876
1556877
1556878
1556879
1556880
1556881
1556882
1556883
1556884
1556885
1556886
1556887
1556888
1556889
1556890
1556891
1556892
1556893
1556894
1556895
1556896
1556897
1556898
1556899
1558410
1558411
1558412
1558413
1558414
1558415
1558416
1558417
1558418
1558419
1558420
1558421
1558422
1558423
1558424
1558425
1558426
1558427
1558428
1558429
1558430
1558431
1558432
1558433
1558434
1558435
1558436
1558437
1558438
1558439
1558440
1558441
1558442
1558443
1558444
1558445
1558446
1558447
1558448
1558449
1559000
1559001
1559002
1559003
1559004
1559005
1559050
1559051
1559052
1559053
1559054
1559055
1559056
1559057
1559058
1559059
1559066
1559067
1559068
1860430
1860431
1860440
1860441
1860442
1860443
1860444
1860445
1860446
1862660
1862661
1862662
1862663
1862664
1862665
1862666
1862667
1862668
1862669
1862670
1862671
1862672
1862690
1862691
1862692
1862693
1862879
1864306
1864307
1864310
1864311
1864312
1864313
1864314
1864315
1864316
1864317
1864318
1864319
1864492
1864493
1864494
1864495
1864496
1864497
1864498
1864499
1868430
1868431
1868634
1868635
1868636
1868637
1868638
1868639
1868640
1868641
1868642
1868643
1868644
1868645
1868646
1868647
1868648
1868649
1868650
1868651
1868652
1868653
1868654
1868660
1868661
1868662
1868663
1868664
1868665
1868666
1868667
1868668
1868669
1930252
1939000
1939620
1300091
1300900
1300901
1300910
1300911
1300912
1300913
1300914
1301091
1301910
1301911
1301912
1301913
1301920
1301921
1301922
1302900
1302901
1302910
1302911
1302912
1302913
1302914
1303900
1303901
1303904
1303910
1303911
1303912
1303913
1303914
1303920
1303921
1303922
1303930
1303931
1303932
1303934
1304136
1304137
1304138
1304139
1304330
1304331
1304332
1304333
1304334
1304430
1304431
1306900
1306901
1306904
1306910
1306911
1306912
1306913
1306914
1306920
1306921
1306924
1307430
1307431
1307432
1307433
1307434
1307435
1307436
1307437
1307438
1307439
1308001
1308002
1308003
1308004
1308680
1308681
1308682
1308683
1308684
1308685
1308686
1308687
1308688
1308689
1308910
1308911
1308912
1308913
1308914
1308940
1308941
1308942
1728900
1450610
1450611
1450612
1450613
1450614
1450615
1452190
1452191
1452192
1452193
1452194
1452195
1452196
1452197
1452198
1452199
1454140
1454141
1457860
1457861
1457862
1457863
1457864
1457865
1457866
1457867
1457868
1457869
1457920
1457921
1457922
1457923
1457924
1457925
1457926
1457927
1457928
1457929
1457930
1457931
1457932
1457933
1457934
1457935
1457936
1457937
1457938
1457939
1457950
1457951
1457952
1457953
1457954
1457955
1457956
1457957
1457958
1457959
1457960
1457961
1457962
1457963
1457964
1457965
1457966
1457967
1457968
1457969
1350080
1350081
1350082
1350085
1350086
1350088
1350089
1350430
1350431
1350432
1350433
1350439
1350440
1350441
1350442
1350443
1350445
1350446
1350447
1350448
1350449
1350470
1350479
1351430
1351431
1351440
1351441
1351446
1351447
1351448
1351449
1357860
1357861
1357862
1357863
1357864
1357865
1357866
1357867
1357868
1357869
1357870
1357871
1357872
1357873
1357874
1357875
1357876
1357877
1357878
1357879
1357880
1357881
1357882
1357883
1357884
1357885
1357886
1357887
1357888
1357889
1357890
1357891
1357892
1357893
1357894
1357895
1357896
1357897
1357898
1357899
1359600
1359601
1359602
1359603
1359604
1359605
1359606
1359607
1359608
1359609
1359610
1359611
1359612
1359613
1359614
1359615
1359616
1359617
1359618
1359619
1359640
1359641
1359642
1359643
1359644
1359645
1359646
1359647
1359648
1359649
1770430
1770431
1774300
1774301
1774302
1774303
1774304
1774305
1774306
1774307
1774308
1774309
1774310
1774311
1774312
1774313
1774314
1774315
1774316
1774317
1774318
1774319
1774340
1774341
1774342
1774343
1774344
1774345
1774346
1774347
1774348
1774349
1776770
1776771
1776772
1776773
1776774
1776775
1776776
1776777
1776778
1776779
1776789
1779000
1779001
1779002
1779003
1779004
1779005
1779006
1779007
1779008
1779009
1590430
1590431
1590440
1590441
1590442
1590443
1590444
1590445
1590446
1590447
1590448
1590449
1594300
1594301
1594302
1594303
1594304
1594305
1594306
1594307
1594308
1594309
1594310
1594311
1594312
1594313
1594314
1594315
1594316
1594317
1594318
1594319
1594400
1594401
1594402
1594403
1594404
1594405
1594406
1594407
1594408
1594409
1594410
1594411
1594412
1594413
1594414
1594415
1594416
1594417
1594418
1594419
1594780
1594781
1594782
1594783
1594784
1594785
1594786
1594787
1594788
1594789
1594800
1594801
1594802
1594803
1594804
1594805
1594806
1594807
1594808
1594809
1594810
1594811
1594812
1594813
1594814
1594815
1594816
1594817
1594818
1594819
1594820
1594821
1594822
1594823
1594824
1594825
1594826
1594827
1594828
1594829
1594830
1594831
1594832
1594833
1594834
1594835
1594836
1594837
1594838
1594839
1594870
1594871
1594872
1594873
1594874
1594875
1594876
1594877
1594878
1594879
1598100
1598101
1598102
1598103
1598104
1598105
1598106
1598107
1598108
1598109
1623252
1623253
1623254
1623256
1623257
1623266
1830430
1830431
1834300
1834301
1834302
1834303
1834304
1834305
1834306
1834307
1834308
1834309
1834310
1834311
1834312
1834313
1834314
1834315
1834316
1834317
1834318
1834319
1500430
1500431
1504300
1504301
1504302
1504303
1504304
1504305
1504306
1504307
1504308
1504309
1504310
1504311
1504312
1504313
1504314
1504315
1504316
1504317
1504318
1504319
1504400
1504401
1504402
1504403
1504404
1504405
1504406
1504407
1504408
1504409
1504410
1504411
1504412
1504413
1504414
1504415
1504416
1504417
1504418
1504419
1504430
1504431
1504432
1504433
1504434
1504435
1504436
1504437
1504438
1504439
1530430
1530431
1530440
1530441
1530442
1530443
1530444
1530445
1530446
1530447
1530448
1532630
1532631
1532640
1532641
1532642
1533060
1533061
1533110
1534430
1534431
1534436
1534437
1535450
1535451
1535452
1535470
1535471
1535472
1535473
1535474
1535475
1535476
1535477
1535478
1535479
1800430
1800431
1800440
1800441
1800442
1800443
1800444
1800445
1800446
1800447
1800448
1800449
1804300
1804301
1804302
1804303
1804304
1804305
1804306
1804307
1804308
1804309
1804310
1804311
1804312
1804313
1804314
1804315
1804316
1804317
1804318
1804319
1804321
1804323
1804333
1804334
1804344
1804353
1804354
1804357
1804358
1804359
1804361
1804363
1804364
1804367
1804368
1804369
1804371
1804376
1804381
1804391
1804396
1808860
1808861
1808862
1808863
1808864
1808865
1808866
1808867
1808868
1808869
1890430
1890431
1890440
1890441
1894300
1894301
1894302
1894303
1894304
1894305
1894306
1894307
1894308
1894309
1894310
1894311
1894312
1894313
1894314
1894315
1894316
1894317
1894318
1894319
1894360
1894361
1894362
1894363
1894364
1894365
1894366
1894367
1894368
1894369
1894390
1894391
1894392
1894393
1894394
1894395
1894396
1894397
1894398
1894399
1894650
1894651
1894652
1894653
1894654
1894655
1894656
1894657
1894658
1894659
1894660
1894661
1894662
1894663
1894664
1894665
1894666
1894667
1894668
1894669
1894670
1894671
1894672
1894673
1894674
1894675
1894676
1894677
1894678
1894679
1950030
1950031
1950032
1950033
1950034
1950035
1950036
1950037
1950038
1950039
1954310
1954311
1954312
1954313
1954314
1954315
1954316
1954317
1954318
1954319
1958012
1360430
1360431
1360432
1360433
1360436
1360439
1360440
1360441
1360442
1360443
1360444
1361070
1361071
1361072
1361073
1361074
1361078
1361079
1361430
1361431
1361440
1361441
1361447
1362078
1362079
1362430
1362431
1362440
1362441
1362446
1362447
1362449
1363050
1363051
1363052
1363053
1363054
1363055
1363056
1363057
1363058
1363059
1363430
1363431
1363440
1363441
1364430
1364431
1364440
1364441
1365430
1365431
1365436
1365437
1365439
1365440
1365441
1365447
1366430
1366431
1366433
1366440
1366441
1366443
1367430
1367431
1368980
1368981
1368982
1368983
1368984
1368985
1369430
1369431
1710895
1712800
1712801
1712802
1712803
1712804
1712805
1712806
1712807
1712808
1712809
1712810
1712811
1712812
1712813
1712814
1712815
1712816
1712817
1712818
1712819
1712820
1712821
1712822
1712823
1712824
1712825
1712826
1712827
1712828
1712829
1712830
1712831
1712832
1712833
1712834
1712835
1712836
1712837
1712838
1712839
1712840
1712841
1712842
1712843
1712844
1712845
1712846
1712847
1712848
1712849
1712850
1712851
1712852
1712853
1712854
1712855
1712856
1712857
1712858
1712859
1713060
1713061
1713062
1713063
1713064
1713065
1713066
1713067
1713068
1713069
1713180
1713181
1713182
1713183
1713184
1713185
1713186
1713187
1713188
1713189
1713430
1713431
1713433
1713434
1713435
1713436
1713437
1713438
1713439
1715060
1715061
1715062
1715063
1715064
1715065
1715066
1715067
1715068
1715069
1715430
1715431
1715433
1715434
1715435
1715436
1715437
1715438
1715439
1716060
1716061
1716062
1716063
1716064
1716066
1716430
1716431
1716433
1716434
1716435
1716436
1716437
1716438
1716439
1717064
1717066
1717430
1717431
1717433
1717434
1717435
1717436
1717437
1717438
1717439
1719180
1719181
1719182
1719183
1719184
1719185
1719186
1719187
1719188
1719189
1719190
1719191
1719192
1719193
1719194
1719195
1719196
1719197
1719198
1719199
1330430
1330431
1330432
1330433
1330439
1331430
1331431
1331439
1332140
1332141
1332154
1332158
1332430
1332431
1332446
1332447
1333154
1333158
1333164
1333165
1333166
1333167
1333168
1333169
1333174
1333175
1333176
1333177
1334140
1334141
1334142
1334143
1334144
1334145
1334146
1334147
1334148
1334149
1334157
1334158
1334159
1334416
1335150
1335154
1335310
1335311
1335314
1335319
1335320
1335324
1335326
1335327
1335329
1335430
1335431
1336430
1336431
1336446
1336447
1336448
1336450
1336451
1336454
1336460
1336461
1336463
1336464
1336468
1336469
1338430
1338431
1338447
1338448
1338449
1339430
1339431
1339447
1339448
1339449
1780430
1780431
1780804
1780805
1780806
1780807
1780808
1780809
1783310
1783311
1783312
1783313
1783314
1783315
1783323
1783330
1783331
1783332
1783333
1783334
1783335
1783336
1783337
1783338
1783339
1784300
1784301
1784302
1784303
1784304
1784305
1784306
1784307
1784308
1784309
1784310
1784311
1784312
1784313
1784314
1784315
1784316
1784317
1784318
1784319
1784330
1784331
1784332
1784333
1784334
1784335
1784336
1784337
1784338
1784339
1784890
1784891
1788710
1788711
1789260
1789261
1789262
1789263
1789264
1789265
1789266
1789267
1789268
1789269
1789270
1789271
1789272
1789273
1789274
1789275
1789276
1789277
1789278
1789279
1789280
1789281
1789282
1789283
1789284
1789285
1789286
1789287
1789288
1789289
1789311
1789312
1789313
1789314
1789315
1789316
1789317
1789318
1789319
1789320
1789321
1789322
1789323
1789324
1789610
1789611
1850430
1850431
1850440
1850441
1850443
1851430
1851431
1851432
1851433
1851434
1851435
1851436
1851437
1851438
1851439
1854300
1854301
1854311
1854312
1854313
1854315
1854316
1854317
1854318
1854319
1854400
1854401
1854402
1854403
1854404
1854405
1854406
1854407
1854408
1854409
1854411
1858430
1858431
1858432
1858433
1858434
1858435
1858436
1858437
1858438
1858439
1560430
1560431
1560440
1560441
1560442
1560443
1560444
1560445
1560446
1560447
1560448
1560449
1564300
1564301
1564302
1564303
1564304
1564305
1564306
1564307
1564308
1564309
1564310
1564311
1564312
1564313
1564314
1564315
1564316
1564317
1564318
1564319
1564349
1564360
1564361
1564362
1564363
1564364
1564370
1564371
1564372
1564373
1564374
1564375
1564389
1566220
1566221
1566222
1566223
1566224
1569430
1569431
1569950
1569955
1569956
1569957
1990430
1990431
1990440
1990441
1990442
1990443
1990444
1990445
1990446
1990447
1990448
1990449
1991720
1991721
1991722
1991723
1991724
1991725
1991726
1991727
1991728
1991729
1994480
1994481
1994482
1994483
1994484
1994485
1994486
1994487
1994488
1994489
1996950
1996951
1996952
1996953
1996954
1996955
1996956
1996957
1996958
1996959
1997580
1997581
1997582
1997583
1997584
1997585
1997586
1997587
1997588
1997589
1999050
1999051
1999052
1999053
1999054
1999055
1999056
1999057
1999058
1999059
1999710
1999712
1999713
1999714
1999715
1999716
1999718
1999719
1880432
1884320
1884321
1884322
1884323
1884324
1884325
1884326
1884327
1884328
1884329
1884420
1884421
1884422
1884423
1884424
1884425
1884426
1884427
1884428
1884429
1750432
1750442
1751990
1751991
1751992
1751995
1470432
1474312
1474370
1474371
1474372
1474373
1474374
1474375
1474376
1474377
1474378
1474379
1479440
1479441
1479442
1479443
1479444
1479445
1479446
1479447
1479448
1479449
1370430
1370431
1370432
1370434
1370440
1370441
1370442
1370444
1374320
1374321
1374322
1374323
1374324
1374325
1374326
1374327
1374328
1374329
1374420
1374421
1374422
1374423
1374424
1374425
1374426
1374427
1374428
1374429
1374440
1374441
1374442
1374443
1374444
1374445
1374446
1374447
1374448
1374449
1374460
1374461
1374462
1374463
1374464
1374465
1374466
1374467
1374468
1374469
1810432
1810442
1810447
1810449
1814312
1814362
1814363
1814365
1819870
1520432
1524320
1524321
1524322
1524323
1524324
1524325
1524326
1524327
1524328
1524329
1570432
1571432
1571442
1575440
1575441
1575442
1575443
1575444
1575445
1575446
1575447
1575448
1575449
1840432
1844320
1844321
1844322
1844323
1844324
1844325
1844326
1844327
1844328
1844329
1844400
1844401
1844402
1844403
1844404
1844405
1844406
1844407
1844408
1844409
1700432
1701438
1701439
1701440
1701441
1701442
1701443
1701444
1702420
1702421
1703756
1703757
1703758
1703759
1703760
1704500
1704501
1704502
1704503
1704504
1704505
1704506
1704507
1704508
1704509
1704510
1704511
1704512
1704513
1704514
1704515
1704516
1704517
1704518
1704519
1320432
1321432
1322432
1322442
1323432
1324400
1324401
1324402
1324403
1324404
1324420
1324421
1324422
1324423
1324432
1325182
1325252
1325253
1325254
1325255
1325256
1325257
1325258
1325259
1327432
1327440
1327441
1327442
1327443
1327444
1327445
1327446
1327447
1327448
1327449
1327820
1327821
1327822
1329432
1329440
1329441
1329442
1329443
1329444
1329445
1329446
1329447
1329448
1329449
1310432
1312430
1312431
1312432
1312434
1312571
1312572
1312584
1312588
1313432
1313440
1313441
1313442
1313444
1314432
1314763
1314773
1314774
1314775
1314776
1314777
1315432
1315954
1315955
1315957
1315966
1315970
1316690
1316691
1316692
1316693
1316694
1316695
1316696
1316697
1316698
1316699
1317432
1317923
1317924
1317925
1317926
1317927
1318075
1318076
1319432
1319606
1319607
1319608
1319609
1319621
1319622
1319623
1319624
1730432
1734380
1734383
1380440
1380441
1380442
1380444
1384320
1384321
1384322
1384323
1384324
1384325
1384326
1384327
1384328
1384329
1384420
1384421
1384422
1384423
1384424
1384425
1384426
1384427
1384428
1384429
1384460
1384461
1384462
1384463
1384464
1384465
1384466
1384467
1384468
1384469
1389420
1389421
1389422
1389423
1389424
1389425
1389426
1389427
1389428
1389429
1389470
1389471
1389472
1870432
1874320
1874321
1874322
1874323
1874324
1874325
1874326
1874327
1874328
1874329
1874420
1874421
1874422
1874423
1874424
1874425
1874426
1874427
1874428
1874429
1510432
1512430
1512431
1512432
1512433
1512434
1512435
1512436
1512437
1512438
1512439
1512440
1512441
1512442
1512443
1512444
1512445
1512446
1512447
1512448
1512449
1514320
1514321
1514322
1514323
1514324
1514325
1514326
1514327
1514328
1514329
1514420
1514421
1514422
1514423
1514424
1514425
1514426
1514427
1514428
1514429
1514430
1514431
1514432
1514433
1514434
1514435
1514436
1514437
1514438
1514439
1820432
1824320
1824321
1824322
1824323
1824324
1824325
1824326
1824327
1824328
1824329
1340465
1340466
1340467
1340468
1340469
1580432
1584320
1584321
1584322
1584323
1584324
1584325
1584326
1584327
1584328
1584329
1584420
1584421
1584422
1584423
1584424
1584425
1584426
1584427
1584428
1584429
1588620
1588621
1588622
1588623
1588624
1588625
1588626
1588627
1588628
1588629
1760432
1760442
1761432
1761442
1764320
1764321
1764322
1764323
1764324
1764325
1764326
1764327
1764328
1764329
1764420
1764421
1764422
1764423
1764424
1764425
1764426
1764427
1764428
1764429
1764961
1764962
1767832
1330440
1330441
1330442
1330444
1331432
1331436
1331437
1332142
1332150
1332432
1332440
1332441
1332442
1332444
1333150
1333160
1333161
1333162
1333170
1333171
1333172
1334150
1334151
1334154
1335151
1335312
1335322
1335328
1335432
1336432
1336440
1336441
1336442
1336444
1336452
1336459
1336462
1338432
1338440
1338441
1338442
1339432
1339440
1339441
1339442
1710907
1710925
1710938
1713432
1715432
1716065
1716067
1716068
1716069
1716432
1717060
1717061
1717062
1717063
1717065
1717067
1717068
1717069
1717432
1990432
1560432
1564320
1564321
1564322
1564323
1564324
1564325
1564326
1564327
1564328
1564329
1564358
1564359
1564390
1564391
1564392
1564393
1564394
1564395
1564396
1566210
1566211
1566212
1566213
1566214
1566215
1566216
1566217
1568890
1568891
1568892
1568893
1568894
1568895
1568896
1568897
1568898
1568899
1569432
1569951
1569959
1780432
1780801
1780802
1780803
1789612
1850432
1850442
1850447
1854320
1854321
1854322
1854323
1854324
1854325
1854326
1854327
1854328
1854329
1800432
1804320
1804322
1804325
1804326
1804332
1804342
1804346
1804356
1804362
1804372
1804382
1804392
1530432
1532632
1533070
1533071
1533072
1533073
1533074
1533075
1533076
1533077
1535460
1535461
1535462
1360446
1360447
1361075
1361076
1361432
1361442
1362072
1362073
1362074
1362075
1362076
1362432
1362442
1363060
1363061
1363062
1363063
1363064
1363065
1363432
1363442
1364432
1364442
1364447
1365432
1365442
1365445
1365446
1365449
1366432
1366442
1366444
1367432
1367441
1367442
1368979
1368986
1368987
1368988
1368989
1369432
1369442
1890432
1890442
1894320
1894321
1894322
1894323
1894324
1894325
1894326
1894327
1894328
1894329
1894350
1894351
1894352
1894353
1894354
1894355
1894383
1894386
1894387
1590432
1594320
1594321
1594322
1594323
1594324
1594325
1594326
1594327
1594328
1594329
1594420
1594421
1594422
1594423
1594424
1594425
1594426
1594427
1594428
1594429
1594790
1594791
1594792
1594793
1594794
1594795
1594796
1594797
1594798
1594799
1594840
1594841
1594842
1594843
1594844
1594845
1594846
1594847
1594848
1594849
1594850
1594851
1594852
1594853
1594854
1594855
1594856
1594857
1594858
1594859
1594860
1594861
1594862
1594863
1594864
1594865
1594866
1594867
1594868
1594869
1598110
1598111
1598112
1598113
1598114
1598115
1598116
1598117
1598118
1598119
1598120
1598121
1598122
1598123
1598124
1598125
1598126
1598127
1598128
1598129
1770432
1776681
1776687
1776780
1776784
1776786
1776791
1776792
1350090
1350098
1350099
1350438
1350475
1350476
1350477
1350478
1351432
1351442
1351444
1351445
1357850
1357851
1357852
1357853
1357854
1357855
1357856
1357857
1357858
1357859
1359620
1359621
1359622
1359623
1359624
1359625
1359626
1359627
1359628
1359629
1359630
1359631
1359632
1359633
1359634
1359635
1359636
1359637
1359638
1359639
1450505
1450506
1450507
1450508
1450509
1452178
1452180
1452181
1452182
1452183
1452184
1454142
1500432
1504320
1504321
1504322
1504323
1504324
1504325
1504326
1504327
1504328
1504329
1504420
1504421
1504422
1504423
1504424
1504425
1504426
1504427
1504428
1504429
1504460
1504461
1504462
1504463
1504464
1504465
1504466
1504467
1504468
1504469
1830432
1834320
1834321
1834322
1834323
1834324
1834325
1834326
1834327
1834328
1834329
1623279
1623280
1623282
1623284
1860432
1860447
1860448
1860449
1862651
1862673
1862674
1862675
1862990
1862991
1862992
1862993
1862994
1862995
1862996
1862997
1862998
1862999
1864320
1864321
1864322
1864323
1864324
1864325
1864326
1864327
1864471
1864472
1864473
1868420
1868421
1868422
1868423
1868425
1868432
1868630
1868631
1868632
1868655
1868656
1868657
1868658
1868659
1550432
1550602
1550603
1552650
1552651
1552652
1552653
1552654
1552655
1552656
1552657
1554302
1554303
1554304
1554305
1554320
1554321
1554322
1554323
1554324
1554325
1554342
1554343
1556730
1556731
1556732
1556733
1556734
1556735
1556736
1556737
1556738
1556739
1556740
1556741
1556742
1556743
1556744
1556745
1556746
1556747
1556748
1556749
1556750
1556751
1556752
1556753
1556754
1556755
1556756
1556757
1556758
1556820
1556821
1556822
1556823
1556824
1556825
1556826
1556827
1556828
1556829
1556830
1556831
1556832
1556833
1556834
1556835
1556836
1556837
1556838
1556839
1556840
1556841
1556842
1556843
1556844
1556845
1556846
1556847
1556848
1556849
1558400
1558401
1558402
1558403
1558404
1558405
1558406
1558407
1558408
1558409
1559006
1559007
1559008
1559009
1559013
1559014
1559060
1559061
1559062
1559063
1559064
1559065
1559077
1390440
1390441
1390442
1390444
1394320
1394321
1394322
1394323
1394324
1394325
1394326
1394327
1394328
1394329
1394420
1394421
1394422
1394423
1394424
1394425
1394426
1394427
1394428
1394429
1394460
1394461
1394462
1394463
1394464
1394465
1394466
1394467
1394468
1394469
1672307
1672309
1300915
1300916
1300917
1300918
1301915
1301916
1301917
1301924
1301925
1301926
1301927
1302915
1302916
1302917
1302918
1303915
1303916
1303917
1303924
1303925
1303926
1303927
1304130
1304131
1304132
1304133
1304134
1304135
1304432
1306915
1306916
1306917
1306918
1307970
1307971
1307972
1307973
1307974
1307975
1307976
1307977
1307978
1307979
1308915
1308916
1308917
1308918
1308924
1308945
1308946
1308947
1308948
1308949
1310437
1312437
1312577
1312587
1313437
1314437
1314778
1314779
1317928
1317929
1318095
1318096
1319605
1319625
1319626
1730437
1734387
1384370
1384371
1384372
1384373
1384374
1384375
1384376
1384377
1384378
1384379
1389474
1660437
1662437
1870437
1874370
1874371
1874372
1874373
1874374
1874375
1874376
1874377
1874378
1874379
1510437
1514370
1514371
1514372
1514373
1514374
1514375
1514376
1514377
1514378
1514379
1820437
1824370
1824371
1824372
1824373
1824374
1824375
1824376
1824377
1824378
1824379
1580437
1584370
1584371
1584372
1584373
1584374
1584375
1584376
1584377
1584378
1584379
1584470
1584471
1584472
1584473
1584474
1584475
1584476
1584477
1584478
1584479
1760437
1760447
1761437
1761447
1880437
1884370
1884371
1884372
1884373
1884374
1884375
1884376
1884377
1884378
1884379
1884475
1884476
1884477
1884478
1884479
1750437
1750447
1373280
1373281
1373282
1373283
1373284
1374370
1374371
1374372
1374373
1374374
1374375
1374376
1374377
1374378
1374379
1376600
1376601
1376602
1376603
1376604
1376605
1376606
1376607
1376608
1376609
1470437
1810437
1814317
1814367
1520437
1570400
1570401
1570402
1570403
1570404
1570405
1570406
1570407
1570408
1570409
1570437
1571437
1571447
1840437
1844370
1844371
1844372
1844373
1844374
1844375
1844376
1844377
1844378
1844379
1650078
1650079
1650164
1650437
1650447
1650860
1650946
1651330
1651437
1651971
1652114
1652437
1653437
1655937
1656437
1657437
1980437
1981585
1984307
1984341
1984342
1984378
1984379
1988977
1910437
1910447
1320437
1320865
1320866
1320867
1320868
1320869
1321437
1322437
1322447
1323437
1324437
1324447
1325187
1325268
1327437
1327837
1327838
1327839
1327847
1327848
1327849
1327857
1329437
1329887
1590437
1594370
1594371
1594372
1594373
1594374
1594375
1594376
1594377
1594378
1594379
1594470
1594471
1594472
1594473
1594474
1594475
1594476
1594477
1594478
1594479
1594895
1594896
1594897
1594898
1594899
1770437
1776682
1776782
1776797
1450525
1450526
1450527
1450528
1450529
1452177
1454147
1350087
1350437
1351437
1500437
1504370
1504371
1504372
1504373
1504374
1504375
1504376
1504377
1504378
1504379
1830437
1834370
1834371
1834372
1834373
1834374
1834375
1834376
1834377
1834378
1834379
1623215
1860437
1862979
1862980
1864370
1864371
1864372
1864373
1864374
1864375
1864376
1864377
1864378
1864379
1868437
1550437
1552690
1552691
1554347
1556815
1556816
1556817
1556818
1556819
1558497
1558498
1558499
1559030
1559031
1559032
1559033
1559034
1559035
1559036
1559037
1559075
1559076
1390437
1394343
1394344
1394370
1394371
1394372
1394373
1394374
1394375
1394376
1394377
1394378
1394379
1671437
1672329
1672360
1672361
1672437
1673437
1674245
1674246
1674247
1674437
1300904
1301928
1301929
1302904
1303928
1304437
1308920
1308921
1330437
1332147
1332156
1332437
1333142
1333143
1333156
1335156
1335318
1335437
1336437
1336465
1338437
1339437
1990437
1560437
1564376
1564377
1564378
1564379
1566282
1566283
1566284
1566285
1566286
1566287
1566288
1566289
1566290
1566291
1569437
1780403
1780437
1783316
1783317
1784341
1784897
1788717
1789617
1850437
1854307
1854370
1854371
1854372
1854373
1854374
1800437
1804370
1804375
1530437
1532647
1535467
1360437
1361437
1362437
1363077
1363437
1363447
1364437
1366437
1367437
1368976
1369403
1369404
1369405
1369406
1369407
1369408
1369409
1369437
1890437
1890447
1894347
1894377
1820436
1824360
1824361
1824362
1824363
1824364
1824365
1824366
1824367
1824368
1824369
1824410
1824411
1824412
1824413
1824414
1824415
1824416
1824417
1824418
1824419
1510436
1511440
1511441
1511442
1511443
1511444
1511445
1511446
1511447
1511448
1511449
1514360
1514361
1514362
1514363
1514364
1514365
1514366
1514367
1514368
1514369
1760436
1760446
1761436
1761446
1764360
1764361
1764362
1764363
1764364
1580436
1583460
1583461
1583462
1583463
1583464
1583465
1583466
1583467
1583468
1583469
1584360
1584361
1584362
1584363
1584364
1584365
1584366
1584367
1584368
1584369
1584460
1584461
1584462
1584463
1584464
1584465
1584466
1584467
1584468
1584469
1588610
1588611
1588612
1588613
1588614
1588615
1588616
1588617
1588618
1588619
1340440
1340441
1340442
1340443
1340444
1730436
1734386
1310436
1312436
1312576
1312586
1313436
1314436
1314760
1314761
1314762
1315959
1315976
1317906
1317916
1318060
1318061
1318062
1319610
1870436
1874360
1874361
1874362
1874363
1874364
1874365
1874366
1874367
1874368
1874369
1660436
1662436
1664306
1664346
1664360
1664361
1664362
1664363
1664364
1664365
1664366
1664367
1668836
1380436
1384360
1384361
1384362
1384363
1384364
1384365
1384366
1384367
1384368
1384369
1389460
1389461
1389462
1389463
1389464
1389465
1389466
1389467
1389468
1389469
1980436
1981583
1984306
1984330
1984331
1984365
1984366
1984367
1984368
1984369
1988976
1650071
1650076
1650268
1650323
1650436
1650446
1650683
1650904
1651051
1651323
1651436
1651446
1651621
1651847
1652106
1652436
1653046
1653436
1653446
1653590
1653591
1653594
1653752
1655060
1655064
1655448
1655449
1655935
1656094
1656436
1656446
1657030
1657436
1840436
1844360
1844361
1844362
1844363
1844364
1844365
1844366
1844367
1844368
1844369
1570436
1571436
1571446
1573430
1573431
1573432
1573433
1573434
1573435
1573436
1573437
1573438
1573439
1320436
1320440
1320441
1320442
1320443
1320444
1320445
1320446
1320447
1320448
1321436
1322436
1322446
1323436
1324436
1324446
1325176
1325177
1325186
1325886
1325887
1327436
1327816
1327817
1327818
1327819
1327826
1327827
1327828
1327836
1327846
1327856
1329436
1910436
1910446
1370437
1374360
1374361
1374362
1374363
1374364
1374365
1374366
1374367
1374368
1374369
1376610
1376611
1376612
1376613
1470436
1750436
1750446
1754360
1754361
1754362
1754363
1754364
1754365
1754366
1754367
1758126
1758127
1880436
1884360
1884361
1884362
1884363
1884364
1884365
1884366
1884367
1884368
1884369
1884460
1884461
1884462
1884463
1884464
1884465
1884466
1884467
1884468
1884469
1520436
1810436
1810446
1814316
1814366
1671436
1672366
1672367
1672368
1672436
1673436
1674261
1674262
1674263
1674436
1390436
1394345
1394360
1394361
1394362
1394363
1394364
1394365
1394366
1394367
1394368
1394369
1550436
1552668
1552669
1552694
1552695
1554346
1554390
1554391
1554392
1554393
1554394
1554395
1554396
1554397
1554398
1554399
1556790
1556791
1556792
1556793
1556794
1556795
1556796
1558485
1558486
1558487
1558488
1558489
1558546
1558550
1558551
1558552
1559015
1559016
1559017
1559078
1559079
1860436
1862676
1862677
1862678
1862679
1862974
1864304
1864305
1864360
1864361
1864362
1864363
1864364
1864365
1864366
1864367
1864368
1864369
1868436
1300906
1302906
1303906
1303936
1303937
1304031
1304036
1304436
1308006
1308936
1308937
1450520
1450521
1450522
1450523
1450524
1452172
1452173
1452176
1454146
1350083
1350436
1351436
1359680
1359681
1359682
1359683
1359684
1359685
1359686
1359687
1359688
1359689
1770436
1776683
1776788
1776799
1590436
1594360
1594361
1594362
1594363
1594364
1594365
1594366
1594367
1594368
1594369
1594460
1594461
1594462
1594463
1594464
1594465
1594466
1594467
1594468
1594469
1594890
1594891
1594892
1594893
1594894
1623236
1830436
1834360
1834361
1834362
1834363
1834364
1834365
1834366
1834367
1834368
1834369
1500436
1504360
1504361
1504362
1504363
1504364
1504365
1504366
1504367
1504368
1504369
1530436
1532636
1533078
1533079
1535456
1535457
1800436
1804360
1804365
1804366
1890436
1890446
1894345
1894346
1894378
1894379
1361436
1361446
1362436
1363076
1363436
1363446
1364436
1366436
1366446
1366447
1367436
1367446
1367447
1368975
1368977
1369436
1369446
1369447
1330436
1332146
1332157
1332436
1333140
1333141
1333157
1335152
1335323
1335436
1336436
1336457
1338436
1338446
1339436
1339446
1850436
1850446
1854304
1854306
1854360
1780404
1780405
1780436
1783303
1783304
1783305
1784342
1784343
1784896
1788716
1789616
1560436
1564365
1564366
1564367
1564368
1564369
1566272
1566274
1566277
1566278
1569436
1990436
1450600
1450601
1450602
1450603
1450604
1452187
1452188
1452189
1454148
1350094
1350471
1351438
1359690
1359691
1359692
1359693
1359694
1359695
1359696
1359697
1359698
1359699
1590438
1594380
1594381
1594382
1594383
1594384
1594385
1594386
1594387
1594388
1594389
1594480
1594481
1594482
1594483
1594484
1594485
1594486
1594487
1594488
1594489
1594880
1594881
1594882
1594883
1594884
1594885
1594886
1594887
1594888
1594889
1598140
1598141
1598142
1598143
1598144
1598145
1598146
1598147
1598148
1598149
1770438
1776684
1776689
1776787
1776798
1623205
1500438
1504380
1504381
1504382
1504383
1504384
1504385
1504386
1504387
1504388
1504389
1830438
1830440
1830441
1830442
1830443
1830444
1830445
1830446
1830447
1830448
1830449
1834380
1834381
1834382
1834383
1834384
1834385
1834386
1834387
1834388
1834389
1390438
1394330
1394333
1394380
1394381
1394382
1394383
1394384
1394385
1394386
1394387
1394388
1394389
1671438
1672369
1672380
1672381
1672382
1672383
1672385
1672386
1672387
1672388
1672438
1673438
1674264
1674265
1674266
1674267
1674268
1674269
1674430
1674438
1860438
1862650
1862870
1862871
1862872
1862873
1862874
1862970
1862971
1862972
1862973
1864308
1864309
1864380
1864381
1864382
1864383
1864384
1864385
1864386
1864387
1864388
1864389
1868438
1550438
1550604
1550606
1550607
1550608
1550609
1552697
1552698
1552699
1554306
1554307
1554308
1554326
1554329
1554330
1554331
1554332
1554333
1554334
1554335
1554336
1554337
1554338
1554339
1554348
1554380
1554381
1554382
1554383
1554384
1554385
1554386
1554387
1554388
1554389
1556726
1556727
1556728
1556729
1556778
1556779
1556860
1556861
1556862
1556863
1556864
1556865
1556866
1556867
1556868
1556869
1558450
1558451
1558452
1558453
1558454
1558455
1558456
1558457
1558458
1558459
1558563
1559010
1559011
1559012
1559048
1559049
1559070
1559071
1559072
1559073
1559074
1300905
1301914
1302905
1303905
1303935
1304033
1304034
1304438
1306905
1306906
1306925
1306926
1308007
1308008
1308009
1308925
1308926
1308935
1330438
1332148
1332152
1332438
1333152
1333178
1334155
1335155
1335317
1335321
1335438
1336438
1336453
1336467
1338438
1339438
1560438
1564380
1564381
1564382
1564383
1564384
1564385
1564386
1564387
1564388
1566250
1566251
1566252
1566253
1566254
1566255
1566257
1566258
1566259
1566260
1566261
1566264
1566271
1566281
1569438
1569953
1850438
1854303
1780401
1780402
1780438
1783325
1783326
1783327
1783328
1783329
1784320
1784321
1784322
1784898
1788718
1789618
1990438
1999700
1999701
1999702
1999703
1999704
1999705
1999706
1999707
1999708
1999709
1800438
1804380
1804385
1804386
1530438
1532637
1532638
1532639
1532648
1532649
1533062
1535468
1535469
1890438
1890448
1894338
1894339
1894348
1894380
1894381
1894382
1360438
1360448
1361438
1361448
1362438
1362448
1363030
1363031
1363032
1363033
1363034
1363035
1363036
1363037
1363038
1363039
1363072
1363078
1363438
1363448
1364438
1364448
1365438
1366438
1367438
1367443
1367448
1368978
1369438
1369448
1953069
1730438
1734384
1734388
1739009
1739093
1739098
1310438
1312438
1312578
1313438
1314438
1314767
1314768
1314769
1314772
1315438
1315958
1315967
1315971
1317905
1317920
1318077
1318078
1319611
1319612
1319613
1870438
1874380
1874381
1874382
1874383
1874384
1874385
1874386
1874387
1874388
1874389
1874460
1874461
1874462
1874463
1874464
1874465
1874466
1874467
1874468
1874469
1380438
1384380
1384381
1384382
1384383
1384384
1384385
1384386
1384387
1384388
1384389
1389410
1389411
1389412
1389413
1389414
1389415
1389416
1389417
1389418
1389419
1389490
1389491
1389492
1389493
1389494
1389495
1389496
1389497
1389498
1389499
1660438
1662438
1664380
1664381
1664382
1664383
1664384
1664385
1664386
1668838
1510438
1513430
1513431
1513432
1513433
1513434
1513435
1513436
1513437
1513438
1513439
1514380
1514381
1514382
1514383
1514384
1514385
1514386
1514387
1514388
1514389
1516440
1516441
1516442
1516443
1516444
1516445
1516446
1516447
1516448
1516449
1820438
1820440
1820441
1820442
1820443
1820444
1820445
1820446
1820447
1820448
1820449
1824380
1824381
1824382
1824383
1824384
1824385
1824386
1824387
1824388
1824389
1580438
1583480
1583481
1583482
1583483
1583484
1583485
1583486
1583487
1583488
1583489
1584380
1584381
1584382
1584383
1584384
1584385
1584386
1584387
1584388
1584389
1584480
1584481
1584482
1584483
1584484
1584485
1584486
1584487
1584488
1584489
1760438
1760448
1761438
1761448
1764380
1764381
1764382
1764383
1340445
1340446
1340447
1340448
1340449
1340455
1340456
1340457
1340458
1340459
1370447
1374380
1374381
1374382
1374383
1374384
1374385
1374386
1374387
1374388
1374389
1375670
1375671
1375672
1375673
1375674
1375675
1375676
1375677
1375678
1375679
1470438
1474318
1474380
1474381
1474382
1474383
1474384
1474385
1474386
1474387
1474388
1474389
1479820
1479821
1479822
1479823
1479824
1479825
1479826
1479827
1479828
1479829
1750438
1750448
1880438
1880440
1880441
1880442
1880443
1880444
1880445
1880446
1880447
1880448
1884380
1884381
1884382
1884383
1884384
1884385
1884386
1884387
1884388
1884389
1884480
1884481
1884482
1884483
1884484
1884485
1884486
1884487
1884488
1884489
1810438
1810448
1814318
1814361
1814368
1520438
1524300
1524301
1524302
1524303
1524304
1524305
1524306
1524307
1524308
1524309
1980438
1981580
1984308
1984332
1984333
1984334
1984335
1984336
1984384
1984385
1984386
1984387
1984388
1984389
1988829
1988978
1650037
1650072
1650099
1650269
1650292
1650438
1650448
1650460
1650687
1650843
1650940
1650942
1651046
1651047
1651049
1651126
1651291
1651342
1651438
1651488
1651628
1651846
1651968
1651969
1652126
1652374
1652438
1652491
1652492
1652493
1652498
1652511
1652517
1652542
1652578
1652642
1652696
1652699
1652712
1652874
1652884
1652961
1652971
1652972
1652996
1653057
1653095
1653104
1653108
1653132
1653138
1653146
1653147
1653203
1653325
1653390
1653438
1653447
1653448
1653801
1653802
1653806
1653807
1653810
1653897
1655001
1655002
1655003
1655007
1655008
1655009
1655141
1655424
1655426
1655446
1655447
1655653
1655680
1655931
1656438
1656440
1656441
1656447
1656448
1656488
1656714
1656826
1656988
1657038
1657142
1657347
1657408
1657438
1657619
1570438
1571438
1571448
1577430
1577431
1577432
1577433
1577434
1577435
1577436
1577437
1577438
1577439
1840438
1844380
1844381
1844382
1844383
1844384
1844385
1844386
1844387
1844388
1844389
1844410
1844411
1844412
1844413
1844414
1844415
1844416
1844417
1844418
1844419
1910438
1910448
1914458
1320438
1320860
1320861
1320862
1320863
1320864
1321438
1322438
1322448
1323438
1324428
1324429
1324438
1324448
1324449
1325178
1325179
1325188
1325250
1325251
1327438
1327830
1327831
1327832
1327858
1327859
1329438
1329882
1329883
1350095
1350097
1351435
1450515
1450516
1450517
1450518
1450519
1452174
1452175
1454145
1590435
1594350
1594351
1594352
1594353
1594354
1594355
1594356
1594357
1594358
1594359
1594450
1594451
1594452
1594453
1594454
1594455
1594456
1594457
1594458
1594459
1598160
1598161
1598162
1598163
1598164
1770435
1776685
1776795
1623221
1623226
1500435
1504350
1504351
1504352
1504353
1504354
1504355
1504356
1504357
1504358
1504359
1504450
1504451
1504452
1504453
1504454
1504455
1504456
1504457
1504458
1504459
1830435
1834350
1834351
1834352
1834353
1834354
1834355
1834356
1834357
1834358
1834359
1390445
1394334
1394340
1394341
1394350
1394351
1394352
1394353
1394354
1394355
1394356
1394357
1394358
1394359
1394450
1394451
1394452
1394453
1394454
1394455
1394456
1394457
1394458
1394459
1671435
1672326
1672327
1672328
1672435
1673435
1674242
1674243
1674244
1674435
1860435
1862652
1862653
1862654
1862655
1862656
1862657
1862658
1862659
1864302
1864303
1864350
1864351
1864352
1864353
1864354
1864355
1864356
1864357
1864358
1864359
1864486
1864487
1864488
1864489
1868435
1550435
1552660
1552661
1552662
1556780
1556781
1556782
1556783
1556784
1556785
1556786
1556787
1556788
1556789
1558469
1558480
1558481
1558482
1558483
1558484
1558540
1558541
1558542
1300919
1301919
1302919
1303919
1303929
1304035
1304037
1304435
1306907
1306919
1306927
1306929
1308000
1308005
1308919
1308927
1308929
1330445
1331435
1332145
1332153
1332435
1332445
1333144
1333145
1333146
1333147
1333153
1333179
1334156
1335153
1335315
1335435
1336435
1336445
1336456
1338435
1338445
1339435
1339445
1560435
1564350
1564351
1564352
1564353
1564354
1564355
1564356
1564357
1569435
1569954
1850435
1850445
1854302
1854305
1854310
1854314
1854350
1854351
1854352
1854353
1854354
1854355
1854356
1854357
1854358
1854359
1780406
1780435
1783318
1783319
1784344
1784345
1784895
1788715
1789615
1990435
1800435
1804350
1804351
1804352
1804355
1530435
1532634
1532635
1532644
1532645
1532646
1533068
1533069
1534434
1534435
1534439
1535465
1535466
1890435
1890445
1894341
1894342
1894343
1894344
1894356
1894357
1894358
1894359
1360435
1360445
1361435
1361445
1362435
1362445
1363071
1363075
1363435
1363445
1364435
1364445
1365435
1366435
1366445
1367435
1367445
1369435
1369441
1369445
1730435
1734385
1310435
1312435
1312575
1312585
1312589
1313435
1314435
1315965
1315972
1315973
1317919
1317921
1317922
1318064
1318065
1318066
1318067
1318068
1318069
1319614
1319615
1319616
1319617
1319618
1870435
1874350
1874351
1874352
1874353
1874354
1874355
1874356
1874357
1874358
1874359
1874450
1874451
1874452
1874453
1874454
1874455
1874456
1874457
1874458
1874459
1380044
1380445
1384350
1384351
1384352
1384353
1384354
1384355
1384356
1384357
1384358
1384359
1384450
1384451
1384452
1384453
1384454
1384455
1384456
1384457
1384458
1384459
1389450
1389451
1389452
1389453
1389454
1389455
1389456
1389457
1389458
1389459
1660435
1662435
1662453
1662454
1662455
1662456
1664305
1664350
1668825
1668835
1668845
1510435
1511430
1511431
1511432
1511433
1511434
1511435
1511436
1511437
1511438
1511439
1514350
1514351
1514352
1514353
1514354
1514355
1514356
1514357
1514358
1514359
1514450
1514451
1514452
1514453
1514454
1514455
1514456
1514457
1514458
1514459
1820435
1824350
1824351
1824352
1824353
1824354
1824355
1824356
1824357
1824358
1824359
1580435
1583450
1583451
1583452
1583453
1583454
1583455
1583456
1583457
1583458
1583459
1584350
1584351
1584352
1584353
1584354
1584355
1584356
1584357
1584358
1584359
1584450
1584451
1584452
1584453
1584454
1584455
1584456
1584457
1584458
1584459
1760435
1760445
1761435
1761445
1764350
1764352
1764353
1764354
1764355
1764356
1764357
1764358
1764359
1767835
1340450
1340451
1340452
1340453
1340454
1470435
1370435
1370445
1373285
1373286
1373287
1373288
1373289
1374350
1374351
1374352
1374353
1374354
1374355
1374356
1374357
1374358
1374359
1374450
1374451
1374452
1374453
1374454
1374455
1374456
1374457
1374458
1374459
1376614
1376615
1376616
1376617
1376618
1376619
1750435
1750445
1754350
1754351
1754352
1754353
1754354
1754355
1754356
1754357
1754358
1754359
1758125
1880435
1884350
1884351
1884352
1884353
1884354
1884355
1884356
1884357
1884358
1884359
1810435
1810445
1814315
1520435
1980435
1981581
1984305
1984346
1984347
1984348
1984356
1984357
1984358
1984359
1988828
1988975
1650075
1650199
1650265
1650346
1650435
1650445
1651014
1651030
1651031
1651361
1651362
1651435
1652035
1652184
1652214
1652255
1652381
1652382
1652435
1652630
1652671
1652702
1652711
1652718
1652719
1652722
1653435
1653694
1655911
1656079
1656435
1656449
1656705
1657035
1657435
1657679
1657885
1570435
1571435
1571445
1840435
1844350
1844351
1844352
1844353
1844354
1844355
1844356
1844357
1844358
1844359
1910435
1910445
1320435
1321435
1321445
1322435
1322445
1323435
1324425
1324435
1324445
1325185
1325265
1325266
1325267
1325874
1325875
1325876
1325877
1325885
1327435
1327815
1327825
1327835
1327845
1327855
1329435
1329884
1329885
1329886
1700435
1520434
1520440
1520441
1520442
1520443
1520444
1520445
1520446
1520447
1520448
1520449
1810434
1810444
1814311
1814364
1750434
1750444
1751930
1751931
1751932
1751933
1751934
1751935
1751936
1751937
1751938
1751939
1754340
1754341
1754342
1754343
1754344
1754345
1754346
1754347
1754348
1754349
1754440
1754441
1754442
1754443
1754444
1754445
1754446
1754447
1754448
1754449
1754990
1754991
1754992
1754993
1754994
1754995
1754996
1754997
1754998
1754999
1758128
1880434
1884340
1884341
1884342
1884343
1884344
1884345
1884346
1884347
1884348
1884349
1884440
1884441
1884442
1884443
1884444
1884445
1884446
1884447
1884448
1884449
1470434
1471730
1471731
1471732
1471733
1471734
1471735
1471736
1471737
1471738
1471739
1474314
1374340
1374341
1374342
1374343
1374344
1374345
1374346
1374347
1374348
1374349
1703751
1703752
1703753
1703754
1703755
1705743
1705744
1705864
1706841
1706842
1706843
1320434
1321434
1321444
1322434
1322440
1322441
1322444
1323434
1324405
1324406
1324407
1324408
1324409
1324424
1324434
1324444
1325184
1325870
1325871
1325872
1325873
1325878
1325879
1325880
1327434
1327800
1327801
1327802
1327803
1327804
1327805
1327806
1327807
1327808
1327809
1327812
1327813
1327814
1327840
1327841
1327842
1327843
1327844
1327850
1327851
1327852
1327853
1327854
1329434
1329889
1910434
1910444
1914455
1840434
1844340
1844341
1844342
1844343
1844344
1844345
1844346
1844347
1844348
1844349
1570434
1571434
1571444
1573440
1573441
1573442
1573443
1573444
1573445
1573446
1573447
1573448
1573449
1577440
1577441
1577442
1577443
1577444
1577445
1577446
1577447
1577448
1577449
1980432
1980434
1981579
1984302
1984304
1984325
1984326
1984327
1984328
1984329
1984343
1984344
1984345
1984350
1984351
1984352
1984353
1984354
1984355
1984364
1988826
1988827
1988974
1650198
1650295
1650424
1650434
1650461
1650690
1651041
1651043
1651045
1651293
1651434
1651982
1652003
1652164
1652434
1653434
1653443
1653444
1653445
1653607
1653608
1655443
1655445
1655683
1655710
1655952
1656054
1656434
1657348
1657434
1660432
1660434
1662434
1662444
1662445
1662446
1662447
1664304
1664340
1664343
1668824
1668834
1668844
1668846
1380434
1380447
1384340
1384341
1384342
1384343
1384344
1384345
1384346
1384347
1384348
1384349
1384440
1384441
1384442
1384443
1384444
1384445
1384446
1384447
1384448
1384449
1389440
1389441
1389442
1389443
1389444
1389445
1389446
1389447
1389448
1389449
1870434
1874340
1874341
1874342
1874343
1874344
1874345
1874346
1874347
1874348
1874349
1874440
1874441
1874442
1874443
1874444
1874445
1874446
1874447
1874448
1874449
1310434
1312583
1313434
1314434
1315434
1315962
1315978
1317902
1317903
1317918
1318063
1318097
1318098
1319434
1319627
1319628
1319629
1730434
1734382
1739097
1340434
1340460
1340461
1340462
1340463
1340464
1760434
1760444
1761434
1761444
1764340
1764341
1764342
1764343
1764344
1764345
1764346
1764347
1764348
1764349
1764964
1765406
1580434
1583440
1583441
1583442
1583443
1583444
1583445
1583446
1583447
1583448
1583449
1584340
1584341
1584342
1584343
1584344
1584345
1584346
1584347
1584348
1584349
1584440
1584441
1584442
1584443
1584444
1584445
1584446
1584447
1584448
1584449
1588600
1588601
1588602
1588603
1588604
1588605
1588606
1588607
1588608
1588609
1820434
1824340
1824341
1824342
1824343
1824344
1824345
1824346
1824347
1824348
1824349
1510434
1513440
1513441
1513442
1513443
1513444
1513445
1513446
1513447
1513448
1513449
1514340
1514341
1514342
1514343
1514344
1514345
1514346
1514347
1514348
1514349
1514440
1514441
1514442
1514443
1514444
1514445
1514446
1514447
1514448
1514449
1514460
1514461
1514462
1514463
1514464
1514465
1514466
1514467
1514468
1514469
1990434
1999717
1850434
1850444
1854340
1854341
1854342
1854343
1854344
1854345
1854346
1854347
1854348
1854349
1780407
1780408
1780409
1780434
1783300
1783301
1783302
1784346
1784347
1784348
1784349
1784894
1788714
1789614
1560434
1564340
1564341
1564342
1564343
1564344
1564345
1564346
1564347
1564348
1566267
1566269
1566594
1566597
1569434
1569952
1330434
1330435
1331434
1332143
1332155
1332434
1333155
1333173
1335158
1335316
1335434
1336434
1336455
1336458
1338434
1338444
1339434
1339444
1360434
1361434
1361444
1362077
1362434
1362444
1363070
1363074
1363090
1363091
1363092
1363093
1363094
1363095
1363096
1363097
1363098
1363099
1363434
1363444
1364434
1364444
1365434
1365444
1366434
1366448
1367434
1367440
1367444
1368971
1368972
1368973
1368974
1369400
1369401
1369402
1369434
1369439
1369440
1369444
1369449
1890434
1890444
1894340
1894384
1894385
1530434
1530449
1533064
1533065
1533066
1533067
1535463
1535464
1800434
1804340
1804341
1804343
1804345
1830434
1834340
1834341
1834342
1834343
1834344
1834345
1834346
1834347
1834348
1834349
1500434
1500440
1500441
1500442
1500443
1500444
1500445
1500446
1500447
1500448
1500449
1504340
1504341
1504342
1504343
1504344
1504345
1504346
1504347
1504348
1504349
1504440
1504441
1504442
1504443
1504444
1504445
1504446
1504447
1504448
1504449
1623230
1770434
1776680
1776785
1776796
1590434
1594340
1594341
1594342
1594343
1594344
1594345
1594346
1594347
1594348
1594349
1594440
1594441
1594442
1594443
1594444
1594445
1594446
1594447
1594448
1594449
1598150
1598151
1598152
1598153
1598154
1598155
1598156
1598157
1598158
1598159
1598165
1598166
1598167
1598168
1598169
1350084
1350096
1350434
1350435
1350444
1350473
1350474
1351434
1359660
1359661
1359662
1359663
1359664
1359665
1359666
1359667
1359668
1359669
1450510
1450511
1450512
1450513
1450514
1452170
1452171
1454144
1300902
1300903
1302902
1302903
1303902
1303903
1304030
1304038
1304434
1306902
1306903
1306922
1306928
1308922
1308923
1308928
1550010
1550011
1550012
1550013
1550014
1550015
1550016
1550017
1550018
1550019
1550041
1550434
1552658
1552659
1554344
1556720
1556721
1556722
1556723
1556724
1556725
1556850
1556851
1556852
1556853
1556854
1556855
1556856
1556857
1556858
1556859
1558470
1558471
1558472
1558473
1558474
1558475
1558476
1558477
1558478
1558479
1558543
1558545
1559018
1559019
1559020
1559021
1559022
1559023
1559024
1559025
1559026
1559027
1559028
1559029
1559040
1559041
1559042
1559043
1559044
1559045
1559046
1559047
1559069
1860434
1862875
1862876
1862877
1862878
1862981
1862982
1862983
1862984
1862985
1862986
1862987
1862988
1862989
1864300
1864301
1864340
1864341
1864342
1864343
1864344
1864345
1864346
1864347
1864348
1864349
1864480
1864481
1864482
1864483
1864484
1864485
1864490
1864491
1868424
1868426
1868427
1868428
1868429
1868434
1671434
1672242
1672243
1672244
1672434
1672508
1672509
1673434
1674222
1674434
1390434
1390435
1394331
1394346
1394347
1394348
1394349
1394440
1394441
1394442
1394443
1394444
1394445
1394446
1394447
1394448
1394449
