1760705
1760795
1767905
1767915
1767925
1768795
1580705
1580795
1587950
1587951
1587952
1587953
1587954
1587955
1587956
1587957
1587958
1587959
1587988
1587989
1340705
1340795
1343705
1343795
1347950
1347951
1347952
1347953
1347954
1347955
1347956
1347957
1347958
1347959
1820702
1820703
1820704
1820705
1820706
1820795
1827050
1827051
1827052
1827053
1827054
1827055
1827056
1827057
1827058
1827059
1827060
1827061
1827062
1827063
1827064
1827095
1827900
1827901
1827902
1827903
1827950
1827951
1827952
1827953
1827954
1827955
1827956
1827957
1827958
1827959
1829640
1829641
1829650
1829651
1829652
1829653
1829654
1829655
1829656
1829657
1829658
1829659
1829694
1829695
1510705
1510795
1517050
1517051
1517052
1517053
1517054
1517055
1517056
1517057
1517058
1517059
1517950
1517951
1517952
1517953
1517954
1517955
1517956
1517957
1517958
1517959
1518050
1518051
1518052
1518053
1518054
1518055
1518056
1518057
1518058
1518059
1870705
1870795
1872001
1872002
1872003
1872004
1872045
1872050
1872051
1872052
1872053
1872060
1872061
1872062
1872063
1872065
1872066
1872067
1872068
1872069
1877013
1877014
1877015
1877044
1877045
1877050
1877051
1877052
1877053
1877054
1877055
1877056
1877057
1877058
1877059
1877085
1877089
1877095
1877950
1877951
1877952
1877953
1877954
1877955
1877956
1877957
1877958
1877959
1877985
1877998
1877999
1879785
1879795
1660795
1380795
1387050
1387051
1387052
1387053
1387054
1387055
1387056
1387057
1387058
1387059
1387950
1387951
1387952
1387953
1387954
1387955
1387956
1387957
1387958
1387959
1730705
1730795
1734665
1734675
1737050
1737051
1737052
1737053
1737054
1737055
1737056
1737057
1737058
1737059
1737950
1737951
1737952
1737953
1737954
1737955
1737956
1737957
1737958
1737959
1311795
1312525
1313378
1313379
1313385
1313395
1313400
1317083
1317085
1317095
1317756
1317757
1317758
1317795
1318466
1318467
1318468
1319785
1319786
1319787
1319795
1320705
1320795
1321705
1321795
1323705
1323709
1323765
1323795
1324775
1324795
1325705
1325795
1326305
1326390
1326395
1910795
1917950
1917951
1917952
1917953
1917954
1917955
1917956
1917957
1917958
1917959
1707728
1707729
1708727
1708728
1708729
1980704
1980705
1980706
1980795
1981511
1984156
1984157
1984158
1987024
1987025
1987026
1987027
1987050
1987051
1987052
1987053
1987054
1987055
1987056
1987057
1987058
1987059
1988072
1988073
1988660
1988661
1988662
1988663
1988664
1650795
1651795
1840795
1846010
1846011
1846012
1846013
1846014
1846015
1846016
1846017
1846018
1846019
1846045
1846046
1846047
1846048
1846049
1847050
1847051
1847052
1847053
1847054
1847055
1847056
1847057
1847058
1847059
1847950
1847951
1847952
1847953
1847954
1847955
1847956
1847957
1847958
1847959
1570795
1571705
1571795
1572753
1572754
1572755
1572756
1572757
1572758
1577050
1577051
1577052
1577053
1577054
1577055
1577056
1577057
1577058
1577059
1577090
1577091
1577092
1577093
1577094
1577095
1577096
1577097
1577098
1577099
1577950
1577951
1577952
1577953
1577954
1577955
1577956
1520705
1520795
1521620
1521621
1521622
1527005
1527015
1527040
1527041
1527042
1527043
1527044
1527950
1527951
1527952
1527953
1527954
1527955
1527956
1527957
1527958
1527959
1527985
1527986
1527987
1527988
1527989
1529795
1810705
1810795
1814664
1814665
1814674
1814675
1816075
1816220
1816221
1816222
1816223
1816224
1816602
1817045
1817050
1817051
1817052
1817053
1817054
1817055
1817056
1817057
1817058
1817059
1817295
1817296
1817297
1817298
1817405
1817894
1817895
1817950
1817951
1817952
1817953
1817954
1817955
1817956
1817957
1817958
1817959
1817998
1470705
1470795
1477084
1477085
1477094
1477095
1477955
1477956
1477957
1477958
1477959
1479650
1479651
1479652
1479653
1479654
1479655
1479656
1479657
1479658
1479659
1479785
1479795
1370700
1370705
1370795
1375582
1375583
1375584
1375585
1375586
1375587
1375588
1375589
1376640
1376641
1376642
1376643
1376644
1376750
1376751
1376752
1376753
1376754
1376755
1376756
1376757
1376758
1376759
1750705
1750795
1757905
1880705
1880795
1882781
1882782
1882783
1882784
1882785
1882795
1887050
1887051
1887052
1887053
1887054
1887055
1887056
1887095
1887950
1887951
1887952
1887953
1887954
1887955
1887956
1887957
1887958
1887959
1889795
1300626
1300627
1301445
1301446
1301447
1301448
1301449
1302626
1302627
1302628
1302629
1303626
1303627
1304495
1304795
1308615
1308617
1309705
1309715
1671795
1672795
1673795
1390705
1390795
1397050
1397051
1397052
1397053
1397054
1397055
1397056
1397057
1397058
1397950
1397951
1397952
1397953
1397954
1397955
1397956
1397957
1397958
1397959
1550700
1550795
1557025
1557026
1557027
1557030
1557031
1557032
1557033
1557034
1557035
1557036
1557037
1557038
1557904
1557905
1557906
1557907
1557908
1557909
1557943
1557944
1557945
1557950
1557951
1557952
1557953
1557954
1557955
1557956
1557957
1557958
1557959
1557982
1557983
1557984
1860705
1860795
1867950
1867951
1867952
1867953
1867954
1867955
1867956
1867957
1867958
1867959
1830705
1830795
1831795
1832290
1832291
1832292
1832293
1832294
1836547
1836548
1837050
1837051
1837052
1837053
1837054
1837055
1837056
1837057
1837058
1837059
1837905
1837906
1837907
1837908
1837909
1837910
1837911
1837912
1837951
1837952
1837953
1837954
1837955
1837956
1837957
1837958
1839785
1839795
1500795
1507050
1507051
1507052
1507053
1507054
1507055
1507056
1507057
1507058
1507059
1507950
1507951
1507952
1507953
1507954
1507955
1507956
1507957
1507958
1507959
1508385
1508386
1508387
1508395
1350705
1350795
1351705
1351795
1357615
1357616
1357617
1357618
1357619
1357650
1357651
1357652
1357653
1357654
1357655
1357656
1357657
1357658
1357659
1452655
1452665
1454445
1454455
1457025
1458315
1458316
1458317
1458318
1458319
1770705
1770795
1774665
1777050
1777051
1777052
1777053
1777054
1777055
1777056
1777057
1777058
1777059
1777950
1777951
1777952
1777953
1777954
1777955
1777956
1777957
1777958
1777959
1590705
1590795
1590940
1590941
1590942
1590943
1590944
1590945
1590946
1590947
1590948
1590949
1593280
1593281
1593282
1593283
1593284
1597025
1597026
1597027
1597050
1597051
1597052
1597053
1597054
1597055
1597056
1597057
1597058
1597059
1597950
1597951
1597952
1597953
1597954
1890705
1890795
1897050
1897051
1897052
1897053
1897054
1897055
1897056
1897057
1897058
1897950
1897951
1897952
1897953
1897954
1897955
1897956
1897957
1897958
1897959
1953076
1360705
1360795
1361705
1361795
1362705
1362795
1364705
1364795
1365705
1365795
1366705
1366795
1367227
1367228
1367705
1367795
1368705
1368795
1369705
1369795
1530705
1530795
1534795
1535005
1535031
1535032
1535048
1537426
1537435
1537439
1538779
1538789
1538795
1539078
1539785
1539795
1800025
1800074
1800075
1800079
1800795
1804664
1804665
1804675
1804685
1807045
1807055
1807950
1807951
1807952
1807953
1807954
1807955
1807956
1807957
1807958
1807959
1850705
1850795
1857934
1857964
1780795
1780885
1784640
1784641
1784642
1784643
1784644
1784645
1784646
1787030
1787031
1787032
1787033
1787034
1787075
1787085
1787095
1787905
1787950
1787951
1787952
1787953
1787954
1787955
1787956
1787957
1787958
1787959
1788745
1789155
1789795
1560705
1560795
1567950
1567951
1567952
1567953
1567954
1567955
1567956
1567957
1567958
1567959
1569785
1569795
1990705
1990795
1991604
1994215
1997015
1997045
1997050
1997051
1997052
1997053
1997054
1997055
1997056
1997057
1997058
1997059
1997950
1997957
1997958
1997959
1713795
1715795
1716291
1716292
1716293
1716795
1716849
1717294
1717795
1717840
1717841
1718783
1718795
1719795
1719847
1719848
1330705
1330795
1331795
1331934
1331935
1331936
1332005
1332015
1333019
1334005
1334009
1334015
1336175
1336705
1336795
1338705
1338795
1339705
1339795
