1560439
1564397
1564398
1564399
1566292
1566293
1566294
1566295
1566296
1566297
1566298
1566299
1569439
1780400
1780439
1783308
1783309
1784340
1784899
1788719
1789619
1850439
1850449
1854309
1854390
1854391
1854399
1990439
1330449
1332149
1332159
1332439
1332449
1333149
1333159
1335159
1335439
1336439
1336449
1338439
1339439
1890439
1890449
1894349
1894376
1894388
1360449
1361439
1361449
1362439
1363073
1363079
1363439
1363449
1364439
1364449
1366439
1366449
1367439
1367449
1800439
1804390
1804395
1530439
1535458
1535459
1623297
1500439
1504390
1504391
1504392
1504393
1504394
1504395
1504396
1504397
1504398
1504399
1830439
1834390
1834391
1834392
1834393
1834394
1834395
1834396
1834397
1834398
1834399
1350093
1351439
1359670
1359671
1359672
1359673
1359674
1359675
1359676
1359677
1359678
1359679
1450605
1450606
1450607
1450608
1450609
1452179
1454149
1590439
1594390
1594391
1594392
1594393
1594394
1594395
1594396
1594397
1594398
1594399
1594490
1594491
1594492
1594493
1594494
1594495
1594496
1594497
1594498
1594499
1770439
1776686
1776781
1776790
1300907
1302907
1303907
1303938
1303939
1304032
1304039
1304439
1308938
1308939
1390449
1394314
1394342
1394390
1394391
1394392
1394393
1394394
1394395
1394396
1394397
1394398
1394399
1671439
1672362
1672363
1672365
1672439
1673439
1674248
1674249
1674260
1674439
1860439
1862975
1862976
1862977
1862978
1864390
1864391
1864392
1864393
1864394
1864395
1864396
1864397
1864398
1864399
1868439
1550439
1552692
1552693
1552696
1556759
1556797
1556798
1556799
1556810
1556811
1556812
1556813
1556814
1558490
1558491
1558492
1558493
1558494
1558495
1558496
1558548
1558549
1559038
1559039
1810439
1814319
1814369
1520439
1470439
1370439
1370449
1374390
1374391
1374392
1374393
1374394
1374395
1374396
1374397
1374398
1374399
1880439
1880449
1884390
1884391
1884392
1884393
1884394
1884395
1884396
1884397
1884398
1884399
1750439
1750449
1910439
1910449
1320439
1320449
1321439
1322439
1322449
1323439
1324439
1325189
1325269
1325889
1327439
1327811
1327829
1329439
1329881
1650070
1650267
1650439
1650949
1651439
1651629
1652145
1652439
1653439
1656032
1656439
1657313
1657439
1980439
1981584
1984309
1984340
1984349
1984398
1984399
1988979
1570439
1571439
1571449
1840439
1844390
1844392
1844393
1844394
1844395
1844396
1844397
1870439
1874390
1874391
1874392
1874393
1874394
1874395
1874396
1874397
1874398
1874399
1380449
1384390
1384391
1384392
1384393
1384394
1384395
1384396
1384397
1384398
1384399
1389400
1389401
1389402
1389403
1389404
1389405
1389406
1389407
1389408
1389409
1389473
1660439
1662439
1664390
1668839
1730439
1734389
1310439
1312439
1312579
1313439
1314439
1315969
1315979
1317907
1317917
1318070
1318071
1318072
1319619
1580439
1584390
1584391
1584392
1584393
1584394
1584395
1584396
1584397
1584398
1584399
1584490
1584491
1584492
1584493
1584494
1584495
1584496
1584497
1584498
1584499
1760439
1760449
1761439
1761449
1510439
1514390
1514391
1514392
1514393
1514394
1514395
1514396
1514397
1514398
1514399
1820439
1824390
1824391
1824392
1824393
1824394
1824395
1824396
1824397
1824398
1824399
