1330704
1330794
1331794
1332004
1332018
1332019
1334018
1334019
1336166
1336167
1336168
1336704
1336794
1338706
1338794
1339702
1339794
1713794
1715794
1716794
1717794
1717843
1718194
1718281
1718284
1718794
1719794
1990704
1990794
1991600
1991601
1991602
1991603
1997044
1997900
1997910
1997947
1997948
1997949
1997951
1997990
1560794
1567940
1567941
1567942
1567943
1567944
1567945
1567946
1567947
1567948
1567949
1569788
1569794
1850794
1857908
1857924
1780794
1780884
1784637
1784638
1784639
1787000
1787001
1787025
1787026
1787027
1787028
1787029
1787074
1787084
1787094
1787904
1788744
1789154
1789794
1800028
1800029
1800794
1807044
1807054
1807940
1807941
1807942
1807943
1807944
1807945
1807946
1807947
1807948
1807949
1530704
1530794
1534794
1535004
1535017
1535018
1537434
1538778
1538788
1538794
1539788
1539794
1360794
1361704
1361794
1362794
1364704
1364790
1364794
1365704
1365794
1366794
1367794
1368484
1368704
1368790
1368794
1369484
1369704
1369794
1369804
1369959
1890704
1890794
1897040
1897041
1897042
1897043
1897047
1897048
1897940
1897941
1897942
1897943
1897944
1897945
1897946
1897947
1897948
1897949
1590704
1590794
1593295
1593296
1593297
1593298
1593299
1594690
1594691
1594692
1594693
1594694
1594695
1594696
1594697
1594698
1594699
1597955
1597956
1597957
1597958
1597959
1770704
1770794
1777040
1777041
1777042
1777043
1777044
1777045
1777046
1777047
1777048
1777049
1777940
1777941
1777942
1777943
1777944
1777945
1777946
1777947
1777948
1777949
1452654
1452664
1454444
1454454
1457024
1458340
1458341
1458342
1458343
1458344
1350704
1350794
1351704
1351794
1500794
1507042
1507043
1507044
1507045
1507046
1507047
1507048
1507049
1507940
1507941
1507942
1507943
1507944
1507945
1507946
1507947
1507948
1507949
1830704
1830794
1831794
1832295
1832296
1832297
1832298
1832299
1837940
1837941
1837942
1837943
1837944
1837945
1837946
1837947
1837948
1837949
1837950
1837964
1837965
1837966
1839784
1839794
1860704
1860794
1867940
1867941
1867942
1867943
1867944
1867945
1867946
1867947
1867948
1867949
1550794
1557018
1557019
1390704
1390794
1397040
1397041
1397042
1397043
1397047
1397048
1397940
1397941
1397942
1397943
1397944
1397945
1397946
1397947
1397948
1397949
1671794
1672794
1673794
1303057
1303058
1303059
1304494
1304794
1308618
1309701
1309704
1309711
1750794
1757900
1757904
1880704
1880794
1882794
1887040
1887041
1887042
1887043
1887044
1887045
1887046
1887094
1887940
1887941
1887942
1887943
1887944
1887945
1887946
1887947
1887948
1887949
1889794
1370704
1370794
1375590
1375591
1375592
1375593
1375594
1375595
1375596
1375597
1375598
1375599
1376760
1376761
1376762
1376763
1376764
1376765
1376766
1376767
1376768
1376769
1470704
1470794
1477077
1477078
1477079
1477960
1477961
1477962
1477963
1477964
1479644
1479645
1479646
1479647
1479648
1479649
1479784
1479794
1810704
1810794
1816078
1816600
1817044
1817940
1817941
1817942
1817943
1817944
1817945
1817946
1817947
1817948
1817949
1520704
1520794
1521625
1521626
1521627
1527940
1527941
1527942
1527943
1527944
1527945
1527946
1527947
1527948
1527949
1529794
1570700
1570794
1571704
1571794
1572090
1572099
1572750
1572759
1577910
1577911
1577912
1579799
1579800
1579801
1579802
1579803
1579804
1840794
1847017
1847909
1847940
1847941
1847942
1847943
1847944
1847945
1847946
1847947
1847948
1847949
1980794
1981514
1984144
1984145
1984146
1984147
1987020
1987021
1987022
1987023
1988000
1988001
1988002
1988003
1988004
1988005
1988059
1988071
1650794
1651794
1701070
1701071
1708750
1708751
1708752
1708753
1708754
1910794
1917940
1917941
1917942
1917943
1917944
1917945
1917946
1917947
1917948
1917949
1320704
1320794
1321704
1321794
1323750
1323794
1324704
1324774
1324794
1325794
1326308
1326394
1311785
1311794
1312524
1312532
1312533
1313370
1313371
1313372
1313373
1313394
1313403
1315587
1315588
1315589
1317089
1317094
1317765
1317766
1317767
1317768
1317794
1319782
1319788
1319794
1730704
1730794
1734674
1737044
1737940
1737941
1737942
1737943
1737944
1737945
1737946
1737947
1737948
1737949
1380794
1387040
1387041
1387042
1387043
1387044
1387045
1387046
1387047
1387048
1387049
1387940
1387941
1387942
1387943
1387944
1387945
1387946
1387947
1387948
1387949
1660704
1660706
1660794
1667904
1667906
1870255
1870257
1870258
1870265
1870267
1870268
1870704
1870794
1877017
1877018
1877019
1877084
1877094
1877940
1877941
1877942
1877943
1877944
1877945
1877946
1877947
1877948
1877949
1879784
1879794
1510704
1510794
1517940
1517941
1517942
1517943
1517944
1517945
1517946
1517947
1517948
1517949
1820794
1827094
1827940
1827941
1827942
1827943
1827944
1827945
1827946
1827947
1827948
1827949
1827989
1829644
1829645
1829646
1829647
1829648
1829649
1829696
1829697
1829698
1340704
1340794
1342652
1342653
1343704
1343794
1347940
1347941
1347942
1347943
1347944
1580704
1580794
1587075
1587076
1587077
1587078
1587079
1587980
1587981
1587982
1587983
1587984
1587985
1760704
1760794
1767904
1767914
1767920
1767924
1767934
1767944
