1388165
1388166
1388167
1388168
1388169
1388240
1388241
1388242
1660821
1660827
1668330
1668331
1872870
1872871
1872872
1872873
1872874
1872875
1872876
1872877
1872878
1872879
1878270
1878271
1878272
1878273
1878274
1878275
1878276
1878277
1878278
1878279
1878423
1878424
1878425
1878426
1310827
1315843
1315871
1318352
1318353
1319474
1319812
1319813
1319814
1319869
1731102
1731103
1731104
1731105
1731106
1733685
1733686
1733687
1733894
1733895
1733896
1733897
1733898
1734000
1734541
1734542
1734543
1734544
1734814
1734815
1736693
1736694
1738097
1738098
1738099
1738150
1340827
1341945
1341946
1341947
1344007
1345833
1345834
1345895
1580827
1582890
1582891
1582892
1582893
1582894
1588270
1588271
1588272
1588273
1588274
1588495
1588496
1588497
1588498
1588499
1760827
1762822
1762824
1762827
1762838
1762890
1768315
1518205
1518206
1518207
1518208
1518209
1518275
1518276
1518277
1518278
1518279
1519654
1519655
1822410
1822411
1822412
1822413
1822414
1822885
1822886
1822887
1822888
1822889
1824446
1824447
1828210
1828211
1828212
1828213
1828214
1828270
1828271
1828272
1828273
1828274
1828275
1828276
1828277
1828278
1828279
1811133
1811134
1811171
1811375
1811376
1811377
1811671
1811672
1812340
1812341
1814502
1816011
1818027
1818138
1818139
1818147
1818148
1818149
1818831
1819010
1819011
1819012
1819013
1819014
1522854
1522855
1522856
1528270
1528271
1528272
1528273
1528274
1528275
1528276
1528277
1528278
1528279
1528470
1528471
1528472
1528473
1528474
1528475
1528476
1750827
1752819
1758130
1758131
1758170
1758213
1880095
1880096
1880097
1880098
1880099
1880827
1880829
1880847
1880848
1880849
1888275
1888276
1888277
1888278
1888279
1377845
1377877
1377878
1377879
1379593
1379594
1470815
1472660
1472661
1472662
1478020
1478021
1478022
1478023
1478024
1478025
1478026
1478027
1478028
1478029
1910827
1910829
1911198
1913030
1913031
1913032
1913033
1913034
1913035
1913036
1913037
1913038
1913039
1913050
1913051
1913052
1913053
1913054
1913055
1913056
1913057
1914080
1914081
1914082
1914083
1914084
1914085
1914086
1914087
1915046
1915047
1915048
1915049
1916015
1916016
1916017
1916018
1918029
1918165
1918166
1918167
1918168
1918169
1919653
1919654
1919658
1320836
1321928
1321929
1321930
1321931
1321932
1322834
1570827
1572975
1576015
1576016
1576017
1576018
1577570
1577571
1577572
1577573
1577574
1577575
1577576
1577577
1577578
1577579
1848198
1848199
1848270
1848271
1848272
1848273
1848274
1848275
1848276
1848277
1848278
1848279
1980827
1981294
1988142
1988143
1988216
1988217
1988218
1988219
1988220
1988221
1650827
1650865
1508270
1508271
1508272
1508273
1508274
1838270
1838271
1838272
1838273
1838274
1838275
1838276
1838277
1838278
1838279
1838282
1838283
1838284
1838285
1838286
1838287
1838288
1838289
1839820
1839821
1839822
1839823
1839824
1839825
1839890
1839891
1839892
1839893
1839894
1839895
1839896
1839897
1839898
1839899
1590834
1590844
1592838
1592839
1598270
1598271
1598272
1598273
1598274
1598275
1598276
1598277
1598278
1598279
1598395
1598396
1598397
1598398
1598399
1771133
1771350
1771579
1772340
1772341
1772655
1773680
1773848
1773849
1773850
1773851
1773852
1773853
1773854
1773855
1774501
1776015
1776059
1776114
1776148
1777842
1777859
1778027
1778075
1778157
1778191
1778192
1779025
1779044
1452827
1453844
1453845
1453846
1453847
1454574
1351847
1354177
1354178
1354179
1354730
1354731
1354732
1354733
1354845
1355046
1355047
1355048
1355049
1355149
1355178
1355179
1355856
1356845
1356846
1356847
1356848
1356849
1726094
1726870
1305648
1305649
1305650
1305651
1308432
1308634
1308821
1309451
1309452
1930829
1860827
1861324
1861325
1861326
1868270
1868271
1868272
1868274
1868276
1868277
1868278
1868279
1550827
1550828
1552020
1552021
1552022
1552866
1552867
1552892
1552893
1552894
1390829
1398029
1398165
1398166
1398167
1398168
1398169
1398914
1398915
1991178
1991179
1993093
1993411
1994072
1994073
1995046
1995047
1995048
1995049
1995067
1996015
1996016
1996017
1996018
1996030
1996031
1996032
1998029
1998162
1998163
1998164
1998165
1998360
1998361
1998362
1998363
1998364
1998365
1998366
1998367
1998368
1998369
1560829
1568029
1568125
1568126
1568165
1568166
1568167
1568168
1568169
1568234
1568235
1568236
1569405
1850827
1858315
1858349
1859992
1780827
1782890
1782891
1782892
1782893
1784451
1784452
1788325
1788326
1788327
1788328
1788329
1330829
1332061
1333061
1333067
1334061
1335023
1335047
1335092
1335093
1337823
1339845
1360824
1361909
1362907
1364907
1367827
1368447
1368448
1369827
1890829
1891955
1898029
1898165
1898166
1898167
1898168
1898169
1898914
1898915
1800827
1804048
1804801
1808050
1808051
1808052
1808146
1808693
1809020
1809021
1809044
1809500
1809501
1809502
1809634
1809635
1530829
1532825
1532826
1532827
1532829
1534827
1534829
1535142
1537824
1537825
1537842
1537856
1537857
1539011
1539773
