1660421
1380042
1384210
1384211
1384212
1384213
1384214
1384215
1384216
1384217
1384218
1384219
1389808
1389809
1389823
1870421
1874210
1874211
1874212
1874213
1874214
1874215
1874216
1874217
1874218
1874219
1874221
1310421
1313080
1313081
1313082
1313083
1313084
1313085
1313086
1313421
1314797
1315421
1315422
1318815
1318816
1318817
1318818
1318819
1319025
1319026
1319421
1730421
1730422
1734106
1346405
1346406
1346420
1346421
1346422
1346423
1346424
1346425
1346426
1346427
1346428
1346429
1346440
1346444
1346447
1347021
1347022
1347023
1347024
1347025
1347026
1347027
1347028
1347029
1760421
1761421
1762421
1764056
1764057
1764210
1764211
1764212
1764213
1764214
1764215
1764216
1764217
1764218
1764219
1580421
1580428
1580491
1580492
1580493
1580494
1580495
1580496
1584210
1584211
1584212
1584213
1584214
1584215
1584216
1584217
1584218
1584219
1820420
1820421
1820422
1820423
1820424
1824210
1824211
1824212
1824213
1824214
1824215
1824216
1824217
1824218
1824219
1510420
1510421
1510422
1510423
1510424
1511420
1511421
1511422
1511423
1511424
1511425
1512405
1512406
1512407
1512408
1512409
1514093
1514210
1514211
1514212
1514213
1514214
1514215
1514216
1514217
1514218
1514219
1514225
1514226
1514227
1514228
1514229
1518420
1518421
1518422
1518423
1518424
1520420
1520421
1520422
1520423
1520424
1524215
1524216
1524217
1524218
1524219
1810421
1810491
1810981
1810982
1810983
1814210
1814211
1814212
1814213
1880421
1884210
1884211
1884212
1884213
1884214
1884215
1884216
1884217
1884218
1884219
1750491
1751902
1754210
1754211
1754212
1754213
1754214
1754215
1754219
1470420
1470421
1474035
1474036
1474037
1474038
1474039
1370421
1370491
1379503
1320421
1321421
1322421
1323421
1323422
1323676
1323890
1323891
1325277
1325278
1327421
1327422
1328421
1840420
1840421
1840422
1840423
1840424
1840425
1842400
1842401
1842402
1842403
1842404
1842405
1842406
1842407
1842408
1842409
1842426
1842427
1842428
1842429
1570421
1571420
1571421
1572432
1572433
1572467
1575420
1575421
1575422
1575423
1575424
1575425
1575426
1575427
1575428
1575429
1980421
1982420
1982421
1982422
1830420
1830421
1834020
1834021
1834022
1834023
1834024
1834025
1834026
1834027
1834028
1834029
1834055
1834056
1834057
1834058
1834059
1834210
1834211
1834212
1834213
1834214
1834215
1834216
1834217
1834218
1834219
1500421
1504085
1504086
1504087
1504088
1504089
1504210
1504211
1504212
1504213
1504214
1504215
1504216
1504217
1504218
1504219
1504280
1504281
1504282
1504283
1504284
1504285
1504286
1504287
1504288
1504289
1508420
1508421
1508422
1508423
1508424
1621323
1621324
1621325
1621326
1621330
1622420
1622421
1770421
1774154
1774155
1774185
1774210
1774211
1774212
1774213
1774216
1590244
1590421
1590428
1590491
1594210
1594211
1594212
1594213
1594214
1594215
1594216
1594217
1594218
1594219
1350041
1350421
1351601
1359184
1359185
1359186
1359187
1359188
1359189
1359194
1450421
1450591
1450592
1450593
1450594
1452421
1453445
1454299
1300824
1301993
1302824
1304385
1305090
1305091
1305092
1305093
1305094
1305260
1305261
1305262
1305263
1305264
1308220
1308221
1550421
1550422
1550491
1552490
1552491
1552492
1552493
1552494
1552495
1552496
1552497
1552498
1552499
1554104
1554105
1554106
1554107
1554165
1554166
1554167
1554168
1554169
1554208
1554209
1554210
1554211
1554212
1554213
1554214
1556644
1556645
1556660
1556661
1556662
1556663
1556664
1556665
1556678
1556679
1860421
1860491
1862421
1862448
1864210
1864211
1864212
1864213
1864214
1864215
1864216
1864217
1864218
1864219
1864253
1864254
1869821
1869822
1869878
1390421
1390491
1394210
1394211
1394212
1394213
1394214
1394215
1394216
1394217
1394218
1394219
1780421
1782421
1782431
1782468
1782469
1782470
1850421
1852421
1852490
1852491
1852492
1852493
1852494
1852495
1852496
1852497
1852498
1852522
1852523
1852524
1854215
1560421
1560491
1564210
1564211
1564212
1564213
1564214
1564215
1564216
1564217
1564218
1564219
1564226
1564227
1564228
1564229
1564243
1564244
1564256
1564257
1564262
1564263
1566376
1566378
1566379
1566383
1566384
1566386
1569421
1569876
1330421
1330491
1331421
1332236
1332421
1333236
1334236
1335236
1335421
1335892
1335893
1336421
1337292
1338421
1338782
1339039
1339421
1339424
1361421
1361491
1363490
1363491
1363492
1363493
1363495
1364421
1890421
1890491
1894050
1894051
1894052
1894053
1894054
1894055
1894056
1894057
1894058
1894059
1530421
1530422
1530497
1532627
1533096
1533097
1535096
1538205
1538206
1538207
1800421
1800491
1800980
1800981
1800982
1800983
1804015
1804016
1804017
1804018
1804019
1804027
1804028
1804029
