1310570
1310584
1310606
1310607
1310608
1310609
1311570
1311684
1315700
1315701
1315702
1315703
1315704
1315705
1315706
1315707
1315708
1315709
1317570
1317571
1317572
1317573
1317574
1318440
1318570
1318670
1318671
1318672
1318673
1730570
1730670
1733844
1733845
1734875
1734876
1734877
1734878
1734879
1735700
1735701
1735702
1735704
1735705
1735706
1736355
1736356
1736357
1736358
1736359
1736995
1736996
1736997
1736998
1736999
1737038
1737039
1737420
1737421
1737422
1737423
1737424
1739464
1739465
1739570
1739856
1660570
1665700
1381900
1381901
1385700
1385701
1385702
1385703
1386700
1386701
1386702
1386703
1870570
1875700
1875701
1875702
1875703
1875704
1875895
1875896
1875897
1875898
1875899
1876700
1876701
1876702
1876703
1876704
1876705
1876706
1876707
1876708
1876709
1820570
1826895
1826896
1826897
1826898
1826899
1510570
1515700
1515701
1515702
1515703
1515704
1515705
1515706
1515707
1515708
1515709
1515877
1515878
1515879
1516705
1516706
1516707
1516708
1516709
1345400
1345401
1345402
1345403
1345404
1760570
1760670
1580570
1585700
1585701
1585702
1585703
1585704
1585705
1585706
1585707
1585708
1585709
1586905
1586906
1586907
1586908
1586909
1880570
1880670
1885700
1885701
1885702
1885703
1885704
1886805
1886806
1886807
1886808
1886809
1889268
1889269
1750570
1750660
1750670
1750681
1470570
1370570
1370670
1373250
1373251
1373505
1373506
1373507
1373508
1373509
1375070
1375430
1375700
1375701
1375702
1375703
1375704
1375705
1520570
1521570
1521571
1521572
1521579
1525700
1525701
1525702
1525703
1525704
1525705
1526805
1526806
1526807
1526808
1526809
1810570
1815700
1815701
1815702
1815703
1815704
1815705
1815706
1815707
1815708
1815709
1815870
1816450
1816700
1840570
1841360
1841361
1841362
1841363
1841364
1841365
1841366
1841367
1841368
1841369
1845700
1845701
1845702
1845703
1845704
1845705
1845706
1845707
1845708
1845709
1845895
1845896
1570000
1570001
1570002
1570003
1570004
1570570
1572699
1572798
1572799
1575705
1575706
1575707
1575708
1575709
1650570
1980570
1981243
1981481
1981680
1981681
1981682
1981683
1981684
1981700
1981701
1981702
1981703
1981704
1981770
1985800
1985801
1985802
1985803
1985804
1985880
1988345
1988346
1988347
1988348
1988349
1988455
1988456
1988457
1988458
1988459
1705695
1705952
1705953
1705954
1707047
1707048
1707049
1707972
1707973
1707974
1707975
1707976
1707977
1707978
1707979
1709462
1709920
1709921
1709922
1320570
1321627
1321628
1321629
1321640
1321641
1322170
1322171
1322172
1323570
1325108
1325570
1328205
1328206
1328207
1328208
1328209
1328570
1329570
1910570
1910670
1770570
1770670
1775700
1775701
1775702
1775708
1775709
1776738
1776739
1776955
1776956
1776957
1776998
1776999
1777408
1777423
1777426
1777427
1777428
1777429
1590570
1590670
1592405
1592406
1592407
1592408
1592409
1595700
1595701
1595702
1595703
1595704
1350570
1350670
1351140
1351141
1351142
1351570
1356700
1356701
1356702
1356703
1356704
1356705
1356706
1356707
1356708
1357564
1357565
1357566
1357567
1358700
1358701
1358702
1358703
1358710
1358711
1358712
1452230
1452231
1453229
1453335
1453336
1453337
1453338
1453339
1454170
1457197
1457198
1457199
1830500
1830501
1830502
1830503
1830504
1830570
1835705
1835706
1835707
1835708
1835709
1836700
1836701
1836702
1836703
1836704
1836705
1836706
1836707
1836708
1836709
1836860
1836861
1836862
1500570
1505700
1505701
1505702
1505703
1505704
1505705
1505706
1505707
1505708
1505709
1506700
1506701
1506702
1506703
1506890
1506891
1506892
1506893
1506894
1506895
1506896
1550570
1860570
1860670
1860681
1865700
1865701
1865702
1865703
1865704
1865705
1865706
1865707
1865708
1865709
1671570
1672570
1673570
1390570
1390670
1395700
1395701
1395702
1395703
1396700
1396701
1396702
1396703
1300264
1300468
1301774
1302264
1302468
1304570
1305970
1305971
1305972
1305973
1305974
1305975
1305976
1305977
1305978
1305979
1308288
1308394
1309474
1309570
1309582
1330570
1330670
1332570
1332610
1333570
1334570
1335570
1335700
1335701
1335702
1336200
1336201
1336202
1336203
1336204
1337242
1337258
1337570
1337685
1338570
1338840
1338850
1339570
1339670
1716570
1717413
1717414
1717415
1717416
1717417
1717418
1717419
1717570
1717664
1717940
1717941
1717980
1717981
1717982
1718570
1719570
1719943
1719944
1719945
1719975
1719976
1719989
1990570
1995700
1995704
1995708
1995709
1997528
1780570
1781559
1781585
1781586
1781587
1781588
1781589
1781648
1781649
1781670
1785716
1785765
1785820
1785821
1785822
1785823
1785855
1785856
1785857
1785858
1785859
1786780
1788820
1789584
1789585
1850570
1850670
1859030
1560570
1560670
1565700
1565701
1565702
1565703
1565704
1565705
1565706
1565707
1569570
1530570
1530670
1532520
1532540
1532541
1532542
1532570
1533670
1533671
1533672
1533673
1533760
1534570
1535524
1535525
1535570
1535670
1537219
1537248
1537270
1537271
1537272
1537273
1537274
1538130
1538131
1539570
1800570
1804226
1804236
1805700
1805701
1805702
1805703
1805704
1805705
1805706
1805707
1805708
1805709
1806788
1806789
1806938
1807025
1807263
1807427
1954800
1360050
1361570
1361670
1362570
1362580
1362670
1364570
1364670
1365570
1365670
1366570
1367570
1367571
1367660
1367661
1890570
1890670
1895700
1895701
1895702
1895703
1896640
1896641
1896700
1896701
1896702
1896703
1896945
1896946
1896947
1896948
1896949
