1820436
1824360
1824361
1824362
1824363
1824364
1824365
1824366
1824367
1824368
1824369
1824410
1824411
1824412
1824413
1824414
1824415
1824416
1824417
1824418
1824419
1510436
1511440
1511441
1511442
1511443
1511444
1511445
1511446
1511447
1511448
1511449
1514360
1514361
1514362
1514363
1514364
1514365
1514366
1514367
1514368
1514369
1760436
1760446
1761436
1761446
1764360
1764361
1764362
1764363
1764364
1580436
1583460
1583461
1583462
1583463
1583464
1583465
1583466
1583467
1583468
1583469
1584360
1584361
1584362
1584363
1584364
1584365
1584366
1584367
1584368
1584369
1584460
1584461
1584462
1584463
1584464
1584465
1584466
1584467
1584468
1584469
1588610
1588611
1588612
1588613
1588614
1588615
1588616
1588617
1588618
1588619
1340440
1340441
1340442
1340443
1340444
1730436
1734386
1310436
1312436
1312576
1312586
1313436
1314436
1314760
1314761
1314762
1315959
1315976
1317906
1317916
1318060
1318061
1318062
1319610
1870436
1874360
1874361
1874362
1874363
1874364
1874365
1874366
1874367
1874368
1874369
1660436
1662436
1664306
1664346
1664360
1664361
1664362
1664363
1664364
1664365
1664366
1664367
1668836
1380436
1384360
1384361
1384362
1384363
1384364
1384365
1384366
1384367
1384368
1384369
1389460
1389461
1389462
1389463
1389464
1389465
1389466
1389467
1389468
1389469
1980436
1981583
1984306
1984330
1984331
1984365
1984366
1984367
1984368
1984369
1988976
1650071
1650076
1650268
1650323
1650436
1650446
1650683
1650904
1651051
1651323
1651436
1651446
1651621
1651847
1652106
1652436
1653046
1653436
1653446
1653590
1653591
1653594
1653752
1655060
1655064
1655448
1655449
1655935
1656094
1656436
1656446
1657030
1657436
1840436
1844360
1844361
1844362
1844363
1844364
1844365
1844366
1844367
1844368
1844369
1570436
1571436
1571446
1573430
1573431
1573432
1573433
1573434
1573435
1573436
1573437
1573438
1573439
1320436
1320440
1320441
1320442
1320443
1320444
1320445
1320446
1320447
1320448
1321436
1322436
1322446
1323436
1324436
1324446
1325176
1325177
1325186
1325886
1325887
1327436
1327816
1327817
1327818
1327819
1327826
1327827
1327828
1327836
1327846
1327856
1329436
1910436
1910446
1370437
1374360
1374361
1374362
1374363
1374364
1374365
1374366
1374367
1374368
1374369
1376610
1376611
1376612
1376613
1470436
1750436
1750446
1754360
1754361
1754362
1754363
1754364
1754365
1754366
1754367
1758126
1758127
1880436
1884360
1884361
1884362
1884363
1884364
1884365
1884366
1884367
1884368
1884369
1884460
1884461
1884462
1884463
1884464
1884465
1884466
1884467
1884468
1884469
1520436
1810436
1810446
1814316
1814366
1671436
1672366
1672367
1672368
1672436
1673436
1674261
1674262
1674263
1674436
1390436
1394345
1394360
1394361
1394362
1394363
1394364
1394365
1394366
1394367
1394368
1394369
1550436
1552668
1552669
1552694
1552695
1554346
1554390
1554391
1554392
1554393
1554394
1554395
1554396
1554397
1554398
1554399
1556790
1556791
1556792
1556793
1556794
1556795
1556796
1558485
1558486
1558487
1558488
1558489
1558546
1558550
1558551
1558552
1559015
1559016
1559017
1559078
1559079
1860436
1862676
1862677
1862678
1862679
1862974
1864304
1864305
1864360
1864361
1864362
1864363
1864364
1864365
1864366
1864367
1864368
1864369
1868436
1300906
1302906
1303906
1303936
1303937
1304031
1304036
1304436
1308006
1308936
1308937
1450520
1450521
1450522
1450523
1450524
1452172
1452173
1452176
1454146
1350083
1350436
1351436
1359680
1359681
1359682
1359683
1359684
1359685
1359686
1359687
1359688
1359689
1770436
1776683
1776788
1776799
1590436
1594360
1594361
1594362
1594363
1594364
1594365
1594366
1594367
1594368
1594369
1594460
1594461
1594462
1594463
1594464
1594465
1594466
1594467
1594468
1594469
1594890
1594891
1594892
1594893
1594894
1623236
1830436
1834360
1834361
1834362
1834363
1834364
1834365
1834366
1834367
1834368
1834369
1500436
1504360
1504361
1504362
1504363
1504364
1504365
1504366
1504367
1504368
1504369
1530436
1532636
1533078
1533079
1535456
1535457
1800436
1804360
1804365
1804366
1890436
1890446
1894345
1894346
1894378
1894379
1361436
1361446
1362436
1363076
1363436
1363446
1364436
1366436
1366446
1366447
1367436
1367446
1367447
1368975
1368977
1369436
1369446
1369447
1330436
1332146
1332157
1332436
1333140
1333141
1333157
1335152
1335323
1335436
1336436
1336457
1338436
1338446
1339436
1339446
1850436
1850446
1854304
1854306
1854360
1780404
1780405
1780436
1783303
1783304
1783305
1784342
1784343
1784896
1788716
1789616
1560436
1564365
1564366
1564367
1564368
1564369
1566272
1566274
1566277
1566278
1569436
1990436
