1380555
1385550
1385551
1385552
1385553
1385554
1385555
1385556
1385557
1385558
1385559
1386555
1386560
1386640
1386641
1386642
1386667
1386683
1660555
1665505
1665550
1665551
1665552
1665553
1665554
1665555
1665556
1665557
1665558
1665559
1870555
1871487
1871555
1872555
1872600
1872601
1872602
1872603
1872604
1875550
1875551
1875552
1875553
1875554
1875555
1875556
1875557
1875558
1875559
1313544
1314555
1315535
1315536
1315550
1315551
1315552
1315553
1315554
1315555
1317005
1319546
1319555
1730555
1733066
1733067
1735376
1735377
1735550
1735551
1735552
1735553
1735554
1735555
1735556
1735557
1735558
1735559
1737500
1737501
1737502
1737503
1737504
1737505
1737506
1737507
1737508
1737509
1347095
1347096
1347097
1348555
1348581
1580555
1585550
1760555
1768124
1768125
1768250
1768251
1768252
1768253
1768254
1768255
1768256
1768257
1768258
1768259
1510555
1515555
1515610
1515611
1515612
1515613
1515614
1515670
1515685
1820555
1822555
1825550
1825551
1825552
1825553
1825554
1825555
1825556
1825557
1825558
1825559
1829783
1829784
1829820
1829821
1829822
1829823
1829824
1810555
1811030
1811031
1811994
1811995
1813342
1813344
1815402
1815550
1815551
1815552
1815553
1815554
1815555
1815556
1815557
1815558
1815559
1815652
1815655
1815656
1815659
1815697
1817540
1819676
1819677
1819678
1819679
1520555
1521233
1521234
1521235
1521236
1521237
1521238
1521239
1521555
1522295
1524987
1524988
1524989
1525550
1525551
1525552
1525553
1880555
1885550
1885551
1885552
1885553
1885554
1885555
1885556
1885557
1885558
1885559
1889550
1889551
1889552
1889553
1889554
1889555
1889556
1889557
1889558
1889559
1750555
1750961
1755501
1755505
1755550
1755551
1755552
1755553
1755554
1755555
1755556
1755557
1755558
1755559
1755705
1755805
1470555
1475550
1475554
1475555
1475556
1479098
1370555
1372122
1372123
1372124
1700555
1701266
1701267
1910555
1914249
1914255
1915550
1915551
1915552
1915553
1915554
1915555
1915556
1916555
1320555
1321555
1322555
1327555
1328555
1329555
1570555
1570565
1571555
1572055
1575550
1575551
1575552
1575553
1575554
1575555
1575556
1575557
1575558
1575559
1840555
1845550
1845551
1845552
1845553
1845554
1845555
1845556
1845557
1845558
1845559
1650555
1980555
1981076
1981354
1984014
1984015
1985550
1985555
1985557
1505649
1830555
1831550
1831551
1831552
1831553
1831554
1831555
1831556
1831557
1831558
1831559
1832550
1832551
1832552
1832553
1832554
1832555
1832556
1832557
1832558
1832559
1832657
1832658
1832659
1835550
1835551
1835552
1835553
1835554
1835555
1835556
1835557
1835558
1835559
1835636
1837550
1837551
1837552
1837553
1837554
1837555
1837556
1837557
1837558
1837559
1839550
1839551
1839552
1839553
1839554
1839555
1839556
1839557
1839558
1839559
1590555
1592232
1595551
1595552
1595553
1595554
1595555
1770555
1773018
1773043
1775485
1775550
1775551
1775552
1775553
1775554
1775555
1775556
1775557
1775558
1775559
1777544
1777545
1350053
1351555
1452085
1453554
1454105
1457225
1457235
1458260
1458261
1458262
1458263
1458264
1301310
1301311
1302608
1303310
1303311
1303544
1304555
1305320
1305321
1306320
1308310
1308311
1308320
1308555
1309350
1309546
1309555
1930555
1935550
1935551
1935552
1935553
1935554
1935555
1860555
1860961
1865550
1865551
1865552
1865553
1865554
1865555
1865556
1865557
1865558
1865559
1550555
1555105
1555106
1555107
1555108
1555109
1555175
1555176
1555177
1555178
1555179
1555550
1555551
1555552
1555553
1555554
1555555
1555556
1555557
1555558
1555559
1555669
1390555
1395553
1395554
1395555
1395556
1395557
1395558
1395559
1395622
1395623
1396537
1396538
1396539
1396554
1396560
1396561
1396562
1671182
1671183
1671184
1671554
1671555
1671559
1671560
1671561
1671563
1671565
1671566
1672555
1673555
1990555
1994254
1995550
1995551
1995552
1995553
1995554
1995555
1995556
1995557
1995558
1995559
1560555
1565550
1565551
1565552
1565553
1565554
1565555
1565556
1565557
1565558
1565559
1566555
1567555
1569555
1780555
1785550
1785551
1785552
1785553
1785554
1785555
1785556
1785557
1785558
1785559
1788434
1788450
1789164
1850555
1855505
1855516
1855517
1855555
1855580
1855581
1855582
1855583
1855584
1330555
1332905
1332918
1333555
1333905
1334555
1334905
1335555
1335905
1336555
1339555
1339955
1710020
1710021
1717498
1717499
1717563
1717565
1717567
1717568
1717569
1360555
1361555
1363555
1363710
1364555
1366555
1368555
1369673
1955662
1955663
1955664
1890055
1890555
1894960
1894961
1894962
1894963
1894964
1895550
1895551
1895552
1895553
1895554
1895555
1895556
1895557
1895558
1895559
1800555
1801089
1805550
1805551
1805552
1805553
1805554
1805555
1805556
1805557
1805558
1805559
1805656
1805689
1807540
1809644
1809847
1809860
1809861
1530555
1530965
1532442
1534555
1535796
1535797
1537555
1537565
1538511
1538555
1538565
1539177
1539178
1539179
1539195
1539555
1539560
1539568
1539569
