1860511
1860524
1860525
1865127
1865128
1865129
1865140
1865192
1865273
1865274
1865280
1865281
1865282
1865283
1865284
1865285
1865286
1865287
1865288
1865289
1671511
1672511
1673143
1673511
1390052
1390528
1390529
1390610
1391210
1391211
1391280
1391281
1391282
1391283
1391284
1391340
1391341
1391342
1391343
1391344
1391455
1391456
1391457
1391458
1391459
1392155
1392156
1392157
1392158
1392159
1395127
1395128
1395140
1395280
1395281
1395282
1395283
1395284
1395285
1395286
1395287
1395288
1395289
1395290
1395291
1395292
1395293
1395294
1395295
1395296
1395297
1395298
1395299
1300343
1300344
1300345
1300435
1300436
1301680
1301681
1301682
1301683
1302343
1302344
1302345
1302435
1302436
1303359
1304173
1304174
1304175
1304177
1304178
1304179
1305290
1305291
1305292
1305293
1305294
1306290
1306291
1306292
1306293
1306294
1308359
1309268
1309269
1309495
1309496
1309497
1309498
1309499
1770528
1770529
1770610
1771210
1771282
1771283
1771284
1771449
1771459
1771480
1771481
1771522
1771597
1771598
1771599
1775140
1776649
1776864
1776865
1776866
1776867
1776875
1776876
1776877
1776878
1776879
1778834
1778835
1778836
1779899
1590528
1590529
1590610
1595127
1595128
1595140
1595280
1595281
1595282
1595283
1595284
1595285
1595286
1595287
1595288
1595289
1595290
1595291
1595292
1595293
1595294
1595295
1595296
1595297
1595298
1595299
1599680
1599681
1599682
1599683
1599684
1350528
1350529
1350610
1351168
1351169
1450830
1450831
1450832
1450833
1450834
1450835
1450836
1450837
1450838
1452613
1452614
1453612
1453640
1453641
1454425
1454436
1454959
1457106
1457107
1457278
1457279
1830528
1830529
1830610
1834471
1834481
1835140
1835284
1835285
1835286
1835287
1835288
1835289
1836141
1836181
1836200
1836201
1836202
1836203
1836204
1836288
1836289
1500528
1500529
1500610
1505085
1505086
1505087
1505088
1505089
1505111
1505112
1505113
1505114
1505291
1505292
1505293
1505294
1505295
1505296
1505297
1505298
1505299
1506148
1506149
1530528
1530529
1530610
1531235
1531236
1531247
1535858
1535859
1535860
1535861
1535862
1536595
1536596
1536597
1536598
1536599
1538020
1538021
1538022
1538023
1538024
1800528
1800529
1800610
1801280
1801281
1801282
1801283
1801284
1801343
1801344
1801407
1801408
1801409
1801458
1801459
1801499
1801525
1801526
1801595
1801596
1801597
1801598
1801599
1802048
1802049
1802120
1802121
1802122
1802148
1802149
1802157
1802158
1802159
1805127
1805128
1805140
1805275
1805276
1805277
1805280
1805281
1805282
1805283
1805284
1805285
1805286
1805287
1805288
1805289
1806118
1806119
1806182
1808208
1808209
1808210
1808211
1809448
1809449
1360528
1360529
1360610
1361526
1361527
1361528
1361529
1362526
1362626
1364528
1364529
1364610
1364613
1365528
1365529
1365610
1365613
1890062
1890528
1890529
1890610
1891210
1891211
1891280
1891281
1891282
1891283
1891284
1891340
1891341
1891342
1891343
1891344
1891455
1891456
1891457
1891458
1891459
1892155
1892156
1892157
1892158
1892159
1895127
1895128
1895140
1895280
1895281
1895282
1895283
1895284
1895285
1895286
1895287
1895288
1895289
1895290
1895291
1895292
1895293
1895294
1895295
1895296
1895297
1895298
1895299
1899448
1899449
1330528
1330529
1330610
1332774
1332775
1332776
1332777
1333774
1333775
1333776
1333777
1333881
1334774
1334775
1334776
1334777
1335774
1335775
1335776
1335777
1337604
1337614
1337615
1337616
1337617
1337618
1337619
1338249
1338297
1338298
1338299
1713511
1715511
1716511
1717511
1717648
1717649
1717654
1717656
1717657
1717658
1717659
1718511
1719511
1719524
1719625
1719645
1719648
1719657
1719658
1719659
1990511
1990528
1990529
1990610
1994163
1994204
1995144
1995163
1995247
1995285
1995286
1780501
1780502
1782607
1782633
1782643
1782667
1783471
1783472
1784941
1785100
1785101
1785175
1785176
1785177
1788727
1788815
1789517
1850511
1850524
1850525
1855159
1855245
1855250
1855251
1855252
1855253
1855254
1560528
1560529
1560610
1565127
1565128
1565140
1566847
1566851
1566852
1566853
1566854
1566855
1566856
1566857
1566858
1566859
1569511
1820504
1820528
1820529
1820610
1824886
1824887
1825147
1825148
1825258
1825259
1825293
1825294
1825295
1825296
1825297
1826060
1826061
1826062
1826063
1826064
1826195
1826196
1826197
1826255
1826256
1826288
1510528
1510529
1510610
1515290
1515291
1515292
1515293
1515294
1516293
1516294
1516295
1516296
1516297
1516298
1516299
1518910
1518911
1518912
1518913
1518914
1518915
1518916
1518917
1518918
1518919
1519544
1340008
1340009
1340558
1340559
1345195
1345196
1760511
1760521
1762511
1762798
1762799
1764935
1580528
1580529
1580610
1585044
1585045
1585046
1585047
1586292
1586293
1586294
1586295
1586296
1586297
1586298
1586299
1589635
1589636
1589637
1589638
1589639
1310192
1310193
1314260
1314262
1315167
1315168
1315169
1316020
1316021
1316022
1317938
1317939
1317945
1317946
1317947
1317948
1317949
1318648
1318649
1318663
1319685
1319686
1730141
1730528
1730529
1731248
1731296
1731456
1731457
1731458
1731459
1731460
1731529
1731535
1731536
1731571
1731572
1731575
1731576
1731577
1731885
1732161
1734277
1735140
1735187
1735244
1735491
1736178
1736179
1736192
1736193
1736195
1736196
1736546
1736808
1736819
1736840
1736843
1736850
1736875
1736876
1739687
1660511
1665107
1665182
1665183
1380528
1380529
1380610
1381235
1381236
1381237
1381245
1381246
1381515
1381516
1381517
1381518
1381519
1381547
1381548
1381549
1385290
1385291
1385292
1385293
1385294
1385295
1385296
1385297
1385298
1385299
1386134
1386135
1386136
1386137
1386138
1386139
1386243
1386244
1386245
1386246
1870528
1870529
1870610
1875293
1875294
1875295
1875296
1875297
1879600
1879601
1879602
1879603
1879604
1879605
1879606
1879607
1879608
1879609
1842533
1842537
1842538
1845190
1845191
1845192
1845193
1845194
1845195
1845196
1845197
1845198
1845199
1845239
1845245
1845248
1845265
1570528
1570529
1570610
1570617
1570619
1571528
1571529
1571610
1572075
1572284
1572480
1575100
1575101
1575127
1575129
1575140
1575141
1575162
1575177
1650511
1980259
1981233
1981471
1981639
1982582
1984445
1984825
1984839
1985116
1985117
1985118
1985119
1985143
1985250
1985251
1985252
1985253
1989530
1989531
1700511
1701656
1701657
1701658
1701659
1702615
1702616
1704090
1705221
1706938
1706939
1706940
1707050
1707051
1707052
1707053
1707054
1707055
1707056
1707057
1707058
1707059
1321834
1321835
1321836
1321837
1321838
1321839
1321841
1321881
1322241
1322260
1322261
1322262
1322263
1322264
1322265
1322511
1323635
1323636
1323637
1323638
1323639
1323647
1327032
1327511
1327512
1327615
1327616
1327617
1327618
1327619
1910511
1910529
1880528
1880529
1880610
1885127
1885128
1885140
1885280
1885281
1885282
1885283
1885284
1885285
1885286
1885287
1885288
1885289
1886087
1888806
1889664
1889665
1889666
1889667
1750511
1750614
1750615
1755110
1470528
1470529
1470610
1475280
1475281
1475282
1475283
1475284
1475285
1475286
1476242
1476276
1476277
1476278
1476283
1370528
1370529
1370610
1377530
1377531
1377532
1377533
1377534
1377535
1377536
1377537
1377538
1377539
1377550
1377551
1377552
1377553
1377554
1377555
1377637
1377647
1377648
1520528
1520529
1520610
1524027
1524028
1524029
1525290
1525291
1525292
1525293
1525294
1525295
1525296
1525297
1525298
1525299
1526290
1526291
1526292
1526293
1526294
1526295
1526296
1526297
1526298
1526299
1810528
1810529
1810610
1811210
1811211
1811280
1811281
1811282
1811283
1811284
1811455
1811456
1811457
1811481
1811524
1811558
1811559
1811589
1811840
1811841
1811895
1811896
1811897
1811898
1813678
1813679
1813680
1813681
1815140
1815141
1815175
1815176
1815190
1815191
1816858
1816859
1816860
1816868
