1860509
1860597
1865082
1865083
1865084
1865085
1865086
1865087
1865088
1865944
1865975
1865976
1865977
1865978
1865979
1550597
1550697
1390607
1390697
1395080
1395081
1395082
1395083
1395084
1395085
1395086
1395087
1395088
1395089
1395900
1395901
1395902
1395903
1395904
1395905
1395906
1395907
1395908
1395909
1395945
1395946
1395947
1395948
1395949
1671237
1671245
1671597
1672597
1673597
1300497
1300498
1301560
1302497
1302498
1304356
1304359
1304590
1305584
1305585
1305586
1305597
1306220
1306221
1306222
1306223
1306224
1306225
1306245
1595970
1595971
1595972
1595973
1596030
1596031
1596032
1596033
1596034
1596088
1596089
1596090
1596091
1596092
1596093
1596094
1770597
1770697
1772089
1775037
1775038
1775045
1775970
1775971
1775972
1775978
1452597
1453577
1454409
1458385
1458386
1458387
1458388
1458389
1350750
1350751
1350752
1350753
1350754
1351590
1351591
1355930
1355931
1355996
1355997
1355998
1355999
1359932
1359933
1359934
1359960
1359961
1359962
1359963
1359964
1505905
1505906
1505907
1505908
1505909
1505990
1505991
1505992
1505993
1505994
1508020
1508021
1508022
1508023
1508024
1508025
1508026
1508027
1508028
1508029
1835045
1835046
1835047
1835048
1835049
1835930
1835931
1835932
1835933
1835934
1839630
1839631
1839632
1839633
1839634
1839635
1839636
1839637
1839638
1839639
1800597
1800607
1800697
1802062
1802089
1803980
1803981
1803982
1803983
1803984
1803985
1803986
1803987
1803988
1803989
1804647
1805045
1805487
1805498
1805499
1805978
1805979
1806019
1806376
1806377
1806378
1806379
1806597
1809402
1809403
1809404
1530597
1530601
1530604
1533757
1534508
1534509
1535907
1535990
1535991
1535992
1539236
1539237
1539247
1539597
1360098
1360099
1360590
1360591
1360592
1360593
1361690
1361691
1361692
1362602
1362603
1362604
1364692
1364693
1365692
1365693
1368595
1368596
1368597
1368598
1368599
1950014
1950015
1950016
1890597
1890607
1890697
1895080
1895081
1895082
1895083
1895084
1895085
1895086
1895087
1895088
1895089
1895900
1895901
1895902
1895903
1895904
1895905
1895906
1895907
1895908
1895909
1895945
1895946
1895947
1895948
1895949
1896597
1330607
1330697
1331392
1331393
1331399
1332848
1332849
1332863
1332873
1332874
1333837
1333838
1333839
1334056
1334057
1334058
1334059
1334834
1334835
1334836
1335835
1335836
1336507
1336508
1337504
1337508
1337509
1338590
1338597
1338693
1339409
1339597
1713597
1715597
1716264
1716597
1717268
1717269
1717597
1990597
1990607
1990697
1994275
1995930
1995931
1560509
1560597
1565900
1565901
1565994
1565995
1566508
1566590
1569597
1784293
1784294
1784295
1785030
1785031
1785032
1785070
1785071
1785072
1785073
1785907
1785923
1785933
1785941
1788037
1789597
1850503
1850508
1850509
1850597
1855890
1855891
1855904
1855914
1855945
1855970
1855971
1855972
1855973
1855974
1856794
1856795
1856796
1856797
1856798
1856799
1859355
1859358
1859456
1859457
1515900
1515901
1515902
1515903
1515904
1515905
1515906
1515907
1515908
1515909
1516065
1516066
1516067
1516068
1516069
1825000
1825001
1825002
1825003
1825004
1825005
1825006
1825007
1825008
1825009
1825010
1825011
1825012
1825013
1825014
1825035
1825036
1825037
1825038
1825039
1345970
1345971
1345972
1345973
1345974
1345975
1345976
1345977
1345978
1345979
1586010
1586011
1586012
1586013
1586014
1586015
1586016
1586017
1586018
1586019
1588035
1588036
1588037
1588038
1588039
1588060
1588061
1588062
1588063
1588064
1588065
1588066
1588067
1588068
1588069
1760504
1760597
1768929
1768963
1768995
1310590
1310591
1310592
1310594
1311060
1311061
1311062
1311068
1312307
1312308
1312309
1312404
1315930
1315931
1315932
1316381
1317458
1317459
1317815
1317818
1317822
1317826
1317839
1319448
1319449
1730597
1730607
1730697
1732663
1732664
1733806
1733807
1734646
1734647
1734967
1735038
1735039
1735040
1735041
1735042
1735043
1735044
1735045
1735070
1735071
1735936
1735937
1735938
1735939
1735973
1735974
1735975
1735976
1735977
1735978
1735979
1739652
1380698
1380699
1385060
1385061
1385062
1385063
1385064
1385065
1385066
1385067
1385068
1385069
1385950
1385951
1385952
1385953
1385954
1385955
1385956
1385957
1385958
1385959
1386020
1386021
1386022
1386023
1386024
1386025
1386026
1386027
1386028
1386029
1660597
1665949
1870597
1875900
1875901
1875902
1875903
1875904
1875905
1875906
1875907
1875908
1875909
1876000
1876001
1876002
1876003
1876004
1876005
1876006
1876007
1876008
1876009
1876010
1876011
1876012
1876013
1876014
1876015
1876016
1876017
1876018
1876019
1571603
1571604
1571605
1571606
1575900
1575901
1575902
1575903
1575904
1579113
1845970
1845971
1845972
1845973
1845974
1845975
1845976
1845977
1845978
1845979
1650597
1980594
1980595
1983547
1983560
1983561
1983562
1983563
1984057
1985947
1985970
1985971
1985972
1985973
1985974
1985975
1985976
1985977
1985978
1985979
1989002
1989003
1989004
1701090
1701091
1701092
1701093
1910507
1910597
1320597
1321509
1322593
1323509
1323597
1325502
1325597
1327503
1327693
1328505
1328590
1880597
1885080
1885081
1885082
1885083
1885084
1885085
1885086
1885087
1885088
1885089
1885900
1885901
1885902
1885903
1885904
1885905
1885906
1885907
1885908
1885909
1750500
1750597
1755910
1379907
1379908
1379909
1470500
1470501
1470502
1470503
1470504
1470505
1470506
1470507
1470508
1470509
1476025
1476026
1476027
1476028
1476029
1810597
1814616
1814617
1815031
1815032
1815945
1815946
1815947
1815954
1815975
1815976
1815977
1815980
1815981
1815982
1815983
1815985
1815986
1520600
1520601
1520602
1520603
1520604
1520605
1520606
1520607
1520608
1520609
1525900
1525901
1525902
1525903
1525904
1528035
1528036
1528037
1528038
1528039
1528080
1528081
1528082
1528083
1528084
