1660372
1662730
1662731
1662732
1662734
1662735
1662736
1662737
1662738
1662739
1662740
1662741
1662742
1662743
1662744
1662745
1662746
1662747
1662748
1663720
1663721
1663722
1663723
1663724
1663725
1663726
1663727
1663728
1663729
1663829
1663830
1663831
1663832
1663833
1663834
1663835
1669222
1669223
1669224
1669225
1669226
1669227
1669228
1669229
1669267
1669268
1669269
1669270
1669271
1669272
1669273
1669274
1669275
1669276
1669277
1669278
1669279
1380372
1383720
1383721
1383722
1383723
1383724
1383725
1383726
1383727
1383728
1383729
1384924
1384925
1384926
1384927
1384928
1384929
1870372
1873720
1873721
1873722
1873723
1873724
1873725
1873726
1873727
1873728
1873729
1873820
1873821
1873822
1873823
1873824
1873825
1873826
1873827
1873828
1873829
1873970
1873971
1873972
1873973
1873974
1874930
1874931
1874932
1874933
1874934
1874935
1874936
1874937
1874938
1874939
1879075
1879076
1879077
1879078
1879079
1879080
1879081
1879082
1879083
1879084
1879085
1879086
1879087
1879088
1879089
1310172
1310362
1310372
1312441
1312442
1312443
1313719
1313720
1313721
1314040
1314041
1318315
1318316
1319350
1319351
1319352
1319353
1319354
1730372
1732487
1732620
1732624
1732936
1732946
1733538
1733539
1733550
1733720
1733722
1733723
1733724
1733726
1733727
1733729
1733906
1734462
1734472
1734486
1340372
1340380
1340381
1340382
1340383
1340384
1346080
1346081
1346082
1346083
1346084
1346085
1346086
1346087
1346088
1346089
1346090
1346091
1346092
1346093
1346094
1346095
1346096
1346097
1346098
1346099
1760372
1761351
1761352
1761353
1762441
1762442
1762443
1762488
1762489
1762948
1762949
1762950
1762951
1762952
1762953
1762954
1762955
1762956
1762957
1762958
1762959
1762960
1763042
1763051
1763052
1763053
1763054
1763055
1763056
1763057
1763058
1763059
1763060
1763061
1763062
1763063
1763064
1763720
1763721
1763722
1763723
1763724
1763725
1763726
1763727
1763728
1763729
1763749
1765040
1765473
1765474
1765476
1765596
1765599
1765610
1765611
1765612
1765614
1769830
1769831
1769832
1769833
1769834
1580372
1582460
1582461
1582462
1582463
1582464
1582465
1582466
1582467
1582468
1582469
1583630
1583631
1583632
1583633
1583634
1583635
1583636
1583637
1583638
1583639
1583720
1583721
1583722
1583723
1583724
1583725
1583726
1583727
1583728
1583729
1589075
1589076
1589077
1589078
1589079
1589680
1589681
1589682
1589683
1589684
1589685
1589686
1589687
1589688
1589689
1820372
1821160
1821161
1821162
1821163
1821164
1821165
1821166
1821167
1821168
1821169
1823720
1823721
1823722
1823723
1823724
1823725
1823726
1823727
1823728
1823729
1823850
1823851
1823852
1823853
1823854
1823855
1823856
1823857
1823858
1823859
1824060
1824061
1824062
1824063
1824064
1827255
1827256
1827257
1827258
1827259
1510372
1513650
1513651
1513652
1513653
1513654
1513720
1513721
1513722
1513723
1513724
1513725
1513726
1513727
1513728
1513729
1513887
1513888
1513889
1520372
1522610
1522611
1522612
1522613
1522614
1522615
1522616
1522617
1522618
1522619
1523650
1523651
1523652
1523653
1523654
1523655
1523656
1523657
1523658
1523659
1523720
1523721
1523722
1523723
1523724
1523725
1523726
1523727
1523728
1523729
1524960
1524961
1524962
1524963
1524964
1528695
1528696
1528697
1528698
1528699
1529045
1529046
1529047
1529048
1529049
1529465
1529466
1529467
1529468
1529469
1529470
1529471
1810372
1813448
1813472
1813572
1813728
1813729
1750372
1751306
1751307
1751308
1751309
1751310
1751339
1751340
1751341
1752575
1752576
1752577
1752578
1752579
1752580
1752581
1752582
1752583
1752584
1752585
1752586
1752587
1752588
1752589
1752590
1752740
1752741
1752742
1752743
1752744
1753042
1753051
1753052
1753053
1753054
1753055
1753056
1753057
1753058
1753059
1753060
1753061
1753062
1753063
1753064
1753430
1753431
1753432
1753433
1753460
1753461
1753462
1753463
1753464
1753465
1753466
1753467
1753468
1753469
1753720
1753721
1753722
1753723
1753724
1753725
1753726
1753727
1753728
1753729
1755070
1755071
1755072
1755073
1755074
1755075
1755076
1755077
1755078
1755079
1755080
1755081
1755082
1755083
1755084
1755085
1755086
1755087
1755088
1755089
1755090
1755091
1756490
1756491
1756492
1756493
1756494
1756495
1756496
1756497
1756498
1756499
1758959
1758960
1758961
1758962
1758963
1758964
1758965
1758966
1758967
1758968
1758969
1880367
1880372
1883720
1883721
1883722
1883723
1883724
1883725
1883726
1883727
1883728
1883729
1883840
1883970
1883971
1883972
1883973
1883974
1883975
1883976
1884880
1884881
1886026
1886470
1886471
1886472
1886473
1886474
1370071
1370072
1370346
1370372
1370766
1374924
1374925
1374926
1374927
1374928
1374929
1378372
1378380
1378381
1378382
1378383
1378384
1378385
1378386
1378387
1378388
1378389
1473802
1473860
1473872
1475665
1475672
1478340
1478341
1478342
1478343
1478344
1478372
1478830
1478831
1478832
1478833
1478834
1478835
1478836
1478837
1478838
1478839
1704276
1704277
1704278
1704279
1704280
1704281
1704282
1704283
1704284
1704285
1704286
1704287
1704288
1707372
1707949
1708372
1708385
1321325
1321326
1321327
1321328
1321329
1322372
1322399
1324300
1324301
1324302
1325300
1325301
1325302
1325303
1325304
1325305
1325306
1325307
1329079
1329082
1910372
1913734
1914372
1840372
1843605
1843637
1843720
1843721
1843722
1843723
1843724
1843725
1843726
1843727
1843728
1843729
1843852
1843853
1843854
1843920
1843921
1843922
1843923
1843924
1843925
1843926
1843927
1843928
1843929
1570372
1571372
1571630
1571631
1571632
1571633
1573720
1573721
1573722
1573723
1573724
1573725
1573726
1573727
1573728
1573729
1573843
1573870
1573871
1573872
1573873
1573874
1573875
1573876
1573877
1980372
1981270
1983720
1983721
1983722
1983723
1983724
1983725
1983726
1983727
1983728
1650372
1651223
1651372
1651675
1653272
1653372
1653505
1653720
1653721
1653723
1653724
1653725
1653726
1653727
1653728
1653729
1655080
1655081
1655082
1655083
1655084
1655272
1655708
1656305
1656306
1656372
1657802
1830372
1830380
1830381
1830382
1830383
1830384
1831730
1831731
1831732
1831733
1831734
1831735
1831736
1831737
1831738
1831739
1831770
1831771
1831772
1831773
1831774
1831775
1831776
1831777
1831778
1831779
1833640
1833641
1833642
1833643
1833648
1833720
1833721
1833722
1833723
1833724
1833725
1833726
1833727
1833728
1833729
1833800
1833801
1500372
1503720
1503721
1503722
1503723
1503724
1503725
1503726
1503727
1503728
1503729
1503995
1503996
1503997
1503998
1503999
1508300
1508301
1508302
1508303
1508304
1508305
1508306
1508307
1508308
1508309
1509000
1509001
1509002
1509003
1509004
1509390
1509391
1509392
1509393
1509394
1509395
1509396
1509397
1509398
1509399
1770372
1772487
1773080
1773081
1773473
1773724
1773725
1773726
1773743
1773762
1773780
1773781
1773912
1773913
1774049
1774468
1774632
1774940
1777282
1777286
1779672
1779772
1590372
1593645
1593646
1593647
1593648
1593649
1593665
1593666
1593667
1593668
1593669
1593680
1593681
1593682
1593683
1593684
1593720
1593721
1593722
1593723
1593724
1593725
1593726
1593727
1593728
1593729
1599380
1599381
1599382
1599383
1599384
1599385
1599386
1599387
1599388
1599389
1599410
1599411
1599412
1599413
1599414
1452303
1452304
1452305
1452306
1454211
1454860
1458420
1458421
1458422
1458423
1458424
1350346
1350372
1350397
1351372
1351383
1352330
1352331
1352332
1352333
1352372
1352580
1352581
1352582
1352583
1352584
1352610
1352611
1352612
1352613
1352614
1352615
1352616
1352617
1352618
1352619
1356900
1356901
1356902
1356903
1356904
1356905
1356906
1356907
1356908
1356909
1359810
1359811
1359812
1359813
1359814
1960372
1933728
1300759
1300769
1301752
1302759
1302769
1304372
1304476
1306440
1306441
1306442
1306443
1306444
1308372
1308385
1308386
1308387
1550372
1551400
1551401
1551402
1551480
1551481
1551482
1551483
1551484
1551485
1551486
1551487
1551488
1551489
1551500
1551501
1551502
1551503
1551504
1551505
1551506
1551507
1551508
1551509
1551510
1551511
1551512
1551513
1551514
1551515
1551516
1551517
1551518
1551519
1551720
1551721
1551722
1551723
1551724
1551725
1551726
1551727
1551728
1551729
1551787
1551877
1551878
1551879
1551880
1551881
1551882
1551883
1551884
1551885
1551886
1551887
1551888
1551889
1553720
1553721
1553722
1553723
1553724
1553725
1553726
1553727
1553728
1553729
1554400
1554401
1554402
1554403
1554404
1555400
1555402
1555403
1555404
1556514
1556515
1556516
1556517
1556518
1556519
1556541
1556542
1556570
1556571
1556572
1556573
1860372
1861372
1862372
1862374
1862381
1862382
1862383
1862384
1862488
1862489
1862549
1862580
1862581
1862582
1862583
1862584
1862585
1862586
1863720
1863721
1863722
1863723
1863724
1863725
1863726
1863727
1863728
1863729
1863906
1863907
1863908
1869595
1671372
1671674
1671675
1671676
1671677
1671678
1671679
1671680
1671681
1671682
1671683
1671684
1671685
1671686
1671687
1671688
1671689
1671690
1671747
1671748
1671749
1671784
1671804
1671824
1671848
1671849
1672372
1673372
1674372
1390372
1393720
1393721
1393722
1393723
1393724
1393725
1393726
1393727
1393728
1393729
1393868
1393869
1393997
1393998
1393999
1394950
1394951
1394952
1394953
1394954
1990372
1991372
1993720
1993724
1993925
1993926
1994925
1994926
1850372
1853042
1853051
1853052
1853053
1853054
1853055
1853056
1853057
1853058
1853059
1853060
1853061
1853062
1853063
1853064
1853651
1853720
1853721
1853722
1853723
1853724
1853725
1853726
1853727
1853728
1853729
1856740
1856741
1856742
1856768
1856769
1856770
1856771
1856772
1856773
1856774
1856775
1856776
1856777
1856778
1856779
1856780
1856781
1856782
1856783
1856784
1856785
1856786
1856787
1856788
1856789
1856840
1856841
1856842
1856843
1856844
1856845
1856846
1856847
1856848
1856849
1856880
1856881
1856882
1856883
1856884
1856885
1856886
1856887
1856888
1856889
1780372
1781498
1781499
1783720
1783850
1783851
1783852
1783853
1783854
1783855
1783856
1783857
1783858
1783859
1783916
1783917
1788664
1788853
1789680
1560372
1560383
1560384
1561745
1561746
1561799
1563720
1563721
1563722
1563723
1563724
1563725
1563726
1563727
1563728
1563729
1564952
1564953
1564954
1566406
1566407
1567000
1567003
1567004
1567075
1567076
1567077
1567078
1567079
1567261
1569060
1569061
1330372
1332362
1332372
1333372
1334368
1334372
1334663
1334664
1334665
1335363
1335364
1335365
1335372
1337370
1337371
1337372
1338372
1712289
1712290
1712291
1712292
1712293
1712294
1712295
1712296
1712297
1712298
1712299
1712300
1712301
1712302
1713372
1715372
1715506
1715507
1715508
1715509
1716150
1716372
1716443
1716444
1716445
1717372
1718372
1718386
1718430
1718431
1719372
1950366
1950372
1360346
1360372
1360862
1361372
1361983
1362372
1362983
1363372
1363961
1364372
1365372
1366307
1366372
1367303
1367304
1367305
1367306
1367330
1367331
1367332
1367333
1367334
1367372
1367380
1368372
1369372
1890372
1893720
1893721
1893722
1893723
1893724
1893725
1893726
1893727
1893728
1893729
1532478
1533372
1534372
1539376
1800372
1803720
1803721
1803728
1803729
