1330559
1332909
1333559
1333569
1333909
1334559
1334569
1335559
1335909
1336559
1339559
1339959
1710051
1710052
1710053
1716559
1717496
1717497
1717559
1717560
1717561
1990559
1994259
1995590
1995591
1995592
1995593
1995594
1995595
1995596
1995597
1995598
1995599
1560559
1565590
1565591
1565592
1565593
1565594
1565595
1565596
1565597
1565598
1565599
1566559
1567559
1569559
1850559
1855509
1855559
1780559
1785590
1785591
1785647
1788454
1789168
1800559
1801080
1805590
1805591
1805592
1805593
1805594
1805595
1805596
1805597
1805598
1805599
1807522
1807523
1807542
1807548
1809649
1809857
1809858
1530559
1532454
1533777
1534559
1537559
1538542
1538543
1538544
1538559
1539559
1361559
1363559
1363720
1364559
1366559
1367555
1367559
1368559
1369559
1369657
1890059
1890559
1895590
1895591
1895592
1895593
1895594
1895595
1895596
1895597
1895598
1895599
1590559
1595559
1595590
1770559
1773337
1775423
1775489
1775590
1775591
1775592
1775593
1775594
1775595
1775596
1775597
1775598
1776433
1452090
1454119
1457229
1458205
1458206
1458207
1458208
1458209
1351559
1500559
1505598
1505599
1505668
1505669
1830559
1835595
1835596
1835597
1835598
1835599
1835690
1835691
1835692
1835693
1860559
1865590
1865591
1865592
1865593
1865594
1865596
1865597
1865598
1865599
1550559
1555662
1555663
1390559
1395595
1395596
1395597
1395598
1395599
1395626
1395627
1396550
1396551
1396552
1396553
1671558
1672558
1673558
1301312
1303312
1303543
1304559
1305322
1306322
1308322
1308323
1308559
1309543
1309544
1309559
1930559
1750559
1755509
1880559
1881559
1885590
1885591
1885592
1885593
1885594
1885595
1885596
1885597
1885598
1885599
1370559
1373184
1373305
1373306
1470559
1479016
1810559
1813459
1815408
1815418
1815590
1815591
1815592
1815593
1815594
1815595
1815596
1815597
1815598
1815599
1817542
1520559
1521230
1521231
1521232
1521246
1521259
1521269
1521559
1522299
1525598
1525599
1570559
1571559
1572059
1575590
1575591
1575592
1575593
1575594
1575595
1575596
1575597
1575598
1575599
1840559
1845590
1845591
1845592
1845593
1845594
1845595
1845596
1845597
1845598
1845599
1980559
1981099
1981355
1984003
1985509
1985569
1985590
1985591
1985592
1985594
1985595
1650559
1910559
1914259
1914260
1915590
1915591
1915592
1915593
1915594
1320559
1321559
1322559
1322579
1327559
1328559
1329559
1313559
1314559
1315559
1316764
1317009
1317029
1319559
1730559
1733076
1733077
1735590
1735594
1735806
1735807
1736449
1380559
1385590
1385591
1385592
1385593
1385594
1385595
1385596
1385597
1385598
1385599
1386559
1660559
1870559
1871495
1871559
1872559
1872682
1872683
1872685
1875590
1875591
1875592
1875593
1875594
1875595
1875596
1875597
1875598
1875599
1510559
1515598
1515599
1820559
1821472
1822559
1825590
1825591
1825592
1825593
1825594
1825595
1825596
1825597
1825598
1825599
1829768
1829769
1347090
1347091
1348559
1580559
1585559
1585667
1760559
1767279
1768129
