1830875
1830885
1502500
1502501
1502502
1502503
1502504
1502505
1502506
1502507
1502508
1502509
1508750
1508751
1508752
1508753
1508754
1508755
1508756
1508757
1508758
1508759
1509420
1509421
1509422
1509423
1509424
1770875
1778708
1778750
1778752
1778753
1590698
1590875
1591190
1591191
1591270
1591271
1592500
1592501
1592502
1592503
1592504
1592505
1592556
1592557
1592558
1592559
1596934
1596935
1597496
1597497
1598750
1598751
1598752
1598775
1598776
1452885
1454653
1459514
1459515
1459516
1459517
1350875
1352954
1352955
1357750
1357751
1357752
1357753
1357754
1357755
1357756
1357757
1357758
1357759
1303332
1308749
1309435
1309436
1309539
1309967
1309968
1550875
1555992
1555993
1555994
1860875
1868755
1868758
1868759
1390875
1398705
1398750
1398751
1398752
1398753
1398754
1398755
1398756
1398757
1398758
1398759
1990875
1991274
1991275
1991285
1991288
1991295
1994875
1994885
1994895
1998724
1998725
1998726
1998750
1998751
1998752
1998753
1998754
1998755
1998756
1998757
1998758
1998759
1998995
1999585
1999595
1999597
1850875
1858712
1780875
1786908
1786909
1786910
1786911
1787419
1787423
1787424
1787425
1787426
1789130
1789131
1789132
1789133
1789134
1789135
1560875
1568750
1568751
1568752
1568753
1568754
1568755
1569465
1330875
1331279
1332059
1333059
1336875
1337875
1338875
1339875
1713875
1715875
1716705
1716706
1716707
1716708
1716875
1717476
1717875
1718471
1718695
1718696
1718697
1719875
1361875
1361945
1362875
1364875
1365875
1890875
1898750
1898751
1898752
1898753
1898754
1530875
1533151
1533152
1533153
1533431
1534875
1536847
1536848
1536849
1536875
1536894
1536897
1539385
1539386
1539387
1539875
1800875
1808750
1808751
1808756
1808757
1808758
1808759
1660875
1388780
1388781
1388782
1388783
1870875
1872520
1872521
1872522
1872523
1872524
1872525
1872526
1872527
1872528
1872529
1872530
1872531
1872532
1872533
1872534
1872535
1872536
1872537
1872538
1872539
1878750
1878751
1878752
1878753
1878754
1878755
1878756
1878757
1878758
1878759
1878800
1878801
1878802
1878803
1878804
1878805
1878806
1878807
1878808
1310875
1311419
1311875
1315077
1317073
1318750
1318751
1318752
1318753
1730875
1738752
1738755
1738756
1738757
1738758
1346613
1346614
1760875
1768705
1768715
1588750
1588764
1588765
1588766
1588767
1588768
1588769
1821465
1821466
1821467
1821468
1821469
1828750
1828751
1828752
1828753
1828754
1828755
1828756
1828757
1828758
1828759
1828850
1828851
1828852
1828853
1828854
1828855
1828856
1828857
1828858
1828859
1518480
1518481
1518482
1518483
1518484
1518485
1518486
1518487
1518750
1518751
1518752
1518753
1518754
1518755
1518756
1518757
1518758
1518759
1520875
1528458
1528750
1528751
1528752
1528753
1528754
1528755
1528756
1528757
1528758
1528759
1816466
1816475
1818295
1818365
1818375
1818395
1818753
1818754
1818755
1818756
1818757
1818758
1750875
1758705
1880875
1884981
1884982
1884983
1886989
1888750
1888751
1888752
1888753
1888754
1888755
1888756
1888757
1888758
1888759
1889590
1889591
1889592
1889593
1889594
1889595
1370865
1370875
1376904
1376905
1376906
1470875
1473643
1473644
1478715
1707840
1707841
1707842
1707843
1320875
1321180
1323865
1323875
1327860
1327861
1327862
1910875
1914305
1914315
1914329
1918750
1918751
1918752
1918753
1918754
1918755
1918756
1918757
1918758
1918759
1918846
1840693
1840694
1840695
1840696
1840697
1840875
1846944
1846945
1846946
1846947
1846948
1846949
1570875
1571875
1576997
1576998
1576999
1577026
1577027
1577028
1577029
1577030
1577031
1577032
1577033
1577034
1577035
1577036
1577037
1577038
1577039
1579875
1980695
1980875
1981101
1981140
1981141
1981142
1981143
1981144
1981145
1981146
1981320
1986938
1986939
1986940
1986941
1986942
1988752
1988753
1988754
1988755
1988756
1988757
1988758
1988759
