1330524
1332784
1332785
1333784
1333785
1334784
1334785
1335784
1335785
1336515
1336525
1337204
1337205
1337206
1338290
1338291
1338292
1713020
1713021
1713022
1713527
1715527
1716527
1717527
1990524
1994182
1994194
1995109
1995140
1995154
1995190
1995252
1995269
1997508
1997509
1560524
1565106
1565109
1565119
1565124
1565129
1565136
1565137
1565139
1565145
1565152
1565153
1565159
1566826
1566827
1566828
1569527
1780254
1780255
1780256
1780257
1780258
1780520
1780521
1780522
1780523
1780524
1780525
1780526
1780527
1780528
1780529
1782620
1782621
1782655
1782656
1782659
1783454
1783458
1783494
1783495
1783496
1783497
1783498
1784945
1784946
1784947
1784948
1784981
1784982
1784983
1784984
1785140
1785180
1785181
1785182
1785183
1785184
1785185
1785186
1785187
1785188
1785189
1788739
1789525
1850526
1850527
1855072
1855073
1855074
1855075
1855270
1855271
1855272
1855273
1855274
1855275
1855276
1855277
1855624
1855625
1800012
1800013
1800014
1800015
1800524
1801210
1801211
1801218
1801455
1801456
1801457
1803640
1803641
1803684
1803690
1803691
1803692
1803693
1803694
1803695
1803696
1803697
1803698
1803699
1805119
1805145
1805278
1805279
1806196
1806820
1806821
1806822
1806823
1806824
1806892
1806893
1806894
1807167
1807168
1807169
1808212
1808213
1808214
1808230
1808231
1808373
1808374
1808375
1530524
1531270
1531271
1531272
1531273
1531274
1531275
1533503
1533504
1534511
1535830
1535831
1535832
1535833
1535834
1535835
1535836
1535837
1535838
1535839
1536643
1536644
1536692
1536693
1536694
1536695
1536696
1536697
1536698
1536699
1537050
1537051
1537052
1537053
1537054
1537055
1537056
1537057
1537058
1537059
1537135
1537136
1537137
1537138
1537139
1360524
1361154
1362524
1362525
1362614
1364151
1364152
1364524
1365524
1890524
1893640
1893641
1893684
1893690
1893691
1893692
1893693
1893694
1893695
1893696
1893697
1893698
1893699
1894485
1894486
1894487
1894488
1894489
1895106
1895109
1895119
1895124
1895129
1895136
1895137
1895139
1895145
1895152
1895153
1895159
1899478
1899479
1899495
1899496
1899497
1590524
1595060
1595061
1595062
1595063
1595064
1595106
1595109
1595119
1595124
1595129
1595136
1595137
1595139
1595145
1595152
1595153
1595159
1599670
1599671
1599672
1599673
1599674
1599675
1599676
1599677
1599678
1599679
1770524
1771271
1771272
1771273
1771274
1771424
1771464
1771490
1771491
1771506
1771507
1771508
1771509
1775106
1775107
1775108
1776615
1776625
1776626
1776627
1776815
1776816
1776817
1776818
1776819
1776845
1776890
1776891
1776892
1776893
1776894
1351177
1351178
1351179
1351517
1351518
1351528
1351529
1358526
1358527
1450955
1450956
1450957
1450958
1450959
1452648
1452649
1454437
1454953
1457098
1457099
1500524
1505051
1505093
1505094
1505095
1505096
1505097
1505098
1505099
1505100
1505101
1505102
1505103
1505104
1505130
1505131
1505270
1505271
1505272
1505273
1505274
1505275
1505276
1505277
1505278
1506145
1830524
1834479
1834484
1834489
1835102
1835106
1835109
1835119
1835124
1835129
1835137
1835139
1835152
1835153
1835159
1836002
1836003
1836004
1836005
1836006
1836007
1836008
1836009
1836010
1836011
1836012
1836013
1836014
1836015
1836016
1836017
1836018
1836019
1836020
1836021
1836022
1836023
1836024
1836025
1836026
1836027
1836028
1836029
1836149
1836189
1836249
1836281
1860526
1860527
1862640
1865106
1865109
1865119
1865124
1865270
1866273
1866274
1866275
1866276
1866277
1866278
1866279
1550520
1550521
1550522
1550610
1550611
1550612
1390524
1395106
1395109
1395119
1395124
1395129
1395136
1395137
1395139
1395145
1395152
1395153
1395159
1671527
1672527
1673527
1673923
1673925
1673926
1673927
1673928
1673929
1673946
1673947
1300349
1301390
1301391
1301392
1302349
1303258
1304679
1304758
1304759
1304768
1304769
1305610
1305611
1305612
1306480
1306481
1306482
1308258
1309246
1309247
1309248
1309249
1880060
1880061
1880062
1880063
1880064
1880065
1880524
1885124
1885129
1885136
1885137
1885139
1885145
1885152
1885153
1885159
1886080
1888819
1750257
1750527
1751142
1751143
1751145
1751146
1751157
1751158
1751159
1755174
1755244
1755245
1755246
1755247
1755248
1755249
1755254
1755264
1755265
1755266
1755267
1755268
1755269
1755270
1755271
1755272
1755273
1755274
1755275
1755276
1755277
1755278
1755279
1755894
1470524
1475128
1475129
1475130
1475247
1475248
1475249
1476182
1476249
1476260
1476261
1476262
1476263
1476287
1370524
1373268
1373269
1373913
1377390
1377391
1377392
1377393
1377394
1377395
1377396
1377397
1377398
1377399
1377644
1377645
1377646
1810524
1811426
1811434
1811439
1811496
1811522
1811527
1811585
1811803
1811804
1811805
1811806
1811807
1811808
1811809
1813630
1813631
1813632
1813633
1813634
1815136
1815137
1815145
1816817
1816819
1816820
1816850
1816851
1520524
1524037
1524038
1524039
1525070
1525071
1525072
1525073
1525074
1525075
1525076
1525077
1525078
1525079
1525242
1525243
1525285
1525286
1525287
1525288
1525289
1526120
1526121
1526122
1526123
1526124
1526125
1526126
1526127
1526128
1526129
1529830
1529831
1529832
1529833
1529834
1570524
1571524
1572241
1572273
1575106
1575109
1575118
1575145
1575150
1575151
1575152
1575153
1575154
1575155
1575156
1575157
1575158
1575159
1575170
1845140
1845141
1845142
1845143
1845144
1845145
1845146
1845147
1845148
1845149
1845180
1845181
1845182
1845183
1845184
1845185
1845186
1845187
1845188
1845189
1845251
1845252
1845253
1650527
1651075
1651308
1651620
1651896
1652005
1653527
1657850
1980523
1980524
1980525
1980526
1980527
1980528
1980529
1981228
1981466
1981602
1981603
1981604
1981605
1981606
1981607
1981608
1981649
1982510
1982511
1982519
1982520
1982529
1982547
1982548
1982549
1982570
1982571
1982572
1982573
1982574
1982575
1982576
1982577
1982578
1982579
1982584
1982585
1982586
1982587
1982588
1982589
1982620
1982621
1982622
1982623
1982624
1982625
1982626
1982627
1982628
1982629
1982639
1984434
1984435
1984436
1984437
1984438
1984833
1984846
1985045
1985046
1985047
1985048
1985049
1985144
1985148
1985260
1985261
1985262
1985263
1985264
1985265
1985266
1985267
1985268
1985269
1985270
1985271
1985272
1985273
1985274
1985275
1985276
1985277
1985278
1985279
1989527
1989529
1989540
1989580
1989581
1989582
1700527
1701653
1701654
1701655
1702606
1702607
1910259
1910527
1321890
1321891
1321892
1321893
1322870
1322871
1322872
1323510
1323511
1323512
1323513
1323514
1323515
1328527
1328528
1328529
1329527
1329528
1329529
1310186
1310187
1314156
1314157
1314158
1315180
1315181
1315182
1315183
1316033
1316034
1316035
1317955
1317956
1319687
1319688
1319689
1730144
1730527
1731281
1731282
1731424
1732725
1732726
1732727
1732749
1732753
1732754
1732755
1732756
1732757
1732758
1732759
1732760
1732761
1732762
1732763
1735106
1735107
1735108
1736640
1736641
1736642
1736852
1736899
1737298
1737479
1738805
1738844
1738845
1739470
1380524
1380909
1381230
1381231
1381240
1381241
1381242
1381570
1381571
1381572
1381573
1381574
1381575
1381576
1381577
1381578
1381579
1385135
1385136
1385137
1385138
1385227
1385242
1385280
1385281
1385282
1385283
1660527
1665106
1665140
1665270
1665271
1665272
1665273
1665274
1870524
1872418
1872419
1875100
1875101
1875102
1875103
1875104
1875105
1875106
1875107
1875108
1875109
1875244
1875245
1876110
1876111
1876112
1876113
1876114
1876210
1876211
1876212
1876213
1876214
1876215
1876216
1876217
1876218
1876219
1876258
1876259
1876276
1879649
1510524
1515070
1515071
1515072
1515073
1515074
1515075
1515076
1515077
1515078
1515079
1515110
1515111
1515112
1515113
1515114
1515115
1515116
1515117
1515118
1515119
1515242
1515284
1515285
1515286
1516120
1516121
1516122
1516123
1516124
1516125
1516126
1516127
1516128
1516129
1516290
1516291
1518905
1518906
1518907
1518908
1518909
1820524
1824897
1824898
1824899
1825100
1825101
1825102
1825103
1825104
1825105
1825106
1825107
1825108
1825109
1825149
1825150
1825151
1825152
1825153
1825244
1825245
1826107
1826108
1826109
1826110
1826111
1826112
1826113
1826284
1826285
1826290
1826291
1826292
1826293
1826294
1340186
1340187
1340188
1340189
1340419
1340755
1348507
1348508
1348509
1580524
1585040
1585090
1585091
1585092
1585093
1585094
1585095
1585096
1585097
1585098
1585099
1585115
1585116
1585117
1585118
1585119
1586291
1589608
1589609
1589630
1589631
1589632
1589633
1589634
1760526
1760527
1760610
1760611
1760612
1760613
1760614
1762504
1762505
1762527
1762544
1762666
1762793
1769691
1769692
1769693
1769694
1769695
1769696
1769697
1769698
1769699
