1370732
1376220
1376221
1376222
1376223
1376224
1378620
1378621
1378622
1378623
1378624
1378625
1378626
1378627
1378628
1378629
1378732
1378742
1378930
1378931
1378932
1470732
1477302
1880732
1887320
1887321
1887322
1887323
1887324
1887325
1887326
1887327
1887328
1887329
1889031
1752634
1757321
1757322
1757323
1757324
1757325
1757326
1757327
1757328
1757329
1758032
1758232
1520032
1520033
1520034
1520035
1520036
1520037
1520038
1520039
1520732
1527320
1527321
1527322
1527323
1527324
1527325
1527326
1527327
1527328
1527329
1529225
1529226
1529227
1529228
1529229
1650732
1981339
1987320
1987321
1987322
1987323
1987398
1987399
1989183
1989184
1989185
1989186
1989233
1989234
1989277
1989278
1989279
1989629
1571732
1571742
1577321
1577323
1577325
1577329
1847266
1847320
1847321
1847322
1847323
1847324
1847325
1847326
1847327
1847328
1847329
1910732
1917320
1917321
1917322
1917323
1917324
1917325
1917326
1917327
1917328
1917329
1320320
1320321
1320322
1320323
1320732
1321732
1321742
1323732
1325732
1325749
1327882
1329732
1329852
1329853
1310032
1310712
1310722
1310732
1311732
1311742
1311752
1313502
1313512
1313532
1314287
1314523
1317032
1317042
1318722
1318732
1870732
1871130
1871131
1871132
1871133
1871134
1877320
1877321
1877322
1877323
1877324
1877325
1877326
1877327
1877328
1877329
1877415
1877416
1877417
1879740
1879741
1380732
1387320
1387321
1387322
1387323
1387324
1387325
1387326
1387327
1387328
1387329
1387520
1387521
1387522
1387523
1387524
1387525
1387526
1387527
1387528
1387529
1667070
1667071
1667072
1667073
1667074
1667075
1667076
1667077
1667078
1667079
1667080
1667081
1667082
1667083
1667084
1667085
1667086
1667087
1667088
1667089
1667090
1510732
1517320
1517321
1517322
1517323
1517324
1517325
1517326
1517327
1517328
1517329
1519715
1519716
1519717
1519718
1519719
1519720
1519721
1519722
1519723
1519724
1519725
1519726
1519727
1519728
1519729
1820732
1821641
1821642
1821643
1821644
1827320
1827321
1827322
1827323
1580732
1587320
1587321
1587322
1587323
1587324
1587325
1587326
1587327
1587328
1587329
1589732
1589850
1589851
1589852
1589853
1589854
1589855
1589856
1589857
1589858
1589859
1340732
1340742
1346732
1346742
1346790
1346791
1346792
1346793
1346930
1346931
1348732
1348760
1330732
1331732
1331742
1332722
1332732
1333252
1333722
1333732
1334132
1334252
1334722
1334732
1334862
1334872
1335732
1336582
1336732
1336742
1337802
1338732
1339732
1339742
1339752
1560732
1561604
1561627
1561628
1561629
1561672
1561673
1561674
1567320
1567321
1567322
1567323
1567324
1567325
1567326
1567327
1567328
1567329
1567520
1567521
1567522
1567523
1567524
1567525
1567526
1567527
1567528
1567529
1569732
1787204
1787241
1787247
1787260
1789107
1991832
1996720
1996721
1996722
1996723
1996724
1996725
1996726
1996727
1996728
1996729
1997329
1997407
1997408
1997409
1997672
1530732
1534302
1534322
1534332
1534732
1534832
1536413
1536414
1536415
1536710
1536711
1536712
1536713
1536714
1536732
1536742
1890732
1897320
1897321
1897322
1897323
1897324
1897325
1897326
1897327
1897328
1897329
1897520
1897521
1897522
1897523
1897524
1897525
1897526
1897527
1897528
1897529
1360732
1361732
1362732
1363732
1363842
1364732
1365732
1366741
1366742
1953061
1956882
1452732
1452742
1350732
1351732
1357405
1357406
1357407
1357408
1357409
1590732
1597320
1597321
1597322
1597323
1597445
1597446
1500732
1507320
1507321
1507322
1507323
1507324
1507325
1507326
1507327
1507328
1507329
1508075
1508076
1508077
1508078
1508079
1837320
1837321
1837322
1837323
1837324
1837325
1837326
1837327
1837328
1837329
1837446
1837448
1390732
1397320
1397321
1397322
1397323
1397324
1397325
1397326
1397327
1397328
1397329
1397520
1397521
1397522
1397523
1397524
1397525
1397526
1397527
1397528
1397529
1673732
1673733
1673737
1673738
1674278
1674279
1860732
1860848
1867320
1867321
1867322
1867323
1867324
1867325
1867326
1867327
1867328
1867329
1867342
1557320
1557321
1557322
1557323
1557324
1557325
1557326
1557327
1557328
1557329
1557440
1557441
1557442
1557443
1557444
1557445
1557446
1557447
1557448
1557449
1558017
1558018
1558019
1558020
1300732
1300744
1301617
1301714
1301715
1301732
1302334
1302732
1302744
1303732
1304722
1305414
1305415
1305514
1305515
1308721
1308722
1308723
1308732
1726732
