1351979
1452867
1452869
1454607
1454609
1459547
1459549
1459557
1459559
1459657
1459658
1770977
1770979
1771609
1772522
1773095
1773097
1779707
1779734
1779735
1779736
1779746
1779747
1779748
1779749
1590979
1621978
1830977
1830979
1839709
1500979
1390979
1399737
1399739
1399749
1550067
1550069
1550977
1550979
1559759
1860977
1860979
1869781
1869782
1869787
1869789
1300770
1308620
1308621
1308622
1330977
1330979
1332760
1332761
1336977
1336979
1338977
1338979
1780979
1780985
1780986
1780987
1780989
1789967
1789969
1789977
1789979
1850977
1850979
1859707
1859709
1859727
1560977
1560979
1569537
1569539
1990977
1991738
1991739
1991748
1991749
1999729
1999737
1999747
1530977
1530979
1534977
1534979
1535295
1535296
1800977
1800979
1809577
1809579
1809717
1809719
1809727
1809737
1809747
1809749
1890977
1890979
1891958
1891959
1893556
1893557
1893559
1893567
1894683
1894687
1894689
1899737
1899739
1899747
1899749
1361979
1363979
1730977
1730979
1739457
1739459
1739707
1739709
1310754
1310756
1310757
1311975
1311977
1311979
1313900
1313901
1313902
1313903
1313917
1313918
1319570
1319571
1319572
1870979
1879729
1660977
1660979
1389705
1389706
1389709
1389719
1389729
1389759
1820977
1820979
1829707
1829727
1829729
1760977
1760979
1769707
1769709
1769719
1769762
1769766
1769779
1580979
1589709
1470976
1470979
1479709
1479759
1370979
1373469
1880979
1889706
1889709
1889719
1889739
1750977
1520979
1810977
1810979
1814636
1819471
1819472
1819564
1819577
1819579
1819737
1840979
1571979
1572238
1572239
1320975
1320976
1320977
1320979
1329987
1910977
1919717
1919743
1919747
1390970
1399740
1550070
1550970
1559740
1860970
1869780
1300775
1308624
1452860
1454608
1459540
1459550
1459650
1770970
1779471
1779476
1779709
1779739
1779740
1590970
1599700
1830970
1839700
1500970
1530970
1535297
1800970
1809570
1809700
1809710
1809730
1890970
1893550
1893560
1899740
1361970
1363970
1364970
1330970
1336970
1338970
1850970
1859700
1859720
1780980
1780981
1789960
1789970
1560970
1569530
1990970
1999740
1820970
1829720
1510970
1510975
1511170
1760970
1769700
1769763
1580970
1589700
1589720
1730970
1739450
1739700
1311970
1313910
1870970
1660970
1389700
1389701
1389710
1389730
1389750
1840970
1840976
1846700
1846702
1846703
1570970
1570980
1571970
1320970
1329970
1910970
1919710
1919740
1919741
1470970
1479760
1479761
1880970
1889700
1889730
1889731
1520970
1529700
1810970
1819473
1819735
1819736
1470972
1479762
1479763
1479764
1479765
1370970
1373462
1373463
1880972
1889702
1889712
1889722
1889732
1889733
1750972
1759721
1759722
1759723
1759724
1759725
1759726
1759727
1810972
1814632
1814633
1819459
1819460
1819461
1819462
1819463
1819464
1819465
1819466
1819467
1819474
1819562
1819563
1819570
1819572
1819715
1819716
1819717
1819718
1819719
1819720
1819721
1819722
1819723
1819724
1819725
1819726
1819727
1819728
1819729
1819730
1819731
1819733
1819734
1520252
1520253
1520254
1520972
1529720
1529722
1529723
1529724
1529725
1529726
1529727
1529728
1529729
1650972
1980970
1980971
1980972
1989702
1989703
1989704
1989712
1989713
1989722
1989723
1989972
1989974
1989978
1570981
1570982
1570983
1570984
1570985
1570986
1570987
1570988
1570989
1571972
1840972
1840973
1840974
1910972
1919712
1919715
1919742
1919745
1320972
1329972
1329975
1329977
1329979
1329982
1329983
1329985
1329989
1730972
1739452
1739702
1310750
1310751
1310752
1310753
1311972
1313911
1313912
1313919
1319573
1319574
1870972
1879702
1879703
1879704
1879705
1879707
1879720
1879721
1879722
1879724
1879725
1879726
1389702
1389712
1389722
1389731
1389732
1389733
1389738
1389739
1389752
1389768
1389769
1389770
1389771
1389772
1389773
1389774
1389775
1660972
1669700
1669702
1669712
1669713
1669715
1669717
1669728
1669729
1510972
1510979
1511172
1511173
1511175
1511177
1511179
1820972
1829701
1829702
1829703
1829708
1829709
1829722
1580972
1589702
1589705
1589721
1589722
1589723
1589724
1589728
1589729
1760972
1769702
1769712
1769738
1769739
1769744
1769746
1769747
1769748
1769749
1769750
1769751
1769752
1769753
1769754
1769755
1769756
1769757
1769758
1769759
1769760
1769761
1769764
1769774
1769775
1769776
1769777
1769797
1330972
1332762
1336972
1336975
1338972
1560972
1569532
1780072
1780073
1780074
1780972
1784832
1788786
1789962
1789972
1850972
1859702
1859723
1859725
1859726
1859729
1990972
1991733
1991734
1991735
1991743
1991744
1991745
1999720
1999721
1999722
1999724
1999732
1999742
1800972
1809572
1809701
1809702
1809705
1809706
1809712
1809738
1809748
1530972
1530975
1534975
1534976
1535292
1890972
1893552
1893562
1894681
1894682
1899702
1899730
1899732
1899742
1361972
1363972
1364971
1364972
1364973
1364978
1364979
1351972
1452862
1454602
1459542
1459552
1459652
1590972
1599702
1599703
1599705
1599706
1599709
1770972
1771607
1772521
1772524
1779702
1779706
1779730
1779731
1500362
1500363
1500364
1500972
1830972
1839702
1839704
1839705
1839707
1839712
1839713
1839714
1839715
1390972
1399702
1399730
1399732
1399742
1860972
1869720
1869721
1869722
1869723
1869724
1869725
1869726
1869727
1869728
1869729
1550066
1550068
1550073
1550972
1559707
1559720
1559721
1559722
1559723
1559724
1559725
1559726
1559727
1559728
1559729
1559730
1559731
1559732
1559750
1559751
1559752
1559753
1559754
1559755
1300772
1300773
1309972
1850971
1850978
1859701
1859708
1859710
1859711
1859712
1859713
1859714
1859715
1859716
1859717
1859718
1859719
1780071
1780078
1780971
1780978
1780982
1780983
1780984
1784831
1784834
1788784
1788788
1789961
1789964
1789971
1789974
1560971
1560978
1569531
1569538
1990971
1990978
1991730
1991731
1991732
1991740
1991741
1991742
1999723
1999725
1999726
1999727
1999728
1999730
1999731
1999733
1999734
1999735
1999741
1999744
1999748
1330971
1330978
1332763
1332764
1332765
1332766
1332767
1332768
1332769
1336971
1336976
1336978
1338971
1338975
1338978
1890971
1890978
1893551
1893555
1893558
1893561
1893568
1894684
1899700
1899701
1899703
1899704
1899705
1899706
1899707
1899708
1899709
1899710
1899711
1899712
1899713
1899714
1899715
1899716
1899717
1899718
1899719
1899720
1899721
1899722
1899723
1899724
1899725
1899726
1899727
1899728
1899729
1899731
1899733
1899735
1899738
1899741
1899748
1361971
1361978
1363971
1363975
1363976
1363978
1530971
1530976
1530978
1533791
1534970
1534971
1534972
1534973
1534974
1535290
1535291
1800971
1800978
1809571
1809578
1809707
1809711
1809718
1809720
1809721
1809722
1809723
1809724
1809725
1809726
1809731
1809732
1809733
1809734
1809740
1809741
1809742
1809743
1809744
1621973
1622841
1830971
1830974
1830978
1839701
1839708
1839710
1839711
1500360
1500361
1500365
1500366
1500368
1500369
1500971
1500978
1452861
1452868
1454600
1454601
1459541
1459548
1459551
1459558
1459651
1351970
1351971
1351973
1351974
1351975
1351976
1351977
1351978
1770971
1770978
1771600
1771601
1771602
1771603
1771604
1771605
1771606
1772520
1772523
1772525
1772526
1772527
1772529
1773090
1773093
1773094
1773099
1779470
1779473
1779474
1779701
1779708
1779710
1779711
1779712
1779713
1779714
1779715
1779716
1779717
1779718
1779719
1779720
1779721
1779722
1779723
1779724
1779725
1779726
1779727
1779728
1779729
1590971
1590978
1599701
1599707
1599708
1300771
1300776
1300777
1300778
1300779
1308625
1308626
1308627
1308628
1308629
1309974
1309975
1309976
1309977
1309978
1309979
1390971
1390978
1399700
1399701
1399703
1399704
1399705
1399706
1399707
1399708
1399709
1399710
1399711
1399712
1399713
1399714
1399715
1399716
1399717
1399718
1399719
1399720
1399721
1399722
1399723
1399724
1399725
1399726
1399727
1399728
1399729
1399731
1399733
1399735
1399738
1399741
1399748
1550050
1550051
1550052
1550053
1550054
1550055
1550056
1550057
1550058
1550059
1550060
1550061
1550062
1550063
1550064
1550065
1550074
1550075
1550076
1550077
1550078
1550079
1550971
1550978
1559700
1559701
1559702
1559703
1559704
1559705
1559706
1559710
1559711
1559712
1559713
1559714
1559715
1559716
1559717
1559718
1559719
1559734
1559737
1559738
1559739
1559741
1559742
1559743
1559744
1559745
1559746
1559747
1559748
1559749
1860971
1860978
1869710
1869711
1869712
1869713
1869714
1869715
1869716
1869717
1869718
1869719
1520250
1520251
1520255
1520256
1520258
1520259
1520971
1520978
1529701
1529702
1529705
1529708
1529709
1529710
1529711
1529712
1529713
1529715
1529716
1529717
1529718
1529719
1529721
1810097
1810971
1810978
1814630
1814631
1819450
1819451
1819452
1819453
1819454
1819455
1819456
1819457
1819458
1819479
1819560
1819561
1819571
1819578
1819700
1819701
1819702
1819703
1819704
1819705
1819706
1819707
1819708
1819709
1819710
1819711
1819712
1819713
1819714
1370971
1370972
1370973
1370974
1370975
1370976
1370978
1373460
1373461
1373465
1373466
1373468
1470971
1470973
1470975
1470978
1476493
1476494
1476495
1476496
1476497
1476498
1476499
1476587
1479700
1479701
1479702
1479704
1479708
1479750
1479751
1479752
1479753
1479754
1479755
1479756
1750971
1750978
1759700
1759701
1759702
1759703
1759704
1759705
1759706
1759707
1759708
1759709
1759710
1759711
1759712
1759713
1759714
1759715
1759716
1759717
1759718
1759719
1759720
1880971
1880978
1889701
1889703
1889705
1889708
1889710
1889711
1889713
1889714
1889715
1889716
1889717
1889718
1889720
1889721
1889724
1889728
1889729
1320971
1320978
1329971
1329976
1329978
1329980
1329981
1329988
1910971
1910978
1919711
1919714
1919716
1919744
1700970
1700971
1701970
1701971
1701972
1701973
1702970
1702971
1702972
1702973
1980973
1980974
1980975
1980976
1980977
1980978
1980979
1989700
1989701
1989706
1989707
1989708
1989709
1989711
1989714
1989716
1989718
1989719
1989721
1989726
1989728
1989970
1989971
1989973
1989975
1650970
1650971
1652368
1652428
1652608
1652804
1656859
1657133
1840971
1840977
1840978
1846701
1846708
1846711
1846713
1846717
1846720
1846721
1846722
1846723
1846724
1846725
1846726
1846727
1846728
1846729
1846730
1846731
1846732
1846733
1846734
1846735
1846736
1846737
1846738
1846739
1846740
1846741
1846742
1846743
1846744
1846745
1846746
1846747
1846748
1846749
1849139
1570971
1570978
1571971
1571973
1571975
1571976
1571978
1572230
1572231
1572234
1870971
1870978
1879700
1879701
1879708
1879709
1879710
1879711
1879712
1879713
1879714
1879715
1879716
1879717
1879718
1879719
1879730
1879731
1879732
1879733
1879734
1879735
1879736
1879737
1879738
1879739
1660971
1660978
1669701
1669703
1669704
1669705
1669706
1669707
1669708
1669709
1669710
1669711
1669714
1669716
1669719
1669720
1669721
1669722
1669723
1669724
1669725
1669726
1669727
1380096
1380097
1380098
1389711
1389718
1389720
1389721
1389723
1389724
1389725
1389726
1389728
1389735
1389736
1389740
1389741
1389742
1389743
1389744
1389745
1389746
1389747
1389748
1389749
1389751
1389758
1389760
1389761
1389762
1389763
1389764
1389765
1389766
1389767
1730971
1730978
1739451
1739458
1739701
1739708
1310755
1310758
1310759
1310970
1310971
1310972
1310973
1310974
1310975
1310976
1310977
1310978
1310979
1311971
1311976
1311978
1313904
1313905
1313906
1313907
1313908
1313909
1319575
1319576
1319577
1319578
1319579
1760971
1760978
1769701
1769708
1769710
1769711
1769714
1769715
1769717
1769718
1769720
1769721
1769722
1769723
1769724
1769725
1769726
1769727
1769728
1769729
1769730
1769731
1769732
1769733
1769734
1769735
1769736
1769737
1769740
1769741
1769742
1769743
1769745
1769770
1769771
1769772
1769773
1769783
1769784
1769785
1580971
1580978
1589701
1589708
1589710
1589711
1589712
1589713
1589714
1589715
1589716
1589717
1589718
1589719
1820971
1820978
1829700
1829710
1829711
1829712
1829713
1829717
1829718
1829719
1829721
1510971
1510978
1511090
1511091
1511092
1511093
1511094
1511095
1511096
1511097
1511098
1511099
1511171
1511178
1309973
1860973
1869783
1550071
1550072
1550973
1559733
1559756
1390973
1399743
1500973
1830973
1839703
1839717
1839718
1839719
1590973
1770973
1771608
1779472
1779703
1779732
1779733
1452863
1454603
1459543
1459553
1459653
1361973
1363973
1890973
1893553
1893563
1899743
1800973
1809573
1809703
1809713
1530973
1535293
1990973
1999743
1560973
1569533
1780973
1784833
1788783
1789973
1850973
1859703
1330973
1336973
1338973
1580973
1589703
1760973
1769703
1769769
1510973
1820973
1829723
1829728
1389703
1389713
1389753
1660973
1870973
1879723
1311973
1313913
1730973
1739453
1739703
1910973
1919713
1320973
1329973
1570972
1570973
1572233
1650973
1989717
1810973
1814637
1814638
1819470
1819742
1819743
1819744
1520973
1529703
1880973
1889723
1750973
1479703
1479757
1479758
1535299
1800975
1809575
1809715
1809745
1890975
1893565
1894685
1899745
1361975
1364975
1330975
1850975
1859705
1780075
1780975
1784836
1788782
1789965
1789975
1560975
1569535
1990975
1999745
1390975
1399745
1550975
1860975
1869785
1309971
1452865
1454605
1459545
1459555
1459655
1770975
1773096
1779477
1779704
1779705
1779741
1590975
1500975
1989715
1650975
1846704
1846705
1846715
1846719
1572235
1910975
1479705
1479768
1880975
1889725
1889734
1889735
1889736
1520975
1810975
1814634
1814635
1819468
1819469
1819749
1820975
1829725
1829726
1760975
1769705
1769767
1580975
1730975
1739455
1739705
1313915
1870975
1660975
1389715
1389755
1550473
1550974
1559708
1559709
1559735
1559757
1559758
1860974
1864735
1869745
1869784
1869788
1390974
1399734
1399744
1300774
1308623
1770974
1773091
1773092
1779700
1779737
1779738
1590974
1599704
1452864
1454604
1459544
1459554
1459654
1830473
1834735
1500974
1621897
1622890
1622891
1622892
1622893
1622894
1622895
1530974
1534410
1534978
1535294
1537463
1537464
1537473
1538973
1539473
1800473
1800974
1804730
1804731
1804732
1804733
1804734
1804735
1804736
1809574
1809704
1809708
1809714
1809729
1809739
1361974
1363974
1364974
1364977
1890974
1893564
1893569
1894688
1894731
1899734
1899744
1330974
1336974
1338974
1999739
1850974
1859704
1859724
1780076
1780988
1789963
1789966
1789978
1560974
1569534
1820473
1820974
1824730
1824731
1824732
1824733
1824734
1824735
1824736
1824737
1824738
1824739
1829704
1829705
1829724
1510974
1510976
1511174
1511176
1344697
1760974
1769704
1769716
1769765
1769778
1580974
1589704
1589725
1589726
1311974
1313914
1730974
1739454
1739704
1660974
1669718
1389704
1389714
1389734
1389754
1389778
1389779
1870974
1879728
1840975
1846710
1846716
1570974
1570975
1570979
1571974
1573473
1575473
1575499
1576473
1577130
1577132
1577473
1320974
1329974
1329984
1880974
1889704
1373464
1470974
1479769
1520974
1529704
1529714
1810974
1819477
1819478
1819568
1819569
1819574
1819738
1819739
1819740
1819741
1361976
1364976
1890976
1893554
1893566
1894680
1894686
1899736
1899746
1800976
1809576
1809709
1809716
1809728
1809735
1809736
1809746
1535298
1990976
1999736
1999746
1560976
1569536
1850976
1859706
1780077
1780976
1780977
1784837
1788787
1789968
1789976
1330976
1338976
1309970
1860976
1869786
1550976
1559736
1390976
1399736
1399746
1500976
1830975
1830976
1839706
1839716
1621974
1590976
1770976
1772528
1773098
1779478
1779742
1779743
1779744
1779745
1452866
1454606
1459546
1459556
1459656
1910976
1919746
1329986
1570976
1570977
1572236
1846714
1846718
1989725
1650976
1653092
1653290
1810976
1814639
1819475
1819476
1819565
1819566
1819567
1819573
1819575
1819576
1819745
1819746
1819747
1819748
1520976
1529706
1880976
1889726
1889727
1889737
1889738
1479706
1479766
1580976
1589706
1760976
1769706
1769768
1820976
1829706
1829714
1829715
1829716
1389716
1389756
1660976
1870976
1879706
1313916
1730976
1739456
1739706
