1858917
1858942
1780897
1786767
1788907
1788967
1789147
1789907
1560897
1569267
1990897
1330897
1332257
1339807
1890897
1898907
1898997
1361897
1362897
1363897
1364897
1365897
1534897
1800897
1807697
1808907
1830807
1452397
1454267
1459437
1459537
1770897
1774077
1390897
1398907
1398997
1868907
1868917
1528907
1528917
1810897
1478907
1750987
1758907
1889807
1322897
1910897
1981437
1988917
1988927
1989957
1840897
1848917
1848927
1570807
1572897
1668907
1388907
1730897
1735457
1738907
1739717
1768907
1768917
1768957
