1880263
1880762
1881326
1881328
1881417
1881831
1881832
1881833
1882368
1882369
1882445
1889855
1889979
1750761
1750762
1756655
1756656
1756657
1756658
1756659
1757695
1471470
1471532
1471558
1471818
1471819
1471820
1471821
1471823
1471825
1471827
1471834
1471845
1471852
1471855
1477806
1477850
1372565
1372566
1372567
1372568
1372569
1375020
1375021
1375022
1375023
1375024
1375025
1375026
1375027
1375028
1375029
1379470
1379471
1379472
1379473
1379474
1520762
1521690
1521691
1521692
1521693
1521800
1521801
1521802
1521984
1522047
1522048
1522049
1522094
1522095
1522096
1810762
1812251
1812252
1812253
1812254
1812448
1812529
1812894
1812895
1812979
1814887
1816324
1816325
1816326
1816327
1816328
1816329
1840762
1842016
1842020
1842023
1842041
1842048
1842049
1847568
1847622
1847623
1847670
1847671
1570762
1571825
1572408
1572823
1572848
1576881
1650762
1651762
1980762
1981217
1981455
1982056
1982057
1982059
1982060
1983016
1983035
1983062
1983096
1983591
1984266
1984930
1986029
1986030
1986031
1986403
1986503
1986531
1986593
1986659
1986700
1986711
1986722
1986728
1986733
1986755
1986817
1986818
1987620
1987621
1987622
1987623
1987891
1321761
1321762
1322676
1322689
1323260
1323261
1323262
1323263
1323264
1323275
1323276
1323277
1323278
1323279
1325762
1328670
1328671
1328672
1328673
1328674
1910300
1910762
1314410
1314860
1314861
1316828
1316829
1316945
1316946
1317275
1317276
1317277
1317278
1317279
1319270
1319271
1319272
1319273
1319274
1730300
1730762
1732249
1732259
1732269
1732435
1732465
1732466
1735308
1735309
1737669
1737679
1660761
1660762
1667626
1667627
1667628
1667629
1380974
1382530
1382531
1382532
1382533
1382534
1382535
1382536
1382537
1382538
1382539
1382780
1382781
1382782
1382783
1382784
1382785
1382786
1382787
1382788
1382789
1382930
1382931
1382932
1382933
1382934
1382935
1382936
1382937
1382938
1382939
1870762
1871833
1871911
1820079
1820082
1820084
1820762
1821125
1821145
1821812
1821853
1821877
1821883
1821903
1821926
1821933
1510762
1511344
1511345
1511923
1511924
1511925
1511926
1343530
1343531
1343532
1343533
1343534
1343535
1343536
1343537
1343538
1343539
1343550
1343551
1343552
1343553
1343554
1760762
1768809
1580762
1581160
1581161
1581162
1581163
1581164
1581925
1581926
1581927
1581928
1582016
1587620
1587621
1587622
1587623
1587624
1330263
1331823
1331824
1331899
1332263
1332269
1333276
1336049
1336098
1336099
1337677
1337678
1337761
1337762
1338092
1338093
1338094
1990275
1990276
1990277
1990278
1990279
1992499
1992610
1780676
1780762
1781164
1781176
1781706
1781721
1781762
1781791
1781798
1781805
1781865
1781867
1781906
1782005
1782015
1782017
1782022
1782023
1782793
1782795
1782796
1782798
1784184
1784185
1786810
1787517
1787522
1787620
1787623
1787645
1787658
1787670
1787683
1788058
1788191
1788192
1789662
1850761
1850762
1857815
1857816
1857817
1560263
1566024
1569762
1530762
1532272
1532273
1532274
1532275
1532276
1532277
1532278
1532279
1534760
1534761
1536025
1536026
1536027
1536028
1536029
1800762
1802310
1802311
1802312
1802313
1802314
1802487
1802488
1802489
1802790
1802791
1802792
1802793
1802794
1802795
1802796
1802797
1802798
1802799
1802988
1802989
1803335
1803850
1803851
1803852
1803853
1803854
1362024
1362248
1362249
1364248
1364249
1365065
1365066
1365067
1365068
1365069
1365309
1369090
1369091
1369092
1369093
1369094
1369095
1369096
1369097
1369098
1369099
1890263
1890277
1892368
1892369
1892443
1892700
1892701
1892702
1892703
1892704
1893373
1893374
1893375
1893810
1893811
1894813
1894814
1894890
1894891
1894892
1899875
1899876
1770762
1772223
1772299
1772437
1772570
1772865
1772866
1776885
1590762
1591706
1597670
1597671
1597672
1597673
1597674
1598600
1598601
1598602
1598603
1598604
1350231
1350232
1350264
1350927
1353675
1353676
1353677
1353678
1353679
1353910
1353911
1353912
1353913
1353914
1355320
1355321
1355322
1355323
1355324
1355325
1355326
1355327
1355328
1355329
1452972
1458762
1459071
1459072
1459073
1459074
1830003
1830762
1831207
1831214
1831217
1831227
1831237
1831257
1831622
1831669
1831680
1831684
1831687
1831690
1831691
1831692
1831836
1831839
1831858
1831880
1831950
1831951
1831952
1500762
1501498
1501620
1501621
1501622
1501623
1501938
1501939
1508940
1508941
1508942
1508943
1860762
1866665
1867606
1867620
1867622
1867623
1867624
1867625
1867626
1867627
1868809
1390263
1392368
1392369
1300530
1301879
1302530
1303570
1303571
1303572
1303573
1304960
1304961
1306857
1306858
1306859
1307610
1307611
1307612
1307613
1307614
1307615
1307616
1307617
1307618
1307619
