1300550
1300551
1300552
1300553
1300554
1300555
1301055
1301872
1301873
1301874
1301875
1301876
1302550
1302551
1302552
1302553
1302554
1302555
1304630
1304631
1304632
1304633
1304634
1306810
1306811
1306812
1306813
1306814
1306815
1306816
1306817
1306818
1306819
1307860
1307861
1307862
1307863
1307864
1307865
1307866
1307867
1307868
1307869
1308585
1308586
1308587
1308588
1308589
1726007
1726610
1726661
1390259
1390282
1392330
1392331
1392332
1392333
1392334
1392335
1392450
1392451
1392490
1392491
1392492
1392493
1392494
1392495
1392496
1392497
1392498
1392499
1392530
1392531
1392532
1392533
1392534
1392535
1392536
1392537
1392538
1392539
1392810
1392811
1392812
1392813
1392814
1392815
1392816
1392817
1392818
1392819
1671760
1672760
1673760
1860760
1866440
1866441
1866442
1866443
1866447
1866615
1866616
1866617
1866618
1866619
1867600
1867601
1867602
1867603
1867610
1867611
1867612
1867613
1867614
1867615
1867616
1867617
1867618
1867619
1867629
1867640
1867641
1867642
1867643
1867644
1868015
1868016
1868017
1868018
1868019
1868059
1868810
1868811
1868812
1868813
1868814
1868933
1868934
1868935
1868936
1868937
1868938
1868939
1868940
1550205
1550206
1550207
1550208
1550209
1550760
1550761
1550762
1550763
1550764
1550765
1550766
1550767
1550768
1550769
1552151
1552152
1552153
1552154
1552155
1552156
1552157
1552158
1552159
1552171
1552172
1552173
1552174
1552175
1552176
1552177
1552178
1552181
1552182
1552183
1552184
1552185
1552186
1500760
1500761
1501450
1501451
1501452
1501453
1501500
1501610
1501611
1501612
1501613
1501614
1501615
1501616
1501617
1501618
1501619
1501730
1501731
1501732
1501733
1501734
1501800
1501801
1501802
1501803
1501882
1501883
1501950
1501951
1501952
1501953
1501954
1501955
1501956
1501978
1501979
1501990
1501991
1508990
1508991
1508992
1508993
1508994
1508995
1508996
1508997
1508998
1508999
1509989
1830005
1830010
1830760
1831224
1831264
1831276
1831277
1831289
1831650
1831651
1831652
1831653
1831656
1831674
1831675
1831866
1831873
1831875
1831876
1831879
1831895
1831896
1831955
1831995
1834448
1350014
1352710
1352711
1352712
1352713
1352714
1352715
1352716
1352717
1352718
1352719
1352810
1352811
1352812
1352813
1352814
1352815
1352816
1352817
1352818
1352819
1352820
1352821
1352822
1352823
1352824
1352825
1352826
1352827
1352828
1352829
1353175
1353176
1353177
1353178
1353179
1353180
1353181
1353182
1353183
1353184
1353185
1353186
1353187
1353188
1353189
1353200
1353201
1353202
1353203
1353204
1353205
1353206
1353207
1353208
1353209
1354380
1354381
1354382
1354383
1354384
1354980
1354981
1354982
1354983
1354984
1354985
1354986
1354987
1354988
1354989
1354990
1354991
1354992
1354993
1354994
1356060
1356061
1356062
1356063
1356064
1356065
1356066
1356067
1356068
1356069
1359070
1359071
1359072
1359073
1359074
1359075
1359076
1359077
1359078
1359079
1359080
1359081
1359082
1359083
1359084
1359085
1359086
1359087
1359088
1359089
1359090
1359091
1359092
1359093
1359094
1359095
1359096
1359097
1359098
1359099
1452956
1452957
1452958
1452959
1454664
1454802
1457049
1457915
1457916
1458760
1458945
1458946
1458947
1458948
1458949
1458950
1458951
1458952
1590000
1590001
1590002
1590003
1590004
1590005
1590006
1590007
1590008
1590009
1590760
1590761
1590764
1590765
1591330
1591331
1591332
1591333
1591334
1591335
1591336
1591337
1591338
1591339
1591340
1591341
1591342
1591343
1591344
1591345
1591346
1591347
1591348
1591349
1591460
1591461
1591462
1591463
1591464
1591465
1591466
1591467
1591468
1591469
1591723
1591724
1591725
1591726
1591727
1591728
1591729
1591820
1591821
1591822
1591823
1591824
1591825
1591826
1591827
1591828
1591829
1597600
1597601
1597602
1597603
1597604
1597605
1597606
1597607
1597608
1597609
1770760
1770825
1770826
1770827
1770828
1772410
1772459
1772836
1772837
1772838
1772848
1772849
1890259
1890282
1892330
1892331
1892332
1892333
1892334
1892450
1892451
1892490
1892491
1892492
1892493
1892494
1892495
1892496
1892497
1892498
1892499
1892530
1892531
1892532
1892533
1892534
1892535
1892536
1892537
1892538
1892539
1892810
1892811
1892812
1892813
1892814
1892815
1892816
1892817
1892818
1892819
1893330
1893331
1893332
1893333
1893334
1893335
1893336
1893337
1893338
1893339
1893340
1893341
1893342
1893343
1893344
1893870
1893871
1893872
1893873
1893874
1893875
1893876
1893877
1893878
1893879
1894868
1894885
1894886
1894887
1894888
1894889
1898855
1898856
1898857
1898858
1898859
1899878
1360033
1360034
1361045
1361046
1361047
1361048
1361049
1362037
1362038
1362039
1362270
1363110
1363111
1363112
1363113
1363114
1363115
1363116
1363117
1363118
1363119
1364040
1364041
1364042
1364043
1364044
1364045
1364046
1364047
1364048
1364049
1365220
1365221
1365222
1365223
1368010
1368011
1368012
1368013
1368014
1368015
1368016
1368017
1368018
1368019
1368020
1368021
1368022
1368023
1368024
1368025
1368026
1368027
1368028
1368029
1950089
1952497
1952498
1952820
1952821
1952823
1957600
1957607
1957608
1957808
1957809
1800760
1802200
1802201
1802202
1802203
1802204
1802205
1802206
1802207
1802208
1802209
1802210
1802211
1802212
1802213
1802214
1802215
1802216
1802217
1802218
1802219
1802340
1802341
1802342
1802343
1802344
1802420
1802421
1802422
1802423
1802424
1802425
1802426
1802427
1802428
1802429
1802480
1802481
1802565
1802566
1802567
1802568
1802569
1802830
1802831
1802832
1802833
1802834
1802835
1802836
1802837
1802838
1802839
1802990
1802991
1802992
1808884
1530760
1530761
1530764
1532365
1532390
1532391
1532392
1532393
1532394
1532395
1532396
1533825
1533826
1533827
1533828
1533829
1536130
1536131
1536132
1536133
1536134
1536135
1536136
1536137
1536138
1536139
1536210
1536211
1536212
1536213
1536214
1536215
1536216
1536217
1536218
1536219
1536270
1536271
1536272
1536273
1536274
1536290
1536291
1536292
1536293
1536294
1536295
1536296
1536297
1536298
1536299
1537780
1537781
1537782
1537783
1537784
1537785
1537786
1537787
1537788
1537789
1538270
1538271
1538272
1538273
1538274
1538275
1538276
1538277
1538278
1538279
1539090
1539091
1539092
1539093
1539094
1539095
1539096
1539097
1539098
1539099
1539880
1539881
1539882
1539883
1539884
1539885
1539886
1539887
1539888
1539889
1560259
1560282
1562530
1562531
1562532
1562533
1562534
1562535
1562536
1562537
1562538
1562539
1566007
1566008
1569760
1569761
1780204
1780656
1780669
1780674
1780760
1781155
1781166
1781760
1781830
1781849
1781861
1782002
1782012
1782030
1782044
1782049
1782299
1782510
1782511
1782512
1782513
1782514
1782515
1782516
1782517
1782578
1782713
1782714
1782715
1782716
1783160
1783161
1783166
1783167
1783170
1783171
1783172
1783360
1783361
1783362
1783380
1783381
1783382
1783383
1783384
1783385
1783386
1783387
1783388
1783389
1787600
1788075
1789655
1789656
1850760
1851262
1851263
1851264
1851265
1851266
1851267
1851268
1851269
1857600
1857601
1857602
1857603
1857604
1857605
1857606
1857607
1857608
1857609
1857610
1857611
1857612
1857613
1857614
1857615
1857616
1857617
1857618
1857619
1857620
1857621
1857622
1857623
1857624
1857625
1857626
1857627
1857628
1992487
1992590
1992591
1992592
1992593
1992594
1992595
1992596
1992597
1992598
1992599
1992660
1992661
1992662
1992800
1992801
1992802
1992803
1992804
1992805
1992806
1992807
1992808
1992809
1996630
1996631
1996632
1996633
1996634
1996635
1996636
1996637
1996638
1996639
1713760
1715760
1715966
1716760
1717031
1717032
1717033
1717035
1717036
1717037
1717038
1717039
1717043
1717044
1717045
1717046
1717047
1717080
1717081
1717082
1717083
1717085
1717086
1717087
1717089
1717760
1717761
1717762
1717997
1718047
1718049
1718064
1718760
1718884
1719760
1719761
1719762
1719763
1719764
1719765
1719860
1719861
1719862
1719863
1719865
1330259
1330282
1331825
1331826
1331827
1331828
1331829
1331840
1331841
1331842
1332290
1332291
1332690
1332691
1332692
1332693
1332694
1332695
1332696
1332697
1332698
1332699
1334643
1334644
1334645
1334646
1334647
1334648
1334649
1336013
1336014
1336015
1337760
1338044
1338045
1338087
1338088
1338089
1339257
1339258
1339259
1339290
1339291
1339292
1339293
1339294
1580010
1580011
1580012
1580013
1580014
1580015
1580016
1580017
1580018
1580019
1580760
1580761
1581310
1581311
1581312
1581313
1581314
1581315
1581316
1581317
1581318
1581319
1581570
1581571
1581572
1581933
1581934
1581935
1581936
1581937
1581938
1581939
1581995
1581996
1581997
1581998
1581999
1582050
1582051
1582052
1582053
1582054
1587600
1587601
1587602
1587603
1587604
1587605
1587606
1587607
1587608
1587609
1587678
1587679
1588920
1588988
1588989
1760760
1766636
1766637
1766638
1766647
1766648
1768810
1768811
1768812
1768813
1768814
1341160
1341161
1341162
1341163
1341164
1341165
1341166
1341167
1341168
1341169
1341530
1341531
1341532
1341533
1341534
1341535
1341536
1341537
1341538
1341539
1341540
1341541
1341542
1341543
1341544
1341600
1341601
1341602
1341603
1341604
1341605
1341606
1341607
1341608
1341609
1342000
1342001
1342002
1342003
1342004
1342005
1342006
1342007
1342008
1342009
1342020
1342021
1342022
1342023
1342024
1342025
1342026
1342027
1342028
1342029
1342030
1342031
1342032
1342033
1342034
1342035
1342036
1342037
1342038
1342039
1342040
1342041
1342042
1342043
1342044
1342045
1342046
1342047
1342048
1342049
1342140
1342141
1342142
1342143
1342144
1342145
1342146
1342147
1342148
1342149
1342280
1342281
1342282
1342283
1342284
1342450
1342451
1342452
1342453
1342454
1342455
1342456
1342457
1342458
1342459
1342540
1342541
1342542
1342543
1342544
1342545
1342546
1342547
1342548
1342549
1342550
1342551
1342552
1342553
1342554
1342555
1342556
1342557
1342558
1342559
1342700
1342701
1342702
1342703
1342704
1342705
1342706
1342707
1342708
1342709
1343210
1343211
1343212
1343213
1343214
1343215
1343216
1343217
1343218
1343219
1343570
1343571
1343572
1343573
1343574
1343575
1343576
1343577
1343578
1343579
1345090
1345091
1345092
1345093
1345094
1345095
1345096
1345097
1345098
1345099
1510760
1510761
1511332
1511333
1511334
1511335
1511336
1511337
1511338
1511339
1511910
1511911
1511912
1511913
1511914
1511915
1511916
1820065
1820078
1820760
1820765
1821123
1821149
1821809
1821851
1821895
1821900
1821901
1821925
1870760
1871800
1871809
1871810
1871849
1871875
1871901
1871902
1871917
1871939
1380076
1380265
1380266
1380269
1380968
1380987
1382270
1382271
1382272
1382273
1382274
1382275
1382276
1382277
1382278
1382279
1382390
1382391
1382392
1382393
1382394
1382395
1382396
1382397
1382398
1382399
1382470
1382471
1382472
1382473
1382474
1382475
1382476
1382477
1382478
1382479
1660760
1667585
1667586
1667587
1667588
1667589
1667600
1667601
1667602
1667603
1667604
1667605
1667606
1667607
1667608
1667609
1667610
1667611
1667612
1667613
1667614
1667615
1667616
1667617
1667618
1667619
1667620
1667621
1667622
1667623
1730760
1730822
1732242
1732282
1732292
1732570
1732571
1732572
1732573
1732574
1732816
1732817
1732818
1732960
1732961
1732962
1732963
1732964
1732965
1732966
1732967
1732968
1732969
1733615
1733616
1733617
1733618
1733619
1736670
1736671
1736672
1736673
1736674
1738883
1311290
1311291
1311292
1311293
1311294
1311295
1311296
1311297
1311298
1311299
1311390
1311391
1311392
1311393
1311394
1312920
1312921
1312922
1312923
1312924
1312925
1312926
1312927
1312928
1312929
1314400
1314401
1314402
1314403
1314404
1314850
1314851
1314852
1314853
1314854
1316930
1316931
1316932
1316933
1316985
1316986
1316987
1316988
1316989
1317860
1317861
1317862
1317863
1317864
1317865
1317866
1317867
1317868
1317869
1318920
1318921
1318922
1318923
1318924
1318925
1318926
1318927
1318928
1318929
1910760
1910761
1912565
1912566
1912567
1912568
1912569
1912906
1912907
1912910
1321112
1321760
1322606
1322607
1322608
1322609
1322910
1322912
1323234
1323235
1323236
1323237
1323238
1323239
1323253
1323254
1323255
1323256
1323257
1323258
1323259
1324220
1324221
1324222
1324223
1324224
1324600
1324601
1324602
1324603
1324604
1324605
1324606
1324900
1324901
1324902
1324903
1324904
1324937
1324938
1325008
1325009
1325048
1325049
1325760
1326760
1326761
1326762
1326763
1326764
1328630
1328631
1328632
1328633
1328634
1328635
1328636
1328637
1328638
1328639
1328690
1328691
1328692
1328693
1328694
1700309
1700408
1700698
1700760
1700761
1700762
1700763
1700764
1701745
1701775
1701776
1701777
1701778
1701779
1701780
1701781
1702758
1702759
1702760
1705147
1705534
1705879
1705883
1706446
1706447
1706448
1706449
1706450
1708942
1708960
1708961
1708962
1708963
1708964
1708965
1708966
1708967
1708968
1708969
1708970
1708971
1708972
1708973
1708974
1708975
1708976
1708977
1708978
1708979
1709348
1709349
1709710
1709711
1709712
1709713
1709714
1709715
1709716
1709747
1709894
1709895
1709896
1709897
1709997
1650605
1650760
1651185
1651760
1980652
1980655
1980664
1980667
1980674
1980677
1980680
1980681
1980682
1980760
1981207
1981445
1982033
1982042
1982043
1982045
1982046
1983005
1983014
1983086
1983298
1984200
1984909
1984927
1984946
1984951
1984955
1984968
1986065
1986069
1986072
1986073
1986075
1986077
1986416
1986418
1986445
1986492
1986510
1986527
1986551
1986567
1986581
1986742
1986791
1986792
1986793
1986795
1986796
1986804
1986807
1986839
1986847
1987460
1987461
1987462
1987463
1987465
1987466
1987468
1987600
1987601
1987602
1987603
1987604
1987605
1987606
1987607
1987608
1987609
1987614
1987615
1987617
1987624
1987625
1987626
1987627
1987802
1987899
1987900
1987955
1987962
1987965
1987968
1987969
1987980
1988601
1988616
1988632
1989680
1989803
1570760
1571820
1571849
1572400
1572842
1572863
1572865
1572866
1576717
1576730
1576738
1576759
1576775
1576803
1576858
1840669
1840760
1840761
1842028
1847572
1847573
1847574
1847576
1847583
1847600
1847601
1847602
1847603
1847605
1847608
1847644
1847645
1847646
1847658
1847695
1847696
1810760
1812498
1812520
1812521
1812522
1812523
1812524
1812530
1812531
1812532
1812533
1812534
1812535
1812536
1812537
1812538
1812539
1812830
1814880
1816562
1816563
1818881
1819880
1520760
1520761
1521976
1521977
1521978
1521979
1521992
1521993
1521994
1521995
1522086
1522087
1522088
1522089
1522090
1522091
1522092
1522093
1471467
1471498
1471529
1471553
1471594
1471597
1471608
1471609
1477808
1477821
1477839
1477847
1477865
1477874
1370230
1370235
1370236
1370237
1370238
1370239
1370245
1370246
1370250
1370251
1370252
1370253
1370278
1370279
1370303
1370304
1371555
1371556
1371557
1371558
1371559
1371560
1371561
1371562
1371563
1371564
1371565
1371566
1371567
1371568
1371569
1372600
1372601
1372602
1372603
1372604
1372605
1372606
1372607
1372608
1372609
1372610
1372611
1372612
1372613
1372614
1379070
1379071
1379072
1379073
1379074
1379415
1379416
1379417
1379418
1379419
1880259
1880760
1881323
1881324
1881339
1881371
1881372
1881384
1881406
1881424
1881439
1881687
1882450
1882451
1882472
1882473
1882474
1882493
1882494
1882495
1882496
1882497
1882498
1882499
1882500
1882501
1882502
1882530
1882531
1882532
1882533
1882536
1882537
1882538
1882539
1882600
1882601
1882602
1882603
1882604
1889838
1889839
1889848
1889981
1750760
1752029
1752034
1752035
1752036
1756601
1756602
1756603
1756604
1756605
1756606
1756607
1756608
1756609
1757694
