1370556
1470556
1475568
1475569
1479049
1479050
1479051
1479052
1479053
1479054
1479055
1479056
1479057
1479058
1479059
1479060
1479061
1479062
1479063
1479064
1479065
1479066
1479067
1479068
1479069
1479070
1479285
1880556
1881556
1885560
1885561
1885562
1885563
1885564
1885565
1885566
1885567
1885568
1885569
1750556
1750966
1755506
1755560
1755561
1755562
1755563
1755564
1755565
1755566
1755567
1755568
1755569
1520556
1520981
1521290
1521291
1521292
1521293
1521294
1521295
1521296
1521297
1521298
1521299
1521556
1522292
1522296
1524005
1524006
1525564
1525565
1525566
1525567
1525568
1525569
1810556
1810966
1811037
1813043
1813044
1813045
1813050
1813051
1813052
1813053
1813054
1813055
1813056
1813057
1813058
1813059
1813300
1813301
1813302
1813303
1813304
1813305
1813306
1813307
1813467
1813468
1813469
1815404
1815406
1815560
1815561
1815562
1815563
1815564
1815565
1815566
1815567
1815568
1815569
1815690
1815691
1815692
1815693
1815694
1815695
1815696
1816435
1816445
1817530
1817531
1817532
1817533
1817534
1817535
1817536
1817537
1817538
1817539
1817545
1650556
1652060
1980556
1981077
1981078
1981348
1984006
1984021
1984022
1985506
1985556
1985559
1985560
1985561
1985562
1985563
1985566
1985609
1985616
1985629
1985638
1985639
1985663
1840556
1845560
1845561
1845562
1845563
1845564
1845565
1845566
1845567
1845568
1845569
1570556
1571556
1572056
1575560
1575561
1575562
1575563
1575564
1575565
1575566
1575567
1575568
1575569
1320556
1321556
1322556
1322570
1322571
1322572
1322573
1322574
1322576
1322578
1327556
1327570
1327571
1327572
1327573
1327574
1327578
1328556
1329556
1910556
1910966
1914256
1914265
1915560
1915561
1915562
1915563
1915564
1916556
1701940
1701941
1707556
1707566
1708556
1708563
1708565
1708566
1730556
1730966
1733068
1733069
1735378
1735379
1735560
1735561
1735562
1735563
1735564
1735565
1735566
1735567
1735568
1735569
1735600
1735601
1735602
1735603
1735604
1735605
1735606
1735607
1735608
1735609
1737540
1737541
1737542
1737543
1737544
1313556
1314556
1315556
1315560
1315569
1316770
1316771
1317006
1317024
1317028
1319556
1870556
1871215
1871216
1871217
1871218
1871219
1871241
1871488
1871489
1871540
1871541
1871542
1871556
1872556
1872605
1872606
1872607
1872608
1872609
1872610
1872611
1872612
1872613
1872614
1872615
1872616
1872617
1872618
1872619
1872620
1872642
1873400
1873401
1875560
1875561
1875562
1875563
1875564
1875565
1875566
1875567
1875568
1875569
1660556
1665506
1665560
1665561
1665562
1665563
1665564
1665565
1665566
1665567
1665568
1665569
1380556
1380566
1385560
1385561
1385562
1385563
1385564
1385565
1385566
1385567
1385568
1385569
1386510
1386511
1386512
1386513
1386514
1386515
1386516
1386517
1386518
1386519
1386556
1386600
1386601
1386602
1386603
1386604
1386605
1386606
1386607
1386608
1386609
1386643
1386644
1386660
1386661
1386662
1386663
1820556
1822556
1822570
1822571
1822572
1822646
1822647
1825560
1825561
1825562
1825563
1825564
1825565
1825566
1825567
1825568
1825569
1826970
1826971
1826972
1826973
1829740
1829741
1829742
1829770
1829771
1829772
1829773
1829774
1829775
1829776
1829777
1829778
1829779
1829829
1510556
1515508
1515509
1515548
1515549
1515556
1515560
1515561
1515562
1515563
1515564
1515565
1515566
1515567
1515568
1515569
1515622
1515623
1515624
1515625
1515626
1515627
1515628
1515629
1515686
1517860
1517861
1517862
1517863
1517864
1517865
1517866
1517867
1517868
1517869
1760556
1768126
1768127
1768260
1768261
1768262
1768263
1768264
1768265
1768266
1768267
1768268
1768269
1580556
1585555
1585556
1585560
1585561
1585562
1585563
1585564
1585565
1585566
1585567
1585651
1585652
1585653
1585654
1585655
1585656
1585657
1585658
1585659
1344065
1348556
1348586
1348587
1348588
1710023
1710024
1710025
1715561
1715563
1715568
1715569
1716496
1716497
1717556
1718490
1718556
1719552
1719556
1719557
1330001
1330556
1330966
1332906
1332926
1333556
1333906
1333926
1334556
1334906
1334907
1334926
1335556
1335904
1336556
1336575
1336576
1339556
1339956
1780556
1785560
1785566
1785567
1785568
1785569
1785596
1785655
1785656
1785663
1785687
1788437
1788453
1788464
1789167
1789556
1850556
1855506
1855556
1855560
1855561
1855562
1855563
1855564
1855565
1855567
1560556
1560961
1560962
1560965
1560966
1565560
1565561
1565562
1565563
1565564
1565565
1565566
1565567
1565568
1565569
1566530
1566531
1566532
1566533
1566546
1566547
1566556
1567556
1569556
1990556
1990966
1993017
1994256
1995560
1995561
1995562
1995563
1995564
1995565
1995566
1995567
1995568
1995569
1530556
1530966
1532452
1532455
1534556
1534980
1534981
1534982
1534983
1534984
1535705
1535706
1535707
1535708
1535709
1535720
1535721
1535722
1535723
1535724
1535725
1535726
1535727
1535728
1535729
1535730
1535731
1535732
1535733
1535734
1535735
1535736
1535737
1535738
1535739
1537518
1537519
1537556
1538540
1538541
1538556
1539180
1539181
1539182
1539183
1539184
1539190
1539191
1539192
1539556
1539960
1539961
1539962
1539963
1539964
1800556
1800966
1801070
1801071
1801072
1805402
1805408
1805560
1805561
1805562
1805563
1805564
1805565
1805566
1805567
1805568
1805569
1805690
1805691
1805692
1805693
1805694
1807530
1807531
1807532
1807533
1807534
1807535
1807536
1807537
1807538
1807539
1809645
1890056
1890556
1890966
1894944
1894945
1894946
1895560
1895561
1895562
1895563
1895564
1895565
1895566
1895567
1895568
1895569
1895690
1895691
1895692
1895693
1895694
1895695
1895696
1895697
1895698
1895699
1955665
1955666
1955667
1955668
1955669
1360556
1361556
1362556
1362566
1362567
1363556
1363714
1363715
1363716
1364556
1365556
1365564
1366556
1367556
1368556
1369556
1369662
1452086
1454106
1457226
1457236
1458120
1458121
1458122
1458123
1458124
1350055
1350556
1350563
1351556
1770556
1770966
1771944
1773025
1773026
1773027
1773028
1773029
1773037
1775402
1775408
1775412
1775421
1775422
1775486
1775560
1775561
1775562
1775563
1775564
1775565
1775566
1775567
1775568
1775569
1776085
1776086
1776087
1776088
1776434
1590556
1592233
1592234
1592235
1592236
1592237
1592238
1592239
1595556
1595560
1595561
1595562
1595568
1595569
1830556
1832495
1832496
1832497
1832498
1832499
1832560
1832561
1832562
1832563
1832564
1832565
1832566
1832567
1832568
1832569
1835560
1835561
1835562
1835563
1835564
1835565
1835566
1835567
1835568
1835569
1836510
1836511
1836512
1836513
1836514
1836515
1836516
1836517
1836518
1836519
1500555
1500556
1505544
1505545
1505546
1505547
1505548
1505549
1505563
1505564
1505565
1505566
1505567
1505568
1505569
1505661
1505662
1505663
1505664
1505665
1505666
1505667
1671198
1671440
1671556
1672556
1672561
1672563
1673556
1390556
1390966
1395560
1395561
1395562
1395563
1395564
1395565
1395566
1395567
1395568
1395569
1395649
1395650
1395651
1395652
1395653
1395654
1395655
1396580
1396581
1396582
1396583
1396640
1396641
1396642
1396643
1396644
1396660
1396661
1396662
1396663
1396664
1396690
1396691
1396693
1396694
1396695
1396696
1396697
1396698
1396699
1550504
1550505
1550506
1550507
1550508
1550509
1550556
1550560
1550569
1555560
1555561
1555562
1555563
1555564
1555565
1555566
1555567
1555568
1555569
1555660
1555661
1860556
1860966
1865405
1865406
1865560
1865561
1865562
1865563
1865564
1865565
1865566
1865567
1865568
1865569
1865689
1930556
1301316
1301317
1301318
1301319
1302600
1302601
1303316
1303317
1303318
1303319
1304556
1305327
1305328
1306327
1306328
1306341
1307400
1307401
1307402
1307403
1307404
1307405
1307406
1307407
1307408
1307409
1308316
1308317
1308318
1308556
1309556
1720169
1720170
1720174
1720181
