1300015
1300150
1300151
1300270
1300271
1301015
1301160
1301161
1301162
1301163
1301164
1301270
1301271
1302150
1302151
1302270
1302271
1303177
1303178
1303179
1303450
1303451
1304605
1304606
1304607
1304608
1304609
1305330
1305331
1305332
1305333
1305334
1305335
1305336
1305337
1305338
1305339
1305485
1305486
1305487
1305488
1305489
1307060
1307061
1307062
1307063
1307064
1307065
1307066
1307067
1307068
1307069
1308270
1308271
1390533
1390643
1395330
1395331
1395332
1395333
1395334
1395335
1395336
1395337
1395338
1395339
1396430
1396431
1396432
1396433
1396434
1396435
1396436
1396437
1396438
1396439
1396440
1396441
1396442
1396443
1396444
1396445
1396446
1396447
1396448
1396449
1396930
1396931
1396932
1396933
1396934
1396935
1396936
1396937
1396938
1396939
1671533
1672533
1673533
1673846
1673847
1673852
1673853
1673854
1673855
1673856
1860533
1860638
1860643
1861510
1861511
1861512
1861513
1861514
1861515
1861533
1865330
1865331
1865332
1865333
1865334
1865335
1865336
1865337
1865338
1865339
1865362
1865363
1866044
1867810
1867811
1867812
1867813
1867814
1867815
1867816
1867817
1867818
1867819
1867820
1867821
1867822
1867823
1550533
1555030
1555031
1555032
1555033
1555034
1555242
1555266
1555267
1555268
1555269
1555330
1555331
1555332
1555333
1555334
1556437
1556438
1556439
1556444
1556445
1556446
1556447
1558930
1558931
1558932
1558933
1558934
1558935
1558936
1558937
1558938
1558939
1621673
1621674
1621676
1500533
1500643
1500653
1505330
1505331
1505332
1505333
1505334
1505335
1505336
1505337
1505338
1505339
1505459
1506430
1506431
1506432
1506433
1506434
1506435
1506436
1506437
1506438
1506439
1506533
1506585
1506586
1506587
1506588
1506589
1506930
1506931
1506932
1506933
1506934
1506935
1506936
1506937
1506938
1506939
1509230
1509231
1509232
1509233
1509234
1509235
1509236
1509486
1509487
1509488
1509489
1830533
1830643
1835330
1835331
1835332
1835333
1835334
1835335
1835336
1835337
1835338
1835339
1836430
1836431
1836432
1836433
1836434
1836435
1836436
1836437
1836438
1836439
1836990
1836991
1836992
1836993
1836994
1836995
1836996
1836997
1836998
1836999
1452510
1452511
1452533
1452544
1453508
1454344
1454364
1454365
1454373
1454763
1454775
1454783
1457002
1457336
1457337
1457338
1457749
1457750
1458485
1458486
1458487
1458488
1458489
1458490
1458491
1458492
1458493
1458494
1350533
1350643
1350644
1350894
1350895
1351533
1351863
1351864
1356160
1356161
1356162
1356163
1356164
1356165
1356166
1356167
1356168
1356169
1357330
1357331
1357332
1357333
1357334
1357335
1357336
1357337
1357338
1357339
1358100
1358101
1358102
1358103
1358104
1358330
1358331
1358332
1358333
1358334
1358335
1358336
1358337
1358338
1358339
1358948
1358949
1358950
1358951
1358952
1358953
1358954
1358955
1358956
1358957
1358958
1358959
1590533
1594973
1594974
1594983
1594990
1595330
1595331
1595332
1595333
1595334
1595335
1595336
1595337
1595479
1596330
1596331
1596446
1596447
1596448
1596449
1596533
1596552
1596553
1596554
1596695
1596696
1596697
1596698
1596699
1770533
1770638
1775330
1775331
1775332
1775333
1890533
1890643
1895331
1895332
1895334
1895335
1895336
1895337
1895338
1895339
1895440
1895441
1895442
1895443
1895444
1360533
1360643
1360894
1361533
1361643
1361644
1362533
1362638
1362643
1362644
1364533
1364643
1364644
1365533
1365643
1365644
1366533
1366863
1366864
1366883
1367533
1367863
1367864
1367883
1368533
1369533
1800533
1800643
1805330
1805331
1805332
1805333
1805334
1805335
1805336
1805337
1805338
1805339
1530533
1530643
1531426
1531427
1531428
1531429
1531520
1531521
1531522
1531523
1531533
1531860
1531861
1533533
1533643
1534533
1537643
1537680
1537681
1537682
1560533
1560643
1561533
1561553
1561563
1561573
1561583
1561593
1562448
1562449
1565330
1565331
1565332
1565333
1565334
1565335
1565336
1565337
1565338
1565339
1566602
1566603
1566636
1566643
1566653
1566670
1568900
1568901
1568902
1568903
1568904
1568905
1568906
1568907
1568908
1568909
1568929
1568930
1568931
1568932
1569233
1569540
1569541
1569542
1569543
1569544
1569545
1569546
1569547
1569548
1569549
1569805
1569806
1850533
1850643
1855330
1855331
1855332
1855333
1855334
1855335
1855336
1855337
1855338
1855339
1855452
1855453
1855454
1855455
1855456
1855457
1855458
1855459
1856025
1856026
1856027
1856028
1856029
1856030
1856031
1856032
1856033
1856034
1856035
1856036
1856037
1856038
1856039
1856040
1856041
1856042
1856070
1856071
1856072
1856073
1856074
1856081
1856082
1856083
1856084
1856085
1856086
1856087
1856088
1856089
1856090
1856091
1856092
1856093
1856094
1856095
1856096
1856097
1856098
1856099
1780533
1785203
1785204
1785233
1785243
1785273
1785330
1785331
1785332
1785333
1785334
1785335
1785336
1785337
1785338
1785339
1786043
1786090
1786091
1786092
1786093
1786094
1786095
1786096
1786144
1786240
1786241
1786242
1786243
1786244
1786245
1786246
1786247
1786248
1786249
1786430
1786431
1786432
1786433
1786434
1786435
1786436
1786437
1786438
1786439
1786533
1786590
1786591
1786592
1786593
1786594
1786595
1786596
1786597
1786598
1786664
1786673
1786674
1786675
1786676
1786677
1786678
1786679
1786713
1788833
1789533
1990533
1990638
1990643
1995336
1995337
1995338
1995339
1330533
1330643
1332520
1332521
1332522
1332523
1333520
1333521
1333522
1333523
1334125
1334126
1334520
1334521
1334522
1334523
1335440
1335441
1335520
1335521
1335522
1335523
1335524
1335525
1335526
1335527
1335528
1335529
1335533
1336140
1336158
1336159
1336533
1337067
1337068
1337069
1337140
1337156
1337157
1337158
1337159
1337533
1337559
1337643
1338533
1338643
1339533
1339643
1580533
1580643
1585330
1585331
1585332
1585333
1585334
1585335
1585336
1585337
1585338
1585339
1586404
1586446
1586447
1586448
1586449
1586495
1586533
1586547
1586565
1586626
1586627
1586628
1586629
1586632
1589870
1589871
1589872
1589873
1589874
1589875
1589876
1589877
1760533
1760643
1761533
1761565
1761566
1761567
1761568
1761569
1761570
1761571
1761572
1761573
1761574
1761575
1761576
1761577
1761640
1761641
1761642
1761643
1761644
1765859
1765860
1765861
1766027
1766028
1766029
1766300
1766301
1766302
1766303
1766304
1766305
1766309
1766920
1766921
1766922
1766923
1766924
1766925
1766926
1766927
1766928
1766929
1768560
1768561
1768562
1768563
1768564
1768565
1768566
1768567
1768568
1768569
1769425
1769426
1769427
1769428
1769429
1340533
1340900
1340901
1340905
1340906
1340907
1340908
1340909
1345530
1345531
1345532
1345533
1345534
1345535
1345536
1346533
1346840
1346841
1346842
1347533
1347550
1347551
1347552
1347553
1347554
1347555
1347556
1347557
1347558
1347559
1347560
1347561
1347562
1510533
1510641
1510642
1510643
1515330
1515331
1515332
1515333
1515334
1515335
1515336
1515337
1515338
1515339
1516533
1516584
1516607
1516608
1516643
1516920
1516921
1516922
1516923
1516924
1516925
1516926
1516927
1516928
1516929
1516930
1516931
1516932
1516933
1516934
1516935
1516936
1516937
1516938
1516939
1820533
1820643
1825330
1825331
1825332
1825333
1825334
1825335
1825336
1825337
1825338
1825339
1826430
1826431
1826432
1826433
1826434
1826435
1826436
1826437
1826438
1826439
1826533
1826583
1826584
1826585
1826586
1826587
1826588
1826589
1826643
1870533
1875330
1875331
1875332
1875333
1875334
1875335
1875336
1875337
1875338
1875339
1876430
1876431
1876432
1876433
1876434
1876435
1876436
1876437
1876438
1876439
1876533
1876643
1876690
1876691
1876692
1876693
1876694
1876695
1876696
1876697
1876698
1876699
1380533
1380643
1380648
1380894
1385330
1385331
1385332
1385333
1385334
1385335
1385336
1385337
1385338
1385339
1386430
1386431
1386432
1386433
1386434
1386435
1386436
1386437
1386438
1386439
1386440
1386441
1386442
1386443
1386444
1386445
1386446
1386447
1386448
1386449
1386930
1386931
1386932
1386933
1386934
1386935
1386936
1386937
1386938
1386939
1388460
1388461
1388462
1660533
1660644
1665216
1665217
1665218
1665219
1665330
1665331
1665332
1665333
1665334
1665335
1665336
1665337
1665338
1665339
1665423
1665424
1667825
1667826
1667827
1667828
1667829
1730533
1730638
1735332
1735333
1310533
1312720
1314533
1315335
1315336
1315337
1315338
1315339
1315643
1315698
1316533
1316544
1316548
1317326
1317327
1317341
1317622
1317643
1317655
1317656
1317657
1317658
1317659
1318190
1318191
1318192
1318193
1318194
1910533
1910638
1910643
1915332
1915333
1915335
1915336
1915448
1320533
1321067
1322067
1322068
1322069
1322533
1323533
1324533
1325533
1327533
1327643
1328060
1328061
1328062
1328063
1328064
1328065
1328066
1328067
1328068
1328069
1328533
1328700
1328701
1328702
1328703
1328706
1328707
1328708
1328709
1328788
1328789
1329011
1329533
1329643
1700533
1700534
1700727
1701146
1701147
1701160
1701161
1701162
1701163
1702168
1703042
1703043
1703044
1703045
1703902
1703903
1703904
1705547
1980533
1980613
1980614
1980615
1980616
1981170
1981171
1981172
1981173
1981255
1981493
1981911
1981912
1981913
1981914
1981915
1985330
1985331
1985332
1985333
1985334
1985335
1985336
1985337
1985338
1985339
1986242
1986250
1986251
1986252
1986253
1986254
1986255
1986256
1986257
1986258
1986259
1650175
1650201
1650383
1650533
1650706
1650959
1651202
1651305
1651388
1651389
1651533
1652103
1652370
1653340
1653533
1653593
1653733
1653863
1655033
1655179
1655330
1655331
1655332
1655333
1655334
1655335
1655336
1655337
1655338
1655339
1656010
1656533
1656570
1656571
1656572
1656573
1656614
1656933
1656935
1657136
1657533
1657583
1570533
1570643
1571533
1572533
1572572
1572573
1572574
1572575
1572580
1572581
1572582
1572643
1575330
1575331
1575332
1575333
1575334
1575335
1575336
1575337
1575338
1575339
1576280
1576281
1576282
1576283
1576284
1576285
1576286
1576287
1576288
1576289
1840533
1845330
1845331
1845332
1845333
1845334
1845335
1845336
1845337
1845338
1845339
1845440
1845441
1845442
1845443
1845444
1846205
1846206
1846207
1846208
1846209
1846308
1846309
1846385
1846430
1846431
1846432
1846433
1846434
1810533
1520533
1520660
1520661
1520667
1520668
1520669
1521533
1521643
1524415
1524416
1524417
1525330
1525331
1525332
1525333
1525334
1525335
1525336
1525337
1525338
1525339
1525442
1525443
1525444
1525445
1525447
1526430
1526431
1526432
1526433
1526434
1526435
1526436
1526437
1526438
1526439
1526533
1526648
1526930
1526931
1526932
1526933
1526934
1526935
1526936
1526937
1526938
1526939
1526967
1527533
1527590
1527591
1527592
1527593
1527594
1527595
1527596
1527597
1527598
1527599
1528893
1528894
1528895
1370533
1370643
1370894
1372399
1375475
1375476
1375477
1375478
1375479
1378989
1379215
1379216
1379217
1379218
1379219
1379330
1379331
1379332
1379333
1379334
1470533
1470643
1475330
1475331
1475332
1475333
1475334
1475335
1475336
1475337
1475338
1475339
1750533
1750643
1751533
1755330
1755331
1755332
1755333
1755334
1755335
1755336
1755337
1755338
1755339
1755533
1755639
1756022
1756023
1756024
1756030
1756031
1756032
1756033
1756034
1756035
1756140
1756141
1756142
1756143
1756144
1756145
1756146
1756960
1756961
1756962
1756963
1756964
1756965
1756966
1756967
1756968
1756969
1756970
1756971
1756972
1756973
1756974
1756975
1756976
1756977
1756978
1756979
1756980
1756981
1756982
1756983
1756984
1758350
1758351
1758352
1758353
1758354
1758355
1758356
1758357
1758358
1758359
1758818
1758819
1759450
1759451
1759452
1759453
1759454
1759465
1759466
1759467
1759468
1759469
1880533
1880643
1881533
1881610
1881611
1881612
1881613
1881614
1881615
1881616
1881617
1881618
1881619
1885330
1885331
1885332
1885333
1885334
1885335
1885336
1885337
1885338
1885339
1886531
1886533
1886534
1886535
1886538
1886643
1886663
