1330777
1330787
1331767
1331777
1331787
1332477
1332487
1336767
1336777
1337727
1337737
1338777
1560777
1560787
1567775
1567776
1567777
1567778
1567779
1569777
1850777
1850787
1857747
1857770
1857771
1857772
1857773
1857774
1857775
1780777
1784013
1784014
1784038
1787727
1787757
1787758
1787759
1787760
1787761
1787762
1787763
1787870
1787871
1787872
1787873
1787874
1787875
1787876
1787877
1787878
1787879
1788047
1789116
1789777
1990777
1990787
1994317
1996670
1996671
1996672
1997770
1997771
1997772
1997773
1997774
1997775
1997776
1997777
1997778
1997779
1997800
1997801
1997802
1997803
1997804
1997805
1997806
1997807
1997808
1997809
1997846
1999446
1999457
1999458
1999459
1800777
1807075
1807076
1807077
1807078
1807079
1807477
1807665
1807666
1807667
1807770
1807771
1807773
1807775
1807776
1530777
1890777
1890787
1897770
1897771
1897772
1897773
1897774
1897775
1897776
1897779
1360777
1361777
1362777
1364777
1365777
1366777
1367777
1368777
1953062
1350777
1351757
1351777
1355707
1355717
1355747
1355777
1355807
1355827
1355837
1355847
1452777
1454527
1459145
1459146
1459147
1459148
1459149
1590777
1597700
1597701
1597702
1599460
1599461
1599462
1599463
1599464
1599465
1599466
1770777
1770787
1775476
1775477
1777204
1777205
1777206
1777477
1777703
1777704
1777795
1777796
1500777
1500787
1507891
1830777
1830787
1837770
1837771
1837772
1837773
1837774
1837775
1837776
1837777
1837778
1837779
1837870
1837871
1837872
1837873
1837874
1837875
1390777
1390787
1397770
1397771
1397772
1397773
1397774
1397775
1397776
1397777
1397778
1397779
1860777
1867770
1867771
1867772
1867773
1867774
1867775
1867776
1867777
1867778
1867779
1550777
1557870
1557871
1557872
1557873
1557874
1557875
1300697
1301497
1302697
1303697
1304787
1308497
1308777
1309777
1309787
1309797
1720083
1470777
1470787
1477707
1477741
1477747
1477770
1477771
1477772
1477773
1477774
1477775
1479612
1479613
1479614
1479615
1479616
1479617
1479777
1370777
1373775
1373776
1373777
1373778
1373779
1376807
1376817
1378807
1378809
1378817
1378819
1378827
1378829
1378839
1378849
1750777
1752677
1757706
1757729
1757787
1757797
1757849
1757850
1757851
1757852
1757853
1757854
1757855
1757856
1757857
1759577
1759578
1759579
1880777
1880787
1887770
1887771
1887772
1887773
1887774
1887775
1887776
1887777
1887778
1887779
1888840
1888847
1889470
1889471
1889472
1889473
1889474
1889475
1889476
1889477
1889478
1889479
1889766
1889767
1889768
1889769
1889770
1889771
1889777
1889778
1889779
1889787
1889788
1810777
1810787
1817247
1817248
1817249
1817600
1817601
1817602
1817603
1817604
1817680
1817681
1817682
1817683
1817684
1817775
1817776
1817777
1817778
1817779
1817875
1817876
1817877
1817878
1817879
1520777
1520787
1522457
1522458
1524077
1527777
1527870
1527871
1527872
1527873
1527874
1527875
1527876
1527877
1527878
1527879
1980777
1981392
1987707
1987727
1987737
1987747
1987790
1987791
1987792
1987793
1989741
1989742
1989743
1989776
1989777
1989933
1989934
1989935
1989936
1989937
1570777
1571777
1572377
1577770
1577771
1577772
1577773
1577774
1577775
1577776
1577777
1577778
1577779
1577870
1577871
1577872
1577873
1577874
1577875
1577876
1840777
1910777
1910787
1912770
1912771
1912772
1912773
1912774
1912775
1912776
1912777
1912778
1912779
1912780
1912781
1912782
1912783
1912784
1912785
1912786
1912787
1912788
1912789
1912790
1912791
1912792
1912793
1912794
1912795
1912796
1912797
1912798
1912799
1913669
1914880
1914881
1914882
1914883
1914884
1914885
1914886
1914887
1914888
1914889
1914890
1914891
1914892
1914893
1914894
1917770
1917771
1917772
1917773
1917774
1917775
1917776
1917777
1917778
1917779
1917870
1917871
1917872
1917873
1917874
1917875
1917876
1917877
1917878
1917879
1320777
1320787
1321777
1326377
1329777
1329787
1730777
1730787
1734453
1734454
1737488
1737607
1737743
1739672
1311477
1311777
1312347
1313267
1313277
1319767
1319777
1870777
1870787
1877570
1877571
1877572
1877573
1877574
1877575
1877576
1877770
1877771
1877772
1877773
1877774
1877775
1877776
1877777
1877778
1877779
1877870
1877871
1877872
1877873
1877874
1877875
1877876
1877877
1877878
1877879
1877887
1380077
1380078
1380777
1387770
1387771
1387772
1387773
1387774
1387775
1387776
1387777
1387778
1387779
1660777
1667487
1667728
1667729
1667757
1667758
1667759
1667778
1667779
1667797
1667977
1510777
1510780
1510787
1510789
1517796
1517797
1517798
1517799
1820777
1820787
1827661
1827662
1827770
1827771
1827772
1827773
1827774
1827775
1827776
1827777
1827778
1827779
1827870
1827871
1827872
1827873
1827874
1827875
1827876
1827877
1827878
1827879
1829017
1829018
1829019
1580777
1580787
1587893
1587894
1587895
1587896
1587897
1760777
1760787
1767727
1767737
1768747
1768787
1344783
1344784
1345770
1345771
1345772
1345773
1345774
1345775
1345776
1345777
1345778
1345779
1347170
1347171
1347172
1347173
1347174
1347175
1347176
1347177
1347178
1347179
