1520753
1521803
1521804
1521805
1521806
1521807
1521808
1521809
1521810
1521811
1521910
1521911
1521912
1521913
1521914
1521915
1521916
1521917
1521918
1521919
1521970
1521971
1521999
1810753
1812550
1812551
1812552
1812553
1812554
1812555
1812556
1812557
1812558
1812559
1812695
1812696
1812697
1812698
1812699
1812762
1812763
1812764
1812815
1813869
1816348
1816349
1819884
1471471
1471504
1471535
1471559
1471591
1471800
1471801
1471802
1471803
1471806
1471817
1471824
1471828
1471843
1471844
1471859
1477820
1477827
1477836
1477855
1477858
1477880
1371995
1371996
1371997
1371998
1371999
1372360
1372361
1372362
1372363
1372364
1372365
1372366
1372367
1372368
1372369
1372760
1372761
1372762
1372763
1372764
1375050
1375051
1375052
1375053
1375054
1375055
1375056
1375057
1375058
1375059
1375195
1375196
1375197
1375198
1375199
1880753
1881180
1881321
1881325
1881331
1881376
1881377
1881379
1881383
1881394
1881397
1881407
1881438
1881440
1881672
1881995
1881996
1881997
1882300
1882301
1882302
1882303
1882304
1882447
1882448
1882548
1882549
1889986
1750753
1752055
1756531
1756532
1756533
1756534
1756535
1756536
1756537
1756538
1756539
1321753
1322620
1322621
1322960
1322970
1323230
1323231
1323232
1323233
1325753
1326780
1326781
1326782
1328675
1328676
1328677
1328678
1328679
1910753
1912810
1912811
1912812
1912813
1912814
1912815
1912816
1912817
1912818
1912819
1912842
1912843
1912844
1650753
1651753
1980753
1981211
1981449
1982013
1982015
1982075
1982096
1983009
1983024
1983045
1983071
1983098
1983581
1984228
1984921
1984963
1984990
1985455
1985488
1986430
1986459
1986466
1986523
1986569
1986621
1986623
1986748
1986801
1986802
1986813
1986815
1987411
1987530
1988603
1988620
1988636
1989682
1989806
1840209
1840665
1840753
1842005
1842008
1842024
1842025
1842026
1842035
1842042
1842046
1847505
1847506
1847509
1847513
1847519
1847521
1847523
1847533
1847551
1847553
1847577
1847618
1847627
1847642
1847643
1847684
1570753
1571826
1572415
1572821
1572877
1576601
1576611
1576618
1576621
1576623
1576634
1576636
1576637
1576678
1576705
1576718
1576723
1576751
1576770
1576774
1576777
1576778
1576789
1576819
1576828
1576830
1870753
1871812
1871813
1871814
1871881
1871889
1871894
1871895
1871934
1871935
1660753
1667530
1667531
1669816
1669817
1669818
1669819
1380236
1382380
1382381
1382382
1382383
1382384
1382385
1382386
1382387
1382388
1382389
1382455
1382456
1382457
1382458
1382459
1382590
1382591
1382592
1382593
1382594
1382595
1382596
1382597
1382598
1382599
1382660
1382661
1382662
1382663
1382664
1382665
1382666
1382667
1382668
1382669
1730753
1730860
1730861
1732476
1735300
1735301
1737671
1311240
1311241
1311242
1311243
1311244
1311245
1311246
1311247
1311248
1311249
1312617
1313800
1313801
1313802
1313803
1313804
1313805
1313806
1313807
1313809
1314862
1316810
1316811
1316920
1316921
1316922
1316923
1316924
1317870
1317871
1317872
1317873
1317874
1318990
1318991
1318992
1318993
1318994
1318995
1318996
1318997
1318998
1318999
1760753
1768859
1580753
1581290
1581291
1581292
1581293
1581294
1581295
1581900
1581901
1581902
1581903
1582035
1582039
1587670
1587671
1587672
1587673
1589998
1341120
1341121
1341122
1341123
1341124
1341125
1341126
1341127
1341128
1341129
1342100
1342101
1342102
1342103
1342104
1343010
1343011
1343012
1343013
1343014
1343015
1343016
1343017
1343018
1343019
1343180
1343181
1343182
1343183
1343184
1345070
1345071
1345072
1345073
1345074
1820072
1820093
1820095
1820661
1820753
1821128
1821146
1821154
1821813
1821838
1821856
1821878
1821885
1821904
1821905
1821929
1821936
1821940
1821941
1510753
1511346
1511347
1511348
1511349
1511930
1511931
1511932
1511933
1511934
1511935
1511936
1511937
1511938
1780203
1780652
1780664
1780666
1780673
1781151
1781753
1781778
1781793
1781806
1781870
1781880
1781912
1781913
1781923
1781927
1782000
1782006
1782007
1782016
1782034
1782036
1782043
1782048
1782598
1782702
1782704
1782717
1782738
1782739
1782769
1782784
1782785
1782787
1782789
1783164
1784186
1784187
1786803
1786805
1787505
1787506
1787513
1787521
1787527
1787530
1787533
1787551
1787561
1787573
1787577
1787586
1787593
1787602
1787618
1787627
1787636
1787642
1787654
1787677
1787684
1788052
1788077
1788862
1789663
1850753
1857530
1560278
1566031
1566032
1566033
1566034
1569753
1990255
1990256
1990257
1990258
1990259
1992611
1992612
1992613
1992614
1992615
1992616
1992617
1992618
1992619
1713753
1715753
1716753
1717753
1717884
1717992
1330278
1331812
1331813
1331814
1331815
1331816
1332265
1332266
1333270
1333271
1333272
1333273
1333274
1333275
1336096
1337650
1337753
1338077
1890278
1892300
1892301
1892302
1892303
1892304
1892447
1892448
1893345
1893346
1893360
1893361
1893362
1894880
1894881
1899869
1899870
1899877
1362247
1362294
1362295
1362297
1364039
1364250
1364251
1364308
1364309
1367078
1367079
1367080
1367081
1367082
1367083
1367084
1367085
1367086
1367087
1367088
1367089
1369085
1369086
1369087
1369088
1369089
1530753
1532302
1532303
1532304
1532305
1534766
1534767
1536195
1536196
1536197
1536198
1536199
1800753
1802350
1802351
1802352
1802353
1802354
1802355
1802356
1802357
1802358
1802359
1802583
1802770
1802771
1802772
1802945
1803329
1803855
1803856
1803857
1803858
1803859
1808885
1830001
1830012
1830753
1831223
1831238
1831265
1831269
1831278
1831284
1831285
1831287
1831676
1831679
1831694
1831819
1831820
1831821
1831883
1831925
1831926
1831929
1831930
1831931
1831966
1831970
1831971
1831990
1832021
1832022
1832023
1832024
1832025
1832026
1832047
1834415
1834416
1834419
1834437
1500753
1501455
1501456
1501624
1501625
1501626
1501627
1501628
1501629
1501780
1501781
1508945
1508946
1508947
1508948
1508949
1350012
1350233
1350235
1350237
1350252
1350253
1350254
1350909
1353670
1353671
1353672
1353673
1353674
1353915
1353916
1353917
1353918
1353919
1354320
1354321
1354322
1354323
1354324
1354910
1354911
1354912
1354913
1354914
1354915
1354916
1354917
1354918
1354919
1356095
1356096
1356097
1356098
1356099
1452948
1452949
1454839
1457409
1457428
1457429
1457439
1457917
1458753
1459096
1459097
1459098
1459099
1770753
1772201
1772279
1772438
1772584
1772873
1772893
1776882
1590753
1591490
1591491
1591492
1591650
1591651
1591652
1591653
1591654
1591793
1591794
1598645
1598646
1598647
1598648
1598649
1300528
1300529
1301877
1301878
1302528
1302529
1303574
1303575
1303576
1303577
1303578
1303579
1304825
1304826
1304827
1304828
1304829
1306070
1306071
1306072
1306073
1306074
1307510
1307511
1307512
1307513
1307514
1307515
1307516
1307517
1307518
1307519
1671753
1672753
1673753
1390278
1392300
1392301
1392302
1392303
1392304
1392447
1392448
1552197
1860753
1866667
1867530
1867531
1867532
1867533
1867534
1867535
1867536
1867537
1867539
1867590
1868853
