1800954
1809526
1809536
1809537
1809540
1809541
1809542
1809543
1809544
1809545
1809546
1530954
1530959
1534954
1534959
1537954
1537959
1537966
1537967
1361954
1362954
1363954
1364952
1364953
1364954
1364956
1364957
1890954
1899540
1899541
1899542
1899543
1899544
1330954
1332354
1336954
1338954
1338959
1715954
1715956
1716954
1717954
1990954
1994444
1994445
1997653
1997654
1999504
1999540
1999541
1999544
1999557
1999558
1999559
1560954
1560959
1569504
1850954
1850959
1859504
1859519
1780954
1780959
1780964
1781114
1781118
1781124
1781134
1781139
1784824
1788774
1789954
1860954
1860959
1869540
1869541
1869542
1869543
1869544
1550084
1550954
1550955
1550964
1559539
1559544
1559545
1559554
1390954
1399504
1399514
1399524
1399534
1399544
1671954
1672954
1673954
1673958
1673959
1300794
1300795
1303795
1307954
1309954
1590954
1590957
1590964
1590969
1770954
1770959
1771186
1775234
1775244
1779540
1779541
1779542
1779543
1779544
1779545
1779546
1779547
1779548
1779549
1452874
1454628
1454637
1459705
1459706
1459707
1459708
1459709
1351954
1500864
1500954
1500959
1500964
1830954
1830956
1830964
1839504
1839506
1839514
1839524
1570954
1570956
1570964
1571954
1572954
1576954
1576964
1840844
1840846
1840847
1840864
1840868
1840954
1840956
1840959
1840964
1840968
1846504
1846508
1846514
1846516
1846517
1980954
1980964
1980969
1981422
1989504
1989514
1989964
1989968
1650262
1650954
1652514
1655954
1656954
1910954
1919519
1320954
1323954
1325954
1325964
1328954
1328959
1329954
1329959
1750954
1759504
1759506
1759514
1759524
1759534
1759544
1880954
1880964
1889504
1889514
1889516
1889524
1370954
1470954
1470964
1470966
1476054
1479504
1810954
1815244
1815253
1815254
1815255
1815256
1815257
1815258
1815259
1816154
1816169
1816914
1816917
1816918
1816919
1816954
1816956
1819504
1819506
1819524
1819540
1819541
1819542
1819543
1819544
1819545
1819546
1819547
1819548
1819549
1520264
1520954
1520964
1522624
1529694
1529696
1510954
1510959
1510964
1510969
1512184
1512194
1820954
1820959
1820964
1820969
1829504
1829514
1829524
1829529
1829534
1829544
1829554
1829556
1829564
1340954
1346954
1346964
1580954
1580959
1580964
1580969
1582534
1582539
1760954
1760959
1769504
1769514
1769644
1313954
1319504
1730954
1730959
1734125
1734126
1739540
1739541
1739542
1739543
1739544
1739545
1739546
1739547
1739548
1739549
1739554
1739559
1389504
1389514
1389534
1389544
1660954
1669504
1669507
1669519
1669527
1669530
1870954
1870964
1879504
1879514
1879524
1879534
