1321759
1322622
1322623
1322624
1322625
1322626
1322950
1322951
1322952
1322953
1322954
1322955
1322956
1322957
1323265
1323266
1323267
1323268
1323269
1323270
1323271
1323272
1323273
1323274
1324650
1324651
1324652
1324653
1325040
1325041
1325759
1326640
1326641
1326642
1326643
1326644
1326785
1326786
1326787
1326788
1326789
1328695
1328696
1328697
1328698
1328699
1910669
1910759
1912587
1912588
1912802
1912803
1912804
1912805
1912806
1912807
1912808
1912840
1700759
1700958
1701715
1701716
1701717
1701718
1702282
1702283
1708928
1708929
1708930
1708931
1708932
1708933
1708934
1980678
1980684
1980686
1980687
1980689
1980759
1981205
1981443
1982001
1982011
1982049
1982067
1982094
1982097
1983007
1983037
1983054
1983075
1983080
1983271
1983279
1983282
1983284
1983585
1984906
1984924
1984933
1984945
1984950
1984958
1986019
1986021
1986023
1986408
1986415
1986443
1986491
1986509
1986524
1986550
1986564
1986580
1986597
1986649
1986654
1986657
1986701
1986702
1986703
1986705
1986731
1987590
1987591
1987592
1987593
1987594
1987595
1987596
1987829
1987830
1987831
1987832
1987835
1987836
1987838
1987839
1988091
1988609
1988625
1988651
1989686
1989812
1989821
1989831
1989851
1989861
1650759
1651759
1653031
1840206
1840668
1840759
1842000
1842009
1842012
1842014
1842029
1842030
1842031
1842032
1842034
1842039
1842043
1842047
1847578
1847579
1847589
1847590
1847591
1847592
1847593
1847594
1847595
1847596
1847597
1847598
1847599
1847604
1847606
1847607
1847609
1847629
1847630
1847631
1847638
1847647
1847660
1847661
1847664
1847666
1847667
1847672
1847673
1847680
1847681
1847682
1847683
1847692
1847693
1847694
1847697
1570209
1570750
1570751
1570756
1570759
1571830
1572837
1572861
1572878
1576624
1576627
1576633
1576638
1576639
1576640
1576647
1576650
1576651
1576652
1576653
1576654
1576657
1576663
1576666
1576670
1576671
1576674
1576681
1576685
1576697
1576701
1576708
1576710
1576719
1576739
1576743
1576749
1576758
1576762
1576779
1576782
1576790
1576796
1576804
1576808
1576812
1576823
1576835
1576837
1576844
1576850
1576853
1576859
1576862
1576867
1576871
1576875
1576884
1576886
1577506
1577507
1520759
1521819
1521820
1521821
1521822
1521823
1521824
1521825
1521826
1521827
1521920
1521921
1521922
1521923
1521924
1521925
1521926
1521927
1521928
1521929
1521958
1521959
1810759
1812442
1812590
1812591
1812592
1812593
1812809
1814442
1814443
1814881
1471474
1471507
1471539
1471587
1471599
1471605
1471805
1471816
1471822
1471833
1471841
1477800
1477807
1477812
1477822
1477829
1477837
1477861
1477862
1477866
1477872
1477883
1370247
1370268
1370269
1370272
1370273
1370287
1370288
1370963
1372470
1372471
1372472
1372473
1372474
1372475
1372476
1372477
1372478
1372479
1372690
1372691
1372692
1372693
1372694
1372900
1372901
1372902
1372903
1372904
1372905
1372906
1372907
1372908
1372909
1372910
1372911
1372912
1372913
1372914
1372915
1372916
1372917
1372918
1372919
1376300
1376301
1376302
1376303
1376304
1376305
1376306
1376307
1376308
1376309
1379095
1379096
1379097
1379098
1379099
1750759
1752051
1752052
1752053
1752054
1756591
1756592
1756593
1756594
1756595
1756596
1756597
1756598
1757511
1757664
1757665
1757666
1757667
1757680
1757681
1757682
1757683
1880250
1880257
1880759
1881332
1881342
1881361
1881362
1881363
1881365
1881366
1881381
1881400
1881421
1881423
1881425
1881426
1881429
1881442
1881670
1882043
1882044
1882062
1882063
1882064
1882065
1882066
1882067
1882068
1882069
1882070
1882081
1882082
1882083
1882440
1882478
1882479
1882667
1882668
1882669
1887593
1887594
1887595
1887596
1887597
1887598
1887599
1889831
1889834
1889837
1889852
1889866
1889868
1889886
1760759
1766529
1766689
1767616
1767617
1767618
1767619
1767650
1767651
1767652
1767653
1768808
1580759
1581170
1581171
1581230
1581231
1581232
1581233
1581234
1581235
1581236
1581237
1581238
1581239
1581600
1581601
1581602
1581603
1581604
1581605
1581606
1581607
1581608
1581609
1581610
1581611
1581612
1581613
1587590
1587591
1587592
1587593
1587594
1587595
1587596
1587597
1587598
1587599
1587636
1587637
1587638
1587639
1588983
1341360
1341361
1341362
1341363
1341364
1341365
1341366
1341367
1341368
1341369
1341485
1341486
1341487
1341488
1341489
1341490
1341491
1341492
1341493
1341494
1341495
1341496
1341497
1341498
1341499
1342010
1342011
1342012
1342013
1342014
1342015
1342016
1342017
1342018
1342019
1342170
1342171
1342172
1342173
1342174
1342810
1342811
1342812
1342813
1342814
1343280
1343281
1343282
1343283
1343284
1343285
1343286
1343287
1343288
1343289
1343460
1343461
1343462
1343463
1343464
1343465
1343466
1343467
1343468
1343469
1343520
1343521
1343522
1343523
1343524
1343785
1343786
1343787
1343788
1343789
1820077
1820086
1820759
1821124
1821127
1821129
1821151
1821815
1821824
1821825
1821837
1821843
1821845
1821859
1821864
1821873
1821875
1821879
1821884
1821886
1821887
1821894
1821898
1821910
1821930
1821939
1821943
1821947
1824492
1824493
1510759
1511356
1511357
1511358
1511359
1511360
1511361
1511927
1511928
1511950
1511951
1511952
1511953
1511954
1511955
1511956
1511957
1511958
1511959
1870206
1870750
1870759
1871818
1871819
1871820
1871821
1871827
1871834
1871880
1871909
1871910
1871915
1871916
1871942
1660759
1662645
1662646
1662647
1662648
1662649
1662650
1662651
1662652
1662653
1662654
1662655
1662656
1662657
1662658
1662659
1662660
1662661
1662662
1662663
1662664
1667590
1667591
1667592
1667593
1667594
1667595
1380234
1380282
1380973
1380975
1382250
1382251
1382252
1382253
1382254
1382255
1382256
1382257
1382258
1382259
1382480
1382481
1382482
1382483
1382484
1382710
1382711
1382712
1382713
1382714
1382715
1382716
1382717
1382718
1382719
1382820
1382821
1382822
1382823
1382824
1382825
1382826
1382827
1382828
1382829
1730759
1730821
1732241
1732291
1732577
1732590
1732591
1732592
1732593
1732594
1733605
1733606
1734280
1734281
1310490
1310491
1310492
1310493
1310660
1310661
1310662
1310663
1310664
1312490
1312491
1312492
1312493
1312494
1312495
1312496
1312497
1312498
1312499
1314932
1314933
1316812
1316813
1316910
1316911
1316912
1316913
1317855
1317856
1317857
1317858
1317859
1318945
1318946
1318947
1318948
1318949
1318980
1318981
1318982
1318983
1318984
1890081
1890082
1890083
1890084
1890250
1890257
1892206
1892207
1892208
1892209
1892440
1892469
1892760
1892761
1892762
1892763
1892764
1892765
1892766
1892767
1892768
1892769
1893376
1893377
1893378
1893379
1893380
1893381
1893382
1893400
1893401
1893402
1893403
1893404
1893421
1893422
1893423
1893424
1893840
1893841
1893842
1899871
1899872
1899879
1952759
1360037
1360038
1361037
1361038
1361039
1362043
1362044
1365284
1365285
1365286
1365287
1365288
1365289
1365970
1365971
1365972
1365973
1365974
1365975
1365976
1365977
1365978
1365979
1367095
1367096
1367097
1367098
1367099
1367145
1367146
1367147
1367148
1367149
1369230
1369231
1369232
1369233
1369234
1369235
1369236
1369237
1369238
1369239
1369240
1369241
1369242
1369243
1369244
1369245
1369246
1369247
1369248
1369249
1530291
1530759
1532219
1532250
1532251
1532252
1532253
1532254
1534756
1534757
1536070
1536071
1536072
1536073
1536074
1536110
1536111
1536112
1536113
1536114
1536115
1536116
1536117
1536118
1536119
1536190
1536191
1536192
1536193
1536194
1538260
1538261
1538262
1538263
1538264
1538265
1538266
1538267
1538268
1538269
1800097
1800759
1802260
1802261
1802262
1802263
1802264
1802265
1802266
1802267
1802268
1802269
1802498
1802840
1802841
1802842
1802843
1802844
1803334
1850759
1857590
1857591
1857592
1857593
1857594
1857595
1857596
1857597
1857810
1857811
1857812
1857813
1857814
1780201
1780658
1780675
1781172
1781173
1781175
1781702
1781714
1781722
1781734
1781738
1781746
1781767
1781776
1781789
1781796
1781817
1781836
1781860
1781881
1781908
1781925
1782003
1782014
1782029
1782033
1782041
1782042
1782047
1782096
1782097
1782273
1782518
1782522
1782523
1782524
1782543
1782550
1782552
1782556
1782599
1782718
1782720
1782721
1782722
1782723
1782724
1782725
1782726
1782727
1782728
1782737
1782745
1782746
1782749
1782771
1782772
1784140
1784141
1784142
1784143
1784144
1784145
1784146
1784147
1784148
1784149
1784150
1784151
1784152
1784153
1784154
1784689
1784690
1784691
1784692
1784693
1787501
1787512
1787519
1787524
1787558
1787569
1787578
1787583
1787590
1787597
1787604
1787606
1787613
1787619
1787629
1787635
1787644
1787664
1787672
1787681
1787694
1787697
1788053
1788078
1788863
1789658
1560250
1560257
1562206
1562207
1562208
1562209
1566037
1566038
1566039
1569759
1990272
1990273
1990302
1990303
1990304
1992483
1992710
1992730
1992731
1992732
1992733
1992775
1713759
1715759
1716759
1717487
1717488
1717759
1717963
1717965
1717967
1717968
1718759
1719038
1719039
1719489
1719759
1330250
1330257
1331801
1331802
1331803
1331804
1332650
1332651
1333650
1333651
1335650
1335651
1335652
1335653
1335654
1336010
1336011
1336012
1336070
1336071
1337670
1337671
1337672
1337759
1338090
1338091
1300560
1300561
1300562
1300563
1301056
1301858
1301859
1302560
1302561
1302562
1302563
1303015
1303016
1303017
1303018
1303019
1304620
1304621
1304622
1304623
1304624
1305834
1305835
1305836
1305837
1305838
1305839
1307820
1307821
1307822
1307823
1307824
1307825
1307826
1307827
1307828
1307829
1726614
1671759
1672759
1673759
1390250
1390257
1392206
1392207
1392208
1392209
1392440
1552169
1860759
1866575
1866576
1866577
1866578
1866579
1866670
1866671
1866672
1866673
1866674
1867598
1867599
1868808
1868837
1868859
1830016
1830018
1830664
1830759
1831209
1831210
1831213
1831215
1831216
1831268
1831270
1831271
1831272
1831273
1831275
1831280
1831647
1831663
1831678
1831688
1831809
1831810
1831812
1831818
1831859
1831909
1831910
1831912
1831913
1831927
1831933
1831934
1831937
1831940
1831953
1832027
1832028
1832029
1832030
1832031
1832032
1832033
1832035
1832036
1832037
1832038
1832039
1832042
1832043
1832048
1832049
1834405
1834406
1834409
1834417
1834426
1834453
1500759
1501340
1501440
1501441
1501442
1501443
1501460
1501640
1501641
1501642
1501643
1501644
1501645
1501646
1501647
1501648
1501735
1501736
1501737
1501738
1501739
1501804
1501805
1501855
1501856
1501857
1501858
1501859
1508814
1508979
1350990
1350993
1353100
1353101
1353102
1353103
1353104
1353105
1353106
1353107
1353108
1353109
1353110
1353111
1353112
1353113
1353114
1353635
1353636
1353637
1353638
1353639
1353640
1353641
1353642
1353643
1353644
1354200
1354201
1354202
1354203
1354204
1354205
1354206
1354207
1354208
1354209
1354350
1354351
1354352
1354353
1354354
1354355
1354356
1354357
1354358
1354359
1355345
1355346
1355347
1355348
1355349
1355350
1355351
1355352
1355353
1355354
1355355
1355356
1355357
1355358
1355359
1356050
1356051
1356052
1356053
1356054
1359000
1359001
1359002
1359003
1359004
1359005
1359006
1359007
1359008
1359009
1452970
1452971
1453937
1453938
1453939
1454696
1454697
1454698
1454699
1454825
1457919
1458759
1458953
1458954
1458955
1458956
1770309
1770759
1771884
1771885
1772219
1772227
1772414
1772599
1772829
1772845
1772856
1772869
1778885
1590013
1590014
1590015
1590016
1590017
1590018
1590019
1590759
1591350
1591351
1591352
1591353
1591354
1591355
1591356
1591357
1591358
1591359
1591755
1591756
1591757
1591758
1591759
1597590
1597591
1597592
1597593
1597594
1597595
1597596
1597597
1597598
1597599
1597680
1597681
1597682
1597683
1597684
