1732058
1734345
1736241
1736250
1736415
1736424
1737150
1737151
1737152
1737153
1737166
1737167
1738630
1311704
1311715
1311716
1313594
1313595
1313596
1314724
1316569
1317740
1317741
1317742
1317743
1317744
1319740
1319741
1319742
1870724
1872776
1872777
1872778
1872779
1872780
1872781
1872782
1872783
1872784
1872785
1872786
1877125
1877126
1877127
1877128
1877129
1877130
1877131
1380724
1387215
1387216
1387217
1387218
1387219
1388650
1388651
1388652
1388653
1388654
1660724
1660862
1667154
1667155
1667156
1667157
1667158
1510724
1517159
1517272
1517273
1517274
1517275
1820724
1827111
1827112
1827113
1827218
1827219
1580724
1582790
1582791
1582792
1587194
1587195
1587200
1587201
1587202
1587203
1587204
1587205
1587206
1587207
1587208
1587276
1587277
1587278
1587279
1587280
1587281
1587282
1587283
1587284
1587285
1587286
1587287
1760724
1767130
1767131
1768398
1345108
1345109
1345110
1345111
1347687
1347688
1347689
1347690
1347691
1347692
1347693
1347694
1347695
1347776
1347777
1347778
1347779
1470724
1477181
1477182
1370724
1378992
1379722
1379723
1379724
1379725
1379779
1379780
1880724
1882730
1882731
1882732
1887150
1887151
1887152
1887153
1887282
1887283
1887284
1750724
1751270
1751271
1751272
1751273
1757156
1757157
1757158
1757159
1757160
1757161
1757162
1757163
1810715
1812036
1812049
1815448
1816249
1816296
1816359
1816414
1817180
1817181
1817186
1817187
1817188
1817189
1818652
1818653
1818654
1520724
1527124
1527125
1527126
1527127
1527128
1527129
1527130
1527206
1527207
1527208
1527265
1527266
1527267
1527268
1527269
1527270
1527271
1527272
1527273
1527274
1650715
1651715
1655260
1655981
1980715
1981382
1987132
1987133
1987179
1987180
1987181
1987210
1987211
1988835
1571724
1572715
1577105
1579735
1579736
1840715
1842715
1847135
1847136
1847161
1910867
1910868
1917144
1917249
1917294
1917295
1917296
1917297
1917298
1917299
1918630
1918631
1918632
1918633
1918634
1918635
1918636
1918637
1918638
1918639
1321715
1322720
1322721
1322723
1323556
1323557
1323558
1324724
1325715
1325720
1327715
1329767
1329768
1701042
1701043
1701544
1701545
1705682
1706785
1706786
1707260
1707261
1707262
1707263
1708260
1350864
1354557
1354558
1354559
1354560
1354561
1452715
1454491
1457384
1458627
1458628
1458629
1590724
1592692
1592693
1597156
1597157
1597238
1597239
1597240
1597248
1597249
1597250
1597251
1599792
1599793
1599794
1599795
1599796
1599797
1599798
1599799
1770715
1772031
1772032
1772033
1772034
1776278
1776279
1776280
1776427
1777150
1777151
1777152
1777153
1777154
1779831
1500724
1502736
1502737
1502738
1502739
1830715
1837150
1837151
1837152
1837153
1837154
1837270
1837271
1837272
1837273
1837274
1837275
1837276
1390724
1397180
1397181
1397182
1397281
1397282
1397283
1397284
1397285
1398661
1398662
1398663
1399750
1399751
1399752
1399753
1399754
1671715
1672715
1673715
1860724
1860868
1867115
1867116
1867150
1867151
1867152
1867153
1867154
1867155
1867156
1867157
1867158
1867159
1867413
1867429
1869609
1869624
1550724
1554990
1554991
1554992
1557149
1557150
1557151
1557152
1557153
1557154
1557155
1557156
1557157
1557158
1557159
1558678
1558679
1558680
1558681
1558789
1303617
1303618
1303619
1304277
1308527
1309419
1309835
1728226
1728227
1713715
1715715
1716715
1716726
1716727
1716728
1716729
1717715
1718715
1719274
1719715
1719716
1719717
1330724
1331724
1332998
1332999
1333987
1333988
1336715
1337784
1338716
1338717
1339613
1560724
1561491
1562947
1562948
1562991
1562992
1562993
1562994
1562995
1562996
1562997
1562998
1567180
1567181
1567182
1569729
1780723
1784784
1786627
1786645
1787113
1787125
1787171
1787172
1787173
1788688
1850724
1857290
1857291
1857292
1857296
1857297
1857298
1990724
1994786
1997123
1997124
1997125
1997126
1997127
1997246
1997290
1997291
1998660
1998661
1800724
1806232
1806233
1806420
1807125
1807126
1807187
1808617
1530724
1532780
1532781
1532782
1533418
1533419
1533594
1533595
1533736
1534261
1534262
1534263
1534264
1534265
1534266
1537457
1537458
1537459
1537715
1537716
1537717
1537718
1537719
1537720
1539166
1539167
1890724
1893468
1893469
1894296
1897180
1897181
1897182
1897281
1897282
1897283
1897284
1897285
1898661
1898662
1898663
1899581
1899582
1361715
1366908
1367715
1368714
1953386
1957122
1957123
1957124
1957125
1957126
