1300142
1300182
1301146
1301147
1301196
1301197
1301218
1301326
1302142
1302182
1303143
1303186
1303187
1303188
1304313
1308184
1308185
1308186
1308187
1308188
1308453
1309134
1309136
1309137
1309138
1671335
1671609
1671610
1671611
1671612
1671613
1671614
1671615
1671616
1671617
1671618
1671619
1672335
1673335
1674040
1674041
1674042
1674043
1674044
1674335
1390333
1390334
1390335
1393030
1393031
1393032
1393033
1393034
1393035
1393036
1393037
1393038
1393039
1393350
1393351
1393352
1393353
1393354
1393355
1393356
1393357
1393358
1393359
1393360
1393361
1393362
1393363
1393364
1393365
1393366
1393367
1393368
1393369
1393379
1393390
1393391
1393395
1393396
1550335
1551205
1551206
1551207
1551208
1551209
1553350
1553351
1553352
1553353
1553354
1860335
1860336
1860337
1860338
1860339
1861745
1861746
1861781
1861782
1861783
1861784
1863030
1863031
1863032
1863033
1863034
1863035
1863036
1863037
1863038
1863039
1863046
1863047
1863056
1863057
1863350
1863351
1863352
1863353
1863354
1863355
1863356
1863357
1863358
1863359
1869427
1623346
1623347
1623349
1623351
1623352
1830335
1833035
1833036
1833037
1833038
1833039
1833250
1833251
1833252
1833253
1833254
1833255
1833256
1833257
1833258
1833259
1833350
1833351
1833352
1833353
1833354
1833355
1833356
1833357
1833358
1833359
1500334
1500335
1502856
1502857
1502858
1502859
1503043
1503044
1503145
1503146
1503230
1503231
1503232
1503233
1503235
1503236
1503237
1503238
1503239
1503335
1503350
1503351
1503352
1503353
1503354
1503355
1503356
1503357
1503358
1503359
1507600
1507601
1507602
1507603
1507604
1507605
1507606
1507607
1507608
1507609
1507620
1507648
1507649
1450204
1450205
1450206
1450207
1450208
1450209
1452133
1452145
1452168
1452169
1454124
1454133
1455703
1350323
1350335
1351309
1351334
1351335
1351336
1358240
1358245
1358280
1770333
1770334
1770335
1771715
1773267
1773268
1773269
1773290
1773326
1773328
1773340
1773341
1773342
1773343
1773350
1773351
1773352
1773353
1773354
1773355
1773356
1773357
1773358
1773359
1774373
1774986
1777254
1777255
1777256
1777257
1777258
1777259
1778829
1590333
1590335
1590336
1590337
1590338
1590339
1593003
1593059
1593335
1593350
1890333
1890334
1890335
1893134
1893135
1893190
1893255
1893256
1893257
1893258
1893259
1894268
1953454
1360323
1360335
1361334
1361335
1361337
1361338
1362334
1362335
1363333
1363335
1364335
1364336
1365335
1365336
1530328
1530334
1530335
1533333
1533334
1533335
1534315
1535087
1535088
1535089
1535433
1535434
1535436
1536968
1536969
1536970
1536971
1536972
1536973
1536974
1537335
1537360
1537361
1538382
1538384
1538388
1538392
1538398
1800033
1800034
1800069
1800333
1800334
1800335
1803125
1803143
1803145
1803165
1803166
1803195
1803196
1803350
1803351
1803352
1803353
1803354
1803355
1803356
1803357
1803358
1803359
1803440
1803441
1803442
1803443
1850330
1850331
1850332
1850333
1850334
1850335
1850336
1850337
1850338
1850339
1853200
1853201
1853202
1853203
1853204
1853205
1853350
1853351
1853352
1853353
1853354
1853355
1853356
1853357
1853358
1853359
1780333
1780334
1780335
1783104
1783118
1783135
1783158
1783255
1783273
1783283
1783284
1783285
1783286
1783295
1783296
1788654
1789748
1789749
1560330
1560331
1560332
1560333
1560334
1560335
1560336
1560337
1560338
1560339
1569005
1569006
1569007
1569480
1569491
1990333
1990334
1990335
1993270
1993271
1993272
1993273
1993280
1993281
1993282
1993283
1993284
1993363
1993364
1993385
1994845
1330327
1330328
1330335
1331333
1331334
1331335
1331535
1331536
1331537
1331538
1331539
1331565
1331566
1331567
1331568
1331569
1332328
1333328
1333330
1333331
1333332
1333333
1333334
1333335
1334328
1334333
1334334
1334335
1336335
1337327
1337328
1337335
1337344
1338327
1338328
1338335
1338360
1338365
1339320
1339330
1339334
1339335
1339865
1760335
1760336
1760338
1760339
1763335
1763336
1769246
1580335
1583035
1583335
1346335
1346336
1346337
1346338
1346339
1347299
1347384
1348293
1348297
1348298
1348299
1348335
1348336
1348337
1348338
1348339
1348347
1348358
1820335
1823005
1823027
1823028
1823029
1823030
1823031
1823032
1823033
1823035
1823037
1823039
1823043
1823044
1823045
1823235
1823236
1823237
1823238
1823239
1823350
1823351
1823352
1823353
1823354
1823355
1823356
1823357
1823358
1823359
1824465
1510035
1510334
1510335
1512850
1512851
1512852
1512853
1512854
1513350
1513351
1513352
1513353
1513354
1513355
1513356
1513357
1513358
1513359
1870335
1871270
1871271
1871272
1871273
1871274
1871275
1871276
1871277
1871278
1871279
1871350
1871351
1871352
1871353
1871354
1871355
1871356
1871357
1871358
1871359
1871600
1871601
1871602
1871603
1871604
1873340
1873341
1873342
1873343
1873344
1873345
1873346
1873347
1873348
1873349
1873350
1873351
1873352
1873353
1873354
1873355
1873356
1873357
1873358
1873359
1660330
1660331
1660332
1660333
1660334
1660335
1660336
1660337
1660338
1660339
1663050
1663051
1663052
1663053
1663054
1663055
1663056
1663057
1663058
1663059
1663254
1663255
1663256
1663257
1663258
1663259
1663350
1663351
1663352
1663353
1663354
1663355
1663356
1663357
1663358
1663359
1663390
1663391
1663392
1663450
1663451
1663452
1380033
1380324
1380335
1380338
1383350
1383351
1383352
1383353
1383354
1383355
1383356
1383357
1383358
1383359
1730335
1730336
1730337
1730338
1733143
1733144
1733270
1733271
1733272
1733350
1733351
1733352
1733353
1733354
1733355
1733356
1733357
1733446
1733447
1733448
1733633
1733634
1733635
1733644
1736745
1736746
1737091
1737092
1310250
1310251
1310252
1310253
1310254
1310335
1311140
1311141
1311142
1311143
1313350
1313351
1313352
1313353
1313354
1313355
1313356
1313357
1313358
1313359
1316556
1316651
1317172
1317182
1317196
1317197
1318012
1318013
1318014
1318027
1318059
1318472
1318492
1319180
1319181
1319182
1319183
1322330
1322331
1322332
1322333
1322334
1322335
1322336
1322337
1322338
1322339
1323030
1323031
1323032
1323033
1323034
1323035
1323036
1323037
1323038
1323039
1323090
1323091
1323092
1323093
1323094
1323137
1323138
1323139
1327335
1327336
1327337
1327338
1327339
1328345
1328346
1328347
1328348
1328349
1329230
1329231
1329232
1329233
1329234
1329235
1329236
1329237
1329238
1329239
1329315
1329316
1329317
1329318
1329319
1910335
1913136
1913350
1701326
1701327
1702074
1702075
1702362
1702363
1703603
1703604
1703605
1705719
1706570
1706571
1706572
1706573
1980304
1980328
1980335
1981311
1983158
1983159
1983187
1983189
1983223
1983236
1983246
1983255
1983350
1983351
1983352
1983353
1983354
1983355
1650112
1650115
1650279
1650335
1650850
1651057
1651241
1651335
1651607
1652399
1652663
1652829
1652835
1652836
1653338
1653350
1655191
1655195
1655196
1655552
1656012
1656105
1656223
1656507
1656842
1657081
1657335
1657541
1657568
1657589
1840334
1840335
1840336
1843250
1843251
1843252
1843253
1843254
1843255
1843256
1843257
1843258
1843259
1843293
1843294
1843295
1570330
1570331
1570332
1570333
1570334
1570335
1570336
1570337
1570338
1570339
1571090
1571091
1571092
1571093
1571094
1571095
1571096
1571097
1571098
1571099
1573350
1573351
1573352
1573353
1573354
1573355
1573356
1573357
1573358
1573359
1574033
1520334
1520335
1522724
1522725
1522726
1522727
1522728
1522729
1523035
1523230
1523231
1523232
1523233
1523234
1523235
1523236
1523237
1523238
1523239
1523301
1523304
1523305
1523350
1523351
1523352
1523353
1523354
1523355
1523356
1523357
1523358
1523359
1524345
1524346
1524347
1524348
1524349
1810333
1810334
1810335
1813217
1813350
1813351
1813352
1813353
1813354
1813385
1370323
1370335
1372254
1372255
1372256
1372257
1373033
1373035
1373134
1373139
1373176
1373177
1373178
1373179
1373335
1378033
1378034
1378035
1378036
1378037
1378038
1378047
1378056
1378058
1378406
1378419
1378449
1378450
1378451
1378452
1378507
1378591
1378592
1378593
1378599
1470335
1473005
1473015
1473055
1473114
1473115
1475637
1475638
1475639
1750335
1750336
1753136
1753137
1753138
1753139
1753150
1753151
1753152
1753153
1753154
1753155
1753156
1753157
1753158
1753159
1753347
1753348
1753349
1753350
1753351
1753352
1753353
1753354
1753355
1753356
1753357
1753358
1753359
1759250
1759251
1759252
1759253
1759254
1759255
1759256
1759257
1759258
1759259
1759438
1759439
1880335
1883035
1883036
1883037
1883038
1883039
1883045
1883046
1883047
1883048
1883049
1883350
1883351
1883352
1883353
1883354
1883355
1883356
1883357
1883358
1883359
1883380
1883381
1883382
1883383
1883384
1883385
1883386
1883387
1883388
1883389
1883397
1883398
1884935
1884936
1884937
1884938
1884939
1887560
1887561
1889490
1889491
1889492
1889493
1889494
