1570318
1571308
1571318
1571328
1571338
1571698
1573180
1573181
1573182
1573183
1573184
1573185
1573186
1573187
1573188
1573189
1573280
1573281
1573282
1573283
1573284
1573285
1573286
1573287
1573288
1573289
1573386
1573387
1573388
1573389
1840308
1840318
1840328
1843180
1843181
1843182
1843183
1843184
1843185
1843186
1843187
1843188
1843189
1843238
1843268
1843278
1843288
1980308
1980318
1980338
1981309
1983180
1983181
1983182
1983183
1983184
1983185
1983186
1983188
1983238
1983248
1983258
1983268
1983380
1983381
1983382
1983383
1983384
1983385
1983386
1983387
1983388
1983389
1984488
1984498
1986888
1650116
1650318
1651318
1651481
1651486
1651927
1652318
1652799
1652811
1652818
1652839
1653292
1653318
1653524
1655037
1655038
1656015
1656227
1656560
1656870
1657093
1657232
1657318
1657828
1701318
1701319
1702070
1702071
1910318
1910328
1323180
1323181
1323182
1323183
1323184
1323185
1323186
1323187
1323188
1323189
1325320
1325321
1325322
1325323
1325324
1325325
1325326
1325327
1325328
1325329
1327330
1327331
1327332
1327333
1327334
1329058
1329220
1329221
1329222
1329223
1329224
1329225
1329226
1329227
1329228
1329229
1750318
1753008
1753180
1753181
1753182
1753183
1753184
1753185
1753186
1753187
1753188
1753189
1753280
1753281
1753282
1753283
1753284
1753285
1753286
1753287
1753288
1753289
1753318
1753380
1753381
1753382
1753383
1753384
1753385
1753386
1753387
1753388
1753389
1753400
1753401
1753402
1753403
1753404
1753405
1753406
1753407
1753408
1753409
1759280
1759281
1759282
1759283
1759284
1759285
1759286
1759287
1759288
1759289
1880308
1880318
1880328
1880338
1881208
1881218
1883080
1883081
1883082
1883083
1883084
1883180
1883181
1883182
1883183
1883184
1883185
1883186
1883187
1883188
1883189
1883280
1883281
1883282
1883283
1883284
1883285
1883286
1883287
1883288
1883289
1884908
1884909
1884948
1884958
1887570
1887571
1370318
1372280
1372281
1372282
1372283
1373052
1373053
1373135
1373136
1373137
1375444
1375458
1378028
1378048
1378417
1378418
1378448
1378483
1378484
1378485
1378486
1378487
1378488
1378582
1378583
1378584
1378585
1378586
1378587
1378588
1378589
1378594
1470318
1470328
1473008
1473018
1473057
1475648
1475655
1475656
1475657
1475658
1810318
1810328
1810338
1813180
1813181
1813182
1813183
1813184
1813408
1520318
1520328
1520338
1523300
1523308
1523318
1523328
1523329
1529760
1529761
1529762
1529763
1529764
1529765
1529766
1529767
1529768
1529769
1510038
1510318
1510328
1510338
1512780
1512781
1512782
1512783
1512784
1512785
1512786
1512787
1512788
1512789
1513082
1513083
1513084
1513085
1513086
1513087
1513088
1513089
1513180
1513181
1513182
1513183
1513184
1513185
1513186
1513187
1513188
1513189
1513280
1513281
1513282
1513283
1513284
1513285
1513286
1513287
1513288
1513289
1517548
1517580
1517581
1517582
1517583
1517584
1517585
1517586
1517587
1517588
1517589
1519480
1519481
1820318
1820328
1820333
1820334
1820338
1823008
1823018
1823048
1823180
1823181
1823182
1823183
1823184
1823185
1823186
1823187
1823188
1823189
1823290
1823291
1823292
1823293
1823294
1823295
1823296
1823297
1823298
1823299
1824458
1824464
1340048
1340318
1340328
1340338
1345140
1345141
1346318
1346384
1347318
1347380
1347381
1347382
1347383
1348292
1348370
1348371
1348372
1580318
1580328
1580338
1583048
1583180
1583281
1583282
1583283
1583284
1583285
1583286
1583287
1583318
1583328
1583382
1583383
1583384
1760318
1763148
1763149
1763180
1763181
1763182
1763183
1763184
1763185
1763186
1763187
1763188
1763189
1763190
1763191
1763192
1763193
1763194
1763195
1763280
1763281
1763282
1763283
1763284
1763285
1763286
1763287
1763288
1763289
1763318
1763338
1769207
1769208
1769209
1769248
1769280
1769281
1769282
1769283
1769284
1769285
1769286
1769287
1769288
1769289
1310275
1310276
1310277
1310278
1310279
1310308
1310318
1310328
1310338
1313180
1313181
1313182
1313183
1313184
1313185
1313186
1313187
1313188
1313189
1313240
1313241
1313242
1313243
1313244
1316555
1316657
1317171
1317174
1317176
1318000
1318001
1318029
1318476
1318496
1318497
1319169
1319190
1730318
1730328
1733018
1733135
1733136
1733145
1733146
1733180
1733181
1733182
1733183
1733184
1733185
1733186
1733187
1733188
1733380
1733381
1733382
1733383
1733384
1733385
1733386
1733387
1733388
1733389
1733648
1734840
1734841
1734842
1734843
1734844
1734845
1734846
1734847
1734848
1734988
1736308
1736318
1736650
1736651
1380318
1383180
1383181
1383182
1383183
1383184
1383185
1383186
1383187
1383188
1383189
1383380
1383381
1383382
1383383
1383384
1383385
1383386
1383387
1383388
1383389
1660318
1663180
1663181
1663182
1663183
1663184
1663185
1663186
1663187
1663188
1663189
1663280
1663281
1663282
1663283
1663284
1663285
1663286
1663287
1663288
1663289
1663380
1663381
1663382
1663383
1663384
1663385
1663386
1663387
1663388
1663389
1663453
1663454
1663455
1663456
1663457
1663458
1663459
1870318
1870328
1870338
1873080
1873081
1873082
1873083
1873084
1873085
1873086
1873087
1873088
1873089
1873180
1873181
1873182
1873183
1873184
1873185
1873186
1873187
1873188
1873189
1873280
1873281
1873282
1873283
1873284
1873285
1873286
1873287
1873288
1873289
1800318
1800328
1800338
1803180
1803181
1803187
1803188
1803189
1803408
1803418
1803428
1803438
1803448
1530318
1530338
1532408
1532418
1532428
1532429
1532438
1532439
1533318
1533338
1534318
1535080
1535081
1535082
1535083
1535408
1535418
1535428
1536942
1536985
1536986
1536987
1536988
1536989
1536990
1536991
1536992
1537318
1537370
1537371
1537372
1537373
1537374
1538308
1538318
1538328
1538338
1538378
1360318
1361318
1362318
1362328
1362337
1362338
1363318
1363328
1364318
1365318
1365328
1366318
1366328
1366338
1953073
1954208
1890318
1890328
1893163
1893180
1893181
1893182
1893183
1893280
1893281
1893282
1330318
1330338
1331308
1331318
1331580
1331581
1331582
1331583
1331584
1331585
1331586
1332308
1332318
1333308
1333318
1334318
1336318
1336330
1336331
1336332
1336333
1336334
1337308
1337318
1337338
1337348
1338318
1338338
1338368
1339308
1339318
1339328
1990318
1990328
1993038
1993039
1993235
1993236
1993237
1993238
1993239
1993248
1993318
1993319
1993388
1994356
1994839
1560318
1561081
1561082
1561083
1561085
1561086
1561087
1561092
1561093
1561094
1561095
1561097
1561098
1561099
1561280
1561281
1561282
1561283
1561284
1561480
1561482
1561484
1563180
1563181
1563182
1563183
1563184
1563185
1563186
1563187
1563188
1563189
1563285
1563286
1563287
1563288
1563289
1563318
1563350
1563352
1563354
1563365
1569018
1569019
1569048
1569492
1850318
1853180
1853186
1853187
1853188
1853189
1853234
1853235
1853236
1853237
1853240
1853241
1780038
1780308
1780318
1780328
1783117
1783128
1783138
1783180
1783181
1783182
1783183
1783184
1783185
1783186
1783187
1783188
1783189
1783208
1783218
1783228
1783238
1783248
1783258
1783268
1783278
1783288
1788658
1788878
1789764
1860318
1861760
1861790
1861791
1861792
1861793
1861794
1861795
1863048
1863049
1863058
1863059
1863180
1863181
1863182
1863183
1863184
1863185
1863186
1863187
1863188
1863189
1863206
1863280
1863281
1863282
1863283
1863284
1863285
1863286
1863287
1863288
1863289
1863368
1863408
1863409
1550318
1550320
1550321
1550322
1550323
1550324
1550325
1550326
1550327
1550328
1550329
1551229
1551265
1551266
1551267
1551268
1551269
1551296
1551297
1551298
1551299
1553180
1553181
1553182
1553183
1553184
1553185
1553186
1553187
1553188
1553189
1553318
1553380
1553381
1553382
1553383
1553384
1390318
1390328
1393180
1393181
1393182
1393183
1393280
1393281
1393282
1393283
1393284
1393285
1393286
1393287
1393288
1393289
1671318
1671584
1671602
1671603
1671604
1671605
1671606
1672318
1673318
1674318
1300147
1301014
1301209
1301327
1302147
1303182
1303183
1303184
1303185
1304318
1308180
1308181
1308454
1309117
1309118
1309119
1590318
1590328
1593037
1593038
1593039
1593082
1593083
1593086
1593087
1593136
1593137
1593138
1593230
1593231
1593242
1593243
1593318
1593380
1593381
1593382
1593383
1593384
1593385
1770318
1771719
1773408
1774372
1774590
1774591
1774592
1774593
1774594
1774987
1778827
1450305
1450306
1450307
1450308
1450309
1452164
1452165
1452166
1452167
1454128
1454138
1455705
1350318
1351308
1351318
1358248
1358268
1500318
1500328
1500338
1502876
1502877
1502878
1502879
1502880
1502881
1502882
1503080
1503081
1503082
1503083
1503084
1503085
1503086
1503087
1503180
1503181
1503182
1503183
1503184
1503185
1503318
1507548
1507580
1507581
1507582
1507583
1507584
1507585
1507586
1507587
1507588
1507589
1507681
1507682
1507683
1507684
1507685
1508148
1509749
1830318
1833080
1833081
1833082
1833083
1833084
1833085
1833086
1833087
1833088
1833089
1833145
1833146
1833147
1833148
1833149
1833180
1833181
1833182
1833183
1833184
1833380
1833381
1833382
1833383
1833384
1623181
