1310820
1310843
1311834
1311835
1311836
1315494
1315495
1315496
1315876
1315877
1318364
1318365
1318366
1319476
1319834
1319835
1319836
1319862
1319870
1668337
1380816
1389030
1389031
1389032
1389033
1389034
1389035
1389036
1389037
1389038
1389039
1878330
1878331
1878332
1878333
1878334
1878335
1878336
1878337
1878338
1878339
1518220
1518221
1518222
1518223
1518224
1518330
1518331
1518332
1518333
1518334
1519645
1519646
1519647
1519648
1519649
1340406
1340407
1343860
1343861
1344016
1345875
1345876
1588330
1588331
1588332
1588333
1588334
1588430
1588431
1588432
1588433
1588434
1589270
1589271
1589272
1589273
1589274
1758218
1880820
1880821
1888215
1888216
1888217
1888218
1888219
1370816
1373490
1373491
1377880
1377881
1377882
1377883
1377884
1377885
1377886
1377887
1377888
1377889
1379550
1379551
1379552
1379553
1379554
1524480
1524481
1524482
1524483
1524484
1528230
1528231
1528232
1528233
1528234
1528235
1528236
1528237
1528238
1528239
1528373
1528374
1528375
1528376
1528377
1528378
1528379
1814045
1814046
1816017
1981289
1982731
1982732
1982733
1982734
1982798
1982799
1984850
1984851
1984852
1988129
1988130
1988131
1988132
1988133
1988157
1988269
1652752
1320837
1321945
1321973
1321974
1321975
1321976
1322840
1914049
1914050
1914051
1914052
1914053
1914054
1914055
1914056
1914057
1915050
1915051
1915052
1915053
1915054
1915055
1916070
1916071
1916072
1916073
1916074
1916075
1916076
1916077
1916078
1916079
1916080
1916081
1916274
1916297
1916298
1916299
1918036
1918037
1918330
1918331
1918332
1918333
1918334
1776496
1776544
1778074
1598330
1598331
1598332
1598333
1598334
1598430
1598431
1598432
1598433
1598434
1452828
1350807
1351840
1354096
1354765
1354766
1354767
1354768
1354769
1354822
1354823
1354824
1355050
1355051
1355052
1355053
1355054
1355055
1356824
1356825
1356830
1356831
1838143
1838144
1838145
1508232
1508233
1508234
1508235
1552039
1558332
1558397
1558398
1860822
1390903
1398036
1398037
1399030
1399031
1399032
1399033
1399034
1399035
1399036
1399037
1399038
1399039
1720820
1720821
1720822
1720823
1720824
1720825
1720829
1726089
1930823
1938330
1938331
1938332
1938333
1938334
1938335
1938336
1938337
1938338
1938339
1300641
1303644
1303660
1303661
1305641
1305660
1305661
1308647
1308648
1308838
1309602
1309607
1309625
1309641
1332093
1332095
1333093
1333095
1334093
1334095
1335043
1335052
1335053
1335070
1335071
1337835
1337836
1338824
1338825
1339814
1990903
1991546
1991547
1993860
1993861
1995050
1995051
1995052
1995053
1995054
1995055
1996070
1996071
1996072
1996073
1996074
1996075
1996076
1996077
1996078
1996079
1996140
1996141
1996142
1998036
1998037
1998260
1998261
1998262
1998263
1998264
1998265
1998266
1998267
1998268
1998269
1998289
1782820
1782821
1782823
1782824
1788300
1788301
1788302
1788303
1560903
1568036
1568037
1569285
1530903
1532874
1532875
1532876
1532877
1532878
1535132
1950008
1360816
1361819
1362814
1364813
1364814
1365814
1367821
1367964
1367965
1367966
1368824
1368825
1369607
1369608
1369837
1890903
1898036
1898037
1899030
1899031
1899032
1899033
1899034
1899035
1899036
1899037
1899038
1899039
