1713876
1715876
1716702
1716703
1716876
1717475
1717876
1718804
1719808
1719809
1719810
1719811
1330876
1331276
1332046
1336876
1337876
1338876
1339876
1560876
1568766
1568767
1568768
1568769
1569461
1780876
1784200
1784201
1784202
1784203
1784204
1786912
1786913
1786918
1786919
1786996
1787470
1787471
1787472
1787473
1850876
1858713
1990876
1994876
1994886
1994896
1998760
1998761
1998767
1998768
1998769
1998996
1999586
1999596
1800876
1808760
1808761
1808762
1808763
1808764
1808765
1808766
1808767
1808768
1808769
1808828
1808895
1530876
1533140
1533141
1533142
1533447
1534876
1536850
1536851
1536852
1536876
1539140
1539141
1539498
1539499
1539830
1539831
1539876
1890876
1898760
1898761
1898762
1898763
1898764
1360875
1361876
1361946
1362876
1364876
1365876
1368872
1368873
1368874
1350876
1357760
1357761
1357762
1357763
1357764
1357765
1357766
1357767
1357768
1357769
1452881
1454654
1459526
1459527
1459528
1459529
1590697
1590876
1591125
1591230
1591231
1591232
1591233
1591234
1591235
1591236
1591237
1591272
1591273
1596906
1596907
1596929
1598753
1598754
1598755
1598765
1598766
1598767
1598768
1598769
1770876
1778705
1778707
1778709
1778734
1778735
1778742
1778751
1778760
1778761
1778762
1778763
1778764
1778765
1778766
1778767
1778768
1500882
1500883
1500884
1501217
1501218
1501219
1502522
1502523
1502524
1502525
1502526
1502527
1502528
1502529
1509650
1509651
1509652
1830876
1831320
1831330
1831345
1831369
1838760
1838761
1838762
1838763
1838764
1838765
1838766
1838767
1838768
1838769
1838860
1838861
1838862
1838863
1838864
1838865
1838866
1838867
1838868
1390876
1398706
1860876
1868765
1868768
1868769
1550876
1303330
1308746
1309437
1309438
1309538
1309748
1309969
1470876
1473667
1473668
1473669
1476920
1476921
1476922
1476923
1476924
1476925
1476926
1476927
1476928
1476929
1476960
1476961
1476962
1476963
1476964
1476965
1476966
1476967
1476968
1476969
1478760
1478761
1478762
1478763
1478764
1478765
1478766
1478767
1478768
1478769
1478770
1478771
1478772
1478773
1478774
1376960
1376961
1376962
1376963
1376964
1880876
1884870
1884871
1884872
1884873
1884980
1886925
1886926
1888760
1888761
1888762
1888763
1888764
1888765
1888766
1888767
1888768
1888769
1889622
1889623
1889624
1889625
1889626
1889627
1889628
1889629
1889630
1889631
1889632
1889633
1889634
1889635
1889636
1889637
1889638
1889639
1750876
1758706
1810876
1816476
1816477
1818367
1818368
1818376
1818717
1818759
1818760
1818761
1818762
1818763
1818764
1818765
1818766
1818767
1818768
1818769
1520876
1528860
1528861
1528862
1528863
1528864
1528865
1528866
1528867
1528868
1528869
1980696
1980876
1981136
1981137
1981138
1981139
1981150
1981317
1986924
1986925
1986926
1986927
1986928
1988760
1988761
1988762
1988763
1988764
1988765
1988766
1988767
1988768
1988769
1570876
1575038
1575039
1575870
1575871
1575872
1575873
1575874
1575875
1575876
1575877
1575878
1575879
1575880
1575881
1575882
1575883
1575884
1575885
1575886
1575887
1575888
1575889
1576980
1576981
1576982
1576983
1576984
1576985
1576986
1576987
1576988
1576989
1579876
1840876
1846950
1846951
1846952
1846990
1846991
1846992
1846993
1846994
1848780
1848781
1848782
1848783
1848784
1848785
1848786
1848787
1848788
1910876
1916913
1918760
1918761
1918762
1320876
1321181
1323876
1707844
1707848
1707849
1708429
1730876
1730884
1730885
1738760
1738761
1738762
1738765
1738766
1738767
1311417
1311876
1315078
1317059
1318760
1318761
1318762
1318763
1870876
1878760
1878761
1388750
1388751
1388752
1388753
1388754
1388760
1388761
1388762
1388763
1388764
1388765
1388766
1388767
1388768
1388769
1388784
1388785
1660876
1510880
1510881
1510882
1510883
1510884
1512670
1512671
1512672
1512673
1512674
1512675
1512676
1512677
1512678
1512679
1512680
1512681
1512682
1512683
1512684
1512685
1512686
1512687
1512688
1512689
1512690
1512691
1512692
1512693
1512694
1512695
1512696
1512697
1512698
1512699
1518710
1518711
1518712
1518713
1518714
1518715
1518716
1518717
1518718
1518719
1518760
1518761
1518762
1518763
1518764
1518765
1518766
1518767
1518768
1518769
1519862
1519863
1519864
1828760
1828761
1828762
1828763
1828764
1828765
1828766
1828767
1828768
1828769
1581226
1581227
1581228
1581229
1588759
1589190
1589191
1589192
1589193
1760876
1768706
1340490
1340491
1340492
1340493
1340494
