1380674
1380675
1380676
1381950
1381951
1381952
1381953
1381954
1381955
1381956
1381957
1381958
1381959
1385750
1385751
1385752
1385753
1385754
1385755
1385756
1385757
1385758
1385759
1385840
1385841
1385842
1385843
1385844
1385845
1385846
1385847
1385848
1385849
1385850
1385851
1385852
1385853
1385854
1385855
1385856
1385857
1385858
1385859
1386750
1386751
1386752
1386753
1386754
1386755
1386756
1386757
1386758
1386759
1660575
1660585
1665705
1870575
1870585
1875750
1875751
1875752
1875753
1875754
1875850
1875851
1875852
1875853
1875854
1876750
1876751
1876752
1876753
1876754
1876755
1876756
1876757
1876758
1876759
1310575
1310585
1310630
1310631
1310632
1310633
1310634
1310635
1310636
1310637
1310643
1310644
1311575
1311685
1315750
1315751
1315752
1315753
1315754
1315755
1315756
1315757
1315758
1315759
1317390
1317391
1317392
1317393
1317394
1317395
1317396
1317397
1317398
1317399
1317525
1317526
1317527
1317528
1317529
1318445
1318550
1318551
1318552
1318553
1318554
1318555
1318556
1318557
1318558
1318559
1318575
1730575
1730585
1730654
1730655
1730656
1730675
1730685
1733840
1733841
1734884
1734885
1734886
1734887
1734888
1734889
1735750
1735751
1735752
1735753
1735754
1735755
1735756
1735757
1735758
1735759
1736350
1736351
1736352
1736353
1736354
1736958
1736959
1736960
1736961
1736962
1736963
1736964
1736965
1737416
1737417
1738810
1738811
1738812
1739460
1739461
1739575
1739853
1342945
1342946
1342947
1342948
1342949
1342950
1342951
1342952
1342953
1342954
1342955
1342956
1342957
1342958
1342959
1345450
1345451
1345452
1345453
1345454
1345455
1345456
1345457
1345458
1345459
1345650
1345651
1345652
1345653
1345654
1345655
1345656
1345657
1345658
1345659
1348430
1348431
1348432
1348433
1348434
1348435
1348436
1348437
1348438
1348439
1348650
1348651
1348652
1348653
1348654
1348655
1348656
1348657
1348658
1348659
1580575
1580585
1585750
1585751
1585752
1585753
1585754
1585755
1585756
1585757
1585758
1585759
1760575
1760585
1760675
1768150
1768151
1768152
1768247
1510575
1510585
1515750
1515751
1515752
1515753
1515754
1515755
1515756
1515757
1515758
1515759
1515820
1515821
1515822
1515823
1515824
1515825
1515826
1515827
1515828
1515829
1516700
1516701
1516702
1516703
1516704
1516750
1516751
1516752
1516753
1516754
1516755
1516756
1516757
1516758
1516759
1820575
1820585
1824860
1824861
1824862
1824863
1824864
1825750
1825751
1825752
1825753
1825754
1825755
1825756
1825757
1825758
1825759
1825800
1825801
1825802
1825803
1825804
1825805
1825806
1825807
1825808
1825809
1825850
1825851
1825852
1825853
1825854
1825855
1825856
1825857
1825858
1825859
1826750
1826751
1826752
1826753
1826754
1826755
1826756
1826757
1826758
1826759
1826875
1826876
1826877
1826878
1826879
1810575
1810585
1810680
1810681
1810682
1810683
1810684
1810685
1810686
1810687
1810688
1810689
1815750
1815751
1815752
1815753
1815754
1815755
1815756
1815757
1815758
1815759
1815854
1815865
1815866
1815867
1815873
1815874
1815875
1816454
1816455
1816733
1816734
1816735
1816736
1816737
1520575
1520585
1521590
1521591
1521592
1521593
1521594
1521595
1521596
1521597
1521598
1521599
1525750
1525751
1525752
1525753
1525754
1525755
1525756
1525757
1525758
1525759
1525850
1525851
1525852
1525853
1525854
1525855
1525856
1525857
1526750
1526751
1526752
1526753
1526754
1526755
1526756
1526757
1526758
1526759
1526845
1526846
1526847
1526848
1526849
1750575
1750585
1750656
1750657
1750669
1750675
1880575
1880585
1880675
1880685
1885750
1885751
1885752
1885753
1885754
1885755
1885756
1885757
1885758
1885759
1885852
1885853
1885854
1885855
1885856
1885857
1885858
1885859
1888870
1888871
1888872
1888873
1888874
1888875
1888876
1888877
1888878
1888879
1370575
1370585
1370675
1370685
1373245
1373246
1373247
1373248
1373249
1373520
1373521
1373522
1373523
1373524
1373525
1373526
1373527
1373528
1373529
1373530
1373531
1373532
1373533
1373534
1373535
1373536
1373537
1373538
1373539
1375433
1375434
1375435
1375436
1375437
1375438
1375439
1375750
1375751
1375752
1375753
1375754
1375755
1375756
1375757
1375758
1375759
1375850
1375851
1375852
1375853
1375854
1375855
1375856
1375857
1375858
1375859
1377730
1377731
1377732
1377733
1377734
1470575
1470585
1472705
1472706
1472707
1472708
1472709
1475706
1475707
1475755
1475756
1475757
1475758
1475759
1700575
1700585
1700845
1700846
1700977
1700978
1700979
1701204
1701205
1701206
1701207
1702213
1702214
1702215
1702216
1702217
1705141
1707447
1707448
1707449
1707980
1707981
1707982
1707983
1707984
1707985
1707986
1707987
1707988
1707989
1709150
1709151
1709152
1709153
1709154
1709155
1709156
1709157
1709158
1709159
1709460
1709461
1910575
1910585
1320575
1320585
1321645
1321646
1321675
1321676
1321677
1321678
1321685
1322150
1322151
1322152
1322153
1322154
1322155
1322156
1322157
1322158
1322159
1323575
1323585
1325085
1325195
1325210
1325211
1325212
1325213
1325214
1325215
1325216
1325217
1325218
1325219
1325575
1325585
1327675
1327685
1328250
1328285
1328575
1328585
1329145
1329155
1329575
1329585
1329680
1570575
1570585
1571582
1571583
1571584
1571585
1571586
1572694
1572695
1575757
1575758
1575759
1840575
1840585
1845750
1845751
1845752
1845753
1845754
1845755
1845756
1845757
1845758
1845759
1845850
1845851
1845852
1845853
1845854
1845855
1845856
1845857
1845858
1845859
1845897
1845898
1845899
1980575
1980585
1981240
1981478
1981775
1981780
1981782
1981783
1981784
1981825
1981826
1981827
1981828
1984650
1984651
1984652
1984653
1984654
1984655
1984656
1984657
1984658
1984659
1985750
1985751
1985752
1985753
1985754
1985755
1985756
1985757
1985758
1985759
1985850
1985851
1985852
1985853
1985854
1985855
1985856
1985857
1985858
1985859
1988325
1988350
1988351
1988352
1988353
1988354
1988355
1988356
1988357
1988358
1988359
1988492
1988493
1988494
1988495
1988496
1988497
1988498
1988499
1988880
1650575
1651874
1500575
1500585
1506750
1506751
1506752
1506753
1506754
1506755
1506756
1506757
1506850
1506851
1506852
1506853
1506854
1506855
1506856
1506857
1506858
1506859
1506897
1506898
1506899
1508850
1508851
1508852
1508853
1508854
1830575
1830585
1835750
1835751
1835752
1835753
1835754
1835755
1835756
1835757
1835758
1835759
1835850
1835851
1835852
1835853
1835854
1835855
1835856
1835857
1835858
1835859
1836750
1836751
1836752
1836753
1836754
1836755
1836756
1836757
1836758
1836759
1836850
1836851
1836852
1836853
1836854
1836855
1836856
1836857
1836858
1836859
1590575
1590585
1590675
1590685
1592580
1592581
1592582
1592583
1592584
1592585
1592586
1592587
1592588
1592589
1595750
1595751
1595752
1595753
1595754
1595755
1595756
1595757
1595758
1595759
1595850
1595851
1595852
1595853
1595854
1595855
1595856
1595857
1595858
1595859
1596750
1596751
1596752
1596753
1596754
1596755
1596756
1596757
1596758
1596759
1596850
1596851
1596852
1596853
1596854
1596855
1596856
1596857
1596858
1596859
1598820
1598821
1598822
1598823
1598824
1598825
1598826
1598827
1598828
1598829
1770575
1770585
1770654
1770655
1770656
1770675
1770685
1775750
1775751
1775752
1775753
1775754
1775755
1775756
1775757
1775758
1775759
1775815
1775816
1775817
1775818
1775819
1776970
1776971
1776972
1776973
1776974
1776985
1776986
1776987
1776988
1776989
1777405
1777413
1777414
1777420
1777421
1777422
1452250
1452251
1452252
1452253
1452254
1453223
1453224
1454165
1454705
1454709
1454715
1454745
1457194
1457195
1457196
1457975
1457976
1457977
1457978
1457979
1458069
1458099
1458150
1458151
1458152
1458153
1458154
1458155
1458156
1458157
1458158
1458159
1350575
1350585
1350675
1350685
1351575
1351585
1351675
1356720
1356721
1356750
1356751
1356752
1356753
1356754
1356755
1356756
1356757
1356758
1356759
1357550
1357551
1357552
1357553
1357554
1357555
1357556
1357557
1357558
1357559
1358730
1358731
1358732
1358733
1358734
1358735
1358736
1358737
1358738
1358739
1358850
1358851
1358852
1358853
1358854
1358855
1358856
1358857
1358858
1358859
1300263
1300460
1300461
1300462
1300463
1301046
1301770
1301771
1301772
1301773
1301880
1302263
1302460
1302461
1302462
1302463
1303369
1303426
1304078
1304079
1304575
1306550
1306551
1306552
1306553
1306554
1306555
1306556
1306557
1306558
1306559
1306575
1306576
1306577
1306578
1306579
1308460
1308568
1308569
1309460
1309461
1309462
1309463
1309565
1309566
1309567
1309568
1309569
1309575
1860575
1860585
1860658
1860659
1860674
1860675
1865750
1865751
1865752
1865753
1865754
1865755
1865756
1865757
1865758
1865759
1865850
1865851
1865852
1865853
1865854
1865855
1865856
1865857
1865858
1865859
1866750
1866751
1866752
1866753
1866754
1866755
1866756
1866757
1866758
1866759
1866850
1866851
1866852
1550575
1550585
1555750
1555751
1555752
1555753
1555754
1390575
1390585
1390675
1390685
1395750
1395751
1395752
1395753
1395754
1395755
1395756
1395757
1395758
1395759
1396750
1396751
1396752
1396753
1396754
1396755
1396756
1396757
1396758
1396759
1398950
1398951
1398952
1398953
1398954
1398955
1398956
1398957
1398958
1398959
1671575
1672575
1673575
1990575
1990585
1990655
1994105
1994106
1994115
1994118
1994125
1994135
1995705
1995750
1995751
1995752
1995753
1995754
1995755
1995756
1995757
1995758
1995759
1560575
1560585
1560675
1560685
1565750
1565751
1565752
1565753
1565754
1565755
1565756
1565757
1565758
1565759
1569575
1569585
1850575
1850585
1855791
1855792
1855793
1855794
1859031
1780575
1780585
1781550
1781551
1781552
1781574
1781575
1781652
1781653
1781654
1781665
1782671
1782672
1782673
1782674
1785705
1785720
1785721
1785745
1785750
1785810
1785811
1785812
1785813
1785814
1785815
1785816
1785845
1785850
1785851
1785852
1785853
1785854
1786785
1788825
1789588
1789589
1330575
1330585
1330675
1330685
1332575
1332585
1332595
1333575
1333578
1333585
1333670
1333671
1333680
1333681
1333682
1334575
1334585
1334602
1334603
1334604
1334605
1335575
1335585
1335750
1335751
1335752
1335753
1335754
1335755
1335756
1335757
1335758
1335759
1336250
1336251
1336252
1336253
1336254
1336255
1336256
1336257
1336258
1336259
1337575
1337585
1338575
1338585
1338849
1338867
1338868
1339575
1339585
1339675
1339685
1712225
1716416
1716417
1716418
1716419
1716575
1716664
1716940
1716941
1716942
1716943
1716944
1717575
1717660
1717661
1717662
1717663
1717665
1717668
1717669
1717970
1717971
1717972
1717973
1717983
1718575
1719575
1719946
1719947
1719948
1719949
1719954
1719972
1719973
1719978
1719979
1719980
1719981
1719982
1719983
1360063
1360575
1360585
1360655
1360656
1360657
1360675
1360685
1361575
1361585
1361674
1361675
1361685
1362575
1362585
1362675
1362685
1362686
1362687
1362688
1364575
1364585
1364675
1365575
1365585
1365675
1365685
1367572
1367573
1367574
1367575
1367576
1367577
1367578
1367579
1367685
1367686
1367687
1367688
1367689
1890575
1890585
1890675
1890685
1895750
1895751
1895752
1895753
1895754
1895755
1895756
1895757
1895758
1895759
1896606
1896607
1896608
1896609
1896750
1896751
1896752
1896753
1896754
1896755
1896756
1896757
1896758
1896759
1896950
1896951
1896952
1896953
1896954
1896955
1898950
1898951
1898952
1898953
1898954
1898955
1898956
1898957
1898958
1898959
1800575
1800585
1800666
1800667
1800675
1800680
1800685
1804224
1804225
1805750
1805751
1805752
1805753
1805754
1805755
1805756
1805757
1805758
1805759
1805847
1805865
1805866
1805867
1805868
1805869
1806474
1806475
1806766
1806767
1806784
1806785
1806786
1806787
1806950
1806951
1806952
1806953
1806954
1806955
1806956
1806957
1806958
1806959
1806960
1806961
1806962
1806963
1806964
1806973
1806974
1807220
1807221
1807222
1807223
1807224
1807225
1807226
1807227
1807228
1807229
1807400
1807401
1807402
1807403
1807404
1809465
1809466
1809467
1809468
1809469
1809475
1530575
1530585
1530675
1530685
1531475
1531476
1531477
1531478
1531479
1532521
1532522
1532523
1532524
1532525
1532575
1532585
1533674
1533675
1533676
1533677
1533678
1533679
1533685
1533686
1533765
1534575
1535550
1535551
1535552
1535553
1535554
1535555
1535556
1535557
1535575
1535585
1535675
1535685
1537250
1537251
1537252
1537253
1537254
1537255
1537256
1537257
1538160
1538161
1538162
1538163
1538164
1538165
1538166
1538167
1538168
1538169
1538413
1538414
1538415
1538416
1538417
1539575
1539585
1539586
1539587
1539744
1539745
1539746
