1953071
1360552
1360566
1361552
1362552
1363552
1364552
1365552
1366552
1366562
1367552
1367569
1368552
1369552
1369555
1890052
1890552
1890962
1890965
1894930
1894931
1894932
1894933
1894934
1894935
1894936
1894937
1894938
1894939
1895520
1895521
1895522
1895523
1895524
1895525
1895526
1895527
1895528
1895529
1530552
1530962
1532441
1534552
1537552
1538552
1538568
1538569
1538585
1539520
1539521
1539522
1539523
1539524
1539525
1539526
1539527
1539528
1539529
1539552
1800552
1800962
1800965
1805520
1805521
1805522
1805523
1805524
1805525
1805526
1805527
1805528
1805529
1809560
1809641
1809650
1809651
1809652
1809653
1809654
1809655
1809656
1809657
1809658
1809659
1990552
1990962
1990965
1994252
1995520
1995521
1995522
1995523
1995524
1995525
1995526
1995527
1995528
1995529
1850552
1855502
1855552
1859022
1859023
1780552
1785627
1785637
1785681
1785699
1788448
1788463
1789162
1789552
1560552
1565520
1565521
1565522
1565523
1565524
1565525
1565526
1565527
1565528
1565529
1566552
1567552
1569552
1330552
1330962
1330965
1332902
1332922
1333552
1333902
1333908
1334552
1334902
1334922
1335552
1335902
1336552
1336572
1339552
1339952
1712005
1715552
1716552
1716568
1716569
1717494
1717495
1717550
1717552
1720160
1720565
1930552
1300301
1300302
1300407
1300408
1300409
1302301
1302302
1302407
1302408
1302409
1303301
1303302
1303501
1303502
1305311
1305312
1306331
1306332
1308301
1308327
1308407
1308408
1308552
1309365
1309366
1309367
1309552
1550552
1555190
1555191
1555618
1555619
1860552
1860962
1865420
1865421
1865422
1865520
1865521
1865522
1865523
1865524
1865525
1865526
1865527
1865528
1865529
1865625
1865626
1865627
1865691
1865692
1869751
1869752
1671194
1671195
1671196
1671552
1671567
1671568
1671569
1672552
1672554
1672559
1672560
1673552
1390552
1390962
1390965
1395520
1395521
1395522
1395523
1395524
1395525
1395526
1395527
1395528
1395529
1395633
1395634
1395635
1395636
1395637
1395638
1395639
1396524
1396525
1396526
1396527
1396528
1396529
1396604
1396605
1396606
1396607
1396608
1830552
1832690
1832691
1832692
1832693
1832694
1832695
1832696
1835522
1835523
1835524
1835525
1835526
1835527
1835528
1835529
1500552
1505520
1505525
1505526
1505527
1505528
1505529
1505560
1505561
1505562
1505615
1505635
1505636
1505637
1505638
1505639
1770552
1770962
1770965
1771820
1771821
1771822
1771823
1771946
1773005
1773006
1773007
1775415
1775482
1775520
1775521
1775522
1775523
1775524
1775525
1775526
1775527
1775528
1775529
1776082
1776083
1776084
1776438
1777540
1777541
1777542
1777543
1590552
1595520
1595521
1595522
1595523
1595524
1595525
1595526
1595527
1595528
1595529
1350056
1350552
1350562
1351552
1452082
1453085
1453456
1453457
1453550
1454102
1454112
1457222
1458255
1458256
1458257
1458258
1458259
1705389
1706019
1706020
1706021
1320552
1321552
1322552
1327552
1328552
1329552
1910552
1910962
1910965
1914245
1914252
1915405
1915520
1915521
1915522
1915523
1915524
1840552
1845520
1845521
1845522
1845523
1845524
1845525
1845526
1845527
1845528
1845529
1570552
1571552
1572052
1575520
1575521
1575522
1575523
1575524
1575525
1575526
1575527
1575528
1575529
1980552
1981060
1981074
1981075
1981350
1984012
1984020
1984026
1985502
1985520
1985521
1985522
1985523
1985529
1985593
1985624
1985625
1985626
1985627
1985668
1985669
1650552
1650625
1651128
1651552
1651943
1652603
1652986
1657552
1520552
1521210
1521211
1521212
1521213
1521214
1521215
1521216
1521217
1521552
1524997
1525509
1525520
1525521
1525522
1525523
1525524
1525525
1525526
1525527
1525528
1525529
1525539
1810552
1810962
1810965
1811020
1811021
1811022
1811023
1811024
1811970
1811971
1811972
1811973
1811985
1811986
1813455
1815410
1815423
1815520
1815521
1815522
1815523
1815524
1815525
1815526
1815527
1815528
1815529
1815898
1816080
1816081
1816082
1816083
1816084
1816085
1816438
1819660
1819661
1819662
1819663
1819664
1819665
1750552
1750962
1755502
1755520
1755521
1755522
1755523
1755524
1755525
1755526
1755527
1755528
1755529
1755702
1755802
1880552
1881552
1885520
1885521
1885522
1885523
1885524
1885525
1885526
1885527
1885528
1885529
1889560
1889561
1889562
1889563
1889564
1889565
1889566
1889567
1889568
1889569
1470552
1475521
1475522
1475523
1475524
1475525
1475526
1475527
1475528
1475529
1479097
1370552
1372116
1372117
1372118
1372119
1348552
1348578
1760552
1768122
1768123
1768202
1580552
1585552
1585574
1585575
1585576
1585577
1585578
1585579
1820552
1821484
1822552
1822590
1822640
1822641
1822642
1822655
1822656
1822657
1822658
1822659
1822667
1822668
1825520
1825521
1825522
1825523
1825524
1825525
1825526
1825527
1825528
1825529
1829730
1829731
1829732
1829733
1510552
1515520
1515521
1515522
1515523
1515524
1515525
1515526
1515527
1515528
1515529
1517830
1517831
1517832
1517833
1517834
1517835
1517836
1517837
1517838
1517839
1660552
1665502
1665520
1665521
1665522
1665523
1665524
1665525
1665526
1665527
1665528
1665529
1380552
1385520
1385521
1385522
1385523
1385524
1385525
1385526
1385527
1385528
1385529
1386500
1386501
1386502
1386503
1386504
1386505
1386506
1386507
1386508
1386509
1386552
1386567
1386568
1386569
1386648
1870552
1871245
1871246
1871247
1871248
1871249
1871483
1871518
1871519
1871520
1871521
1871522
1871523
1871524
1871525
1871526
1871552
1872552
1872644
1875520
1875521
1875522
1875523
1875524
1875525
1875526
1875527
1875528
1875529
1313552
1314552
1315520
1315521
1315522
1315523
1315524
1315525
1315526
1315527
1315528
1315529
1317002
1317022
1319542
1319543
1319552
1730552
1730962
1730965
1733060
1733061
1734404
1735370
1735371
1735520
1735521
1735522
1735523
1735524
1735525
1735526
1735527
1735528
1735529
1737520
1737521
1737522
1737523
1737524
1737525
1737526
1737527
1737528
1737529
