1520997
1527640
1527641
1529230
1529231
1529232
1529233
1529234
1529235
1529236
1529237
1529238
1529239
1529250
1529251
1529252
1529253
1529254
1529255
1529256
1529257
1529940
1529957
1529958
1529959
1529980
1810997
1811907
1812907
1812917
1813096
1813097
1813910
1813911
1813912
1813913
1813914
1813947
1814647
1814648
1814983
1814985
1814997
1815297
1815484
1815485
1816024
1816025
1816026
1816750
1816751
1816752
1816753
1816771
1819630
1819631
1819632
1819633
1819634
1819635
1819636
1819637
1819638
1819639
1819685
1819686
1819687
1819688
1819689
1819750
1819751
1819752
1819753
1819754
1819755
1819907
1819909
1819940
1819942
1819943
1819944
1819945
1819946
1819947
1819948
1819949
1819997
1880907
1880997
1889096
1889097
1889920
1889921
1889922
1889923
1889924
1750997
1759067
1759068
1759069
1759070
1759071
1759072
1759073
1759074
1759075
1759076
1759077
1759078
1759079
1759141
1759142
1759143
1759155
1759156
1759157
1759158
1759159
1759160
1759161
1759162
1759920
1759921
1759922
1759923
1759952
1759953
1759954
1759955
1759956
1759997
1370997
1377940
1377941
1377942
1377943
1377944
1377945
1377946
1377947
1377974
1377975
1377976
1377977
1377978
1377979
1377980
1377981
1377982
1377983
1471990
1471991
1471992
1471993
1471994
1471995
1471996
1471997
1471998
1471999
1479920
1479921
1479922
1479940
1479941
1479942
1479943
1479944
1479950
1479951
1479952
1479953
1320116
1320117
1320905
1323908
1323982
1323983
1323984
1323986
1323997
1327906
1327909
1327976
1327979
1327980
1327997
1328997
1910907
1910997
1840997
1844930
1844931
1844960
1844961
1844962
1844963
1844964
1844965
1570190
1570191
1570192
1570193
1570194
1570195
1570196
1570197
1570997
1571494
1571900
1572998
1573920
1573921
1573922
1573923
1573924
1573925
1573926
1573927
1573928
1573929
1573940
1573941
1573942
1573976
1573977
1577000
1577001
1577002
1577003
1577004
1577005
1577006
1577007
1577008
1577009
1980997
1981404
1988295
1988297
1989017
1989907
1660907
1660997
1669907
1669927
1669947
1669952
1669954
1669957
1669967
1389920
1389921
1389922
1389923
1389924
1389925
1389926
1389927
1389928
1389929
1870997
1874260
1874261
1874262
1874263
1874264
1879990
1879991
1879992
1879993
1879994
1879995
1310909
1311997
1313974
1313986
1313997
1315027
1315028
1315042
1315048
1317988
1317997
1319974
1319997
1730997
1739787
1739788
1760997
1769060
1769061
1769062
1769063
1769166
1769917
1769925
1769928
1769929
1769936
1769951
1769952
1769974
1769976
1769977
1769997
1580907
1580997
1588680
1588681
1588682
1588683
1588684
1588685
1589930
1589931
1589932
1589933
1589934
1589935
1589936
1589937
1820997
1824094
1824095
1829060
1829061
1829078
1829079
1829955
1829956
1829957
1829958
1829959
1829998
1829999
1510907
1510908
1510997
1519920
1519921
1519940
1519960
1990997
1991504
1991507
1999019
1999039
1999670
1999671
1999672
1999674
1999947
1999970
1999971
1999972
1999973
1999974
1999975
1999977
1780997
1784443
1786750
1788128
1788129
1788167
1788168
1789923
1789997
1850997
1859057
1859927
1560997
1568481
1569900
1569907
1569935
1569936
1569940
1569941
1569942
1330997
1331978
1331997
1332551
1334535
1334536
1336472
1336473
1336487
1336987
1336988
1336997
1337973
1339497
1339498
1339905
1339997
1364997
1365752
1365756
1365757
1365758
1365759
1890997
1893584
1896384
1896388
1899766
1899767
1899786
1899787
1899906
1899907
1899966
1899967
1530997
1535256
1535257
1535277
1538493
1538496
1538497
1800997
1803489
1804070
1804087
1804097
1808391
1808392
1808396
1809495
1809587
1809588
1809591
1809690
1809691
1809692
1809693
1809694
1809695
1809696
1809697
1809698
1809699
1809777
1809783
1809907
1809933
1809939
1809944
1809974
1809997
1830997
1839904
1839905
1839919
1839921
1839922
1839939
1839940
1839941
1839954
1839955
1839956
1839957
1839970
1839971
1500300
1500301
1500302
1500303
1500304
1500305
1500306
1500908
1500997
1502627
1502628
1502635
1502636
1502637
1502638
1502639
1509927
1509928
1509929
1770997
1776749
1776750
1776751
1776752
1776753
1779490
1779796
1779900
1779946
1779947
1779952
1779953
1779997
1590907
1590997
1599920
1599921
1599922
1599940
1599941
1599942
1450997
1452787
1452797
1453794
1454540
1454559
1459674
1459675
1459676
1459677
1459778
1459780
1459781
1356510
1356511
1356512
1356513
1356514
1356515
1356516
1356568
1356569
1357910
1357911
1357912
1357913
1357914
1357935
1357936
1357937
1357938
1357939
1303126
1303127
1304046
1307002
1307003
1309408
1309517
1550907
1550997
1556900
1556904
1556905
1556906
1556907
1556908
1556909
1556920
1556921
1556922
1556933
1556934
1556935
1556936
1556937
1556938
1556939
1559971
1559972
1559973
1559974
1559975
1559976
1559977
1559978
1559990
1559995
1559996
1559997
1860907
1860997
1869937
1869970
1869971
1869972
1869973
1869974
1869975
1869976
1869977
1869978
1869979
1390997
1399906
1399907
1399966
1399967
