1820903
1510903
1510990
1519923
1519924
1519925
1519926
1519927
1519928
1519929
1519941
1519970
1519971
1519972
1519973
1519974
1519975
1519976
1519977
1519978
1519979
1760903
1769064
1769065
1769066
1769067
1769068
1769069
1769140
1769152
1769903
1769932
1769983
1769985
1580903
1588687
1589409
1344699
1739765
1739766
1739767
1739784
1739921
1739955
1311903
1313976
1315043
1317989
1319976
1870903
1871995
1871996
1871997
1871998
1871999
1874275
1874276
1874277
1879924
1879925
1879930
1879931
1879932
1879933
1879934
1879935
1879936
1879937
1879938
1879939
1879940
1879941
1879942
1879943
1879944
1879945
1879946
1879947
1879948
1879949
1879950
1879951
1879952
1879953
1879954
1879955
1879956
1879957
1879958
1879959
1660903
1669903
1669960
1669963
1669964
1389945
1389946
1389947
1980903
1981413
1989028
1840903
1844944
1844945
1570903
1571493
1571905
1320903
1323974
1323976
1323980
1323981
1327903
1328901
1328903
1328907
1910903
1919034
1919043
1919063
1919084
1919093
1919953
1919973
1470903
1470904
1377919
1377928
1377929
1750903
1759083
1759499
1759901
1759903
1759904
1759905
1759913
1759914
1759915
1759916
1759917
1759918
1880903
1889925
1889926
1889927
1889928
1889929
1889944
1520900
1520903
1521490
1521491
1521492
1521493
1521494
1527600
1527659
1529266
1529267
1529268
1529269
1529270
1529271
1529280
1529281
1529282
1529283
1529284
1529295
1529296
1529297
1529298
1529299
1810646
1810647
1810649
1812903
1813092
1813093
1813915
1813916
1813917
1813918
1813919
1813948
1813949
1814987
1814988
1815499
1819495
1819496
1819497
1819498
1819499
1819770
1819771
1819772
1819773
1819774
1819775
1819776
1819777
1819778
1819779
1819780
1819781
1819782
1819783
1819784
1819785
1819786
1819787
1819788
1819789
1819903
1819904
1819933
1819934
1819935
1819936
1819937
1819938
1819939
1399905
1399943
1399965
1550903
1550904
1550905
1556901
1556902
1556903
1559960
1559970
1559980
1559993
1860903
1869030
1869033
1869034
1869035
1869036
1869037
1869038
1869039
1304049
1307007
1307008
1309409
1356549
1356552
1356553
1357968
1357969
1450975
1450976
1450977
1450978
1452793
1454555
1457057
1459777
1776742
1776743
1776744
1779480
1779485
1779497
1779787
1779903
1779904
1779905
1779933
1779934
1590903
1599903
1599904
1599937
1599938
1830903
1832403
1839900
1839901
1839913
1839914
1839915
1839916
1839923
1839924
1839925
1839926
1839937
1839938
1839949
1839950
1839951
1839952
1839953
1500140
1500141
1500142
1500143
1500144
1500145
1500150
1500151
1500152
1500153
1500154
1500903
1500904
1500905
1502613
1502614
1534995
1535263
1535264
1538490
1538491
1538492
1538495
1538994
1538999
1801690
1801691
1801692
1801693
1801694
1801695
1801696
1801697
1801698
1801699
1803480
1803487
1804071
1804093
1804094
1808282
1808286
1809488
1809489
1809592
1809686
1809757
1809903
1809905
1809943
1809965
1809973
1809975
1893579
1893595
1896389
1899753
1899765
1899905
1899943
1899965
1364994
1366757
1366758
1369930
1369931
1369932
1331903
1331979
1334538
1336489
1336903
1339903
1339979
1850903
1850904
1784840
1786753
1788124
1788131
1788132
1788133
1788134
1788172
1789995
1569903
1569931
1569943
1991427
1991428
1991429
1991517
1991518
1991519
1991520
1991521
1999024
1999032
1999033
1999035
1999036
1999037
1999043
1999045
1999046
1999085
