1890140
1890523
1891205
1891206
1891207
1891208
1891510
1891511
1891512
1891513
1891514
1891515
1891516
1891517
1891518
1891519
1893230
1893231
1893232
1893233
1893234
1893638
1893639
1893650
1893651
1893652
1893653
1893654
1893655
1893674
1893675
1893676
1893677
1895126
1895147
1895230
1895231
1895232
1895233
1895234
1895235
1895236
1895237
1895238
1895239
1899455
1899456
1899457
1899458
1899459
1360523
1361514
1362514
1362515
1362516
1362618
1364523
1365154
1365155
1365156
1365515
1365523
1800140
1800523
1801205
1801206
1801207
1801208
1801414
1801415
1801416
1801417
1801510
1801511
1801512
1801513
1801514
1801515
1801516
1801517
1801518
1801519
1801849
1802177
1802178
1802179
1802190
1802191
1802192
1803650
1803651
1803652
1803653
1803654
1803655
1803674
1803675
1803676
1803677
1805235
1805236
1805237
1805238
1805239
1806191
1808201
1808202
1808232
1530140
1530523
1531230
1531231
1531232
1531233
1531234
1534517
1534520
1534521
1535170
1535171
1535172
1535173
1535174
1535175
1535176
1535177
1535178
1535179
1535865
1535866
1535867
1535868
1535869
1536590
1536591
1536592
1536593
1536594
1536660
1536661
1536662
1536663
1536664
1537140
1537141
1538060
1538061
1538062
1538063
1538064
1538065
1538066
1538067
1539461
1539462
1539690
1539691
1539692
1539693
1539694
1539695
1539696
1539697
1560140
1560523
1565126
1565147
1566455
1566511
1566512
1566513
1566514
1566515
1566516
1566517
1566518
1566519
1569517
1780509
1782624
1782628
1782639
1782649
1782658
1782661
1783477
1783484
1783488
1784970
1784971
1784972
1784973
1784974
1784975
1784976
1784977
1784978
1784979
1785142
1785154
1785155
1785156
1785157
1785158
1785159
1785193
1788736
1789521
1850517
1850521
1855071
1855260
1855261
1855262
1855263
1855264
1855265
1855266
1855267
1855617
1990140
1990523
1994184
1995142
1995153
1995170
1995230
1995231
1995232
1995233
1995234
1995235
1995236
1995237
1995238
1995239
1996180
1996181
1996182
1996183
1996220
1996221
1996222
1996223
1996224
1996225
1996226
1996227
1996228
1996229
1997514
1998494
1998495
1998496
1998497
1998498
1998499
1713517
1715517
1716517
1717348
1717349
1717517
1717524
1717623
1717625
1717626
1717627
1718517
1719348
1719349
1719517
1719626
1719627
1719628
1330140
1330523
1332796
1332797
1333796
1333797
1333890
1333891
1334796
1334797
1335796
1335797
1336516
1336517
1337520
1337521
1337522
1338230
1338231
1338232
1338233
1339080
1339081
1339520
1339521
1300354
1301656
1301657
1301658
1301659
1302354
1303355
1304019
1304860
1304861
1304862
1304863
1304864
1305600
1305601
1305602
1305603
1306490
1306491
1306492
1306493
1308355
1309490
1309491
1309492
1309493
1309494
1720193
1390140
1390523
1391205
1391206
1391207
1391208
1391510
1391511
1391512
1391513
1391514
1391515
1391516
1391517
1391518
1391519
1395126
1395147
1395230
1395231
1395232
1395233
1395234
1395235
1395236
1395237
1395238
1395239
1671517
1672517
1673517
1673968
1673969
1673970
1673971
1673972
1673973
1673975
1673976
1860517
1860528
1860529
1862647
1862648
1862649
1865126
1865147
1865230
1865231
1865232
1865233
1865234
1865235
1866295
1866296
1866297
1866298
1866299
1550142
1550510
1550511
1550512
1550527
1500523
1505080
1505081
1505135
1505136
1505137
1505138
1505139
1505245
1505246
1505260
1505261
1505262
1505263
1505264
1505265
1505266
1505267
1505268
1505269
1506120
1506121
1506122
1506123
1506124
1506125
1506126
1506127
1506128
1506129
1506141
1506169
1830523
1834469
1834477
1834487
1835147
1835230
1835231
1835232
1835233
1835234
1835235
1835236
1835237
1835238
1836070
1836071
1836072
1836073
1836074
1836075
1836076
1836077
1836078
1836079
1836089
1836090
1836091
1836092
1836093
1836094
1836095
1836096
1836097
1836098
1836099
1836147
1836187
1836247
1836287
1350523
1350524
1351150
1351151
1351152
1351153
1351154
1351155
1351523
1351524
1450920
1450921
1450922
1450923
1450924
1450925
1452638
1452639
1453658
1454438
1454931
1457089
1457090
1457091
1457241
1590523
1594915
1594916
1594917
1594918
1594919
1595035
1595036
1595037
1595038
1595039
1595126
1595147
1595230
1595231
1595232
1595233
1595234
1595235
1595236
1595237
1595238
1595239
1599615
1599616
1599617
1599618
1599619
1770140
1770252
1770253
1770523
1771204
1771205
1771206
1771280
1771281
1771450
1771470
1771471
1771549
1771560
1771561
1771562
1771563
1771564
1771565
1772172
1775190
1775191
1776183
1776184
1776185
1776611
1776612
1776613
1776614
1776643
1776644
1776829
1776846
1777878
1779898
1910517
1910524
1910528
1321830
1321831
1321832
1321833
1321884
1322270
1322271
1322517
1323620
1323621
1323622
1323623
1323624
1323625
1323626
1323646
1324570
1327517
1327650
1327651
1329520
1329521
1329522
1700140
1700517
1701610
1701611
1701612
1702600
1702601
1705214
1706934
1706935
1706936
1706937
1708259
1708577
1708578
1708579
1708798
1708799
1650517
1650670
1650671
1651127
1651276
1651776
1651965
1980502
1980503
1981231
1981469
1981609
1981610
1981629
1981646
1982709
1984448
1984831
1984844
1984848
1985170
1985171
1985172
1985173
1985174
1985175
1985176
1985177
1985178
1985179
1985254
1985255
1985256
1985257
1985258
1985259
1989534
1989537
1989538
1989539
1989542
1989590
1570523
1571523
1572249
1572293
1572294
1572295
1575126
1575130
1575131
1575132
1575133
1575134
1575135
1575136
1575137
1575138
1575139
1575147
1575149
1575171
1845120
1845121
1845122
1845123
1845124
1845125
1845126
1845127
1845128
1845129
1845230
1845249
1845269
1810140
1810523
1811207
1811208
1811429
1811570
1812164
1812165
1812166
1812167
1812168
1812169
1815126
1815147
1520523
1524025
1524026
1525085
1525086
1525087
1525088
1525089
1525230
1525231
1525232
1525233
1525234
1525235
1525236
1525237
1525238
1525239
1525240
1525241
1526170
1526171
1526172
1526173
1526174
1526175
1526176
1526177
1526178
1526179
1529865
1529866
1529867
1529868
1529869
1470010
1470011
1470012
1470523
1475230
1475231
1475232
1475233
1475234
1475235
1475236
1475237
1476181
1476229
1476241
1476250
1476251
1476252
1476253
1476272
1370523
1377035
1377036
1377037
1377038
1377039
1377040
1377041
1377042
1377043
1377044
1377045
1377046
1377047
1377048
1377049
1377670
1377671
1377672
1377673
1377674
1880066
1880067
1880068
1880523
1881622
1885126
1885147
1885230
1885231
1885232
1885233
1885234
1885235
1885236
1885237
1885238
1885239
1886081
1888812
1750143
1750258
1750259
1750517
1755170
1755171
1755172
1755173
1755178
1755179
1755193
1755194
1755195
1755196
1755890
1755891
1755892
1755893
1580523
1585170
1585171
1585172
1585173
1585174
1585175
1585176
1585177
1585178
1585179
1586170
1586171
1586172
1586173
1586174
1586175
1586176
1586177
1586178
1586179
1589509
1589615
1589616
1589617
1589618
1589619
1589643
1760259
1760517
1762517
1762547
1765167
1765169
1769670
1769671
1769672
1769673
1340180
1340181
1340182
1340183
1340184
1340185
1340550
1340551
1344031
1344130
1344131
1349846
1510523
1515230
1515231
1515232
1515233
1515234
1515235
1515236
1515237
1515238
1515239
1515240
1515241
1515255
1515256
1515257
1515258
1515259
1515282
1515283
1516170
1516171
1516172
1516173
1516174
1516175
1516176
1516177
1516178
1516179
1516292
1518950
1518951
1518952
1518953
1518954
1518955
1518956
1518957
1518958
1518959
1518960
1518961
1518962
1518963
1518964
1518965
1518966
1518967
1518968
1518969
1519530
1519531
1519532
1519533
1519534
1519535
1519536
1519537
1519538
1519539
1519540
1519541
1519550
1519551
1820523
1824890
1824891
1824892
1825128
1825129
1825230
1825231
1825232
1825233
1825234
1825235
1825236
1825237
1825238
1825239
1825240
1825257
1826034
1826270
1826271
1826272
1826273
1826274
1826281
1826282
1870523
1872416
1875126
1875127
1875128
1875129
1875230
1875231
1875232
1875233
1875234
1875235
1875236
1875237
1875238
1875239
1875240
1875241
1875242
1875243
1876100
1876101
1876102
1876200
1876201
1876202
1876203
1876204
1876205
1876206
1876207
1876208
1876209
1876254
1876255
1876270
1876271
1879646
1380140
1380523
1381330
1381331
1381332
1381333
1381334
1381545
1385224
1385225
1385226
1385230
1385231
1385232
1385233
1385234
1385235
1385236
1385237
1385238
1385239
1385249
1386155
1386156
1386157
1386158
1386159
1386165
1386167
1660517
1665104
1665170
1665171
1665177
1730154
1730155
1730156
1730157
1730517
1731253
1731280
1731415
1731469
1731470
1731471
1731888
1732176
1732177
1732178
1732179
1732614
1732721
1732722
1732723
1732729
1732730
1732731
1732732
1732733
1732750
1732751
1732752
1735188
1735189
1735190
1735496
1735825
1735826
1736800
1736811
1736832
1736853
1737237
1737238
1737239
1737244
1737245
1737246
1737247
1737248
1737294
1738806
1738840
1738841
1738842
1738843
1739476
1310190
1310191
1311523
1311524
1311525
1315130
1315131
1315132
1315133
1315134
1315184
1315185
1315186
1315187
1315188
1315189
1316000
1316001
1317400
1317401
1317950
1317951
1317952
1318664
1318665
1319696
1319697
1319698
1319699
