1953380
1959122
1360922
1361912
1362912
1362922
1363029
1363679
1363684
1363688
1364912
1364922
1365912
1365922
1366912
1366914
1368912
1368922
1890912
1896695
1896696
1896697
1896698
1896699
1899106
1899107
1899108
1899109
1899220
1899221
1899222
1899223
1899224
1899225
1899226
1899227
1899228
1899229
1530912
1531959
1531960
1531961
1531962
1531963
1531964
1531965
1531966
1531967
1531968
1533258
1533259
1533260
1533261
1533262
1533263
1533622
1533623
1533624
1533625
1534912
1535316
1535317
1535318
1535319
1535320
1535338
1535348
1535386
1535387
1535388
1535389
1538452
1538462
1538912
1538957
1538958
1538959
1539412
1539912
1539928
1539929
1539930
1800912
1804912
1804930
1804931
1804932
1804933
1804934
1804935
1809120
1809121
1809122
1809123
1809124
1809125
1809126
1809127
1809198
1809199
1809800
1809801
1809802
1809803
1809804
1809805
1809806
1809807
1809808
1809809
1990912
1992910
1992911
1992912
1992913
1992914
1992915
1992931
1992932
1992933
1992934
1992935
1992936
1992937
1992938
1992939
1992940
1992941
1992942
1992943
1992944
1992945
1992946
1992947
1992948
1992949
1992950
1992951
1992952
1992953
1992954
1992955
1992956
1992957
1992958
1992959
1992960
1992961
1992962
1992963
1992964
1994527
1994528
1994529
1994530
1994559
1999106
1999107
1999108
1999109
1780682
1780912
1782912
1782922
1782932
1782942
1782952
1782962
1782992
1784762
1784772
1786732
1786822
1786832
1786842
1786882
1789912
1850912
1850918
1851299
1859080
1859081
1859082
1859083
1859084
1859085
1859086
1859087
1859088
1859089
1859120
1859121
1859122
1859123
1859124
1859125
1859126
1859127
1859128
1859129
1859180
1859181
1859182
1859183
1859240
1560912
1561912
1561990
1561991
1561992
1561993
1561994
1561995
1566768
1566769
1566770
1566771
1566772
1566773
1566774
1566775
1566776
1566777
1566778
1566779
1566780
1566781
1566782
1566783
1566784
1568660
1568661
1568662
1568663
1568664
1568665
1568666
1568667
1568668
1568669
1568670
1568671
1568672
1568673
1568674
1568675
1568676
1568677
1568680
1568681
1568682
1568683
1568684
1568685
1568686
1568687
1568688
1568689
1569120
1569121
1569122
1569123
1569124
1569125
1569126
1569127
1569128
1569129
1330912
1331092
1331099
1331912
1332460
1332461
1332462
1332532
1332540
1332541
1332542
1333532
1334748
1335912
1337912
1337932
1337939
1337942
1337949
1337956
1337957
1337958
1338912
1339912
1339922
1712790
1712791
1712792
1712793
1712794
1712795
1712796
1712797
1712798
1712799
1713912
1715912
1716912
1716913
1716918
1716919
1717900
1717904
1717912
1717914
1718912
1718913
1718914
1718915
1718916
1302640
1303894
1303895
1303896
1303897
1303898
1303899
1308096
1308097
1308098
1308482
1308483
1308484
1309824
1309825
1309826
1309827
1309828
1309829
1550912
1550920
1550921
1550922
1550923
1550924
1552912
1552970
1552971
1552972
1552973
1552974
1552975
1552976
1552977
1552978
1552979
1552980
1552981
1552982
1552983
1552984
1552985
1552986
1552987
1552988
1552989
1552990
1552991
1552992
1552993
1552994
1552995
1552996
1552997
1552998
1552999
1559120
1559121
1559122
1559123
1559124
1559125
1559126
1559127
1559128
1559129
1559420
1559421
1559422
1559423
1559458
1559459
1559600
1559601
1559602
1559603
1559604
1559605
1559606
1559607
1559608
1559609
1559610
1559611
1559650
1559651
1559652
1559653
1559654
1559655
1559656
1559657
1559658
1559659
1860912
1860918
1860922
1862866
1862868
1862869
1862912
1862918
1862922
1868190
1868191
1868192
1868193
1869044
1869045
1869046
1869047
1869048
1869059
1869120
1869121
1869122
1869123
1869124
1869125
1869126
1869127
1869128
1869129
1869199
1869445
1671912
1672840
1672841
1672849
1672870
1672892
1672893
1672894
1672895
1672896
1672897
1672898
1672899
1672910
1672912
1672913
1672914
1672918
1672919
1673910
1673912
1673913
1673914
1673918
1673919
1390091
1390912
1399106
1399107
1399108
1399109
1399220
1399221
1399222
1399223
1399224
1399225
1399226
1399227
1399228
1399229
1830912
1832920
1832921
1832922
1832923
1832924
1832925
1832926
1832927
1832928
1832929
1832942
1832982
1832983
1832984
1832985
1839120
1839121
1839122
1839123
1839124
1839125
1839126
1839127
1839128
1839129
1839142
1839220
1839221
1839222
1839223
1839224
1839225
1839226
1839227
1839228
1839229
1839542
1839546
1500912
1500922
1502912
1502932
1502938
1502940
1502942
1502951
1502952
1502962
1502969
1502972
1502973
1502982
1502984
1509102
1509112
1509122
1509131
1509140
1509149
1509150
1509166
1509174
1509178
1509184
1509188
1621921
1621925
1621926
1770912
1771963
1771964
1771965
1772912
1772928
1772943
1773078
1773079
1773466
1774244
1774245
1774905
1774906
1774920
1774921
1779112
1779113
1779114
1779210
1779211
1779212
1779213
1779214
1779215
1779216
1779217
1779408
1779585
1779596
1779597
1779598
1779599
1590912
1590924
1590928
1592901
1592902
1592905
1592912
1592914
1592918
1592919
1592922
1592939
1592940
1592949
1592964
1592968
1592970
1592979
1592982
1592983
1599120
1599121
1599122
1599123
1599182
1599192
1452685
1452686
1452692
1453671
1453672
1454469
1454472
1459465
1459466
1459467
1459468
1459571
1459572
1350912
1357120
1357121
1357122
1357123
1357124
1357125
1357126
1357127
1357128
1357129
1357263
1357264
1357265
1357266
1357267
1357268
1357269
1700912
1700913
1701910
1701911
1701912
1701913
1702918
1702919
1704083
1704084
1704085
1704086
1704087
1704088
1704089
1704870
1704871
1704872
1704873
1704874
1704875
1704876
1704877
1704878
1704879
1708916
1708917
1708918
1708919
1709291
1320912
1321960
1321961
1321962
1322002
1322792
1322799
1322836
1322844
1323912
1323924
1323925
1323926
1323927
1323928
1323929
1325912
1325933
1325934
1325935
1325936
1325937
1325938
1327912
1328912
1328947
1328948
1328949
1328970
1328971
1328972
1328973
1328974
1328975
1328976
1328977
1328978
1328979
1910292
1910293
1910294
1910295
1910296
1910912
1919102
1919120
1919121
1919122
1919123
1919124
1919125
1919126
1919127
1919128
1919129
1919145
1919146
1919147
1919148
1919149
1919173
1919174
1840912
1840922
1840929
1842902
1842912
1570912
1570922
1571042
1571912
1571922
1572192
1576090
1576091
1576092
1576912
1576922
1576924
1577160
1577161
1577162
1577182
1577184
1650266
1650799
1650910
1650912
1650918
1651079
1651083
1651178
1651219
1651272
1651284
1651912
1652166
1652241
1652242
1652243
1652244
1652245
1652246
1652247
1652248
1652249
1652274
1652383
1652387
1652390
1652391
1652544
1652610
1652616
1652812
1652857
1652859
1653283
1653329
1653382
1655247
1655248
1655544
1655712
1655721
1655757
1655900
1655908
1655912
1655962
1656260
1656366
1656504
1656619
1656622
1656644
1656654
1656670
1656706
1656864
1656894
1656896
1656912
1656916
1656917
1656919
1657100
1657102
1657149
1657254
1657264
1657404
1657494
1980295
1980912
1981522
1982902
1982912
1982922
1982929
1982932
1982935
1988898
1988899
1989082
1989092
1989099
1989120
1989121
1989122
1989123
1989125
1989126
1989128
1989480
1989481
1989482
1989488
1989489
1989872
1989876
1520912
1522912
1522918
1522942
1522944
1522952
1522959
1522962
1522972
1522979
1522982
1522985
1522992
1524901
1524902
1524912
1528922
1528932
1528939
1528941
1528942
1529120
1529121
1529122
1529123
1529124
1529125
1529126
1529127
1529128
1529129
1529142
1529182
1529188
1810912
1814243
1814684
1814912
1816172
1816502
1816512
1816519
1816668
1816669
1818247
1818248
1819122
1819123
1819128
1819129
1880912
1882912
1882932
1882942
1882962
1882972
1882982
1884022
1884032
1884042
1884044
1889120
1889121
1889122
1889123
1889124
1889125
1889126
1889127
1889128
1889129
1889142
1889151
1889152
1889182
1889189
1889212
1889219
1750912
1750918
1750922
1372044
1372046
1372047
1372048
1372064
1372068
1372069
1372071
1372079
1377230
1377231
1377232
1377233
1377234
1377235
1377236
1377237
1377238
1377239
1377290
1377291
1377292
1377293
1377294
1377295
1470912
1472781
1472782
1472792
1472912
1472982
1472987
1472990
1472992
1479101
1479102
1479104
1479120
1479121
1479122
1479123
1479124
1479125
1479126
1479127
1479128
1479129
1479139
1479140
1479141
1479142
1479143
1479144
1479145
1479146
1479147
1479148
1479149
1479177
1479185
1479199
1340292
1340299
1340912
1340914
1340916
1340917
1340918
1340919
1342972
1342979
1344990
1346874
1346878
1346880
1346889
1347422
1347423
1347439
1347444
1347448
1348444
1348448
1348482
1348483
1348484
1348488
1348494
1348498
1348802
1348803
1348804
1348808
1348829
1348834
1348838
1348844
1348848
1760912
1760922
1761298
1761299
1762912
1769130
1769131
1580912
1582912
1582982
1587746
1587754
1587756
1587757
1587758
1589102
1589112
1589113
1589115
1589117
1589122
1589123
1589124
1589125
1589126
1589127
1589128
1589129
1820912
1822020
1822021
1822022
1822023
1822024
1822025
1822026
1822027
1822028
1822029
1822042
1822062
1822067
1822092
1822094
1824082
1829120
1829121
1829122
1829123
1829124
1829125
1829126
1829127
1829128
1829129
1829220
1829221
1829222
1829223
1829224
1829225
1829226
1829227
1829228
1829229
1829242
1510912
1511492
1511494
1512912
1512932
1512942
1512952
1512960
1512971
1512972
1512983
1512997
1519120
1519121
1519122
1519123
1519124
1519125
1519126
1519127
1519128
1519129
1519182
1519194
1519198
1519199
1660912
1660922
1660929
1380912
1389120
1389121
1389122
1389123
1389124
1389125
1389126
1389127
1389128
1389129
1389220
1389221
1389222
1389223
1389224
1389225
1389226
1389227
1389228
1389229
1870020
1870021
1870022
1870023
1870024
1870025
1870026
1870027
1870028
1870029
1870912
1871052
1871742
1871748
1871760
1871761
1871762
1871763
1871764
1871765
1871766
1871767
1871768
1871769
1872912
1872942
1872982
1872988
1872992
1872994
1874032
1874052
1874062
1874068
1874072
1879120
1879121
1879122
1879123
1879124
1879125
1879126
1879127
1879128
1879129
1879142
1879144
1879152
1879154
1879180
1879181
1879182
1879183
1879184
1879185
1879191
1879192
1310849
1310920
1310921
1310922
1310923
1310924
1310925
1310968
1310969
1311928
1311929
1314912
1315400
1315401
1315402
1316570
1730912
1731980
1731981
1731982
1731983
1731984
1734236
1734240
1734241
1734242
1734243
1734244
1734245
1736560
1736561
1736562
1736563
1736564
1736565
1736566
1736567
1738246
1738247
1738258
1739135
1739239
