1362241
1362291
1362307
1364242
1364243
1365306
1365307
1366495
1366496
1366497
1366498
1366499
1368052
1368053
1368054
1368055
1368056
1368057
1368058
1368059
1368060
1368061
1368062
1368063
1368064
1368065
1368066
1368067
1368068
1368069
1890080
1890252
1892439
1892630
1892631
1892632
1892633
1892634
1892635
1892636
1892637
1892638
1892639
1893310
1893412
1893427
1899863
1899864
1800761
1802380
1802381
1802382
1802383
1802384
1802385
1802386
1802387
1802388
1802389
1802500
1802501
1802977
1803330
1532324
1532325
1532326
1532327
1532328
1532329
1532349
1534768
1534769
1536030
1536031
1536032
1536033
1536034
1538430
1538431
1990241
1990288
1990306
1992488
1992629
1992860
1992861
1560252
1562200
1562201
1562202
1562630
1562631
1562632
1562633
1562634
1562635
1562636
1562637
1562638
1562639
1566036
1569207
1780655
1780662
1780677
1781157
1781707
1781810
1781872
1781910
1782009
1782593
1784190
1784191
1787514
1787541
1787556
1787565
1787579
1787587
1787594
1787599
1787603
1787616
1787653
1787662
1787678
1787688
1788079
1788196
1788198
1789665
1850661
1850662
1857850
1858890
1330252
1331854
1331855
1331856
1332658
1332659
1333657
1333658
1333659
1336018
1337662
1338074
1338086
1300564
1300565
1301851
1302564
1302565
1303586
1303587
1303589
1304702
1304703
1306854
1306855
1306856
1307830
1307831
1307832
1307833
1307834
1307835
1307836
1307837
1307838
1307839
1860761
1866623
1866624
1866625
1866626
1867579
1868835
1390252
1392200
1392201
1392202
1392439
1392630
1392631
1392632
1392633
1392634
1392635
1392636
1392637
1392638
1392639
1501499
1501634
1501635
1501812
1501813
1501814
1501815
1508956
1508957
1508958
1508959
1509982
1830014
1830662
1831211
1831225
1831608
1831609
1831610
1831612
1831613
1831615
1831616
1831624
1831627
1831634
1831642
1831643
1831817
1831824
1831827
1831860
1831861
1831862
1831899
1831965
1831991
1831994
1832044
1834420
1834421
1834423
1834454
1591642
1591643
1591644
1591707
1591708
1591709
1597565
1597566
1597567
1597568
1597569
1598625
1598626
1598627
1598628
1598629
1770764
1772200
1772298
1772409
1772444
1772565
1772580
1772590
1772877
1772878
1772879
1772888
1778883
1452918
1453940
1454837
1458960
1458961
1458962
1458963
1350021
1350149
1353795
1353796
1353797
1353798
1353799
1354260
1354261
1354262
1354263
1354264
1354265
1354266
1354267
1354268
1354269
1910662
1912800
1322637
1322638
1322639
1323200
1323201
1323202
1323203
1323204
1325069
1325764
1325765
1328819
1571829
1572827
1572838
1572859
1576737
1576882
1842022
1842036
1842037
1842044
1842057
1842059
1847514
1847515
1847516
1847517
1847518
1847529
1847530
1847540
1847541
1847558
1847565
1847566
1847569
1980653
1980654
1980662
1981218
1981456
1982092
1982093
1982095
1983010
1983029
1983056
1984923
1984965
1984991
1986431
1986488
1986525
1986579
1986629
1986630
1986631
1986632
1986635
1986636
1987656
1987659
1987662
1810761
1812441
1812488
1812727
1812819
1812896
1812897
1812898
1812899
1814888
1819877
1819878
1521814
1521815
1521816
1521817
1521818
1521934
1521935
1521997
1880252
1880662
1881320
1881988
1881989
1882560
1882561
1882670
1882671
1882672
1889971
1750622
1752066
1752067
1756620
1756621
1756623
1756624
1757662
1758847
1758848
1758849
1370267
1370280
1370281
1370305
1370967
1371985
1371986
1371987
1371988
1371989
1372560
1372561
1372562
1372563
1372564
1375160
1375161
1375162
1375163
1375164
1379475
1379476
1379477
1379478
1379479
1471473
1471538
1471588
1477815
1341130
1341131
1341132
1341133
1341134
1342120
1342121
1342122
1342123
1342124
1342125
1342126
1342127
1342128
1342129
1342175
1342176
1343250
1343251
1343252
1343253
1343254
1343255
1343256
1343257
1343258
1343259
1345050
1345051
1581307
1581308
1581309
1581912
1581913
1581914
1581915
1581916
1581917
1581918
1581919
1582034
1582036
1587514
1587515
1587516
1587517
1587518
1760662
1768835
1511353
1511354
1511355
1511945
1511946
1511947
1511948
1511949
1820081
1820097
1820662
1821135
1821891
1821909
1821942
1821955
1380972
1382495
1382496
1382497
1382498
1382499
1382760
1382761
1382762
1382763
1382764
1382765
1382766
1382767
1382768
1382769
1382980
1382981
1382982
1382983
1382984
1382985
1382986
1382987
1382988
1382989
1660662
1660664
1669836
1669837
1669838
1669839
1871831
1871843
1871876
1871885
1871923
1871929
1310677
1310678
1310679
1314866
1314867
1314900
1314904
1316050
1316051
1316052
1316053
1316054
1316818
1316819
1316914
1316915
1319255
1319256
1319257
1319258
1319259
1730309
1730662
1730764
1730765
1731809
1732299
1732462
1736349
1737666
