1840893
1848913
1848923
1848928
1570803
1572673
1572893
1981433
1988913
1988923
1989953
1322893
1329893
1910893
1918913
1889803
1750983
1758903
1471893
1472893
1478903
1520803
1528903
1528913
1810893
1814143
1814323
1814383
1814384
1818493
1818903
1818904
1818993
1818997
1820803
1828903
1828907
1828913
1768903
1768913
1768953
1588903
1730893
1735453
1738903
1738993
1739713
1668903
1388903
1870803
1879893
1534893
1800893
1807693
1808903
1808993
1361893
1362893
1363893
1364893
1365893
1365958
1890893
1898903
1898993
1330893
1332253
1339803
1990893
1998923
1998928
1998933
1998943
1998950
1998953
1780893
1780899
1786763
1788803
1788903
1788913
1788923
1788929
1788933
1788939
1788963
1789143
1789903
1858913
1858943
1560893
1569263
1868903
1868913
1390893
1398903
1398993
1770893
1771193
1774073
1775843
1778453
1778901
1778903
1778993
1778998
1452393
1454263
1459433
1459533
1830803
1838903
1838909
