1510611
1510612
1510614
1515190
1515191
1515192
1515193
1515194
1515195
1515196
1515197
1515198
1515199
1516110
1516111
1516112
1516113
1516114
1516115
1516116
1516117
1516118
1516119
1518970
1518971
1518972
1518973
1518974
1518975
1518976
1518977
1518978
1518979
1519050
1519051
1519052
1519053
1519054
1519500
1519501
1519502
1519503
1519504
1519505
1519506
1519507
1519508
1519509
1820502
1820611
1820612
1820614
1824882
1824883
1825120
1825121
1825122
1825123
1825124
1826049
1826115
1826116
1826117
1826118
1826119
1826198
1826199
1826254
1826295
1826296
1826297
1826298
1826299
1340130
1340131
1340132
1340133
1340134
1340135
1340136
1340137
1340138
1340139
1340148
1340149
1340150
1340151
1340152
1340153
1340154
1340155
1340156
1340157
1340158
1340159
1340160
1340161
1340162
1340163
1340164
1340165
1340166
1340167
1340168
1340169
1340756
1340757
1340758
1340759
1580611
1580612
1580614
1585190
1585191
1585192
1585193
1585194
1585195
1585196
1585197
1585198
1585199
1586110
1586111
1586112
1586113
1586114
1586115
1586116
1586117
1586118
1586119
1586183
1586184
1586185
1586186
1586187
1586188
1586189
1589500
1589501
1589502
1589503
1589504
1589505
1589506
1589507
1589508
1760153
1760519
1760529
1762519
1762522
1762524
1762549
1762589
1311527
1311528
1311529
1314250
1314251
1314252
1314253
1314254
1314255
1314256
1315125
1315126
1315127
1315128
1315129
1317416
1317417
1317930
1317931
1317953
1317954
1318242
1318243
1318250
1318251
1318252
1318253
1318254
1318255
1318256
1318257
1318258
1318259
1318666
1318667
1318668
1318669
1319643
1319644
1319670
1319671
1319672
1319673
1319674
1319675
1319676
1319677
1319678
1319679
1730066
1730149
1730150
1730151
1730152
1730153
1730519
1731221
1731222
1731289
1731294
1731400
1731401
1731402
1731478
1731479
1731508
1731509
1731510
1731511
1731512
1731513
1731515
1731537
1731538
1731539
1731881
1732719
1732720
1732764
1732774
1732784
1732791
1732792
1732793
1732794
1734273
1734826
1734827
1734828
1735158
1735159
1735169
1735243
1735827
1735828
1736544
1736634
1736804
1736815
1736836
1736859
1736894
1737299
1737473
1739683
1739796
1739797
1380149
1380150
1380611
1380612
1380614
1380907
1381350
1381351
1381352
1381353
1381354
1381355
1381356
1381357
1381358
1381359
1381365
1381366
1381367
1381368
1381369
1381475
1381476
1381477
1381478
1381479
1381500
1381501
1381502
1381503
1381504
1381505
1381506
1381507
1381508
1381509
1386100
1386101
1386102
1386103
1386104
1386105
1386106
1386107
1386108
1386109
1386110
1386111
1386112
1386113
1386114
1386115
1386116
1386117
1386118
1386119
1386120
1386121
1386122
1386123
1386124
1386125
1386126
1386127
1386128
1386129
1386268
1386269
1660519
1660528
1660529
1665147
1665157
1665158
1665159
1666519
1870611
1870612
1870614
1872406
1875120
1875121
1876115
1876116
1876117
1876118
1876119
1876282
1876283
1879647
1879648
1879690
1879691
1879692
1879693
1879694
1879695
1879696
1879697
1879698
1879699
1570611
1570612
1570614
1570615
1570616
1571611
1571612
1571614
1572063
1572064
1572085
1572086
1572274
1572275
1572276
1572277
1572278
1572279
1575179
1579421
1579664
1840510
1840511
1840512
1840513
1845242
1845262
1845271
1980250
1980251
1980252
1980253
1981226
1981464
1981611
1981612
1981613
1981614
1981618
1981642
1982512
1982513
1982514
1982515
1982516
1982517
1982518
1982545
1984442
1984457
1984823
1984837
1985020
1985021
1985022
1985023
1985024
1985025
1985026
1985027
1985028
1985029
1985141
1985190
1985191
1985192
1985193
1985194
1985195
1985196
1985197
1985198
1985199
1989555
1989556
1989557
1989584
1650519
1651961
1652119
1700149
1700150
1700519
1701600
1701601
1701602
1701603
1701604
1702613
1702614
1704092
1705061
1705213
1705242
1706925
1706926
1706927
1706928
1706929
1707950
1707951
1707952
1707953
1707954
1707955
1707956
1707957
1707958
1707959
1708648
1910256
1910519
1320510
1320520
1321847
1321864
1321865
1321866
1321867
1321868
1321869
1321887
1322247
1322250
1322251
1322252
1322253
1322255
1322256
1322257
1322258
1322259
1322519
1323516
1323517
1323518
1323519
1327037
1327038
1327039
1327090
1327091
1327092
1327093
1327094
1327095
1327518
1327519
1327520
1327521
1327522
1327523
1327524
1329130
1329131
1329132
1329133
1329134
1750146
1750519
1750528
1750529
1755190
1880150
1880611
1880612
1880614
1881627
1885120
1885121
1885122
1885123
1886098
1886110
1886111
1886112
1886113
1886114
1886115
1886116
1886117
1886118
1886119
1886120
1886121
1886122
1886123
1886124
1886125
1886126
1886127
1886128
1886129
1886140
1886141
1886142
1886143
1886144
1886145
1886146
1886147
1886148
1886149
1888802
1889668
1889669
1370148
1370149
1370150
1370159
1370611
1370612
1370614
1377500
1377501
1377502
1377503
1377504
1377505
1377506
1377507
1377508
1377509
1377510
1377511
1377512
1377513
1377514
1377515
1377516
1377517
1377518
1377519
1377520
1377521
1377522
1377523
1377524
1377525
1377526
1377527
1377528
1377529
1377560
1377561
1377562
1377563
1377564
1377638
1377639
1377680
1377681
1377682
1377683
1377684
1377685
1377686
1377687
1377688
1377689
1470611
1470612
1470614
1475104
1475105
1475288
1475289
1476087
1476107
1476108
1476109
1476110
1476111
1476112
1476113
1476114
1476115
1476116
1476117
1476118
1476119
1476120
1476121
1476122
1476123
1476124
1476125
1476126
1476127
1476128
1476129
1476180
1476245
1476256
1476285
1810149
1810150
1810611
1810612
1810614
1811230
1811231
1811232
1811233
1811234
1811250
1811251
1811286
1811287
1811288
1811289
1811417
1811418
1811430
1811431
1811432
1811433
1811468
1811469
1811500
1811501
1811502
1811503
1811504
1811505
1811506
1811507
1811542
1811543
1811578
1811579
1811580
1811800
1811801
1811802
1811833
1811834
1811835
1811836
1811837
1811838
1811839
1813629
1813638
1813639
1813658
1813659
1813664
1813669
1813670
1813671
1813672
1813674
1813691
1813699
1815120
1815121
1815122
1815123
1815124
1815127
1815128
1815142
1815172
1815173
1815197
1815198
1815199
1816880
1816881
1816882
1816884
1816894
1520611
1520612
1520614
1524050
1524051
1524052
1524053
1525190
1525191
1525192
1525193
1525194
1525195
1525196
1525197
1525198
1525199
1526110
1526111
1526112
1526113
1526114
1526115
1526116
1526117
1526118
1526119
1529500
1529501
1529502
1529503
1529504
1529505
1529506
1529507
1529508
1529509
1529510
1529511
1529512
1529513
1529514
1529515
1529516
1529517
1529518
1529519
1860149
1860257
1860258
1860259
1860519
1862528
1862529
1865120
1865121
1865122
1865123
1865193
1865194
1865195
1865196
1865197
1865198
1865199
1866110
1866111
1866112
1866113
1866114
1866115
1866116
1866117
1866118
1866119
1866121
1866122
1866123
1866124
1869494
1869495
1869496
1390149
1390150
1390611
1390612
1390614
1391230
1391231
1391232
1391233
1391234
1391430
1391431
1391432
1391433
1391434
1391500
1391501
1391502
1391503
1391504
1391505
1391506
1391507
1391508
1391509
1391580
1391581
1391582
1391583
1391584
1391585
1391586
1391587
1391588
1391589
1392100
1392101
1392102
1392103
1392104
1392105
1392106
1392107
1392108
1392109
1395120
1395121
1395122
1395123
1396110
1396111
1396112
1396113
1396114
1396115
1396116
1396117
1396118
1396119
1396120
1396121
1396122
1396123
1396124
1396125
1396126
1396127
1396128
1396129
1396140
1396141
1396142
1396143
1396144
1396145
1396146
1396147
1396148
1396149
1671519
1672519
1673519
1673966
1673985
1673986
1673987
1673988
1673989
1673990
1673991
1673992
1673993
1673995
1674187
1674188
1674189
1720190
1300001
1300437
1300438
1300440
1300441
1300442
1300443
1301044
1301684
1301685
1301686
1301687
1301688
1301689
1302440
1302441
1302442
1302443
1303250
1303251
1304150
1304151
1304152
1304153
1304154
1304155
1304156
1304157
1304158
1304159
1304170
1304171
1304172
1305710
1305711
1305712
1305713
1305714
1305715
1305716
1305717
1305718
1305719
1306390
1306391
1306392
1306393
1306394
1306395
1306396
1306397
1306398
1306399
1308250
1308251
1309242
1309243
1309250
1309251
1309252
1309253
1309254
1309255
1309256
1309257
1309258
1309259
1309315
1309316
1309317
1309318
1309319
1590611
1590612
1590614
1595120
1595121
1595122
1595123
1596110
1596111
1596112
1596113
1596114
1596115
1596116
1596117
1596118
1596119
1596120
1596121
1596122
1596123
1596124
1596125
1596126
1596127
1596128
1596129
1596140
1596141
1596142
1596143
1596144
1596145
1596146
1596147
1596148
1596149
1599500
1599501
1599502
1599503
1599504
1599505
1599506
1599507
1599508
1599509
1770149
1770150
1770611
1770612
1770614
1771230
1771231
1771232
1771233
1771234
1771275
1771276
1771277
1771278
1771279
1771400
1771401
1771402
1771466
1771467
1771498
1771499
1771532
1771533
1771534
1771543
1771544
1771545
1771595
1771596
1772166
1772167
1772168
1772169
1772170
1772171
1775158
1775159
1776620
1776621
1776622
1776623
1776624
1776835
1776836
1776837
1776838
1776839
1779890
1779891
1779892
1779893
1450847
1450848
1450849
1450900
1450901
1450902
1450903
1450904
1450905
1450906
1450907
1450908
1450909
1451541
1452642
1452643
1452644
1452645
1453540
1453541
1453542
1453624
1453625
1454423
1454434
1454930
1457086
1457087
1457088
1457240
1350611
1350612
1350614
1351166
1351167
1351525
1351526
1351527
1358430
1358431
1358432
1358433
1358434
1358435
1358436
1358437
1358438
1358439
1358450
1358451
1358452
1358453
1358454
1358455
1358456
1358457
1358458
1358459
1358530
1358531
1358532
1358533
1358534
1358535
1358540
1358541
1358542
1358543
1358544
1358545
1500611
1500612
1500614
1505110
1505190
1505191
1505192
1505193
1505194
1505195
1505196
1505197
1505198
1505199
1506110
1506111
1506112
1506113
1506114
1506190
1506191
1506192
1506193
1506194
1506195
1506196
1506197
1506198
1506199
1830611
1830612
1830614
1834462
1834463
1835120
1835121
1835122
1835123
1835143
1836042
1836043
1836082
1836083
1836222
1836223
1836224
1836225
1836226
1836227
1836228
1836229
1621443
1800149
1800150
1800611
1800612
1800614
1801430
1801431
1801432
1801433
1801434
1801500
1801501
1801502
1801503
1801504
1801505
1801506
1801507
1801508
1801509
1801527
1801528
1801529
1801580
1801581
1801582
1801583
1801584
1801585
1801586
1801587
1801588
1801589
1801820
1801821
1801822
1801823
1801824
1801825
1801826
1801827
1801828
1801967
1801968
1801969
1802040
1802041
1802042
1802043
1802145
1802197
1802198
1803646
1803647
1803648
1803649
1805120
1805250
1805251
1805252
1805253
1805254
1805270
1805271
1805272
1805273
1805274
1806187
1806850
1806851
1806852
1806853
1806854
1806855
1806856
1806857
1806858
1806859
1806875
1806876
1806877
1806878
1806879
1809440
1809441
1809442
1809443
1809444
1530149
1530150
1530611
1530612
1530614
1531239
1531250
1531251
1531252
1531253
1531254
1531255
1531256
1531257
1531258
1531259
1533500
1533501
1533502
1534519
1535190
1535191
1535192
1535193
1535194
1535195
1535196
1535197
1535198
1535199
1536680
1536681
1536682
1536683
1536684
1538000
1538001
1538002
1538003
1538004
1538005
1538006
1538007
1538008
1538009
1538045
1538046
1538047
1538048
1538049
1360150
1360159
1360611
1360612
1360614
1361610
1361611
1361612
1361613
1362510
1362511
1362624
1362625
1364150
1364611
1364612
1364614
1365150
1365611
1365612
1365614
1368520
1368521
1368522
1368523
1368524
1368525
1368526
1368527
1368528
1368529
1950112
1950118
1955290
1955299
1890065
1890149
1890150
1890611
1890612
1890614
1891230
1891231
1891232
1891233
1891234
1891430
1891431
1891432
1891433
1891434
1891500
1891501
1891502
1891503
1891504
1891505
1891506
1891507
1891508
1891509
1891580
1891581
1891582
1891583
1891584
1891585
1891586
1891587
1891588
1891589
1892100
1892101
1892102
1892103
1892104
1892105
1892106
1892107
1892108
1892109
1893238
1893239
1895120
1895121
1895122
1895123
1896110
1896111
1896112
1896113
1896114
1896115
1896116
1896117
1896118
1896119
1896120
1896121
1896122
1896123
1896124
1896125
1896126
1896127
1896128
1896129
1896140
1896141
1896142
1896143
1896144
1896145
1896146
1896147
1896148
1896149
1899475
1899476
1899477
1899498
1899499
1330149
1330150
1330611
1330612
1330614
1332788
1332789
1332816
1332817
1332818
1332819
1333788
1333789
1333816
1333817
1333818
1333819
1333879
1333880
1334788
1334789
1334816
1334817
1334818
1334819
1335788
1335789
1335816
1335817
1335818
1335819
1337219
1337224
1337225
1337226
1337227
1337228
1337229
1337625
1337626
1337627
1337628
1337629
1338244
1338280
1338281
1338282
1338283
1338284
1338285
1338286
1338287
1713519
1715519
1716519
1717342
1717343
1717344
1717345
1717346
1717347
1717519
1717521
1717522
1717525
1717526
1717528
1717529
1717620
1717621
1717622
1718519
1719345
1719346
1719347
1719519
1719528
1719529
1719620
1719621
1719622
1990150
1990519
1990611
1990612
1994168
1994172
1994181
1994183
1994200
1994209
1995147
1995159
1995185
1995186
1995189
1995243
1995251
1995280
1995281
1997510
1997511
1997512
1997513
1560149
1560150
1560611
1560612
1560614
1565120
1565121
1565122
1565123
1566458
1566459
1566520
1566521
1566522
1566523
1566524
1566525
1566526
1566527
1566528
1566529
1569519
1569520
1850143
1850144
1850145
1850257
1850258
1850259
1850519
1850520
1855107
1855108
1855109
1855132
1855133
1855134
1855135
1855136
1855137
1855138
1855139
1855146
1855190
1855191
1855192
1855193
1855194
1855195
1855196
1780442
1780507
1780508
1782612
1782613
1782631
1782641
1782664
1783453
1783459
1783480
1783481
1784960
1784961
1784962
1784963
1784964
1784965
1784966
1784967
1784968
1784969
1785102
1785103
1785104
1785105
1785106
1785107
1785108
1785109
1788725
1788726
1788813
1789513
1789516
