1830873
1831331
1831332
1831333
1831334
1831335
1831336
1831400
1831401
1831402
1831403
1831404
1831405
1831406
1831407
1838730
1838731
1838732
1838733
1838734
1838735
1838736
1838737
1838738
1838739
1838899
1502520
1502521
1508730
1508731
1508732
1508733
1508734
1508735
1508736
1508737
1508738
1508739
1509410
1509411
1509412
1509413
1509414
1509415
1509416
1509417
1509418
1509419
1509685
1509686
1509687
1509688
1509689
1452893
1454646
1459400
1459401
1459402
1459403
1459404
1350873
1350883
1352946
1352947
1352948
1352949
1352966
1352967
1352968
1352973
1352980
1352981
1352982
1352983
1352984
1352991
1352993
1352994
1352995
1352996
1357730
1357731
1357732
1357733
1357734
1770873
1778730
1778731
1778733
1778758
1778774
1778775
1778776
1590873
1591130
1591131
1591132
1591133
1591134
1591135
1591136
1591137
1591138
1591139
1591188
1591280
1591281
1591282
1591283
1591284
1591285
1591286
1591287
1591288
1591289
1592460
1592461
1592462
1592463
1592530
1592531
1592532
1592533
1592534
1592535
1592536
1592537
1592538
1597470
1597471
1597472
1597473
1597474
1597475
1597476
1597477
1598732
1598733
1598734
1598735
1598736
1598737
1598738
1598739
1598777
1598778
1598779
1300860
1300861
1301340
1301341
1303590
1303591
1308745
1309434
1309526
1309742
1309743
1309980
1309981
1390873
1398730
1398731
1398732
1398733
1398734
1398735
1398736
1398737
1398738
1398739
1398800
1398801
1398802
1398803
1398804
1398805
1398806
1398807
1398808
1398809
1550873
1860873
1860884
1868730
1868734
1868737
1868738
1868739
1850873
1858711
1858722
1858723
1780873
1786914
1786915
1786916
1786917
1787400
1787401
1787402
1787403
1787404
1787405
1787433
1787434
1787435
1787436
1787437
1787438
1787490
1787491
1787492
1787493
1787494
1787495
1787496
1787497
1560873
1567043
1567045
1568730
1568731
1568732
1568733
1568734
1568735
1568736
1569703
1990873
1994873
1994887
1994893
1998730
1998731
1998732
1998733
1998734
1998735
1998737
1998738
1998739
1998778
1998993
1998998
1713873
1715873
1716475
1716476
1716477
1716478
1716479
1716693
1716695
1716873
1717873
1718475
1718706
1718707
1718708
1718709
1719873
1330873
1331266
1331267
1332040
1332492
1332493
1333040
1336873
1337873
1338873
1339873
1890873
1898730
1898731
1898732
1898733
1898734
1898737
1898738
1898739
1898765
1898766
1898825
1898826
1898835
1360873
1360883
1361873
1361885
1361943
1362873
1364873
1364960
1364961
1364962
1364963
1364964
1365873
1530873
1533145
1533146
1533147
1533436
1533437
1533438
1534873
1536832
1536833
1536834
1536835
1536836
1536837
1536873
1538873
1538886
1538887
1539131
1539132
1539482
1539483
1539484
1539485
1539486
1539487
1539488
1539489
1539873
1800873
1808730
1808731
1808738
1808739
1870873
1876070
1876071
1876072
1876073
1876074
1876075
1876076
1876077
1876078
1876079
1878730
1878731
1878732
1878733
1878734
1878735
1878736
1878737
1878738
1878739
1878825
1878826
1878827
1878828
1660873
1380877
1388730
1388731
1388732
1388733
1388734
1388735
1388736
1388737
1388738
1388739
1388755
1388756
1388757
1388758
1388759
1730873
1738730
1738731
1738732
1738735
1738736
1738737
1738738
1738740
1310860
1310861
1310873
1311697
1311873
1315059
1315060
1315061
1315062
1317067
1317068
1318794
1318795
1318796
1760873
1768703
1768713
1580867
1580868
1580873
1582518
1582519
1582520
1582521
1582522
1582523
1582524
1588770
1588771
1588772
1588773
1588774
1340890
1340891
1340892
1340893
1340894
1340895
1340896
1340897
1340898
1340899
1346625
1346626
1346627
1346628
1346629
1821360
1821361
1821362
1821363
1821364
1821365
1821366
1821367
1821368
1821369
1821430
1821431
1821432
1821433
1821434
1821435
1821436
1821437
1821438
1821439
1828730
1828731
1828732
1828733
1828734
1828735
1828736
1828737
1828738
1828739
1512610
1512611
1512612
1512613
1512614
1512615
1512616
1512617
1512618
1512619
1512620
1512621
1512622
1512623
1512624
1512625
1512626
1512627
1512628
1512629
1512630
1512631
1512632
1512633
1512634
1512635
1512636
1512637
1512638
1512639
1512640
1512641
1512642
1512643
1512644
1515490
1515491
1515492
1515493
1515494
1515495
1515496
1515497
1515498
1515499
1518730
1518731
1518732
1518733
1518734
1518735
1518736
1518737
1518738
1518739
1520873
1528730
1528731
1528732
1528733
1528734
1528735
1528736
1528737
1528738
1528739
1810873
1816472
1816473
1816474
1818363
1818373
1818703
1818733
1818735
1818736
1818737
1818738
1370863
1376930
1376931
1376932
1376933
1376934
1376935
1376936
1376937
1376938
1376939
1376940
1376941
1376942
1376943
1376944
1376945
1376946
1376947
1376948
1376949
1470873
1470880
1473660
1473661
1478713
1750873
1758709
1880873
1884874
1884875
1884876
1884877
1884878
1884879
1886930
1886931
1886932
1886933
1886934
1886935
1886936
1886937
1886938
1886939
1886945
1886946
1886947
1886948
1886949
1888730
1888731
1888732
1888733
1888734
1888735
1888736
1888737
1888738
1888739
1320873
1321191
1323873
1329498
1329499
1910873
1916911
1918730
1918731
1918732
1918733
1918734
1918735
1703445
1703446
1703447
1703448
1703449
1705693
1707870
1707871
1707872
1707873
1707874
1980693
1980873
1981102
1981103
1981104
1981130
1981131
1981132
1981133
1981134
1981135
1981314
1986911
1986912
1986913
1986914
1986915
1986916
1986917
1986918
1988730
1988731
1988732
1988733
1988734
1988735
1988736
1988737
1988738
1988739
1840873
1846970
1846971
1846972
1846973
1846974
1848700
1848701
1848702
1848703
1848704
1848705
1848706
1570873
1571873
1572183
1572184
1575000
1575001
1575002
1575003
1575004
1575005
1575006
1575007
1575008
1575009
1575225
1575226
1575227
1575228
1575229
1575250
1575251
1575252
1575253
1575254
1575255
1575256
1575257
1575258
1575259
1575260
1575261
1575262
1575263
1575264
1575265
1575266
1575267
1575268
1575269
1579872
1579873
