1671757
1672757
1673757
1390241
1390242
1390256
1390280
1390281
1390283
1390284
1390285
1390289
1392310
1392311
1392312
1392313
1392314
1392315
1392316
1392317
1392318
1392319
1392320
1392321
1392322
1392323
1392324
1392325
1392326
1392327
1392328
1392329
1392452
1392453
1392454
1392455
1392456
1392457
1392480
1392481
1392482
1392483
1392484
1392485
1392486
1392487
1392488
1392489
1392540
1392541
1392542
1392543
1392544
1392545
1392546
1392547
1392548
1392549
1392590
1392591
1392592
1392593
1392594
1392595
1392596
1392597
1392598
1392599
1392720
1392721
1392722
1392723
1392724
1392725
1392726
1392727
1392728
1392729
1392770
1392771
1392772
1392773
1392774
1392775
1392776
1392777
1392778
1392779
1392820
1392821
1392822
1392823
1392824
1392825
1392826
1392827
1392828
1392829
1392850
1392851
1392852
1392853
1392854
1392855
1392856
1392857
1392858
1392859
1392860
1392861
1392862
1392863
1392864
1392865
1392866
1392867
1392868
1392869
1392910
1392911
1392912
1392913
1392914
1392915
1392916
1392917
1392918
1392919
1392990
1392991
1392992
1392993
1392994
1392995
1392996
1392997
1392998
1392999
1860308
1860309
1860757
1866420
1866421
1866422
1866423
1866424
1866425
1866426
1866427
1866428
1866429
1866540
1866541
1866542
1866543
1866544
1866545
1866546
1866547
1866548
1866549
1866553
1866554
1866635
1866636
1866637
1866638
1866639
1866650
1866651
1866652
1866653
1866654
1866655
1866656
1866657
1866658
1866659
1866675
1867570
1867571
1867572
1867573
1867574
1867575
1867576
1867650
1867651
1867652
1867653
1867654
1867655
1867656
1867657
1867658
1867659
1868000
1868001
1868002
1868003
1868004
1868140
1868141
1868142
1868821
1868822
1868823
1868824
1868825
1868826
1868827
1868828
1868829
1868880
1868923
1868924
1868925
1868926
1868927
1868928
1868929
1868930
1868931
1868932
1300670
1300671
1300672
1300673
1300674
1300675
1300676
1300677
1300678
1300679
1301067
1301660
1301661
1301662
1301852
1301853
1301854
1301855
1301856
1301857
1302670
1302671
1302672
1302673
1302674
1302675
1302676
1302677
1302678
1302679
1304704
1304705
1304706
1304707
1304708
1304709
1304910
1304911
1304912
1304913
1304914
1304915
1304916
1304917
1304918
1304919
1305830
1305831
1305832
1305833
1306075
1306076
1306077
1306078
1306079
1306644
1306645
1306646
1306647
1306648
1306649
1306860
1306861
1306862
1306863
1306864
1306865
1306866
1306867
1306868
1306869
1307420
1307421
1307422
1307423
1307424
1307425
1307426
1307427
1307428
1307429
1307740
1307741
1307742
1307743
1307744
1307745
1307746
1307747
1307748
1307749
1307810
1307811
1307812
1307813
1307814
1307815
1307816
1307817
1307818
1307819
1307840
1307841
1307842
1307843
1307844
1307845
1307846
1307847
1307848
1307849
1726663
1726665
1726669
1452960
1452961
1452962
1452963
1452964
1452965
1452966
1452967
1453932
1453933
1453934
1453935
1453936
1454676
1454677
1454688
1454694
1454807
1454821
1457047
1457048
1457435
1457436
1457437
1457438
1457906
1457907
1457908
1457909
1457910
1458757
1458767
1458820
1458821
1458822
1458823
1458824
1458825
1458826
1458827
1458828
1458829
1458830
1458831
1458832
1458833
1458834
1458835
1458836
1458837
1458838
1458839
1459054
1459055
1459056
1459057
1459058
1459896
1350025
1350026
1350027
1350995
1350996
1351650
1351651
1351652
1351653
1351654
1351655
1351656
1351657
1351658
1351659
1351660
1351661
1351662
1351663
1351664
1352890
1352891
1352892
1352893
1352894
1352895
1352896
1352897
1352898
1352899
1353130
1353131
1353132
1353133
1353134
1353135
1353136
1353137
1353138
1353139
1353140
1353141
1353142
1353143
1353144
1353430
1353431
1353432
1353433
1353434
1353435
1353436
1353437
1353438
1353439
1353440
1353441
1353442
1353443
1353444
1353445
1353446
1353447
1353448
1353449
1353455
1353456
1353457
1353458
1353459
1353560
1353561
1353562
1353563
1353564
1353565
1353566
1353567
1353568
1353569
1353570
1353571
1353572
1353573
1353574
1353575
1353576
1353577
1353578
1353579
1353580
1353581
1353582
1353583
1353584
1353585
1353586
1353587
1353588
1353589
1353660
1353661
1353662
1353663
1353664
1353665
1353666
1353667
1353668
1353669
1353930
1353931
1353932
1353933
1353934
1354250
1354251
1354252
1354253
1354254
1354255
1354256
1354257
1354258
1354259
1354360
1354361
1354362
1354363
1354364
1354365
1354366
1354367
1354368
1354369
1354995
1354996
1354997
1354998
1354999
1355330
1355331
1355332
1355333
1355334
1359050
1359051
1359052
1359053
1359054
1359055
1359056
1359057
1359058
1359059
1359060
1359061
1359062
1359063
1359064
1359065
1359066
1359067
1359068
1359069
1770757
1770860
1770861
1770862
1770863
1770864
1770865
1770866
1770867
1770868
1770869
1772270
1772271
1772272
1772273
1772274
1772275
1772276
1772277
1772278
1772475
1772476
1772477
1772478
1772479
1772560
1772561
1772562
1772563
1772566
1772567
1772574
1772579
1772592
1772710
1772711
1772712
1772713
1772714
1772730
1772731
1772732
1772733
1772734
1772735
1772736
1772737
1772738
1772739
1772824
1772830
1772831
1772832
1772840
1772841
1776560
1776561
1776562
1776563
1776564
1776888
1778681
1778682
1778683
1778684
1778685
1778686
1778687
1778688
1778882
1779600
1779601
1779602
1779603
1779604
1779605
1779606
1779607
1779608
1779609
1779615
1779616
1779617
1779618
1779619
1590757
1591455
1591456
1591457
1591458
1591459
1591520
1591521
1591522
1591523
1591524
1591600
1591601
1591602
1591603
1591604
1591605
1591606
1591607
1591608
1591609
1591610
1591611
1591612
1591613
1591614
1591615
1591616
1591617
1591618
1591619
1591655
1591656
1591657
1591658
1591659
1591700
1591701
1591702
1591800
1591801
1591802
1591803
1591804
1591805
1591806
1591807
1591808
1591809
1591810
1591811
1591812
1591813
1591814
1591815
1591816
1591817
1591818
1591819
1591900
1591901
1591902
1591903
1591904
1591905
1591906
1591907
1591908
1591909
1592070
1592071
1592072
1592073
1592074
1597570
1597571
1597572
1597573
1597574
1597575
1597576
1597577
1597578
1597579
1597660
1597661
1597662
1597663
1597664
1597665
1597666
1597667
1597668
1597669
1598605
1598606
1598607
1598608
1598609
1598610
1598611
1598612
1598613
1598614
1598615
1598616
1598617
1598618
1598619
1598995
1598996
1598997
1598998
1598999
1830661
1830667
1830757
1831228
1831618
1831649
1831654
1831655
1831657
1831681
1831693
1831695
1831696
1831697
1831889
1831918
1831977
1834440
1500757
1501160
1501161
1501162
1501163
1501164
1501165
1501166
1501167
1501168
1501169
1501461
1501462
1501463
1501464
1501465
1501466
1501467
1501468
1501469
1501470
1501471
1501472
1501473
1501474
1501550
1501551
1501552
1501553
1501554
1501555
1501556
1501557
1501558
1501559
1501560
1501561
1501562
1501563
1501564
1501565
1501566
1501567
1501568
1501569
1501570
1501571
1501572
1501573
1501574
1501575
1501576
1501577
1501578
1501579
1501580
1501581
1501582
1501583
1501584
1501585
1501586
1501587
1501588
1501589
1501740
1501741
1501742
1501743
1501744
1501764
1501765
1501766
1501767
1501768
1501769
1501770
1501771
1501772
1501773
1501774
1501775
1501776
1501777
1501778
1501779
1501960
1501961
1501962
1501963
1501964
1501965
1501966
1501967
1501968
1501969
1502420
1502421
1502422
1502423
1502424
1502425
1502426
1502427
1502428
1502429
1508800
1508801
1508802
1508803
1508804
1509986
1509987
1509988
1530230
1530231
1530232
1530233
1530234
1530240
1530241
1530242
1530243
1530244
1530280
1530281
1530282
1530283
1530284
1530285
1530286
1530287
1530288
1530289
1530292
1530293
1530294
1530295
1530296
1530297
1530298
1530299
1530757
1530765
1533830
1533831
1533832
1533833
1533834
1533840
1533841
1533842
1533843
1533844
1536300
1536301
1536302
1536303
1536304
1536305
1536306
1536307
1536308
1536309
1536340
1536341
1536342
1536343
1536344
1536360
1536361
1536362
1536363
1536364
1536365
1536366
1536367
1536368
1536369
1536380
1536381
1536382
1536383
1536384
1539890
1539891
1539892
1539893
1539894
1539895
1539896
1539897
1539898
1539899
1800081
1800082
1800083
1800084
1800085
1800086
1800087
1800088
1800089
1800757
1802220
1802221
1802222
1802223
1802224
1802225
1802226
1802227
1802228
1802229
1802270
1802271
1802272
1802273
1802274
1802275
1802276
1802277
1802278
1802279
1802410
1802411
1802412
1802413
1802414
1802415
1802416
1802417
1802418
1802419
1802490
1802491
1802492
1802493
1802494
1802586
1802587
1802595
1802596
1802597
1802598
1802599
1802767
1802768
1802769
1802810
1802811
1802812
1802813
1802814
1802815
1802816
1802817
1802818
1802819
1802920
1802921
1802922
1802923
1802924
1802925
1802926
1802927
1802928
1802929
1802930
1802931
1802932
1802933
1802934
1802935
1802936
1802937
1802938
1802939
1803320
1803321
1803322
1803323
1803324
1803860
1803861
1803862
1803863
1803864
1803865
1803866
1803867
1803868
1803869
1803870
1803871
1803872
1803873
1803874
1803875
1803876
1803877
1803878
1803879
1803880
1803881
1803882
1803883
1803884
1803885
1803886
1803887
1803888
1803889
1804280
1804281
1804282
1804283
1804284
1804285
1804286
1804287
1804288
1804289
1806460
1806461
1806462
1806463
1806464
1806465
1806466
1806467
1806468
1806469
1808883
1809815
1809816
1809817
1809818
1809819
1890086
1890087
1890241
1890242
1890256
1890280
1890281
1890289
1892310
1892311
1892312
1892313
1892314
1892315
1892316
1892317
1892318
1892319
1892320
1892321
1892322
1892323
1892324
1892325
1892326
1892327
1892328
1892329
1892452
1892453
1892454
1892455
1892456
1892457
1892480
1892481
1892482
1892483
1892484
1892485
1892486
1892487
1892488
1892489
1892590
1892591
1892592
1892593
1892594
1892595
1892596
1892597
1892598
1892599
1892720
1892721
1892722
1892723
1892724
1892725
1892726
1892727
1892728
1892729
1892770
1892771
1892772
1892773
1892774
1892775
1892776
1892777
1892778
1892779
1892850
1892851
1892852
1892853
1892854
1892855
1892856
1892857
1892858
1892859
1892860
1892861
1892862
1892863
1892864
1892865
1892866
1892867
1892868
1892869
1892990
1892991
1892992
1892993
1892994
1892995
1892996
1892997
1892998
1892999
1893300
1893301
1893430
1893431
1893432
1893433
1893434
1893435
1893436
1893437
1893438
1893439
1894240
1894241
1894242
1894243
1894244
1894245
1894246
1894247
1894248
1894249
1894690
1894691
1894692
1894693
1894694
1894695
1894696
1894697
1894698
1894898
1898850
1898851
1898852
1898853
1898854
1898860
1898861
1898862
1898863
1898864
1898865
1898866
1898867
1898868
1898869
1952757
1957534
1957602
1957604
1957609
1957805
1360030
1360031
1360032
1361246
1361247
1361248
1361249
1361250
1361251
1361252
1361253
1361254
1361255
1361256
1361257
1361258
1361259
1361260
1361261
1361262
1361263
1361264
1362010
1362011
1362012
1362013
1362014
1362015
1362016
1362030
1362031
1362032
1362033
1362034
1362080
1362081
1362082
1362083
1362084
1362085
1362086
1362087
1362088
1362089
1362140
1362141
1362142
1362143
1362144
1362145
1362146
1362147
1362148
1362149
1362250
1362251
1362252
1362253
1362271
1362272
1363000
1363001
1363002
1363003
1363004
1363005
1363006
1363007
1363008
1363009
1363010
1363011
1363012
1363013
1363014
1363015
1363016
1363017
1363018
1363019
1365226
1365227
1365228
1365229
1365290
1365291
1365292
1367060
1367061
1367062
1367063
1367064
1367065
1367066
1367067
1367068
1367069
1367090
1367091
1367092
1367093
1367094
1367400
1367401
1367402
1367403
1367404
1367405
1367406
1367407
1367408
1367409
1367970
1367971
1367972
1367973
1367974
1367975
1367976
1367977
1367978
1367979
1367980
1367981
1367982
1367983
1367984
1367985
1367986
1367987
1367988
1367989
1368650
1368651
1368652
1368653
1368654
1368655
1368656
1368657
1368658
1368659
1368740
1368741
1368742
1368743
1368744
1369010
1369011
1369012
1369013
1369014
1369015
1369016
1369017
1369018
1369019
1369020
1369021
1369022
1369023
1369024
1369025
1369026
1369027
1369028
1369029
1369030
1369031
1369032
1369033
1369034
1369035
1369036
1369037
1369038
1369039
1369040
1369041
1369042
1369043
1369044
1369045
1369046
1369047
1369048
1369049
1369050
1369051
1369052
1369053
1369054
1369055
1369056
1369057
1369058
1369059
1369060
1369061
1369062
1369063
1369064
1369065
1369066
1369067
1369068
1369069
1369070
1369071
1369072
1369073
1369074
1369075
1369076
1369077
1369078
1369079
1369080
1369081
1369082
1369083
1369084
1369515
1369516
1369517
1369518
1369519
1369520
1369521
1369522
1369523
1369524
1369525
1369526
1369527
1369528
1369529
1712079
1712880
1713757
1715757
1715869
1715880
1715881
1715882
1715883
1715887
1715889
1715960
1715961
1715962
1715963
1715965
1715967
1715968
1715969
1715990
1715991
1715992
1715993
1715996
1716041
1716042
1716043
1716044
1716045
1716046
1716047
1716048
1716049
1716084
1716757
1717088
1717757
1717766
1718040
1718043
1718056
1718057
1718058
1718059
1718060
1718061
1718062
1718063
1718065
1718483
1718757
1719043
1719483
1719757
1719996
1719998
1330241
1330242
1330256
1330280
1330281
1330283
1330284
1330285
1330289
1331630
1331631
1331632
1331820
1331821
1331822
1331830
1331831
1331832
1331833
1331834
1331835
1331836
1331837
1331838
1331839
1332282
1332283
1332284
1332285
1332670
1332671
1332672
1332673
1332674
1332675
1332676
1332677
1332678
1332679
1333436
1333640
1333641
1333642
1333643
1333644
1333645
1333646
1333647
1333648
1333649
1336030
1336031
1336032
1336033
1336034
1336035
1336036
1336037
1337757
1337765
1337847
1337848
1337862
1337863
1337864
1338020
1338021
1338022
1338023
1338024
1338025
1338026
1338027
1338028
1338029
1338050
1338051
1338052
1338053
1338054
1338083
1339220
1339221
1339222
1339223
1339224
1339225
1339226
1339227
1339228
1339229
1339275
1339276
1339277
1339278
1339279
1780767
1781700
1781711
1781720
1781739
1781743
1781757
1781765
1781770
1781780
1781804
1781826
1781828
1781829
1781863
1781878
1781890
1781985
1781986
1781987
1781988
1781989
1781990
1781991
1781992
1781993
1781994
1781995
1781996
1781997
1781998
1781999
1782001
1782010
1782018
1782025
1782061
1782534
1782559
1782560
1782561
1782562
1782563
1782580
1782757
1782758
1782759
1783162
1783163
1783173
1783175
1783176
1783177
1783178
1783179
1783340
1783341
1783342
1783343
1783344
1783345
1783346
1783348
1783349
1783350
1783351
1783352
1783353
1783354
1783356
1783357
1783358
1783359
1783364
1787570
1787575
1787611
1787617
1787650
1788063
1788187
1788189
1788199
1788869
1789650
1789651
1850757
1852090
1852091
1852092
1852093
1852094
1852095
1852096
1852097
1852098
1852099
1856600
1856601
1856602
1856603
1856604
1856605
1856606
1856607
1856608
1856609
1856630
1856631
1856632
1856633
1856634
1856635
1856636
1856637
1856638
1856639
1856640
1856641
1856642
1856643
1856644
1856645
1856646
1856647
1856648
1856649
1856659
1856680
1856681
1856682
1856683
1856684
1856685
1856686
1856687
1856688
1856689
1857570
1857571
1857572
1857573
1857574
1857575
1857576
1857577
1857578
1857579
1857585
1857586
1857587
1857588
1857589
1857650
1857651
1857652
1857653
1857654
1857655
1857656
1857657
1857658
1857659
1857830
1857831
1857832
1857833
1857834
1857835
1857836
1857837
1857838
1857839
1857840
1857841
1857842
1857843
1857844
1858800
1858801
1858802
1858803
1858804
1858805
1858806
1858807
1858808
1858809
1560241
1560242
1560256
1560280
1560281
1560283
1560284
1560285
1560289
1562540
1562541
1562542
1562543
1562544
1562545
1562546
1562547
1562548
1562549
1562590
1562591
1562592
1562593
1562594
1562595
1562596
1562597
1562598
1562599
1562720
1562721
1562722
1562723
1562724
1562725
1562726
1562727
1562728
1562729
1562770
1562771
1562772
1562773
1562774
1562775
1562776
1562777
1562778
1562779
1566023
1566045
1566046
1566047
1566048
1566049
1566050
1566051
1566052
1566053
1566054
1566055
1566056
1566057
1566058
1566059
1569205
1569247
1569248
1569249
1569757
1990265
1990266
1990267
1990268
1990269
1992410
1992411
1992412
1992413
1992414
1992776
1992777
1992778
1992779
1992820
1992821
1992822
1992823
1992824
1992825
1992826
1992827
1992828
1992829
1820061
1820083
1820094
1820757
1821800
1821805
1821839
1821858
1821928
1821934
1821958
1510757
1511290
1511291
1511292
1511293
1511294
1511295
1511296
1511297
1511298
1511299
1511300
1511301
1511302
1511303
1511304
1511858
1511859
1511860
1511861
1511862
1511863
1511864
1511865
1511866
1511867
1511868
1511869
1511870
1511871
1511872
1511873
1511874
1511875
1511876
1511877
1511878
1511879
1760664
1760665
1760666
1760667
1760757
1762060
1762061
1762062
1762063
1762064
1762065
1762066
1762067
1762068
1762069
1766550
1766553
1766555
1766560
1766561
1766562
1766563
1766564
1766565
1766566
1766567
1766568
1766569
1766615
1766616
1766617
1766618
1766619
1766633
1766634
1766643
1766644
1766645
1767654
1767655
1767656
1767657
1767658
1767659
1768820
1768821
1768822
1768823
1768824
1768825
1768826
1768827
1768828
1768829
1768880
1580005
1580006
1580007
1580008
1580009
1580757
1581340
1581341
1581342
1581343
1581344
1581345
1581346
1581347
1581348
1581349
1581360
1581361
1581362
1581363
1581364
1581365
1581366
1581367
1581368
1581369
1581560
1581561
1581562
1581563
1581564
1581565
1581566
1581567
1581568
1581569
1581592
1581593
1581594
1581595
1581596
1581597
1581598
1581599
1581690
1581691
1581692
1581693
1581694
1581695
1581696
1581697
1581698
1581699
1581780
1581781
1581782
1581783
1581784
1581785
1581786
1581787
1581788
1581789
1581800
1581801
1581802
1581803
1581804
1581805
1581806
1581807
1581808
1581809
1582060
1582061
1582062
1582063
1582064
1582065
1582066
1582067
1582068
1582069
1587570
1587571
1587572
1587573
1587574
1587575
1587576
1587577
1587578
1587579
1587610
1587611
1587612
1587613
1587614
1589955
1589956
1589957
1589958
1589959
1589980
1589981
1589982
1589983
1589984
1341100
1341101
1341102
1341103
1341104
1341180
1341181
1341182
1341183
1341184
1341320
1341321
1341322
1341323
1341324
1341325
1341326
1341327
1341328
1341329
1341545
1341546
1341547
1341548
1341549
1341550
1341551
1341552
1341553
1341554
1341555
1341556
1341557
1341558
1341559
1341570
1341571
1341572
1341573
1341574
1341840
1341841
1341842
1341843
1341844
1342060
1342061
1342062
1342063
1342064
1342065
1342066
1342067
1342068
1342069
1342070
1342071
1342072
1342073
1342074
1342075
1342076
1342077
1342078
1342079
1342080
1342081
1342082
1342083
1342084
1342085
1342086
1342087
1342088
1342089
1342460
1342461
1342462
1342463
1342464
1342465
1342466
1342467
1342468
1342469
1342560
1342561
1342562
1342563
1342564
1342565
1342566
1342567
1342568
1342569
1342570
1342571
1342572
1342573
1342574
1342575
1342576
1342577
1342578
1342579
1342580
1342581
1342582
1342583
1342584
1342585
1342586
1342587
1342588
1342589
1342590
1342591
1342592
1342593
1342594
1342595
1342596
1342597
1342598
1342599
1342835
1342836
1342837
1342838
1342839
1343160
1343161
1343162
1343163
1343164
1343165
1343166
1343167
1343168
1343169
1343260
1343261
1343262
1343263
1343264
1343265
1343266
1343267
1343268
1343269
1343310
1343311
1343312
1343313
1343314
1343315
1343316
1343317
1343318
1343319
1343320
1343321
1343322
1343323
1343324
1343325
1343326
1343327
1343328
1343329
1343480
1343481
1343482
1343483
1343484
1343485
1343486
1343487
1343488
1343489
1343540
1343541
1343542
1343543
1343544
1343545
1343546
1343547
1343548
1343549
1345052
1345053
1345054
1345055
1345056
1345057
1345058
1345059
1345075
1345076
1345077
1345078
1345079
1345080
1345081
1345082
1345083
1345084
1345085
1345086
1345087
1345088
1345089
1730400
1730401
1730402
1730403
1730404
1730405
1730406
1730407
1730408
1730409
1730757
1732260
1732266
1732268
1732270
1732271
1732272
1732274
1732275
1732276
1732278
1732411
1732412
1732414
1732418
1732450
1732451
1732452
1732453
1732454
1732455
1732456
1732457
1732458
1732459
1732800
1732801
1732804
1732806
1732807
1732808
1732890
1732891
1732892
1732893
1732894
1732895
1732896
1732897
1732898
1732899
1732950
1732951
1732952
1732953
1732954
1732985
1732986
1732987
1732988
1732989
1736820
1736821
1736822
1736823
1736824
1738860
1738861
1738862
1738863
1738864
1738865
1738866
1738867
1738868
1738869
1310657
1310658
1310659
1310665
1310666
1310667
1310668
1310670
1310671
1310672
1310673
1310674
1310675
1310676
1311270
1311271
1311272
1311273
1311274
1311275
1311276
1311277
1311278
1311279
1311371
1311372
1311373
1311374
1311375
1311376
1311377
1311378
1311379
1311880
1311881
1311882
1311883
1311884
1311885
1311886
1311887
1311888
1311889
1311985
1311986
1311987
1311988
1311989
1312900
1312901
1312902
1312903
1312904
1312905
1312906
1312907
1312908
1312909
1312910
1312911
1312912
1312913
1312914
1312915
1312916
1312917
1312918
1312919
1313820
1313821
1313822
1313823
1313824
1313825
1313826
1313827
1313828
1313829
1314316
1314317
1314318
1314319
1314355
1314356
1314357
1314358
1314359
1314411
1314412
1314413
1314414
1314470
1314471
1314472
1314473
1314474
1314475
1314476
1314477
1314478
1314479
1316090
1316091
1316092
1316093
1316094
1316095
1316096
1316097
1316098
1316099
1316853
1316854
1316855
1316856
1316857
1316858
1316859
1316970
1316971
1316972
1316995
1316996
1316997
1316998
1316999
1317230
1317231
1317232
1317233
1317234
1317235
1317236
1317237
1317238
1317239
1317850
1317851
1317852
1317853
1317854
1318960
1318961
1318962
1318963
1318964
1318965
1318966
1318967
1318968
1318969
1319265
1319266
1319267
1319268
1319269
1870756
1870757
1870765
1871808
1871829
1871858
1871859
1871871
1871872
1871873
1871921
1871922
1871931
1871932
1871943
1660300
1660301
1660302
1660303
1660304
1660305
1660306
1660307
1660308
1660309
1660757
1666611
1667570
1667571
1667572
1667573
1667574
1667575
1667576
1667577
1667578
1667579
1669840
1669841
1669842
1669843
1669844
1669845
1669846
1669847
1669848
1669849
1669850
1669851
1669852
1669853
1669854
1669855
1669856
1669857
1669858
1669859
1380246
1380248
1380262
1380263
1380264
1380268
1380921
1380922
1380925
1380970
1380981
1380985
1382340
1382341
1382342
1382343
1382344
1382345
1382346
1382347
1382348
1382349
1382450
1382451
1382452
1382453
1382454
1382550
1382551
1382552
1382553
1382554
1382555
1382556
1382557
1382558
1382559
1382770
1382771
1382772
1382773
1382774
1382775
1382776
1382777
1382778
1382779
1388992
1388993
1388994
1650617
1650757
1650765
1651179
1651757
1652157
1980757
1981193
1981203
1981441
1982027
1982029
1982030
1982031
1982066
1982078
1982083
1982084
1983033
1983040
1983048
1983057
1983076
1983081
1983272
1983283
1983287
1983294
1983299
1983586
1984193
1984194
1984202
1984214
1984221
1984226
1984258
1984905
1984917
1984922
1984938
1984944
1984949
1984967
1984998
1985440
1985441
1985450
1985451
1985490
1985491
1986005
1986024
1986027
1986058
1986082
1986083
1986085
1986086
1986413
1986442
1986490
1986517
1986522
1986538
1986546
1986568
1986594
1986685
1986686
1986689
1986718
1986723
1986725
1986726
1986729
1986730
1986743
1986744
1986745
1986746
1986747
1986749
1986766
1986784
1986787
1986833
1986899
1987248
1987280
1987285
1987404
1987407
1987414
1987417
1987533
1987535
1987536
1987566
1987570
1987571
1987572
1987573
1987574
1987575
1987576
1987577
1987578
1987579
1987811
1987833
1987842
1987843
1987844
1987845
1987846
1987848
1987849
1987854
1987857
1987866
1987873
1987874
1987875
1987876
1987877
1987878
1987879
1987894
1987898
1987901
1987902
1987910
1987912
1987922
1987945
1987946
1987947
1987948
1987949
1987958
1987959
1987960
1987961
1987966
1987970
1987971
1987972
1987973
1987974
1987975
1987976
1987977
1987978
1987979
1988080
1988092
1988094
1988610
1988614
1988622
1988626
1988647
1988652
1989689
1989813
1989823
1989832
1989852
1989862
1840203
1840204
1840208
1840662
1840663
1840757
1840765
1842033
1847570
1847571
1847575
1847662
1570757
1570765
1571815
1571818
1571840
1571845
1572403
1572404
1572814
1572822
1572846
1572847
1572872
1572881
1320235
1320236
1320237
1320238
1320239
1320240
1320241
1320242
1320243
1320244
1320245
1320246
1320247
1320248
1320249
1320280
1320281
1320282
1320283
1320284
1320285
1320286
1320287
1320288
1320289
1320290
1320291
1320292
1320293
1320294
1320295
1320296
1320297
1320298
1320299
1321113
1321114
1321115
1321116
1321117
1321118
1321119
1321757
1321764
1321765
1322670
1322671
1322672
1322673
1322696
1322697
1322698
1322699
1322920
1322921
1322922
1322923
1322924
1322925
1322926
1322927
1322928
1322929
1324210
1324211
1324212
1324213
1324214
1324245
1324246
1324620
1324621
1324622
1324623
1324624
1324625
1324626
1324627
1324628
1324629
1324630
1324631
1324632
1324633
1324634
1324654
1324655
1324920
1324921
1324922
1324923
1324924
1324925
1324926
1324927
1324928
1324929
1324940
1324941
1324942
1324999
1325010
1325011
1325012
1325013
1325014
1325035
1325036
1325037
1325038
1325757
1326630
1326631
1326632
1326633
1326634
1326635
1326636
1326637
1326638
1326639
1328820
1328821
1328822
1328823
1328824
1328825
1328826
1328827
1328828
1328829
1328830
1328831
1328833
1328834
1328835
1328836
1328837
1328838
1328839
1328840
1328841
1328842
1328843
1328844
1910303
1910757
1912560
1912561
1912562
1912563
1912564
1700303
1700304
1700305
1700306
1700406
1700407
1700700
1700701
1700757
1700940
1700941
1700942
1700959
1701746
1701782
1701783
1701784
1701785
1701786
1701787
1702680
1702681
1702682
1702683
1702684
1702685
1702686
1702687
1702688
1702689
1702690
1702691
1705075
1705116
1705139
1705205
1705385
1705504
1705757
1705816
1705878
1705882
1706422
1706423
1706424
1706425
1706426
1706427
1706428
1706429
1706430
1706431
1706432
1706433
1706434
1706435
1706436
1706437
1708097
1708098
1708099
1708460
1708461
1708462
1708463
1708464
1708465
1708466
1708467
1708468
1708469
1708490
1708491
1708492
1708493
1708494
1708495
1708496
1708497
1708498
1708499
1709344
1709345
1709717
1709718
1709719
1709748
1709749
1709760
1709761
1709762
1709763
1709764
1709765
1709766
1709767
1709768
1709769
1709995
1370225
1370226
1370234
1370242
1370243
1370244
1370248
1370254
1370255
1370256
1370260
1370261
1370262
1370263
1370265
1370274
1370275
1370282
1370283
1370285
1370290
1370291
1370292
1370293
1370295
1370296
1370297
1370298
1370299
1370301
1370302
1370306
1370307
1370308
1370960
1370965
1370966
1371540
1371541
1371542
1371543
1371544
1371545
1371546
1371547
1371548
1371549
1371550
1371551
1371552
1371553
1371554
1371745
1371746
1371747
1371748
1371749
1372460
1372461
1372462
1372463
1372464
1372465
1372466
1372467
1372468
1372469
1372490
1372491
1372492
1372493
1372494
1372495
1372496
1372497
1372498
1372499
1372630
1372631
1372632
1372633
1372634
1372635
1372636
1372637
1372638
1372639
1372660
1372661
1372662
1372663
1372664
1372665
1372666
1372667
1372668
1372669
1372730
1372731
1372732
1372733
1372734
1372735
1372736
1372737
1372738
1372739
1372740
1372741
1372742
1372743
1372744
1372745
1372746
1372747
1372748
1372749
1372850
1372851
1372852
1372853
1372854
1372855
1372856
1372857
1372858
1372859
1374129
1375150
1375151
1375152
1375153
1375154
1376090
1376091
1376092
1376093
1376094
1376095
1376096
1376097
1376098
1376099
1379000
1379001
1379002
1379003
1379004
1379005
1379006
1379007
1379008
1379009
1379400
1379401
1379402
1379403
1379404
1379405
1379406
1379407
1379408
1379409
1379460
1379461
1379462
1379463
1379464
1379860
1379861
1379862
1379863
1379864
1379865
1379866
1379867
1379868
1379869
1471463
1471494
1471520
1471521
1471523
1471533
1471547
1471554
1471557
1471561
1471562
1471620
1471621
1471624
1471627
1471634
1471637
1477804
1477844
1477870
1880757
1880765
1881686
1881871
1881872
1881873
1881874
1881875
1881876
1882084
1882085
1882086
1882087
1882088
1882089
1882309
1882310
1882311
1882312
1882313
1882314
1882315
1882322
1882323
1882324
1882325
1882326
1882327
1882328
1882329
1882347
1882348
1882349
1882468
1882480
1882481
1882482
1882483
1882484
1882488
1882489
1882540
1882541
1882542
1882543
1882544
1882590
1882591
1882592
1882593
1882594
1882595
1882596
1882597
1882598
1882630
1882631
1882632
1882664
1882665
1882666
1882991
1882992
1882996
1889880
1889987
1750627
1750757
1752010
1752011
1752012
1752013
1752019
1756571
1756573
1756574
1756575
1756576
1756577
1756578
1756579
1520757
1520765
1521739
1521740
1521741
1521754
1521755
1521764
1521765
1521766
1521767
1521789
1521790
1521791
1521890
1521891
1521892
1521893
1521894
1522097
1522098
1522099
1810025
1810026
1810757
1812350
1812351
1812352
1812353
1812354
1812355
1812356
1812357
1812358
1812359
1812480
1812481
1812560
1812561
1812562
1812563
1812564
1812565
1812566
1812567
1812568
1812569
1812570
1812571
1812572
1812573
1812574
1812575
1812576
1812577
1812578
1812579
1812660
1812661
1812662
1812663
1812664
1812665
1812666
1812667
1812668
1812669
1812713
1812714
1812715
1812870
1812871
1812872
1812873
1812874
1812875
1812876
1812877
1812878
1812879
1813830
1813831
1813832
1813833
1813834
1813835
1813836
1813837
1813838
1813839
1813845
1813846
1813847
1813848
1813849
1813850
1813851
1813852
1813853
1813854
1813890
1813891
1813892
1813893
1813894
1814445
1814470
1814471
1814472
1814473
1814474
1814475
1814476
1814477
1814478
1814479
1814490
1814491
1814492
1814493
1814494
1814495
1814496
1814497
1814498
1814499
1814577
1814578
1814579
1814865
1814866
1814867
1816980
1816981
1816982
1816983
1816984
1816985
1816986
1816987
1816988
1816989
1818870
1818871
1818872
1818873
1818874
1818882
1818886
