1470950
1470951
1470956
1470957
1470958
1470959
1470960
1470961
1470967
1470968
1470969
1476050
1476051
1476057
1476058
1476059
1476585
1479500
1479501
1479507
1479508
1479509
1370950
1370951
1370957
1370958
1370959
1372330
1372331
1372337
1372338
1372339
1374095
1880950
1880951
1880957
1880958
1880959
1880960
1880961
1880967
1880968
1880969
1889500
1889501
1889507
1889508
1889509
1889510
1889511
1889517
1889518
1889519
1889520
1889521
1889527
1889528
1889529
1750950
1750951
1750956
1750957
1750958
1750959
1759500
1759501
1759511
1759518
1759521
1759528
1759529
1759530
1759531
1759532
1759538
1759539
1759540
1759541
1759548
1759549
1759550
1759551
1759558
1759559
1520260
1520261
1520267
1520268
1520269
1520950
1520951
1520957
1520958
1520960
1520961
1520967
1520968
1520969
1522620
1522621
1522627
1522628
1529690
1529691
1529697
1810095
1810950
1810951
1810957
1810958
1810959
1815230
1815231
1815248
1815249
1815250
1815251
1816150
1816151
1816157
1816158
1816159
1816900
1816901
1816908
1816909
1816910
1816911
1816950
1816951
1816958
1816959
1819500
1819501
1819508
1819509
1819510
1819511
1819512
1819513
1819514
1819515
1819516
1819517
1819518
1819519
1819521
1819522
1819523
1650203
1650659
1650951
1650965
1651085
1651260
1651951
1652510
1652618
1652916
1652918
1653347
1655432
1655659
1655951
1656250
1656251
1656876
1657228
1657346
1657353
1657525
1980950
1980951
1980956
1980957
1980958
1980960
1980961
1980966
1980967
1981418
1989500
1989501
1989507
1989508
1989509
1989510
1989511
1989516
1989517
1989518
1989960
1989961
1989967
1989969
1840840
1840841
1840861
1840867
1840951
1840958
1840960
1846500
1846501
1846510
1846511
1846518
1846520
1846521
1846522
1846523
1846524
1846525
1846526
1846527
1846528
1846529
1846530
1846531
1846532
1846533
1846534
1846535
1846536
1846537
1846538
1846539
1846540
1846541
1846542
1846543
1846544
1846545
1846546
1846547
1846548
1846549
1849013
1849014
1849015
1849016
1849017
1570950
1570951
1570957
1570958
1570959
1570960
1570961
1570967
1570968
1570969
1571950
1571951
1571957
1571958
1571959
1572950
1572951
1572957
1572958
1572959
1576950
1576951
1576957
1576958
1576959
1576960
1576961
1576967
1576968
1576969
1320950
1320951
1320958
1320959
1320960
1320961
1320968
1320969
1323950
1323951
1323958
1323959
1325950
1325951
1325958
1325960
1325961
1325968
1328950
1328951
1328958
1329950
1329951
1329958
1910950
1910951
1910956
1910957
1910958
1910959
1919510
1919511
1919514
1919516
1919517
1919518
1919520
1919521
1700950
1700951
1701950
1701951
1701952
1701953
1702950
1702951
1702952
1702953
1703853
1703854
1704590
1704591
1704592
1704593
1704594
1704595
1704596
1704597
1704598
1704599
1704950
1704951
1704952
1704953
1704954
1704955
1704956
1704957
1704958
1704959
1704960
1704961
1704962
1704963
1704964
1704965
1704966
1704967
1704968
1704969
1704970
1704971
1704972
1704973
1704974
1704975
1704976
1704977
1704978
1704979
1705438
1705439
1705440
1705441
1705442
1705443
1705444
1705445
1705718
1705865
1708950
1708951
1708952
1708953
1708954
1708955
1708956
1708957
1708958
1708959
1709950
1709951
1709952
1709953
1709954
1709955
1709956
1709957
1709958
1709959
1730950
1730951
1730958
1739500
1739501
1739502
1739503
1739504
1739505
1739506
1739507
1739508
1739509
1739510
1739511
1739512
1739513
1739514
1739515
1739516
1739517
1739518
1739519
1739550
1739551
1739558
1739840
1739841
1739842
1739843
1739844
1739845
1739846
1739847
1739848
1739849
1313950
1313951
1313958
1313959
1319500
1319501
1319508
1319509
1870950
1870951
1870957
1870958
1870959
1870960
1870961
1870967
1870968
1879500
1879501
1879507
1879508
1879509
1879510
1879511
1879517
1879518
1879519
1879520
1879521
1879527
1879528
1879529
1879530
1879531
1879537
1879538
1879539
1660950
1660951
1660958
1660959
1669500
1669501
1669508
1669509
1669510
1669511
1669514
1669518
1669520
1669521
1669524
1669528
1669529
1669531
1669532
1669533
1380095
1389500
1389501
1389507
1389508
1389509
1389510
1389511
1389517
1389518
1389519
1389530
1389531
1389537
1389538
1389539
1389540
1389541
1389547
1389548
1389549
1389560
1389561
1389562
1389563
1389564
1389565
1389566
1389567
1389568
1389569
1820950
1820951
1820957
1820958
1820960
1820961
1820967
1820968
1829500
1829501
1829507
1829508
1829509
1829510
1829511
1829517
1829518
1829519
1829520
1829521
1829527
1829528
1829530
1829531
1829537
1829538
1829539
1829540
1829541
1829547
1829548
1829549
1829550
1829551
1829557
1829558
1829559
1829560
1829561
1829567
1829568
1829569
1510950
1510951
1510957
1510958
1510960
1510961
1510967
1510968
1512180
1512181
1512187
1512188
1512190
1512191
1512197
1512198
1760950
1760951
1760958
1769500
1769501
1769507
1769508
1769509
1769510
1769511
1769516
1769517
1769518
1769519
1769536
1580950
1580951
1580957
1580958
1580960
1580961
1580966
1580968
1582530
1582531
1582537
1582538
1340950
1340951
1340958
1340959
1344095
1346950
1346951
1346957
1346958
1346959
1346960
1346961
1346968
1346969
1712950
1712951
1712952
1712953
1712954
1712955
1712956
1712957
1712958
1712959
1712960
1712961
1712962
1712963
1712964
1712965
1712966
1712967
1712968
1712969
1712970
1712971
1712972
1712973
1712974
1712975
1712976
1712977
1712978
1712979
1715951
1715958
1715959
1716950
1716951
1716956
1716957
1716958
1716959
1717950
1717951
1717957
1717958
1717959
1718950
1718951
1718952
1718953
1718954
1718955
1718956
1718957
1718958
1718959
1718960
1718961
1718962
1718963
1718964
1718965
1718966
1718967
1718968
1718969
1330950
1330951
1330957
1330958
1330959
1332350
1332351
1332357
1332358
1332359
1336950
1336951
1336957
1336958
1336959
1338950
1338951
1338958
1780950
1780951
1780958
1780960
1780961
1780966
1780967
1780968
1781110
1781111
1781120
1781121
1781126
1781127
1781128
1781130
1781131
1781136
1781137
1781138
1784820
1784821
1784827
1784828
1784829
1788770
1788771
1788777
1788778
1788779
1789950
1789951
1789957
1789958
1850951
1850958
1859501
1859505
1859506
1859507
1859508
1859509
1859511
1859512
1859514
1859515
1859516
1859517
1859518
1560950
1560951
1560958
1569500
1569501
1569508
1990950
1990951
1990957
1990958
1990959
1994440
1994441
1994447
1994448
1994449
1997650
1997651
1997657
1997658
1997659
1999500
1999501
1999507
1999508
1999509
1999510
1999511
1999512
1999513
1999514
1999515
1999516
1999517
1999518
1999519
1999524
1999525
1999526
1999527
1999528
1999529
1999535
1999536
1999537
1999538
1999539
1999542
1999543
1999548
1999549
1530950
1530951
1530958
1533792
1534950
1534951
1534960
1534961
1534967
1534968
1534969
1537890
1537891
1537892
1537893
1537894
1537895
1537896
1537897
1537898
1537899
1537950
1537951
1800950
1800951
1800957
1800958
1800959
1809510
1809511
1809512
1809513
1809514
1809515
1809516
1809517
1809518
1809519
1809527
1809547
1809548
1809549
1890950
1890951
1890956
1890957
1890958
1890959
1899500
1899501
1899502
1899503
1899504
1899505
1899506
1899507
1899508
1899509
1899510
1899511
1899512
1899513
1899514
1899515
1899516
1899517
1899518
1899519
1950950
1950957
1950959
1958101
1361950
1361951
1361957
1361958
1361959
1362950
1362951
1362957
1362958
1362959
1363950
1363951
1363957
1363958
1363959
1364950
1364951
1351920
1351921
1351928
1351929
1351950
1351951
1351957
1351958
1351959
1452870
1452871
1452878
1452879
1454620
1454621
1454622
1454623
1454624
1454625
1454630
1454631
1454632
1459500
1459501
1459502
1459503
1459504
1459505
1459506
1459507
1459508
1459509
1459600
1770950
1770951
1770958
1771180
1771181
1771184
1771187
1771188
1771189
1775230
1775231
1775240
1775241
1779500
1779501
1779502
1779503
1779504
1779505
1779506
1779507
1779508
1779509
1779510
1779511
1779512
1779513
1779514
1779515
1779516
1779517
1779518
1779519
1590950
1590951
1590958
1590960
1590961
1590967
1590968
1621950
1621951
1621960
1621967
1621969
1622940
1622944
1830950
1830951
1830957
1830958
1830959
1830960
1830961
1830967
1830968
1830969
1839500
1839501
1839507
1839508
1839509
1839510
1839511
1839517
1839518
1839519
1839520
1839521
1839527
1839528
1839529
1500860
1500861
1500867
1500868
1500950
1500951
1500956
1500958
1500960
1500961
1500966
1500967
1500968
1671951
1671958
1671959
1672950
1672951
1672955
1672956
1672957
1673951
1390095
1390950
1390951
1390957
1390958
1390959
1399500
1399501
1399507
1399508
1399509
1399510
1399511
1399517
1399518
1399519
1399520
1399521
1399527
1399528
1399529
1399530
1399531
1399537
1399538
1399539
1399540
1399541
1399547
1399548
1399549
1550080
1550081
1550088
1550089
1550950
1550951
1550957
1550958
1550959
1550960
1550961
1550968
1550969
1559500
1559501
1559502
1559504
1559506
1559507
1559508
1559509
1559510
1559511
1559512
1559516
1559517
1559518
1559519
1559520
1559521
1559522
1559526
1559527
1559528
1559529
1559530
1559531
1559538
1559540
1559541
1559542
1559550
1559551
1559552
1559556
1559557
1559558
1559559
1860950
1860951
1860958
1869510
1869511
1869512
1869513
1869514
1869515
1869516
1869517
1869518
1869519
1869525
1869526
1869527
1869528
1869529
1869538
1869545
1869546
1869555
1869557
1300796
1300797
1300798
1300799
1301079
1301425
1301426
1301427
1301428
1301429
1303796
1303797
1303798
1303799
1307950
1307951
1307958
1307959
1309950
1309951
1309957
1309958
1309959
