1870737
1871170
1871171
1871172
1871173
1871174
1871175
1871176
1871177
1871178
1871179
1877370
1877371
1877372
1877373
1877374
1877375
1877376
1877377
1877378
1877379
1877439
1877440
1877441
1877442
1660737
1661887
1667020
1667021
1667022
1667023
1667024
1667037
1667370
1667371
1667372
1667373
1667374
1667375
1667376
1667377
1667378
1667379
1667446
1667447
1668057
1668058
1668059
1668060
1668061
1668062
1668150
1668151
1380737
1387370
1387371
1387372
1387373
1387374
1387375
1387376
1387377
1387378
1387379
1387430
1387431
1387432
1387433
1387434
1387530
1387531
1387532
1387533
1387534
1387535
1387536
1387537
1387538
1387539
1730737
1734377
1734720
1734721
1734722
1734723
1734724
1734725
1734726
1734727
1734728
1734729
1734737
1735887
1735888
1735889
1736370
1736371
1736372
1736373
1736374
1736375
1736376
1736377
1736378
1736379
1737370
1737371
1737372
1737373
1737374
1737376
1737377
1737378
1737379
1737797
1737798
1737805
1737806
1737807
1737808
1737809
1739737
1310037
1310707
1310717
1310727
1310737
1311737
1311747
1311757
1313507
1313516
1313517
1313537
1314154
1314155
1317037
1318737
1760737
1767030
1767031
1767032
1767033
1767034
1767035
1767036
1767037
1767038
1767039
1767333
1767334
1768029
1768037
1768050
1580737
1586975
1586976
1586977
1586978
1586979
1587370
1587371
1587372
1587373
1587374
1589737
1589840
1589841
1589842
1589843
1589844
1589845
1589846
1589847
1589848
1589849
1340737
1346737
1346787
1346940
1346941
1348737
1348767
1348768
1348769
1348780
1348781
1348782
1972227
1820737
1823050
1823051
1823052
1823053
1823054
1823055
1823056
1823057
1823058
1823059
1827370
1827371
1827372
1827373
1827374
1827375
1827376
1827377
1827378
1827379
1510737
1511670
1511671
1511672
1511673
1511674
1511675
1511676
1511677
1511678
1511679
1517370
1517371
1517372
1517373
1517374
1517375
1517376
1517377
1517378
1517379
1519770
1519771
1519772
1519773
1519774
1519775
1519776
1519777
1519778
1519779
1520737
1524370
1524371
1524372
1524373
1524374
1524375
1524376
1524377
1524378
1524379
1527370
1527371
1527372
1527373
1527374
1527375
1527376
1527377
1527378
1527379
1527470
1527471
1527472
1527473
1527474
1527475
1527476
1527477
1527478
1527479
1529205
1529206
1529207
1529208
1529209
1810737
1815332
1815370
1815371
1815372
1815373
1816628
1816629
1816927
1816937
1816947
1817370
1817371
1817372
1817373
1817374
1817375
1817376
1817377
1817378
1817379
1370737
1376270
1376271
1376272
1376273
1378670
1378671
1378672
1378673
1378674
1378675
1378676
1378677
1378678
1378679
1378737
1378747
1470737
1477307
1477370
1477371
1477372
1477373
1477374
1477375
1477376
1477377
1477378
1477379
1478910
1478911
1478912
1478913
1478914
1478915
1478916
1478917
1478918
1478919
1750737
1752639
1757020
1757021
1757022
1757023
1757024
1757025
1757026
1757027
1757028
1757029
1757370
1757371
1757372
1757373
1757374
1757375
1757376
1757377
1757378
1757379
1758037
1758060
1758061
1758062
1758237
1880737
1887370
1887371
1887372
1887373
1887374
1887375
1887376
1887377
1887378
1887379
1889050
1889051
1889052
1889053
1889054
1889055
1889056
1889741
1320365
1320366
1320367
1320368
1320369
1320737
1321737
1323737
1325737
1325747
1327215
1327216
1327217
1327218
1327219
1329737
1329862
1910737
1910841
1911790
1911791
1911792
1911793
1911794
1911795
1911796
1911797
1911798
1911799
1917370
1917371
1917372
1917373
1917374
1917375
1917376
1917377
1917378
1917379
1980737
1981338
1987370
1987371
1987372
1987373
1989178
1989179
1989246
1989247
1989270
1989271
1989272
1989273
1989274
1989275
1989276
1989445
1989446
1989638
1989639
1650737
1651737
1652587
1840737
1847370
1847371
1847372
1847373
1847374
1847375
1847376
1847377
1847378
1847379
1847410
1847411
1847412
1847413
1847414
1847815
1847816
1847817
1847818
1847819
1570737
1571737
1571757
1577370
1577371
1577372
1577373
1577374
1577375
1577376
1577377
1577378
1577379
1830737
1837370
1837371
1837372
1837373
1837374
1837375
1837376
1837377
1837378
1837379
1837420
1837421
1837422
1837423
1837424
1839040
1839041
1839042
1839043
1839044
1839750
1839751
1839752
1839753
1839754
1839755
1839756
1839757
1839758
1839759
1500737
1507370
1507371
1507372
1507373
1507374
1507375
1507376
1507377
1507378
1507379
1508070
1508071
1508072
1508073
1508074
1452737
1452757
1454505
1458675
1458676
1458677
1458678
1458679
1350737
1350840
1350845
1351110
1351111
1351112
1351113
1351737
1354970
1354971
1354972
1354973
1354974
1354975
1354976
1354977
1357470
1357471
1357472
1357473
1357474
1770737
1770747
1771171
1771172
1772617
1772618
1772619
1774257
1774961
1774962
1775270
1775271
1776370
1776371
1776372
1776373
1776374
1776937
1777370
1777371
1777372
1777373
1777374
1777375
1777376
1777377
1777378
1777379
1590737
1597307
1597370
1597371
1597372
1597373
1597374
1597375
1597376
1597377
1597378
1597379
1300737
1301613
1301614
1301615
1301737
1302737
1303737
1304727
1305409
1305410
1305509
1305510
1308057
1308058
1308059
1308727
1308737
1726737
1726780
1726781
1726782
1726783
1390737
1397367
1397368
1397369
1397370
1397371
1397372
1397373
1397374
1397375
1397376
1397377
1397378
1397379
1550737
1552630
1552631
1552632
1552633
1552634
1552635
1552636
1552637
1552638
1552639
1557370
1557371
1557372
1557373
1557374
1557375
1557376
1557377
1557378
1557379
1557620
1557621
1557622
1557623
1557624
1557625
1557626
1557627
1557628
1557629
1557680
1557681
1557682
1557683
1557684
1558112
1558113
1558114
1558115
1558116
1558117
1558118
1558119
1860737
1860847
1862737
1867347
1867370
1867371
1867372
1867373
1867374
1867375
1867376
1867377
1867378
1867379
1869246
1869247
1869270
1869271
1869272
1869273
1869274
1869275
1869276
1869277
1869278
1850737
1856923
1856924
1856925
1856926
1856927
1857370
1857371
1857372
1857373
1857492
1857493
1857494
1857495
1857496
1857498
1857499
1780737
1784750
1787218
1787219
1787271
1787272
1787273
1787274
1787370
1787371
1787372
1787373
1787374
1787375
1788693
1789737
1560737
1561675
1561676
1561677
1561678
1561679
1561680
1561681
1567367
1567368
1567369
1567370
1567371
1567372
1567373
1567374
1567375
1567376
1567377
1567378
1567379
1569737
1990737
1991837
1991847
1995810
1995811
1995812
1995813
1995814
1995815
1995816
1995817
1995818
1995819
1995880
1995881
1995882
1995883
1995884
1995885
1995886
1995887
1995888
1995889
1996770
1996771
1996772
1996773
1996774
1997370
1997371
1997372
1997373
1997374
1997375
1997376
1997377
1997378
1997379
1997671
1330737
1331737
1332727
1332737
1333257
1333727
1333737
1334137
1334257
1334727
1334737
1334877
1335737
1336587
1336737
1337807
1338737
1339737
1339757
1890737
1894491
1897370
1897371
1897372
1897373
1897374
1897375
1897376
1897377
1897378
1897379
1897536
1897537
1897538
1956887
1360737
1361737
1362737
1363737
1363847
1364737
1365737
1366749
1530737
1534307
1534337
1534737
1534837
1536430
1536431
1536432
1536737
1536770
1536771
1536772
1536773
1537737
1538637
1538737
1539970
1539971
1539972
1800737
1807370
1807371
1807372
1807373
1807374
1807375
1807376
1807377
1807378
1807379
1807596
1807597
