1348151
1760775
1760785
1767705
1767724
1767730
1767735
1767739
1767743
1767790
1767791
1768720
1768745
1768749
1768755
1768758
1768775
1820775
1820785
1826920
1826921
1826922
1826923
1826924
1826925
1826926
1826927
1826928
1826929
1826930
1826931
1826932
1826933
1826934
1826935
1826936
1826937
1826938
1826939
1826940
1826941
1826942
1826943
1826944
1826945
1826946
1826947
1826948
1826949
1826950
1826951
1826952
1826953
1826954
1826955
1826956
1826957
1826958
1826959
1826960
1826961
1826962
1826963
1826964
1826965
1826966
1826967
1826968
1827600
1827601
1827602
1827603
1827604
1827605
1827606
1827650
1827651
1827652
1827653
1827654
1827655
1827656
1827657
1827658
1827659
1827750
1827751
1827752
1827753
1827754
1827755
1827756
1827757
1827758
1827759
1827850
1827851
1827852
1827853
1827854
1827855
1827856
1827857
1827858
1827859
1660775
1667495
1667726
1667727
1667730
1310047
1310057
1311766
1311769
1312344
1313266
1313284
1313288
1313289
1313299
1319755
1319766
1730775
1730785
1734428
1734429
1737486
1737630
1737631
1737632
1737633
1737635
1737637
1737638
1737639
1737706
1737707
1737708
1737750
1737751
1737752
1737753
1737754
1737755
1737756
1737757
1737758
1737759
1739676
1739677
1320789
1321147
1321149
1321157
1323775
1323785
1326389
1910785
1914820
1914821
1914822
1914823
1914824
1914825
1914826
1914827
1914828
1914829
1914830
1914831
1914832
1914833
1914834
1914835
1914836
1914837
1914838
1914839
1917550
1917551
1917552
1917553
1917554
1917555
1917556
1917557
1917558
1917559
1917560
1917561
1917562
1917563
1917564
1917565
1917566
1917567
1917568
1917569
1917570
1917571
1917572
1917573
1917574
1917575
1917576
1917577
1917578
1917579
1917580
1917581
1917582
1917583
1917584
1917585
1917586
1917587
1917588
1917589
1917590
1917591
1917592
1917593
1917594
1917595
1917596
1917597
1917598
1917599
1917850
1917851
1917852
1917853
1917854
1917855
1917856
1917857
1917858
1917859
1840674
1840675
1840775
1847700
1847701
1847702
1847703
1847704
1847705
1847706
1847707
1847708
1847709
1847750
1847751
1847752
1847753
1847754
1847755
1847756
1847757
1847758
1847759
1570775
1572387
1572389
1577706
1577750
1577751
1577752
1577753
1577754
1577756
1577757
1577758
1577759
1577850
1577851
1577852
1577853
1577854
1577855
1577856
1577857
1577858
1577859
1577860
1577861
1577862
1577863
1577864
1577865
1577866
1980775
1980782
1980785
1980786
1980789
1981389
1987735
1987745
1987750
1987751
1987752
1987753
1987754
1989796
1989797
1989798
1989799
1989915
1989916
1989917
1989918
1989919
1524061
1810775
1810785
1815466
1815467
1815468
1815469
1816970
1816971
1816972
1816973
1816974
1817245
1817246
1817253
1817254
1817255
1817256
1817257
1817258
1817259
1817480
1817481
1817482
1817483
1817484
1817485
1817486
1817487
1817488
1817489
1817643
1817644
1817645
1817647
1817649
1817650
1817651
1817652
1817653
1817654
1817655
1817656
1817657
1817658
1817659
1817660
1817661
1817662
1817663
1817664
1817665
1817666
1817667
1817668
1817669
1817690
1817691
1817692
1817693
1817694
1817695
1817696
1817697
1817698
1817699
1817750
1817751
1817752
1817753
1817754
1817755
1817756
1817757
1817758
1817759
1817800
1817801
1817802
1817803
1817804
1817805
1817806
1817807
1817808
1817809
1817850
1817851
1817852
1817853
1817854
1817855
1817856
1817857
1817858
1817859
1750775
1750785
1757703
1757723
1757735
1757736
1757738
1757778
1757785
1757788
1757835
1757836
1757837
1757838
1757839
1757840
1757841
1757842
1757843
1757844
1757845
1881540
1881541
1881542
1881543
1881580
1881581
1881582
1881583
1881584
1881585
1881586
1881587
1881589
1887702
1887703
1887704
1887705
1887706
1887707
1887708
1887709
1887810
1887811
1887812
1887813
1887814
1887815
1887816
1887850
1887851
1887852
1887853
1887854
1887855
1887856
1887857
1887858
1887859
1888849
1889460
1889461
1889462
1889463
1889464
1889465
1889466
1889467
1889468
1889469
1889480
1889481
1889482
1889483
1889484
1889485
1889486
1889487
1889488
1889489
1889750
1889751
1889752
1889753
1889754
1889755
1889756
1889757
1889758
1889759
1889765
1889775
1889785
1376825
1376879
1473635
1473636
1477705
1477706
1477750
1477751
1477752
1477753
1477754
1477755
1477756
1477757
1477758
1477759
1477760
1477761
1477762
1477763
1477784
1477785
1477786
1477787
1477788
1477789
1479510
1479511
1479512
1479513
1479514
1479515
1479516
1479517
1479518
1479519
1479520
1479521
1479522
1479523
1479524
1479525
1479526
1479527
1479528
1479529
1479606
1479607
1479608
1479609
1479610
1479611
1479775
1720081
1720082
1301481
1301482
1303680
1303685
1304784
1304789
1308495
1308677
1309782
1309792
1557758
1864883
1864884
1864898
1864940
1864945
1830775
1830785
1837650
1837651
1837652
1837653
1837654
1837655
1837656
1837657
1837658
1837659
1837750
1837751
1837752
1837753
1837754
1837755
1837756
1837757
1837758
1837759
1837805
1837806
1837850
1837851
1837852
1837853
1837854
1837855
1837856
1837857
1837858
1837859
1837868
1837876
1837879
1837896
1837897
1837898
1837899
1770775
1770785
1775451
1775452
1775453
1775454
1775455
1775470
1775472
1775473
1775852
1775854
1775855
1777475
1777489
1777612
1777613
1777614
1777615
1777635
1777636
1777637
1777638
1777639
1777642
1777670
1777671
1777672
1777673
1777674
1777675
1777676
1777677
1777678
1777679
1777750
1777751
1777752
1777753
1777754
1777755
1777756
1777757
1777758
1777759
1452766
1454525
1459130
1459131
1459132
1459133
1459134
1459135
1459136
1459137
1459138
1459139
1459813
1351765
1355745
1364946
1890785
1893485
1893486
1893487
1893488
1893489
1893490
1893491
1897799
1897850
1897851
1897852
1897853
1897854
1897855
1897856
1897857
1897858
1897859
1897877
1897878
1897879
1800775
1800785
1807095
1807096
1807097
1807098
1807099
1807475
1807479
1807485
1807487
1807488
1807640
1807641
1807642
1807643
1807644
1807645
1807646
1807647
1807648
1807649
1807750
1807751
1807752
1807753
1807754
1807755
1807756
1807757
1807758
1807759
1807772
1807774
1807790
1807791
1807800
1807801
1807802
1807803
1807804
1807805
1807850
1807851
1807852
1807853
1807854
1807855
1807856
1807857
1807858
1807859
1807870
1807871
1807872
1807873
1807874
1807875
1807876
1807877
1807878
1807879
1990775
1990785
1994314
1994315
1994793
1994795
1997750
1997751
1997752
1997753
1997754
1997755
1997756
1997757
1997758
1997759
1997850
1997851
1997852
1997853
1997854
1997855
1997856
1997857
1850785
1852987
1857750
1857751
1857754
1857757
1857793
1857985
1857998
1858993
1859394
1859395
1859396
1780775
1780785
1784073
1784074
1784075
1784076
1784077
1784078
1784079
1787705
1787725
1787752
1787753
1787754
1787755
1787756
1787800
1787801
1787802
1787803
1787804
1787805
1787806
1787807
1787808
1787809
1787810
1787811
1787812
1787813
1787814
1787815
1787816
1787817
1787818
1787819
1787850
1787851
1787852
1787853
1787854
1787855
1787856
1787857
1787858
1787859
1788046
1789115
1332167
1332168
1332177
1332178
1332475
1332486
1334757
1334767
1336757
1336765
1337736
1339785
1717092
1717093
1717095
1717096
1717097
1667491
1910781
1916240
1916241
1916242
1916243
1916244
1916245
1916246
1916247
1916248
1916249
1917255
1917256
1917257
1917258
1917259
1919700
1919701
1919702
1919703
1919704
1919705
1919706
1919707
1919708
1919709
1919750
1919751
1919752
1919753
1919754
1919755
1919756
1919757
1919758
1919759
1919760
1919761
1919762
1919763
1919764
1919765
1919766
1919767
1919768
1919769
1981396
1987712
1987713
1987714
1989930
1989938
1989939
1750781
1757701
1757721
1757726
1757727
1887867
1887868
1887869
1720087
1890781
1897810
1897811
1897812
1897813
1897814
1897815
1897816
1897817
1990781
1996675
1997810
1997811
1997812
1997813
1997814
1997815
1997816
1997817
1997818
1997819
1997848
1999448
1999467
1999468
1999469
1567896
1784083
1784089
1787786
1830772
1830782
1837620
1837621
1837622
1837623
1837624
1837625
1837626
1837627
1837628
1837629
1837720
1837721
1837722
1837723
1837724
1837725
1837726
1837727
1837728
1837729
1837800
1837801
1837802
1837803
1837820
1837821
1837822
1837823
1837824
1837825
1837826
1837827
1837828
1837829
1500772
1500782
1507720
1507721
1507722
1507723
1507724
1507725
1507726
1507727
1507728
1507729
1507825
1507826
1507827
1507828
1507829
1507845
1507846
1507847
1507848
1507849
1507850
1507851
1507852
1507853
1507854
1770772
1770782
1773665
1773666
1775456
1775457
1777200
1777201
1777202
1777203
1777472
1777485
1777486
1777487
1777605
1777606
1777607
1777630
1777631
1777632
1777633
1777634
1777644
1777645
1777720
1777721
1777722
1777723
1777724
1777725
1777726
1777727
1777728
1777729
1590772
1590782
1597720
1597721
1597722
1597723
1597724
1597725
1597726
1597727
1597728
1597729
1597820
1597821
1597822
1597823
1597824
1597825
1597826
1597827
1597828
1597829
1350772
1350782
1351752
1351760
1351762
1351772
1351780
1351782
1355702
1355712
1355720
1355722
1355730
1355732
1355742
1355750
1355752
1355762
1355772
1355782
1355790
1355792
1355802
1355812
1355816
1355822
1355832
1355842
1359702
1359706
1359709
1359712
1359714
1359718
1359720
1359721
1359722
1359723
1359724
1359725
1359726
1359727
1452767
1452772
1453763
1453764
1454522
1459105
1459106
1459107
1459108
1459109
1459110
1459111
1459112
1459113
1459114
1459746
1720073
1720074
1300593
1300692
1301487
1301488
1301489
1301493
1302593
1302692
1303682
1303692
1304780
1304782
1307800
1307801
1307802
1307803
1307804
1307805
1307806
1307807
1307808
1307809
1308492
1308493
1308672
1308772
1308792
1309772
1550670
1550671
1550672
1550673
1550674
1550675
1550676
1550677
1550678
1550679
1550682
1550683
1550772
1550782
1557700
1557701
1557702
1557703
1557704
1557705
1557706
1557720
1557721
1557722
1557723
1557724
1557725
1557726
1557727
1557728
1557729
1557770
1557771
1557772
1557773
1557774
1557775
1557776
1557777
1557778
1557779
1557820
1557821
1557822
1557823
1557824
1557825
1557826
1860772
1860782
1860787
1864882
1864885
1864886
1864887
1864888
1864889
1864942
1864947
1867720
1867721
1867722
1867723
1867724
1867725
1867726
1867727
1867728
1867729
1671772
1672770
1672772
1672775
1672776
1390772
1390782
1397720
1397721
1397722
1397723
1397724
1397725
1397726
1397727
1397728
1397729
1397800
1397801
1397802
1397803
1397804
1397805
1397806
1397807
1397808
1397809
1397820
1397821
1397822
1397823
1397824
1397825
1397826
1397827
1397828
1397829
1990772
1991491
1991492
1994306
1994307
1997615
1997616
1997720
1997721
1997722
1997723
1997724
1997725
1997820
1997821
1997822
1997823
1997824
1997825
1997826
1997827
1999455
1999464
1780772
1780782
1784003
1784004
1784005
1784036
1784037
1784055
1784056
1784057
1784058
1784059
1784060
1784061
1787720
1787721
1787722
1787723
1787787
1787788
1787789
1787790
1787791
1787792
1787793
1787794
1787797
1787820
1787821
1787822
1787823
1787824
1787825
1787826
1787827
1787828
1787829
1787848
1787849
1788042
1789111
1789772
1850772
1850782
1852972
1857720
1857721
1857722
1857723
1857724
1857725
1857726
1857727
1857728
1857729
1857761
1857762
1857763
1857940
1857941
1857942
1857982
1857983
1857990
1857992
1857993
1857994
1858751
1858752
1858784
1858982
1858986
1858987
1858995
1858996
1858997
1858998
1858999
1859322
1859326
1560772
1560782
1567626
1567657
1567659
1567702
1567703
1567720
1567721
1567722
1567723
1567724
1567725
1567726
1567727
1567728
1567729
1567800
1567801
1567802
1567803
1567804
1567805
1567806
1567807
1567808
1567809
1567820
1567821
1567822
1567823
1567824
1567825
1567826
1567827
1567828
1567829
1567870
1567871
1567872
1567873
1567874
1567875
1567876
1567877
1567878
1567879
1569772
1330772
1330782
1331762
1331772
1331782
1331788
1332162
1332172
1332472
1332482
1334752
1334762
1336752
1336762
1336772
1336782
1337702
1337707
1337720
1337721
1337722
1337723
1338772
1339772
1339782
1339787
1717073
1717075
1717076
1717077
1717078
1717079
1717090
1717091
1360772
1360780
1360782
1361772
1361780
1361782
1362772
1362780
1362782
1363300
1363301
1363302
1363303
1363304
1363305
1363306
1363307
1363308
1363309
1364772
1364780
1364782
1364942
1365772
1365780
1365782
1365962
1365966
1366772
1366780
1366782
1366942
1366962
1366966
1367772
1367780
1367782
1368772
1368780
1368782
1890772
1893476
1897720
1897721
1897722
1897723
1897724
1897725
1897726
1897727
1897728
1897729
1897800
1897801
1897802
1897803
1897804
1897805
1897806
1897807
1897808
1897809
1530772
1530782
1533789
1534772
1534774
1534775
1534776
1534777
1534778
1534779
1800078
1800772
1800782
1807472
1807482
1807670
1807671
1807672
1807673
1807674
1807720
1807721
1807722
1807723
1807724
1807725
1807726
1807727
1807728
1807729
1807820
1807821
1807822
1807823
1807824
1807825
1807826
1807827
1807828
1807829
1807847
1807848
1807849
1660772
1667492
1667720
1667721
1667722
1380772
1380782
1387720
1387721
1387722
1387723
1387724
1387725
1387726
1387727
1387728
1387729
1387820
1387821
1387822
1387823
1387824
1387825
1387826
1387827
1387828
1387829
1870772
1870782
1877510
1877511
1877512
1877513
1877514
1877515
1877516
1877517
1877518
1877519
1877520
1877521
1877522
1877523
1877524
1877525
1877526
1877527
1877528
1877529
1877568
1877620
1877621
1877622
1877623
1877624
1877625
1877626
1877627
1877628
1877629
1877720
1877721
1877722
1877723
1877724
1877725
1877726
1877727
1877728
1877729
1877820
1877821
1877822
1877823
1877824
1877825
1877826
1877827
1877828
1877829
1877882
1310042
1310049
1310052
1311472
1311762
1311772
1312342
1312352
1313262
1313272
1313282
1313292
1315252
1315254
1315255
1315256
1315262
1319752
1319762
1319772
1730772
1730782
1734423
1734424
1734425
1734457
1737481
1737482
1737610
1737611
1737612
1737613
1737614
1737615
1737616
1737644
1737645
1737646
1737720
1737721
1737722
1737723
1737724
1737725
1737726
1737727
1737728
1737729
1739675
1340780
1340781
1340782
1340783
1340784
1340785
1340786
1340787
1340788
1340789
1344283
1344284
1345720
1345721
1345722
1345723
1345724
1345725
1345726
1345727
1345728
1345729
1347120
1347121
1347122
1347123
1347124
1348120
1348121
1348122
1348123
1348124
1348125
1348126
1348127
1348128
1348129
1348175
1348176
1348177
1348178
1348179
1348190
1348191
1348192
1348193
1348194
1348195
1348196
1348197
1348198
1348199
1760772
1760782
1767691
1767692
1767693
1767702
1767752
1767753
1767770
1767771
1767773
1767774
1767775
1767776
1768722
1768723
1768727
1768736
1768737
1768742
1768752
1768756
1768757
1768772
1580772
1580782
1587720
1587721
1587722
1587723
1587724
1587725
1587726
1587727
1587728
1587729
1587820
1587821
1587822
1587823
1587824
1587825
1587826
1587827
1587828
1587829
1587889
1820772
1820782
1827620
1827621
1827622
1827623
1827624
1827625
1827626
1827627
1827628
1827629
1827670
1827671
1827672
1827673
1827674
1827675
1827676
1827677
1827678
1827679
1827680
1827681
1827682
1827683
1827684
1827685
1827686
1827687
1827688
1827689
1827690
1827691
1827692
1827693
1827694
1827695
1827696
1827697
1827720
1827721
1827722
1827723
1827724
1827725
1827726
1827727
1827728
1827729
1827820
1827821
1827822
1827823
1827824
1827825
1827826
1827827
1827828
1827829
1510772
1510782
1517720
1517721
1517722
1517723
1517724
1517725
1517726
1517727
1517770
1517771
1517772
1517773
1517774
1517775
1520772
1520782
1522459
1522460
1522461
1522462
1522463
1522464
1522465
1522466
1522467
1522468
1522469
1527720
1527721
1527722
1527723
1527724
1527725
1527726
1527727
1527728
1527729
1527770
1527772
1527880
1527881
1527882
1527883
1527884
1527885
1527886
1527887
1527888
1527889
1528960
1528961
1528962
1528963
1810772
1810782
1815475
1815476
1815477
1817210
1817211
1817212
1817213
1817214
1817215
1817216
1817217
1817218
1817219
1817220
1817221
1817222
1817223
1817224
1817225
1817226
1817227
1817228
1817229
1817243
1817244
1817477
1817478
1817479
1817630
1817634
1817670
1817671
1817672
1817673
1817720
1817721
1817722
1817723
1817724
1817725
1817726
1817727
1817728
1817729
1817820
1817821
1817822
1817823
1817824
1817825
1817826
1817827
1817828
1817829
1817880
1817881
1817882
1817883
1817884
1880772
1880782
1881544
1881545
1881546
1881547
1881548
1881549
1886700
1886701
1886702
1886703
1886704
1886705
1886706
1886707
1886708
1886709
1887720
1887721
1887722
1887723
1887724
1887725
1887726
1887727
1887728
1887729
1887820
1887821
1887822
1887823
1887824
1887825
1887826
1887827
1887828
1887829
1887840
1887841
1887890
1887891
1887892
1888841
1888842
1889762
1889763
1889764
1889772
1889774
1889780
1889782
1889784
1889786
1889789
1750772
1750783
1752670
1752671
1757749
1757820
1757821
1470772
1470780
1470782
1473609
1473639
1477712
1477720
1477721
1477722
1479380
1479381
1479382
1479383
1479384
1479385
1479386
1479387
1479388
1479389
1479390
1479391
1479392
1479393
1479394
1479395
1479396
1479397
1479398
1479399
1479618
1479619
1479620
1479621
1479622
1479623
1479624
1479625
1479772
1370772
1370780
1370782
1373720
1373721
1373722
1373723
1373724
1373725
1373726
1373727
1373728
1373729
1376802
1376812
1376822
1376832
1376834
1376842
1376847
1376852
1376856
1376857
1376866
1376867
1376868
1376869
1376885
1376886
1376887
1376889
1376893
1376894
1376895
1378802
1378812
1378822
1378832
1378842
1378844
1378846
1378847
1378848
1378852
1378862
1378867
1378872
1378876
1378877
1378878
1378879
1705079
1706484
1706485
1706486
1706487
1320772
1320782
1321140
1321141
1321151
1321152
1321772
1321787
1323772
1323782
1325780
1325781
1325782
1326372
1326382
1329772
1329779
1329782
1329789
1329922
1329929
1329942
1329949
1329960
1329961
1329962
1329964
1910772
1914270
1914271
1914272
1914273
1914274
1914275
1914276
1914277
1914278
1914279
1914280
1914281
1914282
1914283
1914284
1914285
1914286
1914287
1914288
1914289
1916570
1916571
1916572
1916573
1916574
1916575
1916576
1916577
1916578
1916579
1916700
1916701
1916702
1916703
1916704
1916705
1916706
1916707
1916708
1916709
1916710
1916711
1916712
1916713
1916714
1916715
1916716
1916717
1916718
1916719
1916720
1916721
1916722
1916723
1916724
1916725
1916726
1916727
1916728
1916729
1916730
1916731
1916732
1916733
1916734
1916735
1916736
1916737
1916738
1916739
1916740
1916741
1916742
1916743
1916744
1916745
1916746
1916747
1916748
1916749
1917720
1917721
1917722
1917723
1917724
1917725
1917726
1917727
1917728
1917729
1840678
1840679
1840772
1847720
1847721
1847722
1847723
1847724
1847725
1847726
1847727
1847728
1847729
1570772
1571772
1572372
1572382
1572392
1572393
1572396
1577720
1577721
1577722
1577723
1577724
1577725
1577726
1577727
1577728
1577729
1577820
1577821
1577822
1650772
1651772
1652072
1980772
1980781
1981388
1987702
1987709
1987720
1987722
1987724
1987726
1989920
1989921
1989922
1989923
1989924
1989925
1989926
1989927
1989928
1989929
1330777
1330787
1331767
1331777
1331787
1332477
1332487
1336767
1336777
1337727
1337737
1338777
1560777
1560787
1567775
1567776
1567777
1567778
1567779
1569777
1850777
1850787
1857747
1857770
1857771
1857772
1857773
1857774
1857775
1780777
1784013
1784014
1784038
1787727
1787757
1787758
1787759
1787760
1787761
1787762
1787763
1787870
1787871
1787872
1787873
1787874
1787875
1787876
1787877
1787878
1787879
1788047
1789116
1789777
1990777
1990787
1994317
1996670
1996671
1996672
1997770
1997771
1997772
1997773
1997774
1997775
1997776
1997777
1997778
1997779
1997800
1997801
1997802
1997803
1997804
1997805
1997806
1997807
1997808
1997809
1997846
1999446
1999457
1999458
1999459
1800777
1807075
1807076
1807077
1807078
1807079
1807477
1807665
1807666
1807667
1807770
1807771
1807773
1807775
1807776
1530777
1890777
1890787
1897770
1897771
1897772
1897773
1897774
1897775
1897776
1897779
1360777
1361777
1362777
1364777
1365777
1366777
1367777
1368777
1953062
1350777
1351757
1351777
1355707
1355717
1355747
1355777
1355807
1355827
1355837
1355847
1452777
1454527
1459145
1459146
1459147
1459148
1459149
1590777
1597700
1597701
1597702
1599460
1599461
1599462
1599463
1599464
1599465
1599466
1770777
1770787
1775476
1775477
1777204
1777205
1777206
1777477
1777703
1777704
1777795
1777796
1500777
1500787
1507891
1830777
1830787
1837770
1837771
1837772
1837773
1837774
1837775
1837776
1837777
1837778
1837779
1837870
1837871
1837872
1837873
1837874
1837875
1390777
1390787
1397770
1397771
1397772
1397773
1397774
1397775
1397776
1397777
1397778
1397779
1860777
1867770
1867771
1867772
1867773
1867774
1867775
1867776
1867777
1867778
1867779
1550777
1557870
1557871
1557872
1557873
1557874
1557875
1300697
1301497
1302697
1303697
1304787
1308497
1308777
1309777
1309787
1309797
1720083
1470777
1470787
1477707
1477741
1477747
1477770
1477771
1477772
1477773
1477774
1477775
1479612
1479613
1479614
1479615
1479616
1479617
1479777
1370777
1373775
1373776
1373777
1373778
1373779
1376807
1376817
1378807
1378809
1378817
1378819
1378827
1378829
1378839
1378849
1750777
1752677
1757706
1757729
1757787
1757797
1757849
1757850
1757851
1757852
1757853
1757854
1757855
1757856
1757857
1759577
1759578
1759579
1880777
1880787
1887770
1887771
1887772
1887773
1887774
1887775
1887776
1887777
1887778
1887779
1888840
1888847
1889470
1889471
1889472
1889473
1889474
1889475
1889476
1889477
1889478
1889479
1889766
1889767
1889768
1889769
1889770
1889771
1889777
1889778
1889779
1889787
1889788
1810777
1810787
1817247
1817248
1817249
1817600
1817601
1817602
1817603
1817604
1817680
1817681
1817682
1817683
1817684
1817775
1817776
1817777
1817778
1817779
1817875
1817876
1817877
1817878
1817879
1520777
1520787
1522457
1522458
1524077
1527777
1527870
1527871
1527872
1527873
1527874
1527875
1527876
1527877
1527878
1527879
1980777
1981392
1987707
1987727
1987737
1987747
1987790
1987791
1987792
1987793
1989741
1989742
1989743
1989776
1989777
1989933
1989934
1989935
1989936
1989937
1570777
1571777
1572377
1577770
1577771
1577772
1577773
1577774
1577775
1577776
1577777
1577778
1577779
1577870
1577871
1577872
1577873
1577874
1577875
1577876
1840777
1910777
1910787
1912770
1912771
1912772
1912773
1912774
1912775
1912776
1912777
1912778
1912779
1912780
1912781
1912782
1912783
1912784
1912785
1912786
1912787
1912788
1912789
1912790
1912791
1912792
1912793
1912794
1912795
1912796
1912797
1912798
1912799
1913669
1914880
1914881
1914882
1914883
1914884
1914885
1914886
1914887
1914888
1914889
1914890
1914891
1914892
1914893
1914894
1917770
1917771
1917772
1917773
1917774
1917775
1917776
1917777
1917778
1917779
1917870
1917871
1917872
1917873
1917874
1917875
1917876
1917877
1917878
1917879
1320777
1320787
1321777
1326377
1329777
1329787
1730777
1730787
1734453
1734454
1737488
1737607
1737743
1739672
1311477
1311777
1312347
1313267
1313277
1319767
1319777
1870777
1870787
1877570
1877571
1877572
1877573
1877574
1877575
1877576
1877770
1877771
1877772
1877773
1877774
1877775
1877776
1877777
1877778
1877779
1877870
1877871
1877872
1877873
1877874
1877875
1877876
1877877
1877878
1877879
1877887
1380077
1380078
1380777
1387770
1387771
1387772
1387773
1387774
1387775
1387776
1387777
1387778
1387779
1660777
1667487
1667728
1667729
1667757
1667758
1667759
1667778
1667779
1667797
1667977
1510777
1510780
1510787
1510789
1517796
1517797
1517798
1517799
1820777
1820787
1827661
1827662
1827770
1827771
1827772
1827773
1827774
1827775
1827776
1827777
1827778
1827779
1827870
1827871
1827872
1827873
1827874
1827875
1827876
1827877
1827878
1827879
1829017
1829018
1829019
1580777
1580787
1587893
1587894
1587895
1587896
1587897
1760777
1760787
1767727
1767737
1768747
1768787
1344783
1344784
1345770
1345771
1345772
1345773
1345774
1345775
1345776
1345777
1345778
1345779
1347170
1347171
1347172
1347173
1347174
1347175
1347176
1347177
1347178
1347179
1530771
1530780
1530781
1530783
1530784
1530785
1530786
1530787
1530788
1530789
1533785
1534770
1534771
1800771
1800780
1800781
1807070
1807071
1807072
1807073
1807074
1807090
1807091
1807092
1807093
1807094
1807470
1807471
1807480
1807481
1807490
1807491
1807492
1807493
1807494
1807630
1807631
1807632
1807633
1807634
1807635
1807636
1807637
1807638
1807639
1807650
1807651
1807652
1807653
1807654
1807655
1807656
1807657
1807658
1807659
1807660
1807661
1807662
1807663
1807664
1807700
1807702
1807704
1807710
1807711
1807712
1807713
1807714
1807715
1807716
1807717
1807718
1807719
1807777
1807778
1807779
1807810
1807811
1807812
1807813
1807814
1807815
1807816
1807817
1807818
1807819
1890771
1893470
1893471
1893472
1893473
1893474
1893475
1893497
1893498
1897707
1897708
1897709
1897710
1897711
1897712
1897713
1897714
1897715
1897716
1897717
1897718
1897719
1897777
1897778
1897797
1897798
1897818
1897819
1897880
1897881
1897882
1897883
1897884
1897885
1897886
1897887
1897888
1897889
1897890
1897891
1897892
1897893
1897894
1897895
1897896
1897897
1897898
1897899
1360771
1360781
1360786
1360787
1360788
1361771
1361781
1361787
1361788
1362771
1362781
1362787
1362788
1364771
1364781
1364787
1364788
1364940
1364941
1364947
1364948
1365771
1365781
1365787
1365788
1365960
1365961
1365967
1365968
1366771
1366781
1366787
1366788
1366940
1366941
1366947
1366948
1366960
1366961
1366967
1366968
1367771
1367781
1367787
1367788
1368771
1368781
1368787
1368788
1713070
1713071
1713072
1713073
1713074
1713075
1713076
1713077
1713078
1713079
1715070
1715071
1715072
1715073
1715074
1715075
1715076
1715077
1715078
1715079
1715094
1715099
1716074
1716094
1716099
1717070
1717074
1717094
1717098
1717099
1718070
1718071
1718072
1718073
1718074
1718075
1718076
1718077
1718078
1718079
1718080
1718081
1718082
1718083
1718084
1718085
1718086
1718087
1718088
1718089
1718090
1718091
1718092
1718093
1330000
1330077
1330078
1330771
1330781
1330786
1331761
1331771
1331780
1331781
1331786
1332160
1332161
1332166
1332170
1332171
1332471
1332481
1334750
1334751
1334760
1334761
1336751
1336761
1336771
1336780
1336781
1337700
1337701
1337704
1337705
1337708
1337709
1337711
1337712
1337713
1337714
1337715
1337716
1337717
1337718
1337719
1338771
1339361
1339364
1339366
1339367
1339368
1339369
1339770
1339771
1339777
1339780
1339781
1339789
1850771
1850780
1850781
1852970
1852971
1852973
1852992
1852995
1857703
1857704
1857707
1857708
1857709
1857710
1857711
1857712
1857713
1857714
1857715
1857716
1857717
1857718
1857719
1857745
1857776
1857777
1857778
1857779
1857780
1857781
1857782
1857783
1857784
1857785
1857786
1857787
1857788
1857789
1857795
1857796
1857797
1857890
1857891
1857892
1857895
1857896
1857898
1857899
1857949
1857980
1857981
1857987
1857991
1857999
1858753
1858754
1858755
1858756
1858757
1858758
1858759
1858765
1858766
1858767
1858768
1858769
1858771
1858772
1858773
1858774
1858775
1858776
1858777
1858778
1858779
1858785
1858786
1858787
1858788
1858789
1858790
1858791
1858792
1858793
1858794
1858795
1858796
1858797
1858798
1858799
1858980
1858988
1858990
1858991
1858992
1859325
1859397
1780771
1780780
1780781
1784020
1784021
1784022
1784023
1784024
1784025
1784026
1784027
1784028
1784029
1784030
1784084
1784085
1787700
1787701
1787702
1787703
1787704
1787707
1787709
1787710
1787711
1787712
1787713
1787714
1787715
1787716
1787717
1787718
1787719
1787728
1787798
1787843
1787844
1787845
1787846
1787847
1788040
1789119
1789771
1560771
1560780
1560781
1567607
1567610
1567611
1567612
1567613
1567614
1567615
1567616
1567617
1567618
1567619
1567670
1567671
1567672
1567673
1567674
1567675
1567676
1567677
1567678
1567679
1567699
1567700
1567701
1567710
1567711
1567712
1567713
1567714
1567715
1567716
1567717
1567718
1567719
1567810
1567811
1567812
1567813
1567814
1567815
1567816
1567817
1567818
1567819
1567880
1567881
1567882
1567883
1567884
1567885
1567886
1567887
1567888
1567889
1567890
1567891
1567892
1567893
1567894
1567895
1567897
1567898
1567899
1569771
1990771
1991120
1991121
1991122
1991123
1991125
1991126
1991127
1991128
1991129
1991480
1991481
1991482
1991483
1991484
1991485
1991486
1991487
1991488
1991489
1991490
1994301
1994302
1994303
1994304
1994305
1996676
1996677
1996800
1996801
1996802
1996803
1996804
1996805
1996806
1996807
1996808
1996809
1996810
1996811
1996812
1996813
1996814
1996815
1996816
1996817
1996818
1996819
1996820
1996821
1996822
1996823
1996824
1996825
1996826
1996827
1996828
1996829
1996830
1996831
1996832
1996833
1996834
1996835
1996836
1996837
1996838
1996839
1997609
1997700
1997701
1997705
1997706
1997707
1997708
1997709
1997710
1997711
1997712
1997713
1997714
1997715
1997716
1997717
1997718
1997719
1997840
1999440
1999441
1999474
1999478
1999479
1671770
1671771
1671774
1671775
1671776
1671777
1671778
1672771
1672774
1390077
1390078
1390771
1390781
1390786
1397710
1397711
1397712
1397713
1397714
1397715
1397716
1397717
1397718
1397719
1397810
1397811
1397812
1397813
1397814
1397815
1397816
1397817
1397818
1397819
1397860
1397861
1397862
1397863
1397864
1397865
1397866
1397867
1397868
1397869
1397870
1397871
1397872
1397873
1397874
1397875
1397876
1397877
1397878
1397879
1397880
1397881
1397882
1397883
1397884
1397885
1397886
1397887
1397888
1397889
1550680
1550681
1550771
1550780
1550781
1550786
1550788
1550789
1557710
1557711
1557712
1557713
1557714
1557715
1557716
1557717
1557718
1557719
1557800
1557801
1557802
1557803
1557806
1557807
1557808
1557809
1557810
1557811
1557812
1557813
1557814
1557815
1557816
1557817
1557818
1557819
1557827
1557828
1557829
1557830
1557831
1557832
1557833
1557842
1557843
1557844
1557845
1557846
1557847
1557848
1557849
1557868
1557869
1557880
1557881
1557882
1557883
1557887
1557888
1557889
1557890
1557891
1557892
1557893
1557894
1557895
1557896
1557897
1557898
1557899
1860771
1860780
1860781
1860788
1860789
1864880
1864881
1864890
1864891
1864892
1864893
1864894
1864895
1864896
1864897
1864941
1864943
1864946
1867705
1867706
1867707
1867708
1867709
1867710
1867711
1867712
1867713
1867714
1867715
1867716
1867717
1867718
1867719
1867792
1867795
1869790
1869791
1869792
1869793
1869794
1869795
1869796
1869797
1869798
1869799
1937880
1937881
1937882
1937883
1937884
1937885
1937886
1937887
1937888
1937889
1300069
1300590
1300591
1300592
1300691
1301059
1301490
1301491
1301498
1301499
1302590
1302591
1302592
1302691
1303681
1303686
1303688
1303691
1304781
1307770
1307771
1307772
1307773
1307774
1307775
1307776
1307777
1307778
1307779
1308491
1308498
1308499
1308671
1308771
1308790
1308791
1308796
1308797
1308799
1309771
1720070
1720071
1720072
1452761
1452768
1452769
1452770
1452771
1453760
1453761
1453762
1453768
1453770
1453771
1453772
1453773
1453774
1453775
1453776
1453777
1453778
1453779
1453780
1453781
1453782
1453783
1453784
1453785
1453786
1453787
1453788
1453789
1454276
1454277
1454279
1454521
1459160
1459161
1459162
1459163
1459164
1459165
1459166
1459831
1459833
1459837
1459843
1459845
1459846
1459847
1459850
1459851
1459854
1459855
1459856
1459863
1459864
1459865
1459875
1459877
1459879
1350771
1350781
1350786
1350787
1350788
1351751
1351761
1351766
1351767
1351768
1351771
1351781
1351787
1351788
1355701
1355711
1355721
1355731
1355738
1355739
1355741
1355749
1355751
1355757
1355758
1355759
1355760
1355761
1355768
1355769
1355771
1355780
1355781
1355786
1355787
1355791
1355797
1355798
1355799
1355801
1355810
1355811
1355814
1355818
1355819
1355821
1355831
1355841
1355844
1355846
1355848
1359700
1359701
1359707
1359710
1359711
1359717
1359728
1359729
1359734
1359739
1770771
1770781
1773660
1773661
1773662
1773663
1773664
1775860
1775861
1775862
1775863
1775864
1775865
1775866
1775867
1775868
1775869
1777480
1777481
1777482
1777600
1777601
1777602
1777603
1777604
1777620
1777621
1777622
1777623
1777624
1777625
1777626
1777648
1777649
1777653
1777654
1777655
1777656
1777660
1777661
1777662
1777663
1777664
1777665
1777666
1777667
1777668
1777669
1777705
1777706
1777707
1777708
1777709
1777710
1777711
1777712
1777713
1777714
1777715
1777716
1777717
1777718
1777719
1590771
1590781
1597710
1597711
1597712
1597713
1597714
1597715
1597716
1597717
1597718
1597719
1597745
1597746
1597747
1597748
1597749
1597765
1597766
1597767
1597768
1597769
1597770
1597771
1597772
1597773
1597774
1597775
1597776
1597777
1597778
1597779
1597791
1597792
1597810
1597811
1597812
1597813
1597814
1597815
1597816
1597817
1597818
1597819
1599430
1599431
1599432
1599433
1599434
1599435
1599436
1599437
1599438
1599439
1599440
1599441
1599442
1599443
1599444
1599445
1599446
1599447
1599448
1599449
1830771
1830780
1830781
1830783
1837600
1837601
1837602
1837603
1837604
1837605
1837606
1837607
1837608
1837609
1837610
1837611
1837612
1837613
1837614
1837615
1837616
1837617
1837618
1837619
1837660
1837661
1837662
1837663
1837664
1837665
1837666
1837667
1837668
1837669
1837670
1837671
1837672
1837673
1837674
1837675
1837676
1837677
1837678
1837679
1837680
1837681
1837682
1837683
1837684
1837685
1837686
1837687
1837688
1837689
1837690
1837691
1837692
1837693
1837694
1837695
1837696
1837697
1837698
1837699
1837710
1837711
1837712
1837713
1837714
1837715
1837716
1837717
1837718
1837719
1837810
1837811
1837812
1837813
1837814
1837815
1837816
1837817
1837818
1837819
1837880
1837881
1837882
1837883
1837884
1837885
1500771
1500781
1507700
1507701
1507702
1507703
1507704
1507705
1507706
1507707
1507708
1507709
1507710
1507711
1507712
1507713
1507714
1507715
1507716
1507717
1507718
1507719
1507870
1507871
1507872
1507873
1507874
1507875
1507876
1507877
1507878
1507879
1507880
1507881
1507882
1507883
1507884
1507885
1507886
1507887
1507888
1507889
1980771
1980780
1980784
1980788
1981385
1987701
1987710
1987711
1987717
1987718
1987719
1987741
1987742
1989760
1989761
1989762
1989763
1989764
1989765
1989766
1989767
1989768
1989769
1989940
1989941
1989942
1989943
1989944
1989945
1989946
1989947
1989948
1989949
1650615
1650771
1651132
1651771
1652172
1653613
1656310
1840676
1840677
1840770
1840771
1844840
1844841
1844842
1844843
1844844
1844845
1844846
1844847
1844848
1844849
1844850
1844851
1844852
1844853
1844854
1844855
1844856
1844857
1844858
1844859
1844860
1844861
1844862
1844863
1844864
1844865
1844866
1844867
1844868
1844869
1844870
1844871
1844872
1844873
1844874
1844875
1844876
1844877
1844878
1844879
1844880
1844881
1844882
1844883
1844884
1844885
1844886
1844887
1844888
1844889
1844890
1844891
1844892
1844893
1844894
1844895
1844896
1844897
1844898
1844899
1847710
1847711
1847712
1847713
1847714
1847715
1847716
1847717
1847718
1847719
1847770
1847771
1847772
1847773
1847774
1847775
1847776
1847777
1847778
1847779
1847780
1847781
1847782
1847783
1847784
1847785
1847786
1847787
1847788
1847789
1847790
1847791
1847792
1847793
1847794
1847795
1847796
1847797
1847798
1847799
1849970
1849971
1849972
1849973
1849974
1849975
1849976
1849977
1849978
1849979
1570771
1571771
1572370
1572371
1572380
1572381
1572390
1572391
1577710
1577711
1577712
1577713
1577714
1577715
1577716
1577717
1577718
1577719
1577800
1577801
1577802
1577803
1577804
1577805
1577806
1577807
1577808
1577809
1577810
1577811
1577812
1577813
1577814
1577815
1577816
1577817
1577818
1577819
1577823
1577824
1577825
1577826
1577827
1577828
1577829
1577830
1577831
1577832
1577833
1577834
1577835
1577836
1577837
1577838
1577839
1577840
1577841
1577867
1577868
1577869
1577877
1577878
1577879
1577884
1577885
1577886
1577887
1577888
1577889
1320771
1320780
1320781
1321130
1321131
1321132
1321133
1321134
1321135
1321136
1321137
1321138
1321139
1321771
1321780
1321781
1323770
1323771
1323780
1323781
1325770
1325771
1325772
1325773
1325774
1325775
1325776
1325777
1325778
1325779
1326370
1326371
1326378
1326380
1326381
1326388
1327770
1327771
1327772
1327773
1327774
1327775
1327776
1327777
1327778
1327779
1327780
1327781
1327782
1327783
1327784
1327785
1327786
1327787
1327788
1327789
1329770
1329771
1329780
1329781
1329920
1329921
1329926
1329940
1329941
1910771
1911450
1911451
1911452
1911453
1911454
1911455
1911456
1911457
1911458
1911459
1911460
1911461
1911462
1911463
1911464
1911465
1911466
1911467
1911468
1911469
1911470
1911471
1911472
1911473
1911474
1911475
1911476
1911477
1911478
1911479
1911480
1911481
1911482
1911483
1911484
1911485
1911486
1911487
1911488
1911489
1911490
1911491
1911492
1911493
1911494
1911495
1911496
1911497
1911498
1911499
1911680
1911681
1911682
1911683
1911684
1911685
1911686
1911687
1911688
1911689
1911740
1911741
1911742
1911743
1911744
1911745
1911746
1911747
1911748
1911749
1911750
1911751
1911752
1911753
1911754
1911755
1911756
1911757
1911758
1911759
1913660
1913661
1913662
1913663
1913664
1913665
1913666
1913667
1913668
1915260
1915261
1915262
1915263
1915264
1915265
1915266
1915267
1915268
1915269
1916200
1916201
1916202
1916203
1916204
1916205
1916206
1916207
1916208
1916209
1916210
1916211
1916212
1916213
1916214
1916215
1916216
1916217
1916218
1916219
1916220
1916221
1916222
1916223
1916224
1916225
1916226
1916227
1916228
1916229
1916230
1916231
1916232
1916233
1916234
1916235
1916236
1916237
1916238
1916239
1916360
1916361
1916362
1916363
1916364
1916365
1916366
1916367
1916368
1916369
1916370
1916371
1916372
1916373
1916374
1916375
1916376
1916377
1916378
1916379
1916380
1916381
1916382
1916383
1916384
1916385
1916386
1916387
1916388
1916389
1916390
1916391
1916392
1916393
1916394
1916395
1916396
1916397
1916398
1916399
1917637
1917638
1917639
1917710
1917711
1917712
1917713
1917714
1917715
1917716
1917717
1917718
1917719
1919560
1919561
1919562
1919563
1919564
1919565
1919566
1919567
1919568
1919569
1919570
1919571
1919572
1919573
1919574
1919575
1919576
1919577
1919578
1919579
1919580
1919581
1919582
1919583
1919584
1919585
1919586
1919587
1919588
1919589
1919590
1919591
1919592
1919593
1919594
1919595
1919596
1919597
1919598
1919599
1700770
1700771
1700772
1700773
1700774
1701290
1701291
1701292
1701293
1701294
1701295
1701296
1701297
1702770
1702771
1702772
1702773
1702774
1702775
1702776
1702777
1702778
1702779
1703075
1705020
1705073
1705375
1705570
1705631
1705794
1706463
1706464
1706465
1706466
1706467
1706468
1706469
1706470
1706471
1706472
1706473
1706474
1706475
1706476
1706477
1706478
1707070
1707071
1707072
1707073
1707074
1707075
1707076
1707077
1707078
1707079
1707700
1707701
1707702
1707703
1707704
1707705
1707706
1707707
1707708
1707709
1708700
1708701
1708702
1709700
1709701
1709702
1709703
1709704
1709705
1709706
1709707
1709708
1709709
1370771
1370781
1370786
1370787
1370788
1373700
1373701
1373702
1373703
1373704
1373705
1373706
1373707
1373708
1373709
1373710
1373711
1373712
1373713
1373714
1373715
1373716
1373717
1373718
1373719
1373790
1373791
1373792
1373793
1373794
1374077
1376801
1376811
1376820
1376821
1376827
1376830
1376831
1376837
1376839
1376840
1376841
1376844
1376849
1376850
1376851
1376854
1376858
1376859
1376860
1376861
1376862
1376863
1376864
1376865
1376880
1376881
1376882
1376883
1376884
1376888
1378801
1378811
1378821
1378830
1378831
1378836
1378837
1378840
1378841
1378850
1378851
1378860
1378861
1378868
1378869
1378870
1378871
1470771
1470781
1470786
1473610
1473611
1473612
1473613
1473614
1473615
1473616
1473617
1473618
1473619
1476435
1476436
1476437
1476438
1476439
1476440
1476441
1476442
1476443
1476444
1476445
1476446
1476447
1476448
1476449
1476567
1477700
1477701
1477702
1477703
1477710
1477711
1477717
1477723
1477724
1477725
1477726
1477727
1477728
1477729
1477730
1477731
1477749
1477776
1477777
1477778
1477779
1477780
1477781
1477782
1479546
1479547
1479548
1479549
1479550
1479551
1479552
1479553
1479554
1479555
1479556
1479557
1479558
1479559
1479560
1479561
1479562
1479563
1479564
1479565
1479566
1479567
1479568
1479569
1479570
1479571
1479572
1479573
1479574
1479575
1479576
1479577
1479578
1479579
1479580
1479581
1479582
1479583
1479771
1750771
1750780
1750788
1750789
1752676
1752678
1757700
1757705
1757708
1757710
1757711
1757712
1757713
1757714
1757715
1757716
1757717
1757718
1757719
1757722
1757731
1757732
1757737
1757740
1757741
1757742
1757750
1757751
1757752
1757753
1757754
1757755
1757756
1757757
1757758
1757759
1757760
1757761
1757762
1757763
1757764
1757765
1757766
1757767
1757768
1757769
1757770
1757771
1757772
1757776
1757777
1757779
1757780
1757781
1757782
1757783
1757786
1757789
1757790
1757791
1757792
1757793
1757798
1757799
1757800
1757801
1757802
1757803
1757804
1757805
1757806
1757807
1757808
1757809
1757810
1757811
1757812
1757813
1757814
1757815
1757816
1757817
1757818
1757860
1757861
1757862
1757863
1757864
1757865
1757866
1757867
1757868
1757869
1757880
1757881
1757882
1757883
1757884
1757885
1757886
1757887
1757888
1757889
1759180
1759181
1759182
1759183
1759184
1759185
1759186
1759187
1759188
1759189
1759190
1759191
1759192
1759193
1759194
1759195
1759196
1759197
1759198
1759199
1759567
1759568
1759569
1759580
1759581
1759582
1759583
1759584
1759585
1759586
1759587
1759588
1759589
1759590
1759591
1759592
1759593
1759594
1759595
1759596
1759597
1759598
1759599
1880771
1880781
1887710
1887711
1887712
1887713
1887714
1887715
1887716
1887717
1887718
1887719
1887800
1887801
1887802
1887803
1887804
1887805
1887806
1887807
1887808
1887809
1887817
1887818
1887819
1887860
1887861
1887862
1887863
1887864
1887865
1887866
1887870
1887871
1887872
1887873
1887874
1887875
1887876
1887877
1887878
1887879
1887880
1887881
1887882
1887883
1887884
1887885
1887886
1887887
1887888
1887889
1887893
1887894
1887895
1887896
1887897
1887898
1887899
1520771
1520781
1524065
1524066
1524067
1524068
1524069
1524070
1524071
1527700
1527701
1527702
1527703
1527704
1527705
1527706
1527707
1527708
1527709
1527710
1527711
1527712
1527713
1527714
1527715
1527716
1527717
1527718
1527719
1527771
1527800
1527801
1527802
1527803
1527804
1527805
1527806
1527807
1527808
1527809
1527810
1527811
1527812
1527813
1527814
1527815
1527816
1527817
1527818
1527819
1528953
1528954
1528955
1528956
1528964
1528965
1528966
1528967
1528968
1528969
1529628
1529629
1529630
1529631
1529632
1529633
1529634
1529635
1529636
1529637
1529638
1529639
1529640
1529641
1529642
1529643
1529644
1529645
1529646
1529647
1529648
1529649
1529650
1529651
1529652
1529653
1529654
1529655
1529656
1529657
1529658
1529659
1810076
1810077
1810771
1810781
1815450
1815451
1815452
1815453
1815454
1815455
1815456
1815457
1815458
1815459
1815460
1815461
1815462
1815463
1815464
1815465
1815470
1815471
1815472
1815473
1815474
1816960
1816961
1816962
1816963
1816964
1817200
1817201
1817202
1817203
1817204
1817205
1817206
1817207
1817208
1817209
1817230
1817231
1817232
1817233
1817234
1817235
1817236
1817237
1817238
1817239
1817240
1817241
1817242
1817410
1817411
1817412
1817413
1817414
1817470
1817471
1817472
1817473
1817474
1817475
1817476
1817620
1817621
1817622
1817623
1817624
1817625
1817626
1817627
1817628
1817629
1817685
1817686
1817687
1817688
1817689
1817710
1817711
1817712
1817713
1817714
1817715
1817716
1817717
1817718
1817719
1817770
1817771
1817772
1817773
1817774
1817810
1817811
1817812
1817813
1817814
1817815
1817816
1817817
1817818
1817819
1817860
1817861
1817862
1817863
1817864
1817865
1817866
1817867
1817868
1817869
1820771
1820781
1824993
1824994
1824995
1824996
1824997
1824998
1824999
1826080
1826081
1826082
1826083
1826084
1826085
1826086
1826087
1826088
1826089
1826090
1826091
1826092
1826093
1826094
1826095
1826096
1826097
1826098
1826099
1826900
1826901
1826902
1826903
1826904
1826905
1826906
1826907
1826908
1826909
1826910
1826911
1826912
1826913
1826914
1826915
1826916
1826917
1826918
1827570
1827571
1827572
1827573
1827574
1827575
1827576
1827577
1827578
1827579
1827580
1827581
1827582
1827583
1827584
1827585
1827586
1827587
1827588
1827589
1827590
1827591
1827592
1827593
1827594
1827595
1827596
1827597
1827598
1827599
1827610
1827611
1827612
1827613
1827614
1827615
1827616
1827617
1827618
1827619
1827667
1827710
1827711
1827712
1827713
1827714
1827715
1827716
1827717
1827718
1827719
1827810
1827811
1827812
1827813
1827814
1827815
1827816
1827817
1827818
1827819
1510771
1510781
1517708
1517709
1517710
1517711
1517712
1517713
1517714
1517715
1517716
1517717
1517718
1517719
1517728
1517729
1517746
1517747
1517776
1517777
1517778
1517779
1517780
1517781
1517782
1517790
1517791
1517792
1517793
1517794
1760771
1760780
1760781
1760788
1760789
1767700
1767701
1767710
1767711
1767712
1767713
1767714
1767715
1767716
1767717
1767718
1767719
1767721
1767726
1767732
1767733
1767736
1767740
1767741
1767744
1767745
1767746
1767747
1767750
1767759
1767760
1767761
1767762
1767763
1767764
1767765
1767766
1767767
1767768
1767769
1767788
1767797
1767798
1767799
1768724
1768725
1768731
1768732
1768735
1768741
1768750
1768751
1768760
1768761
1768762
1768763
1768764
1768765
1768766
1768767
1768768
1768769
1768771
1768777
1580771
1580780
1580781
1587710
1587711
1587712
1587713
1587714
1587715
1587716
1587717
1587718
1587719
1587810
1587811
1587812
1587813
1587814
1587815
1587816
1587817
1587818
1587819
1587870
1587871
1587872
1587873
1587874
1587875
1587876
1587877
1587878
1587879
1587880
1587881
1340770
1340771
1340772
1340773
1340774
1344083
1344084
1344183
1344184
1345700
1345701
1345702
1345703
1345704
1345705
1345706
1345707
1345708
1345709
1345710
1345711
1345712
1345713
1345714
1345715
1345716
1345717
1345718
1345719
1345780
1345781
1345782
1345783
1345784
1345785
1345786
1345787
1345788
1345789
1345790
1345791
1345792
1345793
1345794
1345795
1345796
1345797
1345798
1345799
1347100
1347101
1347102
1347103
1347104
1347105
1347106
1347107
1347108
1347109
1347110
1347111
1347112
1347113
1347114
1347115
1347116
1347117
1347118
1347119
1348100
1348101
1348102
1348103
1348104
1348105
1348106
1348107
1348108
1348109
1348110
1348111
1348112
1348113
1348114
1348115
1348116
1348117
1348118
1348119
1730008
1730771
1730781
1734420
1734421
1734422
1737480
1737600
1737601
1737602
1737603
1737604
1737605
1737606
1737640
1737641
1737642
1737700
1737701
1737702
1737710
1737711
1737712
1737713
1737714
1737715
1737716
1737718
1737740
1737741
1739670
1739671
1739673
1739674
1310040
1310041
1310050
1310051
1311471
1311760
1311761
1311771
1312341
1312351
1313260
1313261
1313271
1313281
1313290
1313291
1315250
1315251
1315260
1315261
1315264
1315265
1315266
1315267
1315268
1315269
1319750
1319751
1319757
1319761
1319771
1870771
1870781
1877530
1877531
1877532
1877533
1877534
1877535
1877536
1877537
1877538
1877539
1877569
1877590
1877591
1877592
1877593
1877594
1877595
1877596
1877597
1877598
1877599
1877600
1877601
1877602
1877603
1877604
1877605
1877606
1877607
1877608
1877609
1877610
1877611
1877612
1877613
1877614
1877615
1877616
1877617
1877618
1877619
1877670
1877671
1877672
1877673
1877674
1877675
1877676
1877677
1877678
1877679
1877688
1877689
1877690
1877691
1877692
1877693
1877694
1877695
1877696
1877697
1877698
1877699
1877710
1877711
1877712
1877713
1877714
1877715
1877716
1877717
1877718
1877719
1877800
1877801
1877802
1877803
1877804
1877805
1877806
1877807
1877808
1877809
1877810
1877811
1877812
1877813
1877814
1877815
1877816
1877817
1877818
1877819
1877881
1877897
1877898
1877899
1660771
1667700
1667701
1667702
1667703
1667704
1667705
1667706
1667707
1667708
1667709
1667710
1667711
1667731
1667732
1667733
1667734
1667735
1667736
1667737
1667738
1667739
1667740
1667741
1667742
1667743
1667744
1667745
1667746
1667747
1667748
1667749
1667777
1667788
1667799
1667960
1667961
1667962
1667963
1667964
1667965
1667966
1667967
1667968
1667969
1667980
1667981
1667982
1667983
1667984
1667985
1667986
1667987
1667988
1667989
1667990
1667991
1667992
1667993
1667994
1667995
1667996
1667997
1667998
1667999
1380771
1380780
1380781
1380787
1380788
1387710
1387711
1387712
1387713
1387714
1387715
1387716
1387717
1387718
1387719
1387810
1387811
1387812
1387813
1387814
1387815
1387816
1387817
1387818
1387819
1387860
1387861
1387862
1387863
1387864
1387865
1387866
1387867
1387868
1387869
1387870
1387871
1387872
1387873
1387874
1387875
1387876
1387877
1387878
1387879
1387880
1387881
1387882
1387883
1387884
1387885
1387886
1387887
1387888
1387889
1890779
1890789
1897790
1897791
1897792
1897793
1897794
1897795
1897796
1360779
1360789
1361779
1361789
1362779
1362789
1364779
1364789
1365779
1365789
1366779
1367779
1368779
1530779
1800779
1807668
1807669
1807792
1807793
1807794
1807795
1807796
1807797
1807798
1807799
1850779
1850789
1852974
1852979
1857749
1857790
1857791
1857792
1857794
1857798
1857799
1857989
1857997
1858749
1858989
1859399
1780779
1784039
1787729
1787795
1787796
1787834
1787835
1787836
1787837
1787838
1787839
1787890
1787891
1787892
1787893
1787894
1787895
1787896
1787897
1787898
1787899
1788049
1789118
1789779
1560779
1560789
1567693
1567696
1567790
1567791
1567792
1567793
1567794
1567795
1567796
1567797
1567798
1567799
1569779
1990779
1994319
1996673
1996674
1997790
1997791
1997792
1997793
1997794
1997795
1997796
1997797
1997798
1997799
1999465
1999466
1716079
1716090
1716091
1716092
1716093
1716095
1330779
1330789
1331769
1331779
1331789
1332169
1332179
1332479
1332489
1334759
1334769
1336759
1336769
1336779
1336789
1337729
1337739
1338779
1339779
1300599
1300699
1301483
1301484
1302599
1302699
1303689
1303699
1308679
1308779
1309779
1309781
1309789
1309791
1309799
1720086
1671779
1672777
1672778
1672779
1390779
1390789
1397790
1397791
1397792
1397793
1397794
1397795
1397796
1397797
1397798
1397799
1397890
1397891
1397892
1397893
1397894
1397895
1397896
1397897
1397898
1397899
1550779
1557790
1557791
1557792
1557793
1557794
1557795
1557796
1557797
1557798
1557799
1557878
1557879
1860779
1864949
1867790
1867791
1867793
1867794
1867796
1867797
1867798
1867799
1830779
1837790
1837791
1837792
1837793
1837794
1837795
1837796
1837797
1837798
1837799
1837890
1837891
1837892
1837893
1500779
1500780
1500789
1507890
1350779
1350789
1351759
1351779
1351789
1355709
1355719
1355729
1355779
1355789
1355809
1355829
1355839
1355849
1452779
1453766
1454529
1459155
1459156
1459157
1459158
1459159
1770779
1770789
1777479
1777790
1777791
1777792
1777797
1777798
1590779
1590789
1320779
1321779
1910779
1910789
1917640
1917641
1917642
1917643
1917644
1917645
1917646
1917647
1917648
1917649
1917790
1917791
1917792
1917793
1917794
1917795
1917796
1917797
1917798
1917799
1980779
1981394
1987729
1987794
1987795
1987796
1987797
1987798
1987799
1989744
1989745
1989746
1989747
1989748
1989749
1989750
1989751
1989752
1989753
1989757
1989758
1989759
1650779
1651779
1840779
1570779
1571779
1572379
1577708
1577709
1577790
1577791
1577792
1577793
1577794
1577795
1577796
1577797
1577798
1577799
1520770
1520779
1520780
1520789
1522450
1522451
1522452
1522453
1522454
1522455
1522456
1527890
1527891
1527892
1527893
1527894
1527895
1527896
1527897
1527898
1527899
1810779
1810789
1816975
1816976
1816977
1816978
1816979
1817605
1817606
1817607
1817608
1817609
1817790
1817791
1817792
1817793
1817794
1817795
1817796
1817797
1817798
1817799
1470779
1470789
1477709
1477716
1477719
1479545
1479626
1479627
1479628
1479629
1479779
1370779
1370789
1376809
1376819
1376829
1750779
1752679
1757704
1757709
1757720
1757724
1757734
1757858
1757859
1757870
1757871
1757872
1757873
1757874
1757875
1757876
1757877
1757878
1757879
1880779
1880789
1887790
1887791
1887792
1887793
1887794
1887795
1887796
1887797
1887798
1887799
1760779
1767709
1767722
1767725
1767729
1767734
1767742
1767749
1767796
1768729
1768759
1580779
1587898
1587899
1344983
1344984
1820779
1820789
1824990
1827790
1827791
1827792
1827793
1827794
1827795
1827796
1827797
1827798
1827799
1827890
1827891
1827892
1827893
1827894
1827895
1827896
1827897
1827898
1827899
1510779
1517700
1517701
1870779
1870789
1877577
1877578
1877579
1877790
1877791
1877792
1877793
1877794
1877795
1877796
1877797
1877798
1877799
1877889
1660779
1667489
1667719
1667723
1667780
1667781
1667782
1667783
1667784
1667785
1667786
1667787
1667789
1667798
1667978
1667979
1380779
1380789
1387790
1387791
1387792
1387793
1387794
1387795
1387796
1387797
1387798
1387799
1387890
1387891
1387892
1387893
1387894
1387895
1387896
1387897
1387898
1387899
1730779
1730789
1734455
1737489
1737608
1737609
1737745
1311479
1311779
1312349
1312359
1313269
1313279
1319759
1319769
1319779
1990774
1990780
1990789
1997620
1997621
1997622
1997623
1997624
1997625
1997626
1997627
1997628
1997629
1997630
1997631
1997632
1997633
1997634
1997740
1997741
1997742
1997743
1997744
1997745
1997746
1997747
1997748
1997749
1999447
1999460
1999461
1999462
1999463
1850774
1850784
1852975
1852976
1852977
1852978
1857740
1857741
1857742
1857743
1857744
1857988
1858741
1858742
1858743
1858744
1858746
1858747
1858748
1858984
1780774
1780784
1784015
1784016
1784017
1784040
1787724
1787737
1787738
1787739
1787740
1787741
1787747
1787831
1787832
1787833
1787840
1787841
1787842
1788048
1789117
1789774
1560774
1560784
1567740
1567741
1567742
1567743
1567744
1567745
1567746
1567747
1567748
1567749
1569774
1330774
1330784
1331764
1331774
1331784
1332484
1332488
1334764
1336760
1336764
1336787
1337741
1337744
1339784
1360774
1360784
1361774
1361784
1362774
1362784
1363506
1363507
1363508
1363509
1363510
1363511
1364774
1364784
1364944
1365774
1365784
1365964
1366774
1366784
1366944
1366964
1367774
1367784
1368774
1368784
1890774
1893483
1893484
1897740
1897741
1897742
1897743
1897744
1897745
1897746
1897747
1897748
1897749
1897848
1897849
1530774
1800774
1800784
1800789
1807060
1807061
1807062
1807063
1807064
1807065
1807066
1807067
1807068
1807069
1807474
1807495
1807496
1807497
1807498
1807499
1807701
1807740
1807741
1807742
1807743
1807744
1807745
1807746
1807747
1807748
1807749
1807806
1807807
1807808
1807809
1830774
1830784
1837640
1837641
1837642
1837643
1837644
1837645
1837646
1837647
1837648
1837649
1837740
1837741
1837742
1837743
1837744
1837745
1837746
1837747
1837748
1837749
1837840
1837841
1837842
1837843
1837844
1837845
1837846
1837847
1837848
1837849
1500774
1500784
1507740
1507741
1507742
1507743
1507744
1507745
1507746
1507747
1507748
1507749
1507811
1507812
1507813
1507814
1507815
1507816
1507817
1770774
1770784
1777207
1777208
1777209
1777473
1777474
1777610
1777611
1777740
1777741
1777742
1777743
1777744
1777745
1777746
1777747
1777748
1777749
1590774
1350774
1350784
1351754
1351764
1351774
1351784
1355704
1355714
1355724
1355734
1355744
1355754
1355764
1355774
1355784
1355794
1355804
1355824
1355834
1452774
1454524
1459120
1459121
1459122
1459123
1459124
1459125
1459126
1459127
1459128
1459129
1720084
1720085
1300597
1300598
1300694
1302597
1302598
1302694
1303684
1303694
1308774
1308794
1308798
1309774
1309784
1309788
1309794
1550774
1550784
1550787
1557840
1557841
1860774
1860784
1864944
1864948
1867740
1867741
1867742
1867743
1867744
1867745
1867746
1867747
1867748
1867749
1390774
1390784
1397740
1397741
1397742
1397743
1397744
1397745
1397746
1397747
1397748
1397749
1397840
1397841
1397842
1397843
1397844
1397845
1397846
1397847
1397848
1397849
1520774
1520784
1527740
1527741
1527742
1527743
1527744
1527745
1527746
1527747
1527748
1527749
1527774
1527840
1527841
1527842
1527843
1527844
1527845
1527846
1527847
1527848
1527849
1810774
1810784
1817250
1817251
1817252
1817637
1817638
1817639
1817677
1817678
1817679
1817740
1817741
1817742
1817743
1817744
1817745
1817746
1817747
1817748
1817749
1817840
1817841
1817842
1817843
1817844
1817845
1817846
1817847
1817848
1817849
1750774
1750784
1757707
1757733
1757739
1757747
1757774
1757784
1757794
1757795
1757796
1757826
1757827
1757828
1757829
1759560
1759561
1759562
1759563
1759564
1759565
1880774
1880784
1887740
1887741
1887742
1887743
1887744
1887745
1887746
1887747
1887748
1887749
1887844
1887845
1887846
1887847
1887848
1887849
1888844
1470774
1470784
1473620
1473621
1473637
1473638
1477704
1477714
1477743
1477744
1479530
1479531
1479532
1479533
1479534
1479535
1479536
1479537
1479538
1479539
1479540
1479541
1479542
1479543
1479774
1370774
1370784
1373740
1373741
1373742
1373743
1373744
1373745
1373746
1373747
1373748
1373749
1373780
1373781
1373782
1373783
1373784
1373785
1373786
1373787
1373788
1373789
1376804
1376814
1376824
1378804
1378814
1378824
1378834
1320774
1320784
1321774
1326374
1326376
1326386
1329774
1329784
1910774
1912730
1912731
1912732
1912733
1912734
1912735
1912736
1912737
1912738
1912739
1912740
1912741
1912742
1912743
1912744
1912745
1912746
1912747
1912748
1912749
1912750
1912751
1912752
1912753
1912754
1912755
1912756
1912757
1912758
1912759
1912760
1912761
1912762
1912763
1912764
1912765
1912766
1912767
1912768
1912769
1917200
1917201
1917202
1917203
1917204
1917205
1917206
1917207
1917208
1917209
1917210
1917211
1917212
1917213
1917214
1917215
1917216
1917217
1917218
1917219
1917740
1917741
1917742
1917743
1917744
1917745
1917746
1917747
1917748
1917749
1840077
1840670
1840671
1840672
1840774
1847740
1847741
1847742
1847743
1847744
1847745
1847746
1847747
1847748
1847749
1570774
1571774
1572374
1572384
1572394
1577740
1577741
1577742
1577743
1577744
1577745
1577746
1577747
1577748
1577749
1577842
1577843
1577844
1577845
1577846
1577847
1577848
1577849
1980774
1980783
1981393
1987704
1987740
1987748
1987749
1989774
1989775
1989780
1989781
1989782
1650774
1660774
1667481
1667484
1667499
1667724
1667725
1667754
1667755
1667756
1667971
1380774
1380784
1387740
1387741
1387742
1387743
1387744
1387745
1387746
1387747
1387748
1387749
1387840
1387841
1387842
1387843
1387844
1387845
1387846
1387847
1387848
1387849
1870774
1870784
1877501
1877502
1877503
1877504
1877540
1877541
1877542
1877543
1877544
1877545
1877546
1877547
1877548
1877549
1877740
1877741
1877742
1877743
1877744
1877745
1877746
1877747
1877748
1877749
1877840
1877841
1877842
1877843
1877844
1877845
1877846
1877847
1877848
1877849
1877884
1311474
1311774
1312354
1313274
1319758
1319774
1730774
1730784
1734458
1734459
1737484
1737485
1737626
1737627
1737747
1737748
1737749
1344483
1344484
1345740
1345741
1345742
1345743
1345744
1345745
1345746
1345747
1345748
1345749
1347140
1347141
1347142
1347143
1347144
1347145
1347146
1347147
1347148
1347149
1347195
1347196
1347197
1347198
1347199
1348140
1348141
1348142
1348143
1348144
1348145
1348146
1348147
1348148
1348149
1349537
1760774
1760784
1767704
1767707
1767723
1767731
1767748
1768721
1768738
1768744
1768754
1768774
1580774
1580784
1587805
1587806
1587807
1587808
1587809
1587840
1587841
1587842
1587843
1587844
1587845
1587846
1820774
1820784
1827609
1827640
1827641
1827642
1827643
1827644
1827645
1827646
1827647
1827648
1827649
1827660
1827740
1827741
1827742
1827743
1827744
1827745
1827746
1827747
1827748
1827749
1827800
1827801
1827802
1827803
1827804
1827805
1827806
1827807
1827808
1827809
1827840
1827841
1827842
1827843
1827844
1827845
1827846
1827847
1827848
1827849
1510774
1510784
1517740
1517741
1517742
1517743
1517744
1517745
1517764
1517765
1517766
1517767
1517768
1517769
1470776
1473600
1473601
1473602
1473603
1473604
1473605
1473606
1473607
1473608
1473625
1473626
1477736
1477737
1477745
1477746
1477764
1477765
1477766
1477767
1477768
1477769
1370776
1373760
1373761
1373762
1373763
1373764
1373765
1373766
1373767
1373768
1373769
1376806
1376816
1376826
1376836
1376846
1378806
1378816
1378826
1750776
1750786
1757743
1757744
1757745
1757746
1757846
1757847
1757848
1880776
1880786
1887760
1887761
1887762
1887763
1887764
1887765
1887766
1887767
1887768
1887769
1888846
1889760
1889761
1889776
1810776
1810786
1817495
1817496
1817497
1817498
1817499
1817646
1817760
1817761
1817762
1817763
1817764
1817765
1817766
1817767
1817768
1817769
1817780
1817781
1817782
1817783
1817784
1520776
1520786
1524075
1524076
1527764
1527765
1527766
1527767
1527768
1527769
1527860
1527861
1527862
1527863
1527864
1527865
1527866
1527867
1527868
1527869
1528950
1528951
1528952
1529620
1529621
1529622
1529623
1529624
1529625
1529626
1529627
1980776
1981390
1987706
1987716
1987736
1987746
1987760
1987761
1987762
1987763
1987764
1987765
1987766
1987767
1987768
1987769
1989736
1650776
1570776
1571776
1572376
1572386
1577760
1577761
1577762
1577763
1577764
1577765
1577766
1577767
1577768
1577769
1840776
1847760
1847761
1847762
1847763
1847764
1847765
1847766
1847767
1847768
1847769
1910776
1910786
1914840
1914841
1914842
1914843
1914844
1914845
1914846
1914847
1914848
1914849
1914850
1914851
1914852
1914853
1914854
1914855
1914856
1914857
1914858
1914859
1917600
1917601
1917602
1917603
1917604
1917605
1917606
1917607
1917608
1917609
1917610
1917611
1917612
1917613
1917614
1917615
1917616
1917617
1917618
1917619
1917620
1917621
1917622
1917623
1917624
1917625
1917626
1917627
1917628
1917629
1917630
1917631
1917632
1917633
1917634
1917760
1917761
1917762
1917763
1917764
1917765
1917766
1917767
1917768
1917769
1917860
1917861
1917862
1917863
1917864
1917865
1917866
1917867
1917868
1917869
1320776
1320786
1321146
1321776
1321786
1323776
1329776
1730776
1730786
1734450
1737487
1737619
1737742
1739678
1310046
1310056
1311476
1311776
1312346
1312356
1313276
1313286
1313296
1319756
1319776
1870776
1870786
1877560
1877561
1877562
1877563
1877564
1877565
1877566
1877567
1877760
1877761
1877762
1877763
1877764
1877765
1877766
1877767
1877768
1877769
1877860
1877861
1877862
1877863
1877864
1877865
1877866
1877867
1877868
1877869
1877886
1380776
1380786
1387760
1387761
1387762
1387763
1387764
1387765
1387766
1387767
1387768
1387769
1660776
1667486
1667770
1667771
1667772
1667773
1667774
1667775
1667776
1667796
1667976
1510776
1510786
1517702
1517703
1517704
1517705
1517706
1517707
1517760
1517761
1517762
1517763
1820776
1820786
1827607
1827608
1827663
1827664
1827665
1827666
1827760
1827761
1827762
1827763
1827764
1827765
1827766
1827767
1827768
1827769
1827860
1827861
1827862
1827863
1827864
1827865
1827866
1827867
1827868
1827869
1580776
1580786
1587847
1587848
1587849
1587860
1587861
1587862
1587863
1587864
1587865
1587866
1760776
1760786
1767706
1767754
1767755
1767756
1767757
1767758
1767792
1767793
1768730
1768746
1768776
1344683
1344684
1347162
1347163
1347164
1347165
1347166
1347167
1347168
1347169
1348160
1348161
1348162
1348163
1348164
1348165
1348166
1348167
1348168
1348169
1716073
1716075
1716076
1716077
1716078
1330776
1331766
1331776
1332176
1332476
1334766
1336756
1336766
1336776
1336786
1337726
1337746
1337747
1338776
1339776
1339786
1560776
1560786
1567647
1567650
1567651
1567652
1567653
1567660
1567661
1567662
1567663
1567665
1567666
1567667
1567668
1567669
1567760
1567761
1567762
1567763
1567764
1567765
1567766
1567767
1567768
1567769
1569776
1850776
1850786
1857746
1857760
1857764
1857765
1857766
1857767
1857768
1857769
1857996
1858745
1858761
1858762
1858763
1858764
1780776
1784008
1784009
1784041
1787726
1787764
1787765
1787766
1787767
1787768
1787769
1787860
1787861
1787862
1787863
1787864
1787865
1787866
1787867
1787868
1787869
1788044
1789113
1789776
1990776
1990786
1994316
1994794
1994796
1994797
1994798
1994799
1996678
1996679
1997613
1997614
1997617
1997618
1997635
1997760
1997761
1997762
1997763
1997764
1997765
1997766
1997767
1997768
1997769
1997847
1997860
1997861
1997862
1997863
1997864
1997865
1997866
1997867
1997868
1997869
1997870
1997871
1997872
1997873
1997874
1997875
1997876
1997877
1997878
1997879
1999443
1999444
1999450
1999451
1999452
1800776
1800786
1807476
1807486
1807760
1807761
1807762
1807763
1807764
1807765
1807766
1807767
1807768
1807769
1807860
1807861
1807862
1807863
1807864
1807865
1807866
1807867
1807868
1807869
1530776
1890776
1890786
1893499
1897760
1897761
1897762
1897763
1897764
1897765
1897766
1897767
1897768
1897769
1897860
1897861
1897862
1897863
1360776
1361776
1362776
1364776
1365776
1366776
1367776
1368776
1350776
1351756
1351776
1355706
1355716
1355726
1355746
1355776
1355806
1355826
1355836
1452776
1454526
1459140
1459141
1459142
1459143
1459144
1590776
1590786
1594939
1597760
1597761
1597762
1597763
1597764
1597806
1597807
1597808
1597809
1599469
1770776
1770786
1775474
1775475
1775856
1775857
1777476
1777616
1777617
1777760
1777761
1777762
1777763
1777764
1777765
1777766
1777767
1777768
1777769
1500776
1500786
1507739
1507760
1507761
1507762
1507763
1507764
1507765
1507766
1507767
1507768
1507769
1507818
1507819
1507820
1507821
1507822
1507823
1507824
1507866
1507867
1507868
1507869
1830776
1837760
1837761
1837762
1837763
1837764
1837765
1837766
1837767
1837768
1837769
1837860
1837861
1837862
1837863
1837864
1837865
1837866
1837867
1837869
1390776
1397760
1397761
1397762
1397763
1397764
1397765
1397766
1397767
1397768
1397769
1860776
1867760
1867761
1867762
1867763
1867764
1867765
1867766
1867767
1867768
1867769
1550684
1550685
1550686
1550776
1557760
1557761
1557762
1557763
1557764
1557765
1557766
1557767
1557768
1557769
1557804
1557805
1557860
1557861
1557862
1557863
1557864
1557865
1557866
1557867
1557884
1557885
1557886
1559760
1559761
1559762
1559763
1559764
1559765
1559766
1559767
1559768
1559769
1300696
1302696
1303696
1304786
1308490
1308674
1308776
1309776
1309786
1309796
1720079
1452762
1720088
1337724
1337728
1337740
1337742
1339360
1339362
1784082
1784088
1990782
1994308
1994309
1997600
1997601
1997602
1997603
1997604
1997605
1997606
1997607
1997608
1997610
1997611
1997726
1997727
1997728
1997729
1997828
1997829
1997830
1997831
1997832
1997833
1997834
1997835
1997836
1997837
1997838
1997839
1997849
1999449
1999454
1999470
1999471
1999472
1999473
1999475
1890782
1897820
1897821
1897822
1897823
1897824
1897825
1897826
1667482
1750782
1981395
1987721
1987723
1989731
1989732
1989733
1989734
1989735
1989740
1989790
1989791
1989931
1989932
1321142
1321158
1321782
1323779
1323787
1323789
1325783
1325784
1326385
1326387
1910782
1915245
1915246
1915247
1915248
1915249
1915250
1915251
1915252
1915253
1915254
1915255
1915256
1915257
1915258
1915259
1917260
1917261
1917262
1917263
1917264
1917800
1917801
1917802
1917803
1917804
1917805
1917806
1917807
1917808
1917809
1917810
1917811
1917812
1917813
1917814
1917815
1917816
1917817
1917818
1917819
1917820
1917821
1917822
1917823
1917824
1917825
1917826
1917827
1917828
1917829
1820778
1820788
1824991
1824992
1826919
1827668
1827698
1827699
1827780
1827781
1827782
1827783
1827784
1827785
1827786
1827787
1827788
1827789
1827880
1827881
1827882
1827883
1827884
1827885
1827886
1827887
1827888
1827889
1510778
1510788
1517738
1517739
1517783
1517784
1517785
1517786
1517787
1517788
1517789
1760778
1767708
1767728
1767738
1768748
1768778
1580778
1580788
1587867
1587868
1587869
1587882
1587883
1587884
1587885
1587886
1587892
1340775
1340776
1340777
1340778
1340779
1344883
1344884
1347160
1347161
1347180
1347181
1347182
1347183
1347184
1347185
1347186
1347187
1347188
1347189
1348180
1348181
1348182
1348183
1348184
1348185
1348186
1348187
1348188
1348189
1730778
1730788
1734451
1734452
1737617
1737618
1737703
1737704
1737705
1737744
1739679
1310048
1310058
1311478
1311768
1311778
1312348
1312358
1313268
1313270
1313278
1313280
1313298
1319768
1319778
1870778
1870788
1877580
1877581
1877582
1877583
1877584
1877585
1877586
1877587
1877588
1877589
1877680
1877681
1877682
1877683
1877684
1877685
1877686
1877687
1877780
1877781
1877782
1877783
1877784
1877785
1877786
1877787
1877788
1877789
1877888
1660778
1667498
1380778
1387780
1387781
1387782
1387783
1387784
1387785
1387786
1387787
1387788
1387789
1650778
1980778
1981391
1987708
1987728
1987738
1987780
1987781
1987782
1987783
1987784
1987785
1987786
1987787
1987788
1987789
1989737
1989738
1989739
1840778
1570778
1571778
1572378
1572388
1577780
1577781
1577782
1577783
1577784
1577785
1577786
1577787
1577788
1577789
1577880
1577881
1577882
1577883
1320778
1320788
1321148
1321778
1321788
1323778
1323788
1329778
1329788
1329928
1329948
1910778
1910788
1912700
1912701
1912702
1912703
1912704
1912705
1912706
1912707
1912708
1912709
1912710
1912711
1912712
1912713
1912714
1912715
1912716
1912717
1912718
1912719
1912720
1912721
1912722
1912723
1912724
1912725
1912726
1912727
1912728
1912729
1914860
1914861
1914862
1914863
1914864
1914865
1914866
1914867
1914868
1914869
1914870
1914871
1914872
1914873
1914874
1914875
1914876
1914877
1914878
1914879
1917780
1917781
1917782
1917783
1917784
1917785
1917786
1917787
1917788
1917789
1917880
1917881
1917882
1917883
1917884
1917885
1917886
1917887
1917888
1917889
1917890
1917891
1917892
1917893
1917894
1917895
1917896
1917897
1917898
1917899
1470077
1470078
1470778
1470788
1473622
1473623
1473624
1473627
1473628
1473629
1477708
1477718
1477738
1477739
1477748
1477783
1479544
1479776
1479778
1370778
1373795
1373796
1373797
1373798
1373799
1376808
1376818
1376828
1376838
1376848
1378808
1378818
1378828
1378838
1880778
1880788
1887780
1887781
1887782
1887783
1887784
1887785
1887786
1887787
1887788
1887789
1750778
1750787
1520778
1520788
1524072
1524073
1524074
1527778
1527780
1527781
1527782
1527783
1527784
1527785
1527786
1527787
1527788
1527789
1529603
1529604
1529605
1529606
1529607
1529608
1529609
1529686
1529687
1529688
1529689
1810778
1810788
1817490
1817491
1817492
1817493
1817494
1817610
1817611
1817612
1817613
1817614
1817615
1817616
1817617
1817618
1817619
1817648
1817674
1817675
1817676
1817785
1817786
1817787
1817788
1817789
1817885
1817886
1817887
1817888
1817889
1390778
1390788
1397780
1397781
1397782
1397783
1397784
1397785
1397786
1397787
1397788
1397789
1550778
1557780
1557781
1557782
1557783
1557784
1557785
1557786
1557787
1557788
1557789
1557876
1557877
1860778
1867780
1867781
1867782
1867783
1867784
1867785
1867786
1867787
1867788
1867789
1300698
1302698
1303698
1304788
1308494
1308678
1308778
1309778
1309798
1720080
1350778
1351758
1351778
1355708
1355718
1355728
1355748
1355778
1355788
1355808
1355828
1355838
1359708
1452778
1453765
1454528
1459150
1459151
1459152
1459153
1459154
1770778
1770788
1775458
1775459
1775478
1775479
1775858
1775859
1777478
1777488
1777618
1777619
1777640
1777641
1777657
1777658
1777659
1777793
1777794
1590778
1594930
1594931
1594932
1594933
1594934
1594935
1594936
1597780
1597781
1597782
1597783
1597784
1597785
1597786
1597787
1597788
1597789
1597790
1830778
1830786
1830788
1830789
1837780
1837781
1837782
1837783
1837784
1837785
1837786
1837787
1837788
1837789
1837804
1837886
1837887
1837888
1837889
1837894
1837895
1500778
1500788
1507738
1507807
1507808
1507809
1507810
1507855
1507856
1507857
1507858
1507859
1507860
1507861
1507862
1507863
1507864
1507865
1530778
1800778
1807080
1807081
1807082
1807083
1807084
1807085
1807086
1807087
1807088
1807089
1807478
1807489
1807780
1807781
1807782
1807783
1807784
1807785
1807786
1807787
1807788
1807789
1890778
1890788
1893492
1893493
1893494
1893495
1893496
1897780
1897781
1897782
1897783
1897784
1897785
1897786
1897787
1897788
1897789
1897827
1897828
1897829
1897875
1897876
1360778
1361778
1362778
1364778
1365778
1366778
1367778
1368778
1330778
1330788
1331768
1331778
1332478
1334768
1336758
1336768
1336778
1336788
1337738
1337748
1337749
1338778
1339778
1339788
1780778
1780783
1780786
1780787
1780788
1780789
1784010
1784011
1784012
1784069
1784070
1784071
1784072
1787708
1787780
1787781
1787782
1787783
1787784
1787785
1787880
1787881
1787882
1787883
1787884
1787885
1787886
1787887
1787888
1787889
1788045
1789114
1789778
1850778
1850788
1857748
1857893
1857894
1858780
1858781
1858782
1858783
1560778
1560788
1567680
1567688
1567780
1567781
1567782
1567783
1567784
1567785
1567786
1567787
1567788
1567789
1569778
1990778
1990788
1994318
1997612
1997780
1997781
1997782
1997783
1997784
1997785
1997786
1997787
1997788
1997789
1997842
1997845
1997880
1997881
1997882
1997883
1997884
1997885
1999445
1999453
1999456
1452764
1301494
1303687
1304783
1308676
1309783
1720089
1332164
1332174
1332474
1332480
1334754
1334758
1336754
1336774
1336784
1337703
1338774
1339774
1784018
1784019
1784042
1784043
1784044
1784045
1784046
1784047
1784081
1784087
1787742
1787743
1787744
1787745
1787746
1787748
1787749
1787750
1787751
1990784
1997636
1997637
1997638
1997639
1999476
1999477
1999798
1999799
1890784
1897840
1897841
1897842
1897843
1897844
1897845
1897846
1897847
1310044
1310054
1311764
1311767
1312357
1313287
1313294
1319753
1319754
1667494
1667760
1667761
1667762
1667763
1667764
1667972
1767794
1767795
1759566
1981397
1987743
1987744
1989783
1989784
1989785
1989786
1989787
1989788
1989789
1321144
1321784
1321789
1323774
1323777
1323784
1326379
1326384
1910784
1915240
1915241
1915242
1915243
1915244
1917250
1917251
1917252
1917253
1917254
1917840
1917841
1917842
1917843
1917844
1917845
1917846
1917847
1917848
1917849
1919770
1919771
1919772
1919773
1919774
1919775
1919776
1919777
1919778
1919779
1919780
1919781
1919782
1919783
1919784
1919785
1919786
1919787
1919788
1919789
1919790
1919791
1919792
1919793
1919794
1919795
1919796
1919797
1919798
1919799
1770770
1770780
1777700
1777701
1777702
1777799
1590770
1590780
1452760
1453767
1454520
1459100
1459101
1459102
1459103
1459104
1459740
1459741
1459742
1459743
1459744
1459745
1350770
1351750
1351770
1355700
1355710
1355770
1355800
1355820
1355830
1355840
1830770
1837700
1837701
1837702
1837703
1837704
1837705
1837706
1837707
1837708
1837709
1500770
1550687
1550770
1860770
1867700
1867701
1867702
1867703
1867704
1390770
1390780
1397700
1397701
1397702
1397703
1397704
1397705
1397706
1397707
1397708
1397709
1300690
1301480
1302690
1303690
1308670
1308770
1309770
1309780
1309790
1330770
1330780
1331760
1331770
1332470
1336750
1336770
1337710
1338770
1716096
1716097
1716098
1717071
1717072
1990770
1994300
1997702
1997703
1997704
1850770
1857700
1857701
1857702
1857705
1857706
1857897
1858740
1858750
1858760
1858770
1859390
1784080
1784086
1789770
1560770
1567600
1567770
1567771
1567772
1567773
1567774
1569770
1530770
1800770
1807703
1807705
1807706
1807707
1807708
1807709
1360770
1361770
1362770
1364770
1365770
1366770
1367770
1368770
1890770
1890780
1897700
1897701
1897702
1897703
1897704
1897705
1897706
1311470
1311770
1312340
1312350
1319760
1319770
1730770
1730780
1734456
1737709
1737746
1660770
1667480
1667490
1667750
1667751
1667752
1667753
1667790
1667970
1380770
1387700
1387701
1387702
1387703
1387704
1387705
1387706
1387707
1387708
1387709
1870770
1870780
1877500
1877700
1877701
1877702
1877703
1877704
1877705
1877706
1877707
1877708
1877709
1877880
1820770
1820780
1827700
1827701
1827702
1827703
1827704
1827705
1827706
1827707
1827708
1827709
1510770
1348170
1348171
1348172
1348173
1348174
1760770
1767690
1767720
1767751
1768740
1768770
1580770
1587890
1587891
1750770
1757702
1757748
1759570
1759571
1759572
1759573
1759574
1759575
1759576
1880770
1880780
1887700
1887701
1370770
1376800
1376810
1378800
1378810
1378820
1470770
1473634
1477742
1479770
1529610
1529611
1529612
1529613
1529614
1529615
1529616
1529617
1529618
1810770
1810780
1817700
1817701
1817702
1817703
1817704
1817705
1817706
1817707
1817708
1817709
1570770
1571770
1572397
1572399
1577700
1577701
1577702
1577703
1577704
1577705
1577707
1980770
1981398
1987700
1650770
1653036
1320770
1321770
1910770
1910780
1914895
1914896
1914897
1914898
1914899
1917635
1917636
1917700
1917701
1917702
1917703
1917704
1917705
1917706
1917707
1917708
1917709
1330775
1330785
1331765
1331775
1331785
1332165
1332175
1332485
1334755
1334765
1336755
1336775
1336785
1337725
1337735
1337743
1337745
1338775
1339365
1339775
1560775
1560785
1567704
1567705
1567750
1567751
1567752
1567753
1567754
1567755
1567756
1567757
1567758
1567759
1567840
1567841
1567842
1567843
1567844
1567845
1567846
1567847
1567848
1567849
1567850
1567851
1567852
1567853
1567854
1567855
1567856
1567857
1567858
1567859
1567860
1567861
1567862
1567863
1567864
1567865
1567866
1567867
1567868
1567869
1569775
1784006
1784007
1784062
1784063
1784064
1784065
1784066
1784067
1784068
1787706
1788043
1789112
1789775
1850775
1857752
1857753
1857755
1857756
1857758
1857759
1857995
1991493
1991494
1991495
1991496
1991497
1991498
1991499
1994312
1994313
1994790
1994791
1994792
1997619
1997841
1997843
1997844
1997858
1997859
1997886
1997887
1997888
1997889
1997890
1997891
1997892
1997893
1997894
1997895
1997896
1997897
1997898
1997899
1998600
1998601
1998602
1998603
1998604
1998605
1998606
1998607
1998608
1998609
1998610
1998611
1998612
1998613
1998614
1998615
1998616
1998617
1998618
1998619
1999442
1530775
1534780
1534781
1534782
1534783
1534784
1534785
1534786
1534787
1534788
1534789
1890775
1897750
1897751
1897752
1897753
1897754
1897755
1897756
1897757
1897758
1897759
1897870
1897871
1897872
1897873
1897874
1360775
1360785
1361775
1361785
1362775
1362785
1363500
1363501
1363502
1363503
1363504
1363505
1364775
1364785
1364945
1364949
1365775
1365785
1365965
1365969
1366775
1366785
1366789
1366945
1366949
1366963
1366965
1366969
1367775
1367785
1367789
1368775
1368785
1368789
1452765
1452775
1350775
1350780
1350785
1351755
1351769
1351775
1351785
1355705
1355715
1355725
1355735
1355737
1355755
1355765
1355767
1355775
1355785
1355795
1355796
1355805
1355815
1355817
1355825
1355835
1355845
1359704
1359705
1359715
1359719
1359735
1359736
1359737
1359738
1590775
1590785
1597703
1597704
1597705
1597706
1597750
1597751
1597752
1597753
1597754
1597755
1597756
1597757
1597758
1597759
1597793
1597794
1597795
1597796
1597797
1597798
1597799
1599450
1599451
1599452
1599453
1599454
1599455
1599456
1599457
1599458
1599459
1775450
1775471
1777643
1500775
1500785
1507750
1507751
1507752
1507753
1507754
1507755
1507756
1507757
1507758
1507759
1507770
1507771
1507772
1507773
1507774
1507775
1507776
1507777
1507778
1507779
1507800
1507801
1507802
1507803
1507804
1507805
1507806
1507840
1507841
1507842
1507843
1507844
1837877
1837878
1390775
1390785
1397750
1397751
1397752
1397753
1397754
1397755
1397756
1397757
1397758
1397759
1397850
1397851
1397852
1397853
1397854
1397855
1397856
1397857
1397858
1397859
1860775
1860785
1860786
1867750
1867751
1867752
1867753
1867754
1867755
1867756
1867757
1867758
1867759
1550688
1550689
1550775
1550785
1557707
1557708
1557709
1557750
1557751
1557752
1557753
1557754
1557755
1557756
1557757
1557759
1557850
1557851
1557852
1557853
1557854
1557855
1557856
1557857
1557858
1557859
1300596
1300695
1301492
1301495
1301496
1302596
1302695
1303695
1304785
1308496
1308675
1308775
1308795
1309775
1309785
1309795
1720075
1720076
1720077
1720078
1370775
1370785
1373750
1373751
1373752
1373753
1373754
1373755
1373756
1373757
1373758
1373759
1376805
1376815
1376835
1376845
1376855
1376875
1376876
1376877
1376878
1376896
1376897
1376898
1376899
1378805
1378815
1378825
1378835
1378845
1378855
1378864
1378865
1378866
1378875
1470775
1470785
1477715
1880775
1880785
1881588
1887750
1887751
1887752
1887753
1887754
1887755
1887756
1887757
1887758
1887759
1888845
1888848
1752675
1757775
1757830
1757831
1757832
1757833
1757834
1520775
1520785
1524060
1524062
1524063
1524064
1527750
1527751
1527752
1527753
1527754
1527755
1527756
1527757
1527758
1527759
1527760
1527761
1527762
1527763
1527775
1527790
1527791
1527792
1527793
1527794
1527795
1527796
1527797
1527798
1527799
1527820
1527821
1527822
1527823
1527824
1527825
1527826
1527827
1527828
1527829
1527830
1527831
1527832
1527833
1527834
1527835
1527836
1527837
1527838
1527839
1527850
1527851
1527852
1527853
1527854
1527855
1527856
1527857
1527858
1527859
1528957
1528958
1528959
1529619
1529682
1529683
1529684
1529685
1650775
1981387
1987705
1987715
1987725
1987755
1987756
1987757
1987758
1987759
1989754
1989755
1989756
1989792
1989793
1989794
1989795
1989910
1989911
1989912
1989913
1989914
1571775
1572375
1572385
1572395
1577755
1910775
1911102
1914800
1914801
1914802
1914803
1914804
1914805
1914806
1914807
1914808
1914809
1914810
1914811
1914812
1914813
1914814
1914815
1914816
1914817
1914818
1914819
1917265
1917266
1917267
1917268
1917269
1917270
1917271
1917272
1917273
1917274
1917275
1917276
1917277
1917278
1917279
1917500
1917501
1917502
1917503
1917504
1917505
1917506
1917507
1917508
1917509
1917510
1917511
1917512
1917513
1917514
1917515
1917516
1917517
1917518
1917519
1917520
1917521
1917522
1917523
1917524
1917525
1917526
1917527
1917528
1917529
1917530
1917531
1917532
1917533
1917534
1917535
1917536
1917537
1917538
1917539
1917540
1917541
1917542
1917543
1917544
1917545
1917546
1917547
1917548
1917549
1917750
1917751
1917752
1917753
1917754
1917755
1917756
1917757
1917758
1917759
1320775
1320785
1321145
1321155
1321156
1321775
1321785
1323786
1325785
1325786
1325787
1325788
1325789
1326375
1329775
1329785
1329786
1329924
1329925
1329944
1329945
1329946
1329965
1329966
1329967
1329968
1329969
1310045
1310055
1311475
1311765
1311775
1312345
1312355
1313265
1313275
1313285
1313295
1319765
1319775
1870775
1870785
1877507
1877508
1877509
1877550
1877551
1877552
1877553
1877554
1877555
1877556
1877557
1877558
1877559
1877630
1877631
1877632
1877633
1877634
1877635
1877636
1877637
1877638
1877639
1877640
1877641
1877642
1877643
1877644
1877645
1877646
1877647
1877648
1877649
1877650
1877651
1877652
1877653
1877654
1877655
1877656
1877657
1877658
1877659
1877660
1877661
1877662
1877663
1877664
1877665
1877666
1877667
1877668
1877669
1877750
1877751
1877752
1877753
1877754
1877755
1877756
1877757
1877758
1877759
1877850
1877851
1877852
1877853
1877854
1877855
1877856
1877857
1877858
1877859
1877890
1877891
1877892
1877893
1877894
1877895
1877896
1380775
1380785
1387750
1387751
1387752
1387753
1387754
1387755
1387756
1387757
1387758
1387759
1387800
1387801
1387802
1387803
1387804
1387805
1387806
1387807
1387808
1387809
1387850
1387851
1387852
1387853
1387854
1387855
1387856
1387857
1387858
1387859
1667485
1667488
1667493
1667496
1667497
1667765
1667766
1667767
1667768
1667769
1667791
1667792
1667793
1667794
1667795
1667973
1667974
1667975
1510775
1510785
1510800
1510801
1510802
1510803
1510804
1510805
1510806
1510807
1510808
1510809
1517737
1517748
1517749
1517750
1517751
1517752
1517753
1517754
1517755
1517756
1517757
1517758
1517759
1517795
1826969
1580775
1580785
1580789
1587705
1587706
1587707
1587708
1587709
1587800
1587801
1587802
1587803
1587804
1587850
1587851
1587852
1587853
1587854
1587855
1587856
1587857
1587858
1587859
1587887
1587888
1344583
1344584
1345750
1345751
1345752
1345753
1345754
1345755
1345756
1345757
1345758
1345759
1345760
1345761
1345762
1345763
1345764
1347150
1347151
1347152
1347153
1347154
1347155
1347156
1347157
1347158
1347159
1347190
1347191
1347192
1347193
1347194
1348150
1348152
1348153
1348154
1348155
1348156
1348157
1348158
1348159
1360773
1360783
1361773
1361783
1361786
1362773
1362783
1362786
1363512
1363513
1363514
1363515
1363516
1363517
1363518
1363519
1364773
1364783
1364786
1364943
1365773
1365783
1365786
1365963
1366773
1366783
1366786
1366943
1366946
1367773
1367783
1367786
1368773
1368783
1368786
1953599
1890773
1890783
1893477
1893478
1893479
1893480
1893481
1893482
1897730
1897731
1897732
1897733
1897734
1897735
1897736
1897737
1897738
1897739
1897830
1897831
1897832
1897833
1897834
1897835
1897836
1897837
1897838
1897839
1897864
1897865
1897866
1897867
1897868
1897869
1800773
1800783
1800787
1800788
1807473
1807483
1807484
1807675
1807676
1807677
1807678
1807679
1807730
1807731
1807732
1807733
1807734
1807735
1807736
1807737
1807738
1807739
1807830
1807831
1807832
1807833
1807834
1807835
1807836
1807837
1807838
1807839
1807840
1807841
1807842
1807843
1807844
1807845
1807846
1530773
1534773
1990773
1990783
1994310
1994311
1999790
1999791
1999792
1999793
1999794
1999795
1999796
1999797
1560773
1560783
1567621
1567624
1567633
1567634
1567637
1567639
1567706
1567707
1567708
1567709
1567730
1567731
1567732
1567733
1567734
1567735
1567736
1567737
1567738
1567739
1567830
1567831
1567832
1567833
1567834
1567835
1567836
1567837
1567838
1567839
1569773
1850773
1850783
1852980
1852981
1852982
1857730
1857731
1857732
1857733
1857734
1857735
1857736
1857737
1857738
1857739
1857943
1857944
1858983
1858994
1859323
1859327
1859328
1859329
1859391
1859392
1859393
1780770
1780773
1784000
1784001
1784002
1784031
1784032
1784033
1784034
1784035
1784048
1784049
1784050
1784051
1784052
1784053
1784054
1787730
1787731
1787732
1787733
1787734
1787735
1787736
1787830
1788041
1789110
1789773
1330773
1330783
1331763
1331773
1331783
1332163
1332173
1332473
1332483
1334753
1334756
1334763
1336753
1336763
1336773
1336783
1337706
1337730
1337731
1337732
1337733
1337734
1338773
1339363
1339773
1339783
1715090
1715091
1715092
1715093
1715095
1715096
1715097
1715098
1716070
1716071
1716072
1718094
1718095
1718096
1718097
1718098
1718099
1300594
1300595
1300693
1301485
1301486
1302594
1302595
1302693
1303683
1303693
1307760
1307761
1307762
1307763
1307764
1307765
1307766
1307767
1307768
1307769
1308673
1308773
1308793
1309773
1309793
1860773
1860783
1864899
1867730
1867731
1867732
1867733
1867734
1867735
1867736
1867737
1867738
1867739
1550773
1550783
1557730
1557731
1557732
1557733
1557734
1557735
1557736
1557737
1557738
1557739
1557740
1557741
1557742
1557743
1557744
1557745
1557746
1557747
1557748
1557749
1557834
1557835
1557836
1557837
1557838
1557839
1390773
1390783
1397730
1397731
1397732
1397733
1397734
1397735
1397736
1397737
1397738
1397739
1397830
1397831
1397832
1397833
1397834
1397835
1397836
1397837
1397838
1397839
1671773
1672773
1500773
1500783
1507730
1507731
1507732
1507733
1507734
1507735
1507736
1507737
1507830
1507831
1507832
1507833
1507834
1507835
1507836
1507837
1507838
1507839
1507892
1507893
1507894
1507895
1507896
1507897
1507898
1507899
1830773
1837630
1837631
1837632
1837633
1837634
1837635
1837636
1837637
1837638
1837639
1837730
1837731
1837732
1837733
1837734
1837735
1837736
1837737
1837738
1837739
1837807
1837808
1837809
1837830
1837831
1837832
1837833
1837834
1837835
1837836
1837837
1837838
1837839
1590773
1590783
1590784
1590787
1590788
1594937
1594938
1597707
1597708
1597709
1597730
1597731
1597732
1597733
1597734
1597735
1597736
1597737
1597738
1597739
1597740
1597741
1597742
1597743
1597744
1597800
1597801
1597802
1597803
1597804
1597805
1599467
1599468
1770773
1770783
1773667
1773668
1773669
1775850
1775851
1777470
1777471
1777483
1777484
1777608
1777609
1777627
1777628
1777629
1777646
1777647
1777650
1777651
1777652
1777730
1777731
1777732
1777733
1777734
1777735
1777736
1777737
1777738
1777739
1452763
1452773
1453769
1454523
1459115
1459116
1459117
1459118
1459119
1459749
1459760
1459761
1350773
1350783
1351753
1351763
1351773
1351783
1351786
1355703
1355713
1355723
1355727
1355733
1355736
1355740
1355743
1355753
1355756
1355763
1355766
1355773
1355783
1355793
1355803
1355813
1355823
1355833
1355843
1359703
1359713
1359716
1359730
1359731
1359732
1359733
1700034
1700035
1701298
1701299
1705179
1706479
1706480
1706481
1706482
1706483
1708703
1708704
1708705
1708706
1708707
1708708
1708709
1910773
1910783
1914290
1914291
1914292
1914293
1914294
1914295
1914296
1914297
1914298
1914299
1914420
1914421
1914422
1914423
1914424
1914425
1914426
1914427
1914428
1914429
1914430
1914431
1914432
1914433
1914434
1914435
1914436
1914437
1914438
1914439
1916750
1916751
1916752
1916753
1916754
1916755
1916756
1916757
1916758
1916759
1916760
1916761
1916762
1916763
1916764
1916765
1916766
1916767
1916768
1916769
1916770
1916771
1916772
1916773
1916774
1916775
1916776
1916777
1916778
1916779
1916780
1916781
1916782
1916783
1916784
1916785
1916786
1916787
1916788
1916789
1916790
1916791
1916792
1916793
1916794
1916795
1916796
1916797
1916798
1916799
1917730
1917731
1917732
1917733
1917734
1917735
1917736
1917737
1917738
1917739
1917830
1917831
1917832
1917833
1917834
1917835
1917836
1917837
1917838
1917839
1320773
1320783
1321143
1321150
1321153
1321154
1321159
1321773
1321783
1323773
1323783
1326373
1326383
1329773
1329783
1329923
1329927
1329943
1329947
1329963
1570773
1571773
1572373
1572383
1572398
1577730
1577731
1577732
1577733
1577734
1577735
1577736
1577737
1577738
1577739
1840673
1840773
1847730
1847731
1847732
1847733
1847734
1847735
1847736
1847737
1847738
1847739
1980773
1980787
1981386
1987703
1987730
1987731
1987732
1987733
1987734
1987739
1989770
1989771
1989772
1989773
1989778
1989779
1650650
1650773
1651773
1810773
1810783
1815478
1815479
1816965
1816966
1816967
1816968
1816969
1817260
1817261
1817262
1817263
1817264
1817265
1817266
1817267
1817268
1817269
1817415
1817416
1817417
1817418
1817419
1817631
1817632
1817633
1817635
1817636
1817640
1817641
1817642
1817730
1817731
1817732
1817733
1817734
1817735
1817736
1817737
1817738
1817739
1817830
1817831
1817832
1817833
1817834
1817835
1817836
1817837
1817838
1817839
1817870
1817871
1817872
1817873
1817874
1520773
1520783
1524078
1524079
1527730
1527731
1527732
1527733
1527734
1527735
1527736
1527737
1527738
1527739
1527773
1527776
1527779
1529580
1529581
1529582
1529583
1529584
1529585
1529586
1529587
1529588
1529589
1529590
1529591
1529592
1529593
1529594
1529595
1529596
1529597
1529598
1529599
1529600
1529601
1529602
1529680
1529681
1750773
1752672
1752673
1752674
1757725
1757728
1757730
1757773
1757819
1757822
1757823
1757824
1757825
1880773
1880783
1887730
1887731
1887732
1887733
1887734
1887735
1887736
1887737
1887738
1887739
1887830
1887831
1887832
1887833
1887834
1887835
1887836
1887837
1887838
1887839
1887842
1887843
1888843
1889773
1889781
1889783
1370773
1370783
1373730
1373731
1373732
1373733
1373734
1373735
1373736
1373737
1373738
1373739
1373770
1373771
1373772
1373773
1373774
1376803
1376813
1376823
1376833
1376843
1376853
1376870
1376871
1376872
1376873
1376874
1376890
1376891
1376892
1378803
1378813
1378823
1378833
1378843
1378853
1378854
1378856
1378857
1378858
1378859
1378863
1378873
1378874
1470773
1470783
1473630
1473631
1473632
1473633
1477713
1477732
1477733
1477734
1477735
1477740
1479584
1479585
1479586
1479587
1479588
1479589
1479590
1479591
1479592
1479593
1479594
1479595
1479596
1479597
1479598
1479599
1479600
1479601
1479602
1479603
1479604
1479605
1479773
1344383
1344384
1345730
1345731
1345732
1345733
1345734
1345735
1345736
1345737
1345738
1345739
1345765
1345766
1345767
1345768
1345769
1347125
1347126
1347127
1347128
1347129
1347130
1347131
1347132
1347133
1347134
1347135
1347136
1347137
1347138
1347139
1348130
1348131
1348132
1348133
1348134
1348135
1348136
1348137
1348138
1348139
1580773
1580783
1587700
1587701
1587702
1587703
1587704
1587830
1587831
1587832
1587833
1587834
1587835
1587836
1587837
1587838
1587839
1760773
1760783
1767694
1767695
1767696
1767703
1767777
1767778
1767779
1768733
1768734
1768743
1768753
1768773
1768780
1768781
1510773
1510783
1517730
1517731
1517732
1517733
1517734
1517735
1517736
1820773
1820783
1827630
1827631
1827632
1827633
1827634
1827635
1827636
1827637
1827638
1827639
1827669
1827730
1827731
1827732
1827733
1827734
1827735
1827736
1827737
1827738
1827739
1827830
1827831
1827832
1827833
1827834
1827835
1827836
1827837
1827838
1827839
1829000
1829001
1829002
1829003
1829004
1829005
1829006
1829007
1829008
1829009
1829010
1829011
1829012
1829013
1829014
1829015
1829016
1380773
1380783
1387730
1387731
1387732
1387733
1387734
1387735
1387736
1387737
1387738
1387739
1387830
1387831
1387832
1387833
1387834
1387835
1387836
1387837
1387838
1387839
1660773
1667483
1667712
1667713
1667714
1667715
1667716
1667717
1667718
1870773
1870783
1877505
1877506
1877730
1877731
1877732
1877733
1877734
1877735
1877736
1877737
1877738
1877739
1877830
1877831
1877832
1877833
1877834
1877835
1877836
1877837
1877838
1877839
1877883
1877885
1310043
1310053
1310059
1311473
1311763
1311773
1312343
1312353
1313263
1313264
1313273
1313283
1313293
1313297
1315253
1315257
1315258
1315259
1315263
1319763
1319764
1319773
1730773
1730783
1734426
1734427
1737483
1737620
1737621
1737622
1737623
1737624
1737648
1737649
1737730
1737731
1737732
1737733
1737734
1737735
1737736
1737737
1737738
1737739
