1730392
1732922
1733474
1733552
1733592
1733922
1734481
1734482
1734492
1735259
1736467
1310392
1313722
1313723
1314042
1319347
1319348
1319349
1870392
1873920
1873921
1873922
1873923
1873924
1873925
1873926
1873927
1873928
1873929
1660392
1662749
1663920
1663921
1663922
1663923
1663924
1663925
1663926
1663927
1663928
1663929
1663948
1663975
1665096
1665097
1665098
1665099
1380392
1383920
1383921
1383922
1383923
1383924
1384920
1384921
1384922
1384923
1820392
1823920
1823921
1823922
1823923
1823924
1823925
1823926
1823927
1823928
1823929
1827250
1827251
1827252
1827253
1827254
1513920
1513921
1513922
1513923
1513924
1513925
1513926
1513927
1513928
1513929
1760380
1760392
1761390
1763039
1763435
1763836
1763837
1763920
1763921
1763922
1763923
1763924
1763925
1763926
1763927
1763928
1763929
1763992
1580392
1583920
1583921
1583922
1583923
1583924
1583925
1583926
1583927
1583928
1583929
1340392
1346190
1346193
1346195
1346199
1374920
1374921
1374922
1374923
1378300
1378301
1378302
1378303
1378304
1378392
1473857
1473892
1478392
1880392
1883920
1883921
1883922
1883923
1883924
1883925
1883926
1883927
1883928
1883929
1750380
1750392
1751383
1751384
1751385
1751386
1751387
1752756
1752757
1752758
1752759
1753039
1753043
1753044
1753478
1753479
1753480
1753481
1753482
1753483
1753484
1753485
1753920
1753921
1753922
1753923
1753924
1753925
1753926
1753927
1753928
1753929
1753992
1754922
1754923
1755092
1755093
1759481
1759482
1759600
1520392
1523920
1523921
1523922
1523923
1523924
1523925
1523926
1523927
1523928
1523929
1810392
1814392
1815302
1650392
1651670
1651761
1652913
1652915
1652917
1653392
1653929
1655182
1655183
1980392
1981278
1983920
1840392
1843633
1570392
1571392
1572912
1572913
1572914
1572915
1572941
1321340
1321341
1321342
1324340
1324341
1327392
1328392
1910392
1914392
1704370
1704371
1704372
1704373
1704374
1704375
1704376
1704377
1704378
1704379
1707164
1707392
1708387
1708392
1452350
1454866
1458528
1458529
1350392
1352392
1356963
1356964
1356965
1356966
1770392
1771629
1771929
1771990
1772494
1773758
1773924
1773925
1773926
1773947
1774642
1774693
1775259
1776163
1779681
1590392
1593920
1593921
1593922
1593923
1593924
1593925
1593926
1593927
1593928
1593929
1623920
1623925
1830392
1500392
1503920
1503921
1503922
1503923
1503924
1503925
1503926
1503927
1503928
1503929
1671392
1672392
1673392
1674392
1390392
1393800
1393920
1393921
1393922
1393923
1393924
1393925
1393926
1393927
1393928
1393929
1550392
1551405
1551406
1551467
1551468
1551469
1551665
1551666
1551789
1553920
1553921
1553922
1553923
1553924
1553925
1553926
1553927
1553928
1553929
1556520
1556580
1860392
1862392
1862543
1862544
1862575
1862576
1863920
1863921
1863922
1863923
1863924
1863925
1863926
1863992
1303039
1303387
1303388
1303389
1304392
1308422
1308423
1712394
1712395
1712396
1712397
1712398
1712399
1712860
1712861
1712862
1712863
1712864
1713392
1715392
1716392
1717390
1717392
1717397
1717468
1718387
1718392
1718432
1718433
1719392
1330392
1332361
1332392
1333392
1334392
1334680
1335392
1338392
1780392
1781493
1783810
1783811
1783920
1789689
1850392
1853039
1853920
1853921
1853922
1853923
1856720
1856721
1856722
1856723
1856724
1560392
1563920
1563921
1563922
1563923
1563924
1564950
1564951
1566061
1566431
1567007
1567008
1567009
1569065
1990392
1994392
1530392
1534625
1534626
1534627
1534628
1534629
1800392
1890392
1893923
1893927
1893928
1893929
1953595
1360392
1361392
1362392
1363392
1364392
1365392
1366392
1367392
1369392
