1715950
1715952
1716952
1717952
1330952
1330956
1332352
1332356
1336952
1336956
1338952
1560952
1569502
1569506
1850952
1859502
1859510
1780952
1781112
1781116
1781122
1781132
1784822
1788772
1789952
1789956
1990952
1997652
1999502
1999520
1999521
1999522
1999523
1800952
1809520
1809521
1809522
1809523
1809524
1809525
1809528
1809529
1530952
1534952
1534956
1537952
1537956
1537960
1537961
1537962
1890952
1899520
1899521
1899522
1899523
1899524
1899525
1899526
1899527
1899528
1899529
1361952
1361956
1362956
1363952
1363956
1452872
1454626
1454633
1454634
1459601
1459602
1459603
1459604
1459605
1351922
1351926
1351952
1351956
1590952
1590962
1590966
1770952
1771182
1775232
1775242
1779520
1779521
1779522
1779523
1779524
1779525
1779526
1779527
1779528
1779529
1500862
1500866
1500952
1500962
1830952
1830962
1839502
1839512
1839522
1390952
1390956
1399502
1399506
1399512
1399516
1399522
1399526
1399532
1399536
1399542
1399546
1671952
1672952
1673952
1673957
1860952
1869520
1869521
1869522
1869523
1869524
1550082
1550962
1300790
1300791
1301420
1301421
1303790
1303791
1307952
1307956
1309952
1309956
1370952
1370956
1372332
1372336
1470952
1470962
1476052
1479502
1750952
1759502
1759512
1759520
1759522
1880952
1880956
1880962
1889502
1889512
1889522
1810952
1815235
1815236
1815237
1815252
1816152
1816156
1816902
1816904
1816912
1816952
1819502
1819520
1819528
1819529
1520262
1520266
1520952
1520956
1520962
1520966
1522622
1522626
1529692
1980952
1980962
1981420
1989502
1989506
1989512
1989962
1650260
1650952
1570952
1570962
1571952
1572952
1572956
1576952
1576962
1840842
1840862
1840952
1840962
1840966
1846502
1846506
1846512
1910952
1919512
1320952
1320956
1320962
1320966
1323952
1323956
1325952
1325962
1328952
1329952
1730952
1734120
1734121
1739552
1313952
1313956
1319502
1319506
1870952
1870962
1879502
1879506
1879512
1879516
1879522
1879532
1389502
1389506
1389512
1389516
1389532
1389536
1389542
1389546
1660952
1669502
1669506
1669512
1669522
1510952
1510962
1510966
1512182
1512186
1512192
1512196
1820952
1820956
1820962
1829502
1829512
1829516
1829522
1829526
1829532
1829542
1829552
1829562
1580952
1580962
1582532
1582536
1760952
1769502
1769512
1340952
1340956
1346952
1346956
1346962
1346966
