1452762
1720088
1337724
1337728
1337740
1337742
1339360
1339362
1784082
1784088
1990782
1994308
1994309
1997600
1997601
1997602
1997603
1997604
1997605
1997606
1997607
1997608
1997610
1997611
1997726
1997727
1997728
1997729
1997828
1997829
1997830
1997831
1997832
1997833
1997834
1997835
1997836
1997837
1997838
1997839
1997849
1999449
1999454
1999470
1999471
1999472
1999473
1999475
1890782
1897820
1897821
1897822
1897823
1897824
1897825
1897826
1667482
1750782
1981395
1987721
1987723
1989731
1989732
1989733
1989734
1989735
1989740
1989790
1989791
1989931
1989932
1321142
1321158
1321782
1323779
1323787
1323789
1325783
1325784
1326385
1326387
1910782
1915245
1915246
1915247
1915248
1915249
1915250
1915251
1915252
1915253
1915254
1915255
1915256
1915257
1915258
1915259
1917260
1917261
1917262
1917263
1917264
1917800
1917801
1917802
1917803
1917804
1917805
1917806
1917807
1917808
1917809
1917810
1917811
1917812
1917813
1917814
1917815
1917816
1917817
1917818
1917819
1917820
1917821
1917822
1917823
1917824
1917825
1917826
1917827
1917828
1917829
