1800230
1800231
1800232
1800233
1800234
1800235
1800236
1800237
1800238
1800239
1800830
1800831
1800832
1800833
1800834
1800835
1800836
1800837
1800838
1800839
1808300
1808301
1808302
1808303
1808304
1808305
1808306
1808307
1808308
1808309
1808400
1808401
1808402
1808403
1808404
1808405
1808406
1808407
1808408
1808409
1531000
1531001
1531002
1531003
1531004
1531005
1531006
1531007
1531008
1531009
1531010
1531011
1531012
1531013
1531014
1531015
1531016
1531017
1531018
1531019
1531020
1531021
1531022
1531023
1531024
1531025
1531026
1531027
1531028
1531029
1531030
1531031
1531032
1531033
1531034
1531035
1531036
1531037
1531038
1531039
1531040
1531041
1531042
1531043
1531044
1531045
1531046
1531047
1531048
1531049
1531050
1531051
1531052
1531053
1531054
1531055
1531056
1531057
1531058
1531059
1531060
1531061
1531062
1531063
1531064
1531065
1531066
1531067
1531068
1531069
1531070
1531071
1531072
1531073
1531074
1531075
1531076
1531077
1531078
1531079
1531080
1531081
1531082
1531083
1531084
1531085
1531086
1531087
1531088
1531089
1531090
1531091
1531092
1531093
1531094
1531095
1531096
1531097
1531098
1531099
1532020
1532021
1532022
1532023
1532024
1532025
1532026
1532027
1532028
1532029
1532030
1532031
1532032
1532033
1532034
1532035
1532036
1532037
1532038
1532039
1532040
1532041
1532042
1532043
1532044
1532045
1532046
1532047
1532048
1532049
1532050
1532051
1532052
1532053
1532054
1532055
1532056
1532057
1532058
1532059
1532060
1532061
1532062
1532063
1532064
1532065
1532066
1532067
1532068
1532069
1532070
1532071
1532072
1532073
1532074
1532075
1532076
1532077
1532078
1532079
1532080
1532081
1532082
1532083
1532084
1532085
1532086
1532087
1532088
1532089
1532090
1532091
1532092
1532093
1532094
1532095
1532096
1532097
1532098
1532099
1533030
1533031
1533032
1533033
1533034
1533035
1533036
1533037
1533038
1533039
1533040
1533041
1533042
1533043
1533044
1533045
1533046
1533047
1533048
1533049
1533050
1533051
1533052
1533053
1533054
1533055
1533056
1533057
1533058
1533059
1533130
1533450
1533451
1533452
1533453
1533454
1533455
1533456
1533457
1533458
1533459
1533460
1533461
1533462
1533463
1533464
1533465
1533466
1533467
1533468
1533469
1534030
1534031
1534032
1534033
1534034
1534035
1534036
1534037
1534038
1534039
1534040
1534041
1534042
1534043
1534044
1534045
1534046
1534047
1534048
1534049
1534050
1534051
1534052
1534053
1534054
1534055
1534056
1534057
1534058
1534059
1360830
1360831
1360832
1360833
1360834
1360835
1360836
1360837
1360838
1360839
1360940
1360941
1360942
1360943
1360944
1360945
1360946
1360947
1360948
1360949
1361760
1361761
1361762
1361763
1361764
1361765
1361766
1361767
1361768
1361769
1361820
1361821
1361822
1361823
1361824
1361825
1361826
1361827
1361828
1361829
1361830
1361831
1361832
1361833
1361834
1361835
1361836
1361837
1361838
1361839
1362760
1362761
1362762
1362763
1362764
1362765
1362766
1362767
1362768
1362769
1362820
1362821
1362822
1362823
1362824
1362825
1362826
1362827
1362828
1362829
1362830
1362831
1362832
1362833
1362834
1362835
1362836
1362837
1362838
1362839
1362840
1362841
1362842
1362843
1362844
1362845
1362846
1362847
1362848
1362849
1362970
1362971
1362972
1362973
1362974
1362975
1362976
1362977
1362978
1362979
1363530
1363531
1363532
1363533
1363534
1363535
1363536
1363537
1363538
1363539
1363540
1363541
1363542
1363543
1363544
1363545
1363546
1363547
1363548
1363549
1363770
1363771
1363772
1363773
1363774
1363775
1363776
1363777
1363778
1363779
1363780
1363781
1363782
1363783
1363784
1363785
1363786
1363787
1363788
1363789
1363790
1363791
1363792
1363793
1363794
1363795
1363796
1363797
1363798
1363799
1363820
1363821
1363822
1363823
1363824
1363825
1363826
1363827
1363828
1363829
1363830
1363831
1363832
1363833
1363834
1363835
1363836
1363837
1363838
1363839
1364050
1364051
1364052
1364053
1364054
1364055
1364056
1364057
1364058
1364059
1364760
1364761
1364762
1364763
1364764
1364765
1364766
1364767
1364768
1364769
1364820
1364821
1364822
1364823
1364824
1364825
1364826
1364827
1364828
1364829
1364830
1364831
1364832
1364833
1364834
1364835
1364836
1364837
1364838
1364839
1364840
1364841
1364842
1364843
1364844
1364845
1364846
1364847
1364848
1364849
1365050
1365051
1365052
1365053
1365054
1365055
1365056
1365057
1365058
1365059
1365760
1365761
1365762
1365763
1365764
1365765
1365766
1365767
1365768
1365769
1365820
1365821
1365822
1365823
1365824
1365825
1365826
1365827
1365828
1365829
1365830
1365831
1365832
1365833
1365834
1365835
1365836
1365837
1365838
1365839
1365840
1365841
1365842
1365843
1365844
1365845
1365846
1365847
1365848
1365849
1366760
1366761
1366762
1366763
1366764
1366765
1366766
1366767
1366768
1366769
1366800
1366801
1366802
1366803
1366804
1366805
1366806
1366807
1366808
1366809
1366840
1366841
1366842
1366843
1366844
1366845
1366846
1366847
1366848
1366849
1367760
1367761
1367762
1367763
1367764
1367765
1367766
1367767
1367768
1367769
1367840
1367841
1367842
1367843
1367844
1367845
1367846
1367847
1367848
1367849
1369640
1369641
1369642
1369643
1369644
1369645
1369646
1369647
1369648
1369649
1950230
1950231
1950232
1950233
1950234
1950235
1950236
1950237
1950238
1950239
1951410
1951411
1951412
1951413
1951414
1951415
1951416
1951417
1951418
1951419
1952190
1952191
1952192
1952193
1952194
1952195
1952196
1952197
1952198
1952199
1952999
1953338
1953384
1953388
1953993
1954110
1954111
1954112
1954113
1954114
1954115
1954116
1954117
1954118
1954119
1956210
1956211
1956212
1956213
1956214
1956215
1956216
1956217
1956218
1956219
1956220
1956221
1956222
1956223
1956224
1956225
1956226
1956227
1956228
1956229
1957890
1957891
1957892
1957893
1957894
1957895
1957896
1957897
1957898
1957899
1957910
1957911
1957912
1957913
1957914
1957915
1957916
1957917
1957918
1957919
1890825
1890826
1890827
1890830
1890831
1890832
1890833
1890834
1890835
1890836
1890837
1890838
1890839
1898300
1898301
1898302
1898303
1898304
1898305
1898306
1898307
1898308
1898309
1898310
1898311
1898312
1898313
1898314
1898315
1898316
1898317
1898318
1898319
1898320
1898321
1898322
1898323
1898324
1898325
1898326
1898327
1898328
1898329
1898330
1898331
1898332
1898333
1898334
1898335
1898336
1898337
1898338
1898339
1898340
1898341
1898342
1898343
1898344
1898345
1898346
1898347
1898348
1898349
1898350
1898351
1898352
1898353
1898354
1898355
1898356
1898357
1898358
1898359
1898360
1898361
1898362
1898363
1898364
1898365
1898366
1898367
1898368
1898369
1898370
1898371
1898372
1898373
1898374
1898375
1898376
1898377
1898378
1898379
1898380
1898381
1898382
1898383
1898384
1898385
1898386
1898387
1898388
1898389
1898390
1898391
1898392
1898393
1898394
1898395
1898396
1898397
1898398
1898399
1899600
1899601
1899602
1899603
1899604
1899605
1899606
1899607
1899608
1899609
1899610
1899611
1899612
1899613
1899614
1899615
1899616
1899617
1899618
1899619
1899620
1899621
1899622
1899623
1899624
1899625
1899626
1899627
1899628
1899629
1899630
1899631
1899632
1899633
1899634
1899635
1899636
1899637
1899638
1899639
1899640
1899641
1899642
1899643
1899644
1899645
1899646
1899647
1899648
1899649
1899650
1899651
1899652
1899653
1899654
1899655
1899656
1899657
1899658
1899659
1899660
1899661
1899662
1899663
1899664
1899665
1899666
1899667
1899668
1899669
1899670
1899671
1899672
1899673
1899674
1899675
1899676
1899677
1899678
1899679
1899680
1899681
1899682
1899683
1899684
1899685
1899686
1899687
1899688
1899689
1899690
1899691
1899692
1899693
1899694
1899695
1899696
1899697
1899698
1899699
1330002
1330003
1330825
1330826
1330827
1330830
1330831
1330832
1330833
1330834
1330835
1330836
1330837
1330838
1330839
1331020
1331021
1331022
1331023
1331024
1331025
1331026
1331027
1331028
1331029
1332020
1332021
1332022
1332023
1332024
1332025
1332026
1332027
1332028
1332029
1332030
1332031
1332032
1332033
1332034
1332035
1332036
1332037
1332038
1332039
1333020
1333021
1333022
1333023
1333024
1333025
1333026
1333027
1333028
1333029
1333030
1333031
1333032
1333033
1333034
1333035
1333036
1333037
1333038
1333039
1334020
1334021
1334022
1334023
1334024
1334025
1334026
1334027
1334028
1334029
1334030
1334031
1334032
1334033
1334034
1334035
1334036
1334037
1334038
1334039
1334401
1334402
1334403
1335030
1335031
1335032
1335033
1335034
1335035
1335036
1335037
1335038
1335039
1336400
1336401
1336402
1336403
1336404
1336405
1336406
1336407
1336408
1336409
1336800
1336801
1336802
1336803
1336804
1336805
1336806
1336807
1336808
1336809
1336810
1336811
1336812
1336813
1336814
1336815
1336816
1336817
1336818
1336819
1336820
1336821
1336822
1336823
1336824
1336825
1336826
1336827
1336828
1336829
1336830
1336831
1336832
1336833
1336834
1336835
1336836
1336837
1336838
1336839
1336840
1336841
1336842
1336843
1336844
1336845
1336846
1336847
1336848
1336849
1337070
1337071
1337072
1337073
1337074
1337075
1337076
1337077
1337078
1337079
1337260
1337261
1337262
1337263
1337264
1337265
1337266
1337267
1337268
1337269
1337270
1337271
1337272
1337273
1337274
1337275
1337276
1337277
1337278
1337279
1338890
1338891
1338892
1338893
1338894
1338895
1338896
1338897
1338898
1338899
1338960
1338961
1338962
1338963
1338964
1338965
1338966
1338967
1338968
1338969
1339980
1339981
1339982
1339983
1339984
1339985
1339986
1339987
1339988
1339989
1712490
1712491
1712492
1712493
1712494
1712495
1712496
1712497
1712498
1712499
1713090
1713091
1713092
1713093
1713094
1713095
1713096
1713097
1713098
1713099
1713230
1713231
1713232
1713233
1713234
1713235
1713236
1713237
1713238
1713239
1715230
1715231
1715232
1715233
1715234
1715235
1715236
1715237
1715238
1715239
1716230
1716231
1716232
1716233
1716234
1716235
1716236
1716237
1716238
1716239
1717230
1717231
1717232
1717233
1717234
1717235
1717236
1717237
1717238
1717239
1718230
1718231
1718232
1718233
1718234
1718235
1718236
1718237
1718238
1718239
1719230
1719231
1719232
1719233
1719234
1719235
1719236
1719237
1719238
1719239
1719720
1719721
1719722
1719723
1719724
1719725
1719726
1719727
1719728
1719729
1990830
1990831
1990832
1990833
1990834
1990835
1990836
1990837
1990838
1990839
1991240
1991241
1991242
1991243
1991244
1991245
1991246
1991247
1991248
1991249
1992200
1992201
1992202
1992203
1992204
1992205
1992206
1992207
1992208
1992209
1992210
1992211
1992212
1992213
1992214
1992215
1992216
1992217
1992218
1992219
1992220
1992221
1992222
1992223
1992224
1992225
1992226
1992227
1992228
1992229
1992230
1992231
1992232
1992233
1992234
1992235
1992236
1992237
1992238
1992239
1992270
1992271
1992272
1992273
1992274
1992275
1992276
1992277
1992278
1992279
1992280
1992281
1992282
1992283
1992284
1992285
1992286
1992287
1992288
1992289
1992290
1992291
1992292
1992293
1992294
1992295
1992296
1992297
1992298
1992299
1992300
1992301
1992302
1992303
1992304
1992305
1992306
1992307
1992308
1992309
1992310
1992311
1992312
1992313
1992314
1992315
1992316
1992317
1992318
1992319
1992320
1992321
1992322
1992323
1992324
1992325
1992326
1992327
1992328
1992329
1992330
1992331
1992332
1992333
1992334
1992335
1992336
1992337
1992338
1992339
1992340
1992341
1992342
1992343
1992344
1992345
1992346
1992347
1992348
1992349
1992350
1992351
1992352
1992353
1992354
1992355
1992356
1992357
1992358
1992359
1992360
1992361
1992362
1992363
1992364
1992365
1992366
1992367
1992368
1992369
1992370
1992371
1992372
1992373
1992374
1992375
1992376
1992377
1992378
1992379
1992380
1992381
1992382
1992383
1992384
1992385
1992386
1992387
1992388
1992389
1992390
1992391
1992392
1992393
1992394
1992395
1992396
1992397
1992398
1992399
1993600
1993601
1993602
1993603
1993604
1993605
1993606
1993607
1993608
1993609
1993610
1993611
1993612
1993613
1993614
1993615
1993616
1993617
1993618
1993619
1993620
1993621
1993622
1993623
1993624
1993625
1993626
1993627
1993628
1993629
1993630
1993631
1993632
1993633
1993634
1993635
1993636
1993637
1993638
1993639
1993640
1993641
1993642
1993643
1993644
1993645
1993646
1993647
1993648
1993649
1993650
1993651
1993652
1993653
1993654
1993655
1993656
1993657
1993658
1993659
1993660
1993661
1993662
1993663
1993664
1993665
1993666
1993667
1993668
1993669
1994220
1994221
1994222
1994223
1994224
1994225
1994226
1994227
1994228
1994229
1994230
1994231
1994232
1994233
1994234
1994235
1994236
1994237
1994238
1994239
1994670
1994671
1994672
1994673
1994674
1994675
1994676
1994677
1994678
1994679
1994680
1994681
1994682
1994683
1994684
1994685
1994686
1994687
1994688
1994689
1994690
1994691
1994692
1994693
1994694
1994695
1994696
1994697
1994698
1994699
1560830
1560831
1560832
1560833
1560834
1560835
1560836
1560837
1560838
1560839
1561004
1561005
1561021
1561024
1561025
1561026
1561027
1561029
1561040
1561041
1561043
1561044
1561046
1561049
1561070
1561071
1561072
1561073
1561074
1561077
1561078
1561080
1561084
1561088
1561089
1561090
1561091
1561096
1567001
1567002
1567005
1567006
1568300
1568301
1568302
1568303
1568304
1568305
1568306
1568307
1568308
1568309
1568310
1568311
1568312
1568313
1568314
1568315
1568316
1568317
1568318
1568319
1568320
1568321
1568322
1568323
1568324
1568325
1568326
1568327
1568328
1568329
1568330
1568331
1568332
1568333
1568334
1568335
1568336
1568337
1568338
1568339
1568340
1568341
1568342
1568343
1568344
1568345
1568346
1568347
1568348
1568349
1568350
1568351
1568352
1568353
1568354
1568355
1568356
1568357
1568358
1568359
1568360
1568361
1568362
1568363
1568364
1568365
1568366
1568367
1568368
1568369
1568370
1568371
1568372
1568373
1568374
1568375
1568376
1568377
1568378
1568379
1568380
1568381
1568382
1568383
1568384
1568385
1568386
1568387
1568388
1568389
1568390
1568391
1568392
1568393
1568394
1568395
1568396
1568397
1568398
1568399
1569600
1569601
1569602
1569603
1569604
1569605
1569606
1569607
1569608
1569609
1569610
1569611
1569612
1569613
1569614
1569615
1569616
1569617
1569618
1569619
1569620
1569621
1569622
1569623
1569624
1569625
1569626
1569627
1569628
1569629
1569630
1569631
1569632
1569633
1569634
1569635
1569636
1569637
1569638
1569639
1569640
1569641
1569642
1569643
1569644
1569645
1569646
1569647
1569648
1569649
1569650
1569651
1569652
1569653
1569654
1569655
1569656
1569657
1569658
1569659
1569660
1569661
1569662
1569663
1569664
1569665
1569666
1569667
1569668
1569669
1569670
1569671
1569672
1569673
1569674
1569675
1569676
1569677
1569678
1569679
1569680
1569681
1569682
1569683
1569684
1569685
1569686
1569687
1569688
1569689
1569690
1569691
1569692
1569693
1569694
1569695
1569696
1569697
1569698
1569699
1780230
1780231
1780232
1780233
1780234
1780235
1780236
1780237
1780238
1780239
1780304
1781500
1781501
1781502
1781503
1781504
1781505
1781506
1781507
1781508
1781509
1781510
1781511
1781512
1781513
1781514
1781515
1781516
1781517
1781518
1781519
1781520
1781521
1781522
1781523
1781524
1781525
1781526
1781527
1781528
1781529
1781530
1781531
1781532
1781533
1781534
1781535
1781536
1781537
1781538
1781539
1781540
1781541
1781542
1781543
1781544
1781545
1781546
1781547
1781548
1781549
1782300
1782301
1782302
1782303
1782304
1782305
1782306
1782307
1782308
1782309
1782310
1782311
1782312
1782313
1782314
1782315
1782316
1782317
1782318
1782319
1782320
1782321
1782322
1782323
1782324
1782325
1782326
1782327
1782328
1782329
1782330
1782331
1782332
1782333
1782334
1782335
1782336
1782337
1782338
1782339
1782340
1782341
1782342
1782343
1782344
1782345
1782346
1782347
1782348
1782349
1782350
1782351
1782352
1782353
1782354
1782355
1782356
1782357
1782358
1782359
1782360
1782361
1782362
1782363
1782364
1782365
1782366
1782367
1782368
1782369
1782370
1782371
1782372
1782373
1782374
1782375
1782376
1782377
1782378
1782379
1782380
1782381
1782382
1782383
1782384
1782385
1782386
1782387
1782388
1782389
1782390
1782391
1782392
1782393
1782394
1782395
1782396
1782397
1782398
1782399
1783000
1783001
1783002
1783003
1783004
1783005
1783006
1783007
1783008
1783009
1783010
1783011
1783012
1783013
1783014
1783015
1783016
1783017
1783018
1783019
1783020
1783021
1783022
1783023
1783024
1783025
1783026
1783027
1783028
1783029
1783030
1783031
1783032
1783033
1783034
1783035
1783036
1783037
1783038
1783039
1783040
1783041
1783042
1783043
1783044
1783045
1783046
1783047
1783048
1783049
1783050
1783051
1783052
1783053
1783054
1783055
1783056
1783057
1783058
1783059
1783060
1783061
1783062
1783063
1783064
1783065
1783066
1783067
1783068
1783069
1783070
1783071
1783072
1783073
1783074
1783075
1783076
1783077
1783078
1783079
1783080
1783081
1783082
1783083
1783084
1783085
1783086
1783087
1783088
1783089
1783090
1783091
1783092
1783093
1783094
1783095
1783096
1783097
1783098
1783099
1784350
1784351
1784352
1784353
1784354
1784355
1784356
1784357
1784358
1784359
1784360
1784361
1784362
1784363
1784364
1784365
1784366
1784367
1784368
1784369
1784370
1784371
1784372
1784373
1784374
1784375
1784376
1784377
1784378
1784379
1784380
1784381
1784382
1784383
1784384
1784385
1784386
1784387
1784388
1784389
1784390
1784391
1784392
1784393
1784394
1784395
1784396
1784397
1784398
1784399
1784860
1784861
1784862
1784863
1784864
1784865
1784866
1784867
1784868
1784869
1788020
1788021
1788022
1788023
1788024
1788025
1788026
1788027
1788028
1788029
1789860
1789861
1789862
1789863
1789864
1789865
1789866
1789867
1789868
1789869
1850230
1850231
1850232
1850233
1850234
1850235
1850236
1850237
1850238
1850239
1851230
1851231
1851232
1851233
1851234
1851235
1851236
1851237
1851238
1851239
1852300
1852301
1852302
1852303
1852304
1852305
1852306
1852307
1852308
1852309
1852310
1852311
1852312
1852313
1852314
1852315
1852316
1852317
1852318
1852319
1852320
1852321
1852322
1852323
1852324
1852325
1852326
1852327
1852328
1852329
1852330
1852331
1852332
1852333
1852334
1852335
1852336
1852337
1852338
1852339
1852340
1852341
1852342
1852343
1852344
1852345
1852346
1852347
1852348
1852349
1852350
1852351
1852352
1852353
1852354
1852355
1852356
1852357
1852358
1852359
1852360
1852361
1852362
1852363
1852364
1852365
1852366
1852367
1852368
1852369
1852370
1852371
1852372
1852373
1852374
1852375
1852376
1852377
1852378
1852379
1852380
1852381
1852382
1852383
1852384
1852385
1852386
1852387
1852388
1852389
1852390
1852391
1852392
1852393
1852394
1852395
1852396
1852397
1852398
1852399
1858000
1858001
1858002
1858003
1858004
1858005
1858006
1858007
1858008
1858009
1858010
1858011
1858012
1858013
1858014
1858015
1858016
1858017
1858018
1858019
1858020
1858021
1858022
1858023
1858024
1858025
1858026
1858027
1858028
1858029
1858030
1858031
1858032
1858033
1858034
1858035
1858036
1858037
1858038
1858039
1858040
1858041
1858042
1858043
1858044
1858045
1858046
1858047
1858048
1858049
1858050
1858051
1858052
1858053
1858054
1858055
1858056
1858057
1858058
1858059
1858060
1858061
1858062
1858063
1858064
1858065
1858066
1858067
1858068
1858069
1858070
1858071
1858072
1858073
1858074
1858075
1858076
1858077
1858078
1858079
1858080
1858081
1858082
1858083
1858084
1858085
1858086
1858087
1858088
1858089
1858090
1858091
1858092
1858093
1858094
1858095
1858096
1858097
1858098
1858099
1858100
1858101
1858102
1858103
1858104
1858105
1858106
1858107
1858108
1858109
1858110
1858111
1858112
1858113
1858114
1858115
1858116
1858117
1858118
1858119
1858120
1858121
1858122
1858123
1858124
1858125
1858126
1858127
1858128
1858129
1858130
1858131
1858132
1858133
1858134
1858135
1858136
1858137
1858138
1858139
1858140
1858141
1858142
1858143
1858144
1858145
1858146
1858147
1858148
1858149
1858450
1858451
1858452
1858453
1858454
1858455
1858456
1858457
1858458
1858459
1858460
1858461
1858462
1858463
1858464
1858465
1858466
1858467
1858468
1858469
1858470
1858471
1858472
1858473
1858474
1858475
1858476
1858477
1858478
1858479
1858970
1858971
1858972
1858973
1858974
1858975
1858976
1858977
1858978
1858979
1859470
1859471
1859472
1859473
1859474
1859475
1859476
1859477
1859478
1859479
1859480
1859481
1859482
1859483
1859484
1859485
1859486
1859487
1859488
1859489
1859730
1859731
1859732
1859733
1859734
1859735
1859736
1859737
1859738
1859739
1859830
1859831
1859832
1859833
1859834
1859835
1859836
1859837
1859838
1859839
1859840
1859841
1859842
1859843
1859844
1859845
1859846
1859847
1859848
1859849
1859850
1859851
1859852
1859853
1859854
1859855
1859856
1859857
1859858
1859859
1859860
1859861
1859862
1859863
1859864
1859865
1859866
1859867
1859868
1859869
1859870
1859871
1859872
1859873
1859874
1859875
1859876
1859877
1859878
1859879
1860230
1860231
1860232
1860233
1860234
1860235
1860236
1860237
1860238
1860239
1862300
1862301
1862302
1862303
1862304
1862305
1862306
1862307
1862308
1862309
1862310
1862311
1862312
1862313
1862314
1862315
1862316
1862317
1862318
1862319
1862320
1862321
1862322
1862323
1862324
1862325
1862326
1862327
1862328
1862329
1862330
1862331
1862332
1862333
1862334
1862335
1862336
1862337
1862338
1862339
1862340
1862341
1862342
1862343
1862344
1862345
1862346
1862347
1862348
1862349
1862350
1862351
1862352
1862353
1862354
1862355
1862356
1862357
1862358
1862359
1862360
1862361
1862362
1862363
1862364
1862365
1862366
1862367
1862368
1862369
1868070
1868071
1868072
1868073
1868074
1868075
1868076
1868077
1868078
1868079
1868080
1868081
1868082
1868083
1868084
1868085
1868086
1868087
1868088
1868089
1868090
1868091
1868092
1868093
1868094
1868095
1868096
1868097
1868098
1868099
1869650
1869651
1869652
1869653
1869654
1869655
1869656
1869657
1869658
1869659
1869660
1869661
1869662
1869663
1869664
1869665
1869666
1869667
1869668
1869669
1869670
1869671
1869672
1869673
1869674
1869675
1869676
1869677
1869678
1869679
1869680
1869681
1869682
1869683
1869684
1869685
1869686
1869687
1869688
1869689
1869690
1869691
1869692
1869693
1869694
1869695
1869696
1869697
1869698
1869699
1550230
1550231
1550232
1550233
1550234
1550235
1550236
1550237
1550238
1550239
1552000
1552001
1552002
1552003
1552004
1552005
1552006
1552007
1552008
1552009
1552010
1552011
1552012
1552013
1552014
1552015
1552016
1552017
1552018
1552019
1552300
1552301
1552302
1552303
1552304
1552305
1552306
1552307
1552308
1552309
1552310
1552311
1552312
1552313
1552314
1552315
1552316
1552317
1552318
1552319
1552320
1552321
1552322
1552323
1552324
1552325
1552326
1552327
1552328
1552329
1552330
1552331
1552332
1552333
1552334
1552335
1552336
1552337
1552338
1552339
1552340
1552341
1552342
1552343
1552344
1552345
1552346
1552347
1552348
1552349
1552350
1552351
1552352
1552353
1552354
1552355
1552356
1552357
1552358
1552359
1552360
1552361
1552362
1552363
1552364
1552365
1552366
1552367
1552368
1552369
1552370
1552371
1552372
1552373
1552374
1552375
1552376
1552377
1552378
1552379
1552380
1552381
1552382
1552383
1552384
1552385
1552386
1552387
1552388
1552389
1552390
1552391
1552392
1552393
1552394
1552395
1552396
1552397
1552398
1552399
1390082
1390083
1390825
1390826
1390827
1390830
1390831
1390832
1390833
1390834
1390835
1390836
1390837
1390838
1390839
1398300
1398301
1398302
1398303
1398304
1398305
1398306
1398307
1398308
1398309
1398310
1398311
1398312
1398313
1398314
1398315
1398316
1398317
1398318
1398319
1398320
1398321
1398322
1398323
1398324
1398325
1398326
1398327
1398328
1398329
1398330
1398331
1398332
1398333
1398334
1398335
1398336
1398337
1398338
1398339
1398340
1398341
1398342
1398343
1398344
1398345
1398346
1398347
1398348
1398349
1398350
1398351
1398352
1398353
1398354
1398355
1398356
1398357
1398358
1398359
1398360
1398361
1398362
1398363
1398364
1398365
1398366
1398367
1398368
1398369
1398370
1398371
1398372
1398373
1398374
1398375
1398376
1398377
1398378
1398379
1398380
1398381
1398382
1398383
1398384
1398385
1398386
1398387
1398388
1398389
1398390
1398391
1398392
1398393
1398394
1398395
1398396
1398397
1398398
1398399
1399600
1399601
1399602
1399603
1399604
1399605
1399606
1399607
1399608
1399609
1399610
1399611
1399612
1399613
1399614
1399615
1399616
1399617
1399618
1399619
1399620
1399621
1399622
1399623
1399624
1399625
1399626
1399627
1399628
1399629
1399630
1399631
1399632
1399633
1399634
1399635
1399636
1399637
1399638
1399639
1399640
1399641
1399642
1399643
1399644
1399645
1399646
1399647
1399648
1399649
1399650
1399651
1399652
1399653
1399654
1399655
1399656
1399657
1399658
1399659
1399660
1399661
1399662
1399663
1399664
1399665
1399666
1399667
1399668
1399669
1399670
1399671
1399672
1399673
1399674
1399675
1399676
1399677
1399678
1399679
1399680
1399681
1399682
1399683
1399684
1399685
1399686
1399687
1399688
1399689
1399690
1399691
1399692
1399693
1399694
1399695
1399696
1399697
1399698
1399699
1720124
1720125
1726420
1726421
1726422
1726423
1726424
1726425
1726426
1726427
1726428
1726429
1726430
1726431
1726432
1726433
1726434
1726435
1726436
1726437
1726438
1726439
1726500
1726501
1726502
1726503
1726504
1726505
1726506
1726507
1726508
1726509
1726510
1726511
1726512
1726513
1726514
1726515
1726516
1726517
1726518
1726519
1726520
1726521
1726522
1726523
1726524
1726525
1726526
1726527
1726528
1726529
1726530
1726531
1726532
1726533
1726534
1726535
1726536
1726537
1726538
1726539
1726540
1726541
1726542
1726543
1726544
1726545
1726546
1726547
1726548
1726549
1726550
1726551
1726552
1726553
1726554
1726555
1726556
1726557
1726558
1726559
1726560
1726561
1726562
1726563
1726564
1726565
1726566
1726567
1726568
1726569
1726570
1726571
1726572
1726573
1726574
1726575
1726576
1726577
1726578
1726579
1300230
1300231
1300232
1300233
1300234
1300235
1300236
1300237
1300238
1300239
1300830
1300831
1300832
1300833
1300834
1300835
1300836
1300837
1300838
1300839
1301083
1301230
1301231
1301232
1301233
1301234
1301235
1301236
1301237
1301238
1301239
1301830
1301831
1301832
1301833
1301834
1301835
1301836
1301837
1301838
1301839
1302230
1302231
1302232
1302233
1302234
1302235
1302236
1302237
1302238
1302239
1302830
1302831
1302832
1302833
1302834
1302835
1302836
1302837
1302838
1302839
1303230
1303231
1303232
1303233
1303234
1303235
1303236
1303237
1303238
1303239
1303630
1303631
1303632
1303633
1303634
1303635
1303636
1303637
1303638
1303639
1303830
1303831
1303832
1303833
1303834
1303835
1303836
1303837
1303838
1303839
1304230
1304231
1304232
1304233
1304234
1304235
1304236
1304237
1304238
1304239
1304730
1304731
1304732
1304733
1304734
1304735
1304736
1304737
1304738
1304739
1304830
1304831
1304832
1304833
1304834
1304835
1304836
1304837
1304838
1304839
1304840
1304841
1304842
1304843
1304844
1304845
1304846
1304847
1304848
1304849
1306020
1306021
1306022
1306023
1306024
1306025
1306026
1306027
1306028
1306029
1306230
1306231
1306232
1306233
1306234
1306235
1306236
1306237
1306238
1306239
1306830
1306831
1306832
1306833
1306834
1306835
1306836
1306837
1306838
1306839
1307230
1307231
1307232
1307233
1307234
1307235
1307236
1307237
1307238
1307239
1307540
1307541
1307542
1307543
1307544
1307545
1307546
1307547
1307548
1307549
1309860
1309861
1309862
1309863
1309864
1309865
1309866
1309867
1309868
1309869
1309870
1309871
1309872
1309873
1309874
1309875
1309876
1309877
1309878
1309879
1590230
1590231
1590232
1590233
1590234
1590235
1590236
1590237
1590238
1590239
1590930
1590931
1590932
1590933
1590934
1590935
1590936
1590937
1590938
1590939
1592250
1592251
1592252
1592253
1592254
1592255
1592256
1592257
1592258
1592259
1592260
1592261
1592262
1592263
1592264
1592265
1592266
1592267
1592268
1592269
1592270
1592271
1592272
1592273
1592274
1592275
1592276
1592277
1592278
1592279
1592280
1592281
1592282
1592283
1592284
1592285
1592286
1592287
1592288
1592289
1592290
1592291
1592292
1592293
1592294
1592295
1592296
1592297
1592298
1592299
1592300
1592301
1592302
1592303
1592304
1592305
1592306
1592307
1592308
1592309
1592310
1592311
1592312
1592313
1592314
1592315
1592316
1592317
1592318
1592319
1592320
1592321
1592322
1592323
1592324
1592325
1592326
1592327
1592328
1592329
1592330
1592331
1592332
1592333
1592334
1592335
1592336
1592337
1592338
1592339
1592340
1592341
1592342
1592343
1592344
1592345
1592346
1592347
1592348
1592349
1592350
1592351
1592352
1592353
1592354
1592355
1592356
1592357
1592358
1592359
1592360
1592361
1592362
1592363
1592364
1592365
1592366
1592367
1592368
1592369
1592370
1592371
1592372
1592373
1592374
1592375
1592376
1592377
1592378
1592379
1592380
1592381
1592382
1592383
1592384
1592385
1592386
1592387
1592388
1592389
1592390
1592391
1592392
1592393
1592394
1592395
1592396
1592397
1592398
1592399
1597890
1597891
1597892
1597893
1597894
1597895
1597896
1597897
1597898
1597899
1599890
1599891
1599892
1599893
1599894
1599895
1599896
1599897
1599898
1599899
1770230
1770231
1770232
1770233
1770234
1770235
1770236
1770237
1770238
1770239
1770830
1770831
1770832
1770833
1770834
1770835
1770836
1770837
1770838
1770839
1771110
1771111
1771112
1771113
1771114
1771115
1771116
1771117
1771118
1771119
1772300
1772301
1772302
1772303
1772304
1772305
1772306
1772307
1772308
1772309
1772310
1772311
1772312
1772313
1772314
1772315
1772316
1772317
1772318
1772319
1772320
1772321
1772322
1772323
1772324
1772325
1772326
1772327
1772328
1772329
1772350
1772351
1772352
1772353
1772354
1772355
1772356
1772357
1772358
1772359
1772360
1772361
1772362
1772363
1772364
1772365
1772366
1772367
1772368
1772369
1772370
1772371
1772372
1772373
1772374
1772375
1772376
1772377
1772378
1772379
1772380
1772381
1772382
1772383
1772384
1772385
1772386
1772387
1772388
1772389
1772390
1772391
1772392
1772393
1772394
1772395
1772396
1772397
1772398
1772399
1772500
1772501
1772502
1772503
1772504
1772505
1772507
1772508
1772509
1772510
1772511
1772512
1772513
1772514
1772515
1772516
1772517
1772518
1772519
1772620
1772621
1772622
1772623
1772624
1772625
1772626
1772627
1772628
1772629
1772660
1772661
1772662
1772663
1772664
1772665
1772666
1772667
1772668
1772669
1772960
1772961
1772962
1772963
1772964
1772965
1772966
1772967
1772968
1772969
1774990
1774991
1774992
1774993
1774994
1774995
1774996
1774997
1774998
1774999
1775490
1775491
1775492
1775493
1775494
1775495
1775496
1775497
1775498
1775499
1776480
1776481
1776482
1776483
1776484
1776485
1776486
1776487
1776488
1776489
1777230
1777231
1777232
1777233
1777234
1777235
1777236
1777237
1777238
1777239
1777240
1777241
1777242
1777243
1777244
1777245
1777246
1777247
1777248
1777249
1777490
1777491
1777492
1777493
1777494
1777495
1777496
1777497
1777498
1777499
1778200
1778201
1778202
1778203
1778204
1778205
1778206
1778207
1778208
1778209
1778210
1778211
1778212
1778213
1778214
1778215
1778216
1778217
1778218
1778219
1778220
1778221
1778222
1778223
1778224
1778225
1778226
1778227
1778228
1778229
1778230
1778231
1778232
1778233
1778234
1778235
1778236
1778237
1778238
1778239
1778300
1778301
1778302
1778303
1778304
1778305
1778306
1778307
1778308
1778309
1778310
1778311
1778312
1778313
1778314
1778315
1778316
1778317
1778318
1778319
1778320
1778321
1778322
1778323
1778324
1778325
1778326
1778327
1778328
1778329
1778330
1778331
1778332
1778333
1778334
1778335
1778336
1778337
1778338
1778339
1778340
1778341
1778342
1778343
1778344
1778345
1778346
1778347
1778348
1778349
1778350
1778351
1778352
1778353
1778354
1778355
1778356
1778357
1778358
1778359
1778360
1778361
1778362
1778363
1778364
1778365
1778366
1778367
1778368
1778369
1778370
1778371
1778372
1778373
1778374
1778375
1778376
1778377
1778378
1778379
1778380
1778381
1778382
1778383
1778384
1778385
1778386
1778387
1778388
1778389
1778390
1778391
1778392
1778393
1778394
1778395
1778396
1778397
1778398
1778399
1778400
1778401
1778402
1778403
1778404
1778405
1778406
1778407
1778408
1778409
1778420
1778421
1778422
1778423
1778424
1778425
1778426
1778427
1778428
1778429
1778430
1778431
1778432
1778433
1778434
1778435
1778436
1778437
1778438
1778439
1778440
1778441
1778442
1778443
1778444
1778445
1778446
1778447
1778448
1778449
1778470
1778471
1778472
1778473
1778474
1778475
1778476
1778477
1778478
1778479
1452360
1452361
1452362
1452363
1452364
1452365
1452366
1452367
1452368
1452369
1452370
1452371
1452372
1452373
1452374
1452375
1452376
1452377
1452378
1452379
1453360
1453361
1453362
1453363
1453364
1453365
1453366
1453367
1453368
1453369
1453370
1453371
1453372
1453373
1453374
1453375
1453376
1453377
1453378
1453379
1454220
1454221
1454222
1454223
1454224
1454225
1454226
1454227
1454228
1454229
1454230
1454231
1454232
1454233
1454234
1454235
1454236
1454237
1454238
1454239
1457300
1457301
1457302
1457303
1457304
1457305
1457306
1457307
1457308
1457309
1459190
1459191
1459192
1459193
1459194
1459195
1459196
1459197
1459198
1459199
1459250
1459251
1459252
1459253
1459254
1459255
1459256
1459257
1459258
1459259
1459260
1459261
1459262
1459263
1459264
1459265
1459266
1459267
1459268
1459269
1459270
1459271
1459272
1459273
1459274
1459275
1459276
1459277
1459278
1459279
1459280
1459281
1459282
1459283
1459284
1459285
1459286
1459287
1459288
1459289
1459290
1459291
1459292
1459293
1459294
1459295
1459296
1459297
1459298
1459299
1350030
1350031
1350032
1350033
1350034
1350035
1350036
1350037
1350038
1350039
1350830
1350831
1350832
1350833
1350834
1350835
1350836
1350837
1350838
1350839
1350940
1350941
1350942
1350943
1350944
1350945
1350946
1350947
1350948
1350949
1351230
1351231
1351232
1351233
1351234
1351235
1351236
1351237
1351238
1351239
1352730
1352731
1352732
1352733
1352734
1352735
1352736
1352737
1352738
1352739
1352740
1352741
1352742
1352743
1352744
1352745
1352746
1352747
1352748
1352749
1352750
1352751
1352752
1352753
1352754
1352755
1352756
1352757
1352758
1352759
1359400
1359401
1359402
1359403
1359404
1359405
1359406
1359407
1359408
1359409
1359410
1359411
1359412
1359413
1359414
1359415
1359416
1359417
1359418
1359419
1359420
1359421
1359422
1359423
1359424
1359425
1359426
1359427
1359428
1359429
1359430
1359431
1359432
1359433
1359434
1359435
1359436
1359437
1359438
1359439
1359440
1359441
1359442
1359443
1359444
1359445
1359446
1359447
1359448
1359449
1359450
1359451
1359452
1359453
1359454
1359455
1359456
1359457
1359458
1359459
1359460
1359461
1359462
1359463
1359464
1359465
1359466
1359467
1359468
1359469
1359470
1359471
1359472
1359473
1359474
1359475
1359476
1359477
1359478
1359479
1359480
1359481
1359482
1359483
1359484
1359485
1359486
1359487
1359488
1359489
1359490
1359491
1359492
1359493
1359494
1359495
1359496
1359497
1359498
1359499
1500230
1500231
1500232
1500233
1500234
1500235
1500236
1500237
1500238
1500239
1502300
1502301
1502302
1502303
1502304
1502305
1502306
1502307
1502308
1502309
1502310
1502311
1502312
1502313
1502314
1502315
1502316
1502317
1502318
1502319
1502320
1502321
1502322
1502323
1502324
1502325
1502326
1502327
1502328
1502329
1502330
1502331
1502332
1502333
1502334
1502335
1502336
1502337
1502338
1502339
1502340
1502341
1502342
1502343
1502344
1502345
1502346
1502347
1502348
1502349
1502350
1502351
1502352
1502353
1502354
1502355
1502356
1502357
1502358
1502359
1502360
1502361
1502362
1502363
1502364
1502365
1502366
1502367
1502368
1502369
1502370
1502371
1502372
1502373
1502374
1502375
1502376
1502377
1502378
1502379
1502380
1502381
1502382
1502383
1502384
1502385
1502386
1502387
1502388
1502389
1502390
1502391
1502392
1502393
1502394
1502395
1502396
1502397
1502398
1502399
1502530
1502531
1502532
1502533
1502534
1502535
1502536
1502537
1502538
1502539
1502540
1502541
1502542
1502543
1502544
1502545
1502546
1502547
1502548
1502549
1502550
1502551
1502552
1502553
1502554
1502555
1502556
1502557
1502558
1502559
1502560
1502561
1502562
1502563
1502564
1502565
1502566
1502567
1502568
1502569
1502570
1502571
1502572
1502573
1502574
1502575
1502576
1502577
1502578
1502579
1508430
1508431
1508432
1508433
1508434
1508435
1508436
1508437
1508438
1508439
1508440
1508441
1508442
1508443
1508444
1508445
1508446
1508447
1508448
1508449
1508660
1508661
1508662
1508663
1508664
1508665
1508666
1508667
1508668
1508669
1508670
1508671
1508672
1508673
1508674
1508675
1508676
1508677
1508678
1508679
1508680
1508681
1508682
1508683
1508684
1508685
1508686
1508687
1508688
1508689
1508690
1508691
1508692
1508693
1508694
1508695
1508696
1508697
1508698
1508699
1509580
1509581
1509582
1509583
1509584
1509585
1509586
1509587
1509588
1509589
1509590
1509591
1509592
1509593
1509594
1509595
1509596
1509597
1509598
1509599
1830230
1830231
1830232
1830233
1830234
1830235
1830236
1830237
1830238
1830239
1830600
1830601
1830602
1830603
1830604
1830605
1830606
1830607
1830608
1830609
1831500
1831501
1831502
1831503
1831504
1831505
1831506
1831507
1831508
1831509
1831510
1831511
1831512
1831513
1831514
1831515
1831516
1831517
1831518
1831519
1831520
1831521
1831522
1831523
1831524
1831525
1831526
1831527
1831528
1831529
1832300
1832301
1832302
1832303
1832304
1832305
1832306
1832307
1832308
1832309
1832310
1832311
1832312
1832313
1832314
1832315
1832316
1832317
1832318
1832319
1832320
1832321
1832322
1832323
1832324
1832325
1832326
1832327
1832328
1832329
1832330
1832331
1832332
1832333
1832334
1832335
1832336
1832337
1832338
1832339
1832340
1832341
1832342
1832343
1832344
1832345
1832346
1832347
1832348
1832349
1832350
1832351
1832352
1832353
1832354
1832355
1832356
1832357
1832358
1832359
1832360
1832361
1832362
1832363
1832364
1832365
1832366
1832367
1832368
1832369
1832370
1832371
1832372
1832373
1832374
1832375
1832376
1832377
1832378
1832379
1832380
1832381
1832382
1832383
1832384
1832385
1832386
1832387
1832388
1832389
1832390
1832391
1832392
1832393
1832394
1832395
1832396
1832397
1832398
1832399
1832410
1832411
1832412
1832413
1832414
1832415
1832416
1832417
1832418
1832419
1832500
1832501
1832502
1832503
1832504
1832505
1832506
1832507
1832508
1832509
1832510
1832511
1832512
1832513
1832514
1832515
1832516
1832517
1832518
1832519
1832520
1832521
1832522
1832523
1832524
1832525
1832526
1832527
1832528
1832529
1837560
1837561
1837562
1837563
1837564
1837565
1837566
1837567
1837568
1837569
1837570
1837571
1837572
1837573
1837574
1837575
1837576
1837577
1837578
1837579
1837580
1837581
1837582
1837583
1837584
1837585
1837586
1837587
1837588
1837589
1837590
1837591
1837592
1837593
1837594
1837595
1837596
1837597
1837598
1837599
1570230
1570231
1570232
1570233
1570234
1570235
1570236
1570237
1570238
1570239
1570300
1570301
1570302
1570303
1570304
1570305
1570306
1570307
1570308
1570309
1572300
1572301
1572302
1572303
1572304
1572305
1572306
1572307
1572308
1572309
1572310
1572311
1572312
1572313
1572314
1572315
1572316
1572317
1572318
1572319
1572320
1572321
1572322
1572323
1572324
1572325
1572326
1572327
1572328
1572329
1572330
1572331
1572332
1572333
1572334
1572335
1572336
1572337
1572338
1572339
1572340
1572341
1572342
1572343
1572344
1572345
1572346
1572347
1572348
1572349
1572350
1572351
1572352
1572353
1572354
1572355
1572356
1572357
1572358
1572359
1572360
1572361
1572362
1572363
1572364
1572365
1572366
1572367
1572368
1572369
1573000
1573001
1573002
1573003
1573004
1573005
1573006
1573007
1573008
1573009
1573010
1573011
1573012
1573013
1573014
1573015
1573016
1573017
1573018
1573019
1573020
1573021
1573022
1573023
1573024
1573025
1573026
1573027
1573028
1573029
1573030
1573031
1573032
1573033
1573034
1573035
1573036
1573037
1573038
1573039
1573040
1573041
1573042
1573043
1573044
1573045
1573046
1573047
1573048
1573049
1573050
1573051
1573052
1573053
1573054
1573055
1573056
1573057
1573058
1573059
1573060
1573061
1573062
1573063
1573064
1573065
1573066
1573067
1573068
1573069
1573070
1573071
1573072
1573073
1573074
1573075
1573076
1573077
1573078
1573079
1573080
1573081
1573082
1573083
1573084
1573085
1573086
1573087
1573088
1573089
1573600
1573601
1573602
1573603
1573604
1573605
1573606
1573607
1573608
1573609
1573610
1573611
1573612
1573613
1573614
1573615
1573616
1573617
1573618
1573619
1573620
1573621
1573622
1573623
1573624
1573625
1573626
1573627
1573628
1573629
1573630
1573631
1573632
1573633
1573634
1573635
1573636
1573637
1573638
1573639
1573640
1573641
1573642
1573643
1573644
1573645
1573646
1573647
1573648
1573649
1573650
1573651
1573652
1573653
1573654
1573655
1573656
1573657
1573658
1573659
1573660
1573661
1573662
1573663
1573664
1573665
1573666
1573667
1573668
1573669
1840230
1840231
1840232
1840233
1840234
1840235
1840236
1840237
1840238
1840239
1841870
1841871
1841872
1841873
1841874
1841875
1841876
1841877
1841878
1841879
1841880
1841881
1841882
1841883
1841884
1841885
1841886
1841887
1841888
1841889
1841890
1841891
1841892
1841893
1841894
1841895
1841896
1841897
1841898
1841899
1842300
1842301
1842302
1842303
1842304
1842305
1842306
1842307
1842308
1842309
1842310
1842311
1842312
1842313
1842314
1842315
1842316
1842317
1842318
1842319
1842320
1842321
1842322
1842323
1842324
1842325
1842326
1842327
1842328
1842329
1842330
1842331
1842332
1842333
1842334
1842335
1842336
1842337
1842338
1842339
1842340
1842341
1842342
1842343
1842344
1842345
1842346
1842347
1842348
1842349
1842350
1842351
1842352
1842353
1842354
1842355
1842356
1842357
1842358
1842359
1842360
1842361
1842362
1842363
1842364
1842365
1842366
1842367
1842368
1842369
1842370
1842371
1842372
1842373
1842374
1842375
1842376
1842377
1842378
1842379
1842380
1842381
1842382
1842383
1842384
1842385
1842386
1842387
1842388
1842389
1842390
1842391
1842392
1842393
1842394
1842395
1842396
1842397
1842398
1842399
1842600
1842601
1842602
1842604
1842605
1842606
1842607
1842608
1842609
1842610
1842611
1842612
1842613
1842614
1842615
1842616
1842617
1842618
1842619
1842620
1842621
1842622
1842623
1842624
1842625
1842626
1842627
1842628
1842629
1842630
1842631
1842632
1842633
1842634
1842635
1842636
1842637
1842638
1842639
1842640
1842641
1842642
1842643
1842644
1842645
1842646
1842647
1842648
1842649
1842650
1842651
1842666
1842671
1842673
1842674
1842675
1842676
1842677
1842678
1842679
1849285
1849286
1849287
1849288
1849289
1849290
1849291
1849292
1849293
1849294
1849295
1849296
1849297
1849298
1849299
1849300
1849301
1849302
1849303
1849304
1849305
1849306
1849307
1849308
1849309
1849310
1849311
1849312
1849313
1849314
1849315
1849316
1849317
1849318
1849319
1849320
1849321
1849322
1849323
1849324
1849325
1849326
1849327
1849328
1849329
1849710
1849711
1849712
1849713
1849714
1849715
1849716
1849717
1849718
1849719
1849720
1849721
1849722
1849723
1849724
1849725
1849726
1849727
1849728
1849729
1849730
1849731
1849732
1849733
1849734
1849735
1849736
1849737
1849738
1849739
1849740
1849741
1849742
1849743
1849744
1849745
1849746
1849747
1849748
1849749
1849750
1849751
1849752
1849753
1849754
1849755
1849756
1849757
1849758
1849759
1849760
1849761
1849762
1849763
1849764
1849765
1849766
1849767
1849768
1849769
1849770
1849771
1849772
1849773
1849774
1849775
1849776
1849777
1849778
1849779
1849780
1849781
1849782
1849783
1849784
1849785
1849786
1849787
1849788
1849789
1650023
1650230
1650231
1650232
1650234
1650235
1650236
1650237
1650238
1650239
1650368
1650409
1650618
1650654
1650656
1650657
1650847
1650886
1651023
1651258
1651849
1651986
1652023
1652047
1652085
1652155
1652224
1652757
1652758
1652759
1652760
1652761
1652762
1652763
1652765
1652767
1652768
1652769
1653916
1655023
1655628
1656165
1656232
1656233
1656235
1656236
1656237
1656238
1657361
1980230
1980231
1980232
1980233
1980234
1980235
1980236
1980237
1980238
1980239
1980270
1980271
1980272
1980273
1980274
1980275
1980276
1980277
1980278
1980279
1981564
1982230
1982231
1982232
1982233
1982234
1982235
1982236
1982237
1982238
1982239
1982240
1982241
1982242
1982243
1982244
1982245
1982246
1982247
1982248
1982249
1982250
1982251
1982252
1982253
1982254
1982255
1982256
1982257
1982258
1982259
1982300
1982301
1982302
1982303
1982304
1982305
1982306
1982307
1982308
1982309
1982310
1982311
1982312
1982313
1982314
1982315
1982316
1982317
1982318
1982319
1982320
1982321
1982322
1982323
1982324
1982325
1982326
1982327
1982328
1982329
1982330
1982331
1982332
1982333
1982334
1982335
1982336
1982337
1982338
1982339
1982340
1982341
1982342
1982343
1982344
1982345
1982346
1982347
1982348
1982349
1982350
1982351
1982352
1982353
1982354
1982355
1982356
1982357
1982358
1982359
1982360
1982361
1982362
1982363
1982364
1982365
1982366
1982367
1982368
1982369
1982370
1982371
1982372
1982373
1982374
1982375
1982376
1982377
1982378
1982379
1982380
1982381
1982382
1982383
1982384
1982385
1982386
1982387
1982388
1982389
1982390
1982391
1982392
1982393
1982394
1982395
1982396
1982397
1982398
1982399
1988870
1988871
1988872
1988873
1988874
1988875
1988876
1988877
1988878
1988879
1700137
1700230
1700231
1700232
1700233
1700234
1700235
1700236
1700237
1700238
1700239
1700343
1700800
1700801
1700802
1700803
1700804
1700805
1700806
1700947
1700948
1700949
1701500
1701501
1701502
1701503
1701504
1701505
1701506
1701507
1701508
1701509
1702300
1702301
1702302
1702303
1702304
1702305
1702306
1702307
1702308
1702309
1702510
1702511
1702512
1702513
1702514
1702515
1702516
1702517
1702518
1702519
1703982
1703983
1703984
1703985
1703986
1703987
1703988
1703989
1703990
1703991
1703992
1703993
1703994
1703995
1703996
1703997
1703998
1703999
1705033
1705069
1705123
1705183
1705232
1705257
1705313
1705315
1705349
1705382
1705523
1705572
1705609
1705679
1705723
1705782
1705807
1705955
1705956
1705957
1705958
1705959
1705960
1705961
1705962
1705963
1705964
1705965
1705966
1705967
1705968
1705969
1705970
1705971
1705972
1705973
1705974
1705975
1705976
1705977
1705978
1705979
1705980
1705981
1705982
1705983
1705984
1705985
1705986
1705987
1705988
1705989
1705990
1705991
1705992
1705993
1705994
1705995
1705996
1705997
1705998
1705999
1707230
1707231
1707232
1707233
1707234
1707235
1707236
1707237
1707238
1707239
1708230
1708231
1708232
1708233
1708234
1708235
1708236
1708237
1708238
1708239
1708830
1708831
1708832
1708833
1708834
1708835
1708836
1708837
1708838
1708839
1709230
1709231
1709232
1709233
1709234
1709235
1709236
1709237
1709238
1709239
1709380
1709381
1709382
1709383
1709384
1709385
1709386
1709387
1709388
1709389
1910230
1910231
1910232
1910233
1910234
1910235
1910236
1910237
1910238
1910239
1911200
1911201
1911202
1911203
1911204
1911205
1911206
1911207
1911208
1911209
1911210
1911211
1911212
1911213
1911214
1911215
1911216
1911217
1911218
1911219
1911220
1911221
1911222
1911223
1911224
1911225
1911226
1911227
1911228
1911229
1911230
1911231
1911232
1911233
1911234
1911235
1911236
1911237
1911238
1911239
1911240
1911241
1911242
1911243
1911244
1911245
1911246
1911247
1911248
1911249
1911250
1911251
1911252
1911253
1911254
1911255
1911256
1911257
1911258
1911259
1911260
1911261
1911262
1911263
1911264
1911265
1911266
1911267
1911268
1911269
1911270
1911271
1911272
1911273
1911274
1911275
1911276
1911277
1911278
1911279
1911280
1911281
1911282
1911283
1911284
1911285
1911286
1911287
1911288
1911289
1911290
1911291
1911292
1911293
1911294
1911295
1911296
1911297
1911298
1911299
1911500
1911501
1911502
1911503
1911504
1911505
1911506
1911507
1911508
1911509
1911510
1911511
1911512
1911513
1911514
1911515
1911516
1911517
1911518
1911519
1911520
1911521
1911522
1911523
1911524
1911525
1911526
1911527
1911528
1911529
1911530
1911531
1911532
1911533
1911534
1911535
1911536
1911537
1911538
1911539
1911540
1911541
1911542
1911543
1911544
1911545
1911546
1911547
1911548
1911549
1911550
1911551
1911552
1911553
1911554
1911555
1911556
1911557
1911558
1911559
1911560
1911561
1911562
1911563
1911564
1911565
1911566
1911567
1911568
1911569
1912200
1912201
1912202
1912203
1912204
1912205
1912206
1912207
1912208
1912209
1912210
1912211
1912212
1912213
1912214
1912215
1912216
1912217
1912218
1912219
1912220
1912221
1912222
1912223
1912224
1912225
1912226
1912227
1912228
1912229
1912230
1912231
1912232
1912233
1912234
1912235
1912236
1912237
1912238
1912239
1912240
1912241
1912242
1912243
1912244
1912245
1912246
1912247
1912248
1912249
1912250
1912251
1912252
1912253
1912254
1912255
1912256
1912257
1912258
1912259
1912260
1912261
1912262
1912263
1912264
1912265
1912266
1912267
1912268
1912269
1912270
1912271
1912272
1912273
1912274
1912275
1912276
1912277
1912278
1912279
1912280
1912281
1912282
1912283
1912284
1912285
1912286
1912287
1912288
1912289
1912290
1912291
1912292
1912293
1912294
1912295
1912296
1912297
1912298
1912299
1912300
1912301
1912302
1912303
1912304
1912305
1912306
1912307
1912308
1912309
1912310
1912311
1912312
1912313
1912314
1912315
1912316
1912317
1912318
1912319
1912320
1912321
1912322
1912323
1912324
1912325
1912326
1912327
1912328
1912329
1912330
1912331
1912332
1912333
1912334
1912335
1912336
1912337
1912338
1912339
1912340
1912341
1912342
1912343
1912344
1912345
1912346
1912347
1912348
1912349
1912350
1912351
1912352
1912353
1912354
1912355
1912356
1912357
1912358
1912359
1912360
1912361
1912362
1912363
1912364
1912365
1912366
1912367
1912368
1912369
1912370
1912371
1912372
1912373
1912374
1912375
1912376
1912377
1912378
1912379
1912380
1912381
1912382
1912383
1912384
1912385
1912386
1912387
1912388
1912389
1912390
1912391
1912392
1912393
1912394
1912395
1912396
1912397
1912398
1912399
1914220
1914221
1914222
1914223
1914224
1914225
1914226
1914227
1914228
1914229
1914230
1914231
1914232
1914233
1914234
1914235
1914236
1914237
1914238
1914239
1914400
1914401
1914402
1914403
1914404
1914405
1914406
1914407
1914408
1914409
1914410
1914411
1914412
1914413
1914414
1914415
1914416
1914417
1914418
1914419
1914600
1914601
1914602
1914603
1914604
1914605
1914606
1914607
1914608
1914609
1914610
1914611
1914612
1914613
1914614
1914615
1914616
1914617
1914618
1914619
1914620
1914621
1914622
1914623
1914624
1914625
1914626
1914627
1914628
1914629
1914630
1914631
1914632
1914633
1914634
1914635
1914636
1914637
1914638
1914639
1320600
1320601
1320602
1320603
1320604
1320605
1320606
1320607
1320608
1320609
1320610
1320611
1320612
1320613
1320614
1320615
1320616
1320617
1320618
1320619
1320620
1320621
1320622
1320623
1320624
1320625
1320626
1320627
1320628
1320629
1321230
1321231
1321232
1321233
1321234
1321235
1321236
1321237
1321238
1321239
1321240
1321241
1321242
1321243
1321244
1321245
1321246
1321247
1321248
1321249
1321250
1321251
1321252
1321253
1321254
1321255
1321256
1321257
1321258
1321259
1322020
1322021
1322022
1322023
1322024
1322025
1322026
1322027
1322028
1322029
1322030
1322031
1322032
1322033
1322034
1322035
1322036
1322037
1322038
1322039
1322400
1322401
1322402
1322403
1322404
1322405
1322406
1322407
1322408
1322409
1322490
1322491
1322492
1322493
1322494
1322495
1322496
1322497
1322498
1322499
1322850
1322851
1322852
1322853
1322854
1322855
1322856
1322857
1322858
1322859
1322860
1322861
1322862
1322863
1322864
1322865
1322866
1322867
1322868
1322869
1324350
1324351
1324352
1324353
1324354
1324355
1324356
1324357
1324358
1324359
1325110
1325111
1325112
1325113
1325114
1325115
1325116
1325117
1325118
1325119
1325120
1325121
1325122
1325123
1325124
1325125
1325126
1325127
1325128
1325129
1325130
1325131
1325132
1325133
1325134
1325135
1325136
1325137
1325138
1325139
1325140
1325141
1325142
1325143
1325144
1325145
1325146
1325147
1325148
1325149
1327180
1327181
1327182
1327183
1327184
1327185
1327186
1327187
1327188
1327189
1327190
1327191
1327192
1327193
1327194
1327195
1327196
1327197
1327198
1327199
1327250
1327251
1327252
1327253
1327254
1327255
1327256
1327257
1327258
1327259
1327260
1327261
1327262
1327263
1327264
1327265
1327266
1327267
1327268
1327269
1327270
1327271
1327272
1327273
1327274
1327275
1327276
1327277
1327278
1327279
1327280
1327281
1327282
1327283
1327284
1327285
1327286
1327287
1327288
1327289
1327290
1327291
1327292
1327293
1327294
1327295
1327296
1327297
1327298
1327299
1327400
1327401
1327402
1327403
1327404
1327405
1327406
1327407
1327408
1327409
1327490
1327491
1327492
1327493
1327494
1327495
1327496
1327497
1327498
1327499
1329000
1329001
1329002
1329003
1329004
1329005
1329006
1329007
1329008
1329009
1880230
1880231
1880232
1880233
1880234
1880235
1880236
1880237
1880238
1880239
1887500
1887501
1887502
1887503
1887504
1887505
1887506
1887507
1887508
1887509
1887510
1887511
1887512
1887513
1887514
1887515
1887516
1887517
1887518
1887519
1887520
1887521
1887522
1887523
1887524
1887525
1887526
1887527
1887528
1887529
1887530
1887531
1887532
1887533
1887534
1887535
1887536
1887537
1887538
1887539
1887540
1887541
1887542
1887543
1887544
1887545
1887546
1887547
1887548
1887549
1887550
1887551
1887552
1887553
1887554
1887555
1887556
1887557
1887558
1887559
1888300
1888301
1888302
1888303
1888304
1888305
1888306
1888307
1888308
1888309
1888310
1888311
1888312
1888313
1888314
1888315
1888316
1888317
1888318
1888319
1888320
1888321
1888322
1888323
1888324
1888325
1888326
1888327
1888328
1888329
1888330
1888331
1888332
1888333
1888334
1888335
1888336
1888337
1888338
1888339
1888340
1888341
1888342
1888343
1888344
1888345
1888346
1888347
1888348
1888349
1888350
1888351
1888352
1888353
1888354
1888355
1888356
1888357
1888358
1888359
1888360
1888361
1888362
1888363
1888364
1888365
1888366
1888367
1888368
1888369
1888370
1888371
1888372
1888373
1888374
1888375
1888376
1888377
1888378
1888379
1888380
1888381
1888382
1888383
1888384
1888385
1888386
1888387
1888388
1888389
1888390
1888391
1888392
1888393
1888394
1888395
1888396
1888397
1888398
1888399
1889600
1889601
1889602
1889603
1889604
1889605
1889606
1889607
1889608
1889609
1889610
1889611
1889612
1889613
1889614
1889615
1889616
1889617
1889618
1889619
1750230
1750231
1750232
1750233
1750234
1750235
1750236
1750237
1750238
1750239
1751230
1751231
1751232
1751233
1751234
1751235
1751236
1751237
1751238
1751239
1752300
1752301
1752302
1752303
1752304
1752305
1752306
1752307
1752308
1752309
1752310
1752311
1752312
1752313
1752314
1752315
1752316
1752317
1752318
1752319
1752320
1752321
1752322
1752323
1752324
1752325
1752326
1752327
1752328
1752329
1752330
1752331
1752332
1752333
1752334
1752335
1752336
1752337
1752338
1752339
1752340
1752341
1752342
1752343
1752344
1752345
1752346
1752347
1752348
1752349
1752350
1752351
1752352
1752353
1752354
1752355
1752356
1752357
1752358
1752359
1752360
1752361
1752362
1752363
1752364
1752365
1752366
1752367
1752368
1752369
1752370
1752371
1752372
1752373
1752374
1752375
1752376
1752377
1752378
1752379
1752380
1752381
1752382
1752383
1752384
1752385
1752386
1752387
1752388
1752389
1752390
1752391
1752392
1752393
1752394
1752395
1752396
1752397
1752398
1752399
1758100
1758101
1758102
1758103
1758104
1758105
1758106
1758107
1758108
1758109
1758110
1758111
1758112
1758113
1758114
1758115
1758116
1758117
1758118
1758119
1370830
1370831
1370832
1370833
1370834
1370835
1370836
1370837
1370838
1370839
1370940
1370941
1370942
1370943
1370944
1370945
1370946
1370947
1370948
1370949
1375280
1375281
1375282
1375283
1375284
1375285
1375286
1375287
1375288
1375289
1375290
1375291
1375292
1375293
1375294
1375295
1375296
1375297
1375298
1375299
1470230
1470231
1470232
1470233
1470234
1470235
1470236
1470237
1470238
1470239
1471860
1471861
1471862
1471863
1471864
1471865
1471866
1471867
1471868
1471869
1472320
1472321
1472322
1472323
1472324
1472325
1472326
1472327
1472328
1472329
1472330
1472331
1472332
1472333
1472334
1472335
1472336
1472337
1472338
1472339
1472340
1472341
1472342
1472343
1472344
1472345
1472346
1472347
1472348
1472349
1472350
1472351
1472352
1472353
1472354
1472355
1472356
1472357
1472358
1472359
1472360
1472361
1472362
1472363
1472364
1472365
1472366
1472367
1472368
1472369
1472370
1472371
1472372
1472373
1472374
1472375
1472376
1472377
1472378
1472379
1472380
1472381
1472382
1472383
1472384
1472385
1472386
1472387
1472388
1472389
1472390
1472391
1472392
1472393
1472394
1472395
1472396
1472397
1472398
1472399
1472720
1472721
1472722
1472723
1472724
1472725
1472726
1472727
1472728
1472729
1472730
1472731
1472732
1472733
1472734
1472735
1472736
1472737
1472738
1472739
1473400
1473401
1473402
1473403
1473404
1473405
1473406
1473407
1473408
1473409
1473410
1473411
1473412
1473413
1473414
1473415
1473416
1473417
1473418
1473419
1473420
1473421
1473422
1473423
1473424
1473425
1473426
1473427
1473428
1473429
1473430
1473431
1473432
1473433
1473434
1473435
1473436
1473437
1473438
1473439
1473440
1473441
1473442
1473443
1473444
1473445
1473446
1473447
1473448
1473449
1476590
1476591
1476592
1476593
1476594
1476690
1476691
1476692
1476693
1476694
1479830
1479831
1479832
1479833
1479834
1479835
1479836
1479837
1479838
1479839
1479840
1479841
1479842
1479843
1479844
1479845
1479846
1479847
1479848
1479849
1479850
1479851
1479852
1479853
1479854
1479855
1479856
1479857
1479858
1479859
1479860
1479861
1479862
1479863
1479864
1479865
1479866
1479867
1479868
1479869
1479870
1479871
1479872
1479873
1479874
1479875
1479876
1479877
1479878
1479879
1810086
1810087
1810230
1810231
1810232
1810233
1810234
1810235
1810236
1810237
1810238
1810239
1810830
1810831
1810832
1810833
1810834
1810835
1810836
1810837
1810838
1810839
1816630
1816631
1816632
1816633
1816634
1816635
1816636
1816637
1816638
1816639
1816640
1816641
1816642
1816643
1816644
1816645
1816646
1816647
1816648
1816649
1816650
1816651
1816652
1816653
1816654
1816655
1816656
1816657
1816658
1816659
1818220
1818221
1818222
1818223
1818224
1818225
1818226
1818227
1818228
1818229
1818230
1818231
1818232
1818233
1818234
1818235
1818236
1818237
1818238
1818239
1818300
1818301
1818302
1818303
1818304
1818305
1818306
1818307
1818308
1818309
1818310
1818311
1818312
1818313
1818314
1818315
1818316
1818317
1818318
1818319
1818400
1818401
1818402
1818403
1818404
1818405
1818406
1818407
1818408
1818409
1818470
1818471
1818472
1818473
1818474
1818475
1818476
1818477
1818478
1818479
1520230
1520231
1520232
1520233
1520234
1520235
1520236
1520237
1520238
1520239
1521300
1521301
1521302
1521303
1521304
1521305
1521306
1521307
1521308
1521309
1521310
1521311
1521312
1521313
1521314
1521315
1521316
1521317
1521318
1521319
1521320
1521321
1521322
1521323
1521324
1521325
1521326
1521327
1521328
1521329
1521330
1521331
1521332
1521333
1521334
1521335
1521336
1521337
1521338
1521339
1521340
1521341
1521342
1521343
1521344
1521345
1521346
1521347
1521348
1521349
1521350
1521351
1521352
1521353
1521354
1521355
1521356
1521357
1521358
1521359
1521360
1521361
1521362
1521363
1521364
1521365
1521366
1521367
1521368
1521369
1521370
1521371
1521372
1521373
1521374
1521375
1521376
1521377
1521378
1521379
1521500
1521501
1521502
1521503
1521504
1521505
1521506
1521507
1521508
1521509
1521510
1521511
1521512
1521513
1521514
1521515
1521516
1521517
1521518
1521519
1521520
1521521
1521522
1521523
1521524
1521525
1521526
1521527
1521528
1521529
1522300
1522301
1522302
1522303
1522304
1522305
1522306
1522307
1522308
1522309
1522310
1522311
1522312
1522313
1522314
1522315
1522316
1522317
1522318
1522319
1522320
1522321
1522322
1522323
1522324
1522325
1522326
1522327
1522328
1522329
1522330
1522331
1522332
1522333
1522334
1522335
1522336
1522337
1522338
1522339
1522340
1522341
1522342
1522343
1522344
1522345
1522346
1522347
1522348
1522349
1522350
1522351
1522352
1522353
1522354
1522355
1522356
1522357
1522358
1522359
1522360
1522361
1522362
1522363
1522364
1522365
1522366
1522367
1522368
1522369
1522370
1522371
1522372
1522373
1522374
1522375
1522376
1522377
1522378
1522379
1522380
1522381
1522382
1522383
1522384
1522385
1522386
1522387
1522388
1522389
1522390
1522391
1522392
1522393
1522394
1522395
1522396
1522397
1522398
1522399
1510230
1510231
1510232
1510233
1510234
1510235
1510236
1510237
1510238
1510239
1511180
1511181
1511182
1511183
1511184
1511185
1511186
1511187
1511188
1511189
1511190
1511191
1511192
1511193
1511194
1511195
1511196
1511197
1511198
1511199
1512300
1512301
1512302
1512303
1512304
1512305
1512306
1512307
1512308
1512309
1512310
1512311
1512312
1512313
1512314
1512315
1512316
1512317
1512318
1512319
1512320
1512321
1512322
1512323
1512324
1512325
1512326
1512327
1512328
1512329
1512330
1512331
1512332
1512333
1512334
1512335
1512336
1512337
1512338
1512339
1512340
1512341
1512342
1512343
1512344
1512345
1512346
1512347
1512348
1512349
1512350
1512351
1512352
1512353
1512354
1512355
1512356
1512357
1512358
1512359
1512360
1512361
1512362
1512363
1512364
1512365
1512366
1512367
1512368
1512369
1512370
1512371
1512372
1512373
1512374
1512375
1512376
1512377
1512378
1512379
1512380
1512381
1512382
1512383
1512384
1512385
1512386
1512387
1512388
1512389
1512390
1512391
1512392
1512393
1512394
1512395
1512396
1512397
1512398
1512399
1517870
1517871
1517872
1517873
1517874
1517875
1517876
1517877
1517878
1517879
1517880
1517881
1517882
1517883
1517884
1517885
1517886
1517887
1517888
1517889
1517890
1517891
1517892
1517893
1517894
1517895
1517896
1517897
1517898
1517899
1820230
1820231
1820232
1820233
1820234
1820235
1820236
1820237
1820238
1820239
1820300
1820301
1820302
1820303
1820304
1820305
1820306
1820307
1820308
1820309
1822300
1822301
1822302
1822303
1822304
1822305
1822306
1822307
1822308
1822309
1822310
1822311
1822312
1822313
1822314
1822315
1822316
1822317
1822318
1822319
1822320
1822321
1822322
1822323
1822324
1822325
1822326
1822327
1822328
1822329
1822330
1822331
1822332
1822333
1822334
1822335
1822336
1822337
1822338
1822339
1822340
1822341
1822342
1822343
1822344
1822345
1822346
1822347
1822348
1822349
1822350
1822351
1822352
1822353
1822354
1822355
1822356
1822357
1822358
1822359
1822360
1822361
1822362
1822363
1822364
1822365
1822366
1822367
1822368
1822369
1822370
1822371
1822372
1822373
1822374
1822375
1822376
1822377
1822378
1822379
1822380
1822381
1822382
1822383
1822384
1822385
1822386
1822387
1822388
1822389
1822390
1822391
1822392
1822393
1822394
1822395
1822396
1822397
1822398
1822399
1822500
1822501
1822502
1822503
1822504
1822505
1822506
1822507
1822508
1822509
1822510
1822511
1822512
1822513
1822514
1822515
1822516
1822517
1822518
1822519
1822520
1822521
1822522
1822523
1822524
1822525
1822526
1822527
1822528
1822529
1822530
1822531
1822532
1822533
1822534
1822535
1822536
1822537
1822538
1822539
1822540
1822541
1822542
1822543
1822544
1822545
1822546
1822547
1822548
1822549
1829020
1829021
1829022
1829023
1829024
1829025
1829026
1829027
1829028
1829029
1829030
1829031
1829032
1829033
1829034
1829035
1829036
1829037
1829038
1829039
1829040
1829041
1829042
1829043
1829044
1829045
1829046
1829047
1829048
1829049
1829050
1829051
1829052
1829053
1829054
1829055
1829056
1829057
1829058
1829059
1343600
1343601
1343602
1343603
1343604
1343605
1343606
1343607
1343608
1343609
1343610
1343611
1343612
1343613
1343614
1343615
1343616
1343617
1343618
1343619
1343620
1343621
1343622
1343623
1343624
1343625
1343626
1343627
1343628
1343629
1344196
1344796
1344996
1345200
1345201
1345202
1345203
1345204
1345205
1345206
1345207
1345208
1345209
1345210
1345211
1345212
1345213
1345214
1345215
1345216
1345217
1345218
1345219
1345220
1345221
1345222
1345223
1345224
1345225
1345226
1345227
1345228
1345229
1345230
1345231
1345232
1345233
1345234
1345235
1345236
1345237
1345238
1345239
1345240
1345241
1345242
1345243
1345244
1345245
1345246
1345247
1345248
1345249
1345250
1345251
1345252
1345253
1345254
1345255
1345256
1345257
1345258
1345259
1345260
1345261
1345262
1345263
1345264
1345265
1345266
1345267
1345268
1345269
1345270
1345271
1345272
1345273
1345274
1345275
1345276
1345277
1345278
1345279
1345280
1345281
1345282
1345283
1345284
1345285
1345286
1345287
1345288
1345289
1345290
1345291
1345292
1345293
1345294
1345295
1345296
1345297
1345298
1345299
1580230
1580231
1580232
1580233
1580234
1580235
1580236
1580237
1580238
1580239
1580300
1580301
1580302
1580303
1580304
1580305
1580306
1580307
1580308
1580309
1580360
1580361
1580362
1580363
1580364
1580365
1580366
1580367
1580368
1580369
1580800
1580801
1580802
1580803
1580804
1580805
1580806
1580807
1580808
1580809
1582300
1582301
1582302
1582303
1582304
1582305
1582306
1582307
1582308
1582309
1582310
1582311
1582312
1582313
1582314
1582315
1582316
1582317
1582318
1582319
1582320
1582321
1582322
1582323
1582324
1582325
1582326
1582327
1582328
1582329
1582330
1582331
1582332
1582333
1582334
1582335
1582336
1582337
1582338
1582339
1582340
1582341
1582342
1582343
1582344
1582345
1582346
1582347
1582348
1582349
1582350
1582351
1582352
1582353
1582354
1582355
1582356
1582357
1582358
1582359
1582360
1582361
1582362
1582363
1582364
1582365
1582366
1582367
1582368
1582369
1582370
1582371
1582372
1582373
1582374
1582375
1582376
1582377
1582378
1582379
1582380
1582381
1582382
1582383
1582384
1582385
1582386
1582387
1582388
1582389
1582390
1582391
1582392
1582393
1582394
1582395
1582396
1582397
1582398
1582399
1582590
1582591
1582592
1582593
1582594
1582595
1582596
1582597
1582598
1582599
1582600
1582601
1582602
1582603
1582604
1582605
1582606
1582607
1582608
1582609
1582610
1582611
1582612
1582613
1582614
1582615
1582616
1582617
1582618
1582619
1582620
1582621
1582622
1582623
1582624
1582625
1582626
1582627
1582628
1582629
1582630
1582631
1582632
1582633
1582634
1582635
1582636
1582637
1582638
1582639
1582640
1582641
1582642
1582643
1582644
1582645
1582646
1582647
1582648
1582649
1585600
1585601
1585602
1585603
1585604
1585605
1585606
1585607
1585608
1585609
1587040
1587041
1587042
1587043
1587044
1587045
1587046
1587047
1587048
1587049
1587050
1587051
1587052
1587053
1587054
1587055
1587056
1587057
1587058
1587059
1760230
1760231
1760232
1760233
1760234
1760235
1760236
1760237
1760238
1760239
1761230
1761231
1761232
1761233
1761234
1761235
1761236
1761237
1761238
1761239
1762300
1762301
1762302
1762303
1762304
1762305
1762306
1762307
1762308
1762309
1762310
1762311
1762312
1762313
1762314
1762315
1762316
1762317
1762318
1762319
1762320
1762321
1762322
1762323
1762324
1762325
1762326
1762327
1762328
1762329
1762330
1762331
1762332
1762333
1762334
1762335
1762336
1762337
1762338
1762339
1762340
1762341
1762342
1762343
1762344
1762345
1762346
1762347
1762348
1762349
1762350
1762351
1762352
1762353
1762354
1762355
1762356
1762357
1762358
1762359
1762360
1762361
1762362
1762363
1762364
1762365
1762366
1762367
1762368
1762369
1762370
1762371
1762372
1762373
1762374
1762375
1762376
1762377
1762378
1762379
1762380
1762381
1762382
1762383
1762384
1762385
1762386
1762387
1762388
1762389
1310100
1310101
1310102
1310103
1310104
1310105
1310106
1310107
1310108
1310109
1310110
1310111
1310112
1310113
1310114
1310115
1310116
1310117
1310118
1310119
1310120
1310121
1310122
1310123
1310124
1310125
1310126
1310127
1310128
1310129
1310130
1310131
1310132
1310133
1310134
1310135
1310136
1310137
1310138
1310139
1310230
1310231
1310232
1310233
1310234
1310235
1310236
1310237
1310238
1310239
1310890
1310891
1310892
1310893
1310894
1310895
1310896
1310897
1310898
1310899
1311010
1311011
1311012
1311013
1311014
1311015
1311016
1311017
1311018
1311019
1311020
1311021
1311022
1311023
1311024
1311025
1311026
1311027
1311028
1311029
1311400
1311401
1311402
1311403
1311404
1311405
1311406
1311407
1311408
1311409
1313230
1313231
1313232
1313233
1313234
1313235
1313236
1313237
1313238
1313239
1314020
1314021
1314022
1314023
1314024
1314025
1314026
1314027
1314028
1314029
1314030
1314031
1314032
1314033
1314034
1314035
1314036
1314037
1314038
1314039
1316440
1316441
1316442
1316443
1316444
1316445
1316446
1316447
1316448
1316449
1316780
1316781
1316782
1316783
1316784
1316785
1316786
1316787
1316788
1316789
1316790
1316791
1316792
1316793
1316794
1316795
1316796
1316797
1316798
1316799
1319300
1319301
1319302
1319303
1319304
1319305
1319306
1319307
1319308
1319309
1319310
1319311
1319312
1319313
1319314
1319315
1319316
1319317
1319318
1319319
1319320
1319321
1319322
1319323
1319324
1319325
1319326
1319327
1319328
1319329
1730020
1730021
1730022
1730023
1730024
1730025
1730026
1730027
1730028
1730029
1730230
1730231
1730232
1730233
1730234
1730235
1730236
1730237
1730238
1730239
1730830
1730831
1730832
1730833
1730834
1730835
1730836
1730837
1730838
1730839
1731670
1731671
1731672
1731673
1731674
1731675
1731676
1731677
1731678
1731679
1731820
1731821
1731822
1731823
1731824
1731825
1731826
1731827
1731828
1731829
1731840
1731841
1731842
1731843
1731844
1731845
1731846
1731847
1731848
1731849
1732030
1732031
1732032
1732033
1732034
1732035
1732036
1732037
1732038
1732039
1732040
1732041
1732042
1732043
1732044
1732045
1732046
1732047
1732048
1732049
1732340
1732341
1732342
1732343
1732344
1732345
1732346
1732347
1732348
1732349
1732350
1732351
1732352
1732353
1732354
1732355
1732356
1732357
1732358
1732359
1732360
1732361
1732362
1732363
1732364
1732365
1732366
1732367
1732368
1732369
1732370
1732371
1732372
1732373
1732374
1732375
1732376
1732377
1732378
1732379
1732380
1732381
1732382
1732383
1732384
1732385
1732386
1732387
1732388
1732389
1732390
1732391
1732392
1732393
1732394
1732395
1732396
1732397
1732398
1732399
1733830
1733831
1733832
1733833
1733834
1733835
1733836
1733837
1733838
1733839
1733860
1733861
1733862
1733863
1733864
1733865
1733866
1733867
1733868
1733869
1734760
1734761
1734762
1734763
1734764
1734765
1734766
1734767
1734768
1734769
1734770
1734771
1734772
1734773
1734774
1734775
1734776
1734777
1734778
1734779
1734780
1734781
1734782
1734783
1734784
1734785
1734786
1734787
1734788
1734789
1734790
1734791
1734792
1734793
1734794
1734795
1734796
1734797
1734798
1734799
1735310
1735311
1735312
1735313
1735314
1735315
1735316
1735317
1735318
1735319
1735320
1735321
1735322
1735323
1735324
1735325
1735326
1735327
1735328
1735329
1735830
1735831
1735832
1735833
1735834
1735835
1735836
1735837
1735838
1735839
1735840
1735841
1735842
1735843
1735844
1735845
1735846
1735847
1735848
1735849
1736520
1736521
1736522
1736523
1736524
1736525
1736526
1736527
1736528
1736529
1737830
1737831
1737832
1737833
1737834
1737835
1737836
1737837
1737838
1737839
1738220
1738221
1738222
1738223
1738224
1738225
1738226
1738227
1738228
1738229
1738230
1738231
1738232
1738233
1738234
1738235
1738236
1738237
1738238
1738239
1738300
1738301
1738302
1738303
1738304
1738305
1738306
1738307
1738308
1738309
1738310
1738311
1738312
1738313
1738314
1738315
1738316
1738317
1738318
1738319
1738400
1738401
1738402
1738403
1738404
1738405
1738406
1738407
1738408
1738409
1738470
1738471
1738472
1738473
1738474
1738475
1738476
1738477
1738478
1738479
1738820
1738821
1738822
1738823
1738824
1738825
1738826
1738827
1738828
1738829
1380023
1380830
1380831
1380832
1380833
1380834
1380835
1380836
1380837
1380838
1380839
1388300
1388301
1388302
1388303
1388304
1388305
1388306
1388307
1388308
1388309
1388310
1388311
1388312
1388313
1388314
1388315
1388316
1388317
1388318
1388319
1388320
1388321
1388322
1388323
1388324
1388325
1388326
1388327
1388328
1388329
1388330
1388331
1388332
1388333
1388334
1388335
1388336
1388337
1388338
1388339
1388340
1388341
1388342
1388343
1388344
1388345
1388346
1388347
1388348
1388349
1388350
1388351
1388352
1388353
1388354
1388355
1388356
1388357
1388358
1388359
1388360
1388361
1388362
1388363
1388364
1388365
1388366
1388367
1388368
1388369
1388370
1388371
1388372
1388373
1388374
1388375
1388376
1388377
1388378
1388379
1388380
1388381
1388382
1388383
1388384
1388385
1388386
1388387
1388388
1388389
1388390
1388391
1388392
1388393
1388394
1388395
1388396
1388397
1388398
1388399
1389600
1389601
1389602
1389603
1389604
1389605
1389606
1389607
1389608
1389609
1389610
1389611
1389612
1389613
1389614
1389615
1389616
1389617
1389618
1389619
1389620
1389621
1389622
1389623
1389624
1389625
1389626
1389627
1389628
1389629
1389630
1389631
1389632
1389633
1389634
1389635
1389636
1389637
1389638
1389639
1389640
1389641
1389642
1389643
1389644
1389645
1389646
1389647
1389648
1389649
1389650
1389651
1389652
1389653
1389654
1389655
1389656
1389657
1389658
1389659
1389660
1389661
1389662
1389663
1389664
1389665
1389666
1389667
1389668
1389669
1389670
1389671
1389672
1389673
1389674
1389675
1389676
1389677
1389678
1389679
1389680
1389681
1389682
1389683
1389684
1389685
1389686
1389687
1389688
1389689
1389690
1389691
1389692
1389693
1389694
1389695
1389696
1389697
1389698
1389699
1660230
1660231
1660232
1660233
1660234
1660235
1660236
1660237
1660238
1660239
1661230
1661231
1661232
1661233
1661234
1661235
1661236
1661237
1661238
1661239
1662300
1662301
1662302
1662303
1662304
1662305
1662306
1662307
1662308
1662309
1662310
1662311
1662312
1662313
1662314
1662315
1662316
1662317
1662318
1662319
1662320
1662321
1662322
1662323
1662324
1662325
1662326
1662327
1662328
1662329
1662330
1662331
1662332
1662333
1662334
1662335
1662336
1662337
1662338
1662339
1662340
1662341
1662342
1662343
1662344
1662345
1662346
1662347
1662348
1662349
1662350
1662351
1662352
1662353
1662354
1662355
1662356
1662357
1662358
1662359
1662360
1662361
1662362
1662363
1662364
1662365
1662366
1662367
1662368
1662369
1662370
1662371
1662372
1662373
1662374
1662375
1662376
1662377
1662378
1662379
1662380
1662381
1662382
1662383
1662384
1662385
1662386
1662387
1662388
1662389
1662390
1662391
1662392
1662393
1662394
1662395
1662396
1662397
1662398
1662399
1668100
1668101
1668102
1668103
1668104
1668105
1668106
1668107
1668108
1668109
1870230
1870231
1870232
1870233
1870234
1870235
1870236
1870237
1870238
1870239
1871620
1871621
1871622
1871623
1871624
1871625
1871626
1871627
1871628
1871629
1871630
1871631
1871632
1871633
1871634
1871635
1871636
1871637
1871638
1871639
1871640
1871641
1871642
1871643
1871644
1871645
1871646
1871647
1871648
1871649
1871650
1871651
1871652
1871653
1871654
1871655
1871656
1871657
1871658
1871659
1871660
1871661
1871662
1871663
1871664
1871665
1871666
1871667
1871668
1871669
1871670
1871671
1871672
1871673
1871674
1871675
1871676
1871677
1871678
1871679
1871680
1871681
1871682
1871683
1871684
1871685
1871686
1871687
1871688
1871689
1871690
1871691
1871692
1871693
1871694
1871695
1871696
1871697
1871698
1871699
1871700
1871701
1871702
1871703
1871704
1871705
1871706
1871707
1871708
1871709
1872300
1872301
1872302
1872303
1872304
1872305
1872306
1872307
1872308
1872309
1872310
1872311
1872312
1872313
1872314
1872315
1872316
1872317
1872318
1872319
1872320
1872321
1872322
1872323
1872324
1872325
1872326
1872327
1872328
1872329
1872330
1872331
1872332
1872333
1872334
1872335
1872336
1872337
1872338
1872339
1872340
1872341
1872342
1872343
1872344
1872345
1872346
1872347
1872348
1872349
1872350
1872351
1872352
1872353
1872354
1872355
1872356
1872357
1872358
1872359
1872360
1872361
1872362
1872363
1872364
1872365
1872366
1872367
1872368
1872369
1872370
1872371
1872372
1872373
1872374
1872375
1872376
1872377
1872378
1872379
1872380
1872381
1872382
1872383
1872384
1872385
1872386
1872387
1872388
1872389
1872390
1872391
1872392
1872393
1872394
1872395
1872396
1872397
1872398
1872399
1872560
1872561
1872562
1872563
1872564
1872565
1872566
1872567
1872568
1872569
1872570
1872571
1872572
1872573
1872574
1872575
1872576
1872577
1872578
1872579
1872580
1872581
1872582
1872583
1872584
1872585
1872586
1872587
1872588
1872589
1872590
1872591
1872592
1872593
1872594
1872595
1872596
1872597
1872598
1872599
