1580817
1580840
1580841
1580842
1580843
1580844
1588148
1588149
1588170
1588171
1588172
1588173
1588174
1588175
1588176
1588177
1588178
1588179
1588260
1588261
1588262
1588263
1588264
1588265
1588266
1588267
1588268
1588269
1588470
1588471
1589243
1589244
1589245
1589275
1589276
1589277
1589278
1589279
1760817
1762817
1762819
1762841
1762888
1762889
1768316
1768317
1768318
1768321
1768322
1768323
1340408
1340817
1340828
1341910
1341911
1341912
1341913
1341914
1343875
1343876
1343877
1343878
1344015
1345820
1345821
1345822
1345823
1345824
1345825
1345826
1345827
1345828
1345829
1345840
1345841
1518147
1518170
1518171
1518172
1518173
1518174
1518175
1518176
1518177
1518178
1518179
1518290
1518291
1518292
1518293
1518294
1518295
1518296
1518297
1518298
1518299
1518354
1518355
1518356
1519675
1519676
1519677
1519678
1519679
1821589
1822730
1822731
1822732
1822733
1822734
1822735
1822736
1822737
1822738
1822739
1824442
1828080
1828081
1828082
1828083
1828084
1828170
1828171
1828172
1828173
1828174
1828175
1828176
1828177
1828178
1828179
1828200
1828201
1828202
1828203
1828204
1828205
1828206
1828207
1828208
1828209
1828410
1828411
1828412
1828413
1828414
1828415
1828416
1828417
1828418
1828419
1828420
1828421
1828460
1878070
1878071
1878072
1878073
1878074
1878075
1878076
1878077
1878078
1878079
1878170
1878171
1878172
1878173
1878174
1878175
1878176
1878177
1878178
1878179
1878390
1878391
1878392
1878393
1878394
1878395
1878396
1878397
1878398
1878399
1878427
1878428
1878429
1878470
1878471
1878472
1878473
1878474
1878475
1878476
1878477
1878478
1878479
1380827
1389040
1389070
1389071
1389072
1389073
1389074
1389075
1389076
1389077
1389078
1389079
1389080
1389081
1389082
1389083
1389084
1389085
1389086
1389087
1389088
1389089
1660817
1660822
1660824
1662817
1665963
1665964
1665965
1665967
1665968
1665969
1668332
1668333
1668334
1668335
1668338
1668339
1730817
1731372
1731373
1731374
1731375
1731376
1731377
1731378
1731379
1731380
1731381
1731382
1731383
1731384
1731385
1731386
1731387
1731388
1731389
1731390
1731391
1734023
1734039
1734160
1734161
1734162
1734163
1734164
1734165
1734166
1734167
1734168
1734169
1734431
1736130
1736131
1736132
1736133
1736134
1736135
1736136
1736137
1736138
1736139
1736140
1736141
1736142
1736143
1736144
1736145
1736146
1736147
1736148
1736149
1736497
1736498
1736499
1737490
1737499
1737888
1738070
1738071
1738072
1738073
1738074
1738075
1738106
1738109
1738135
1738320
1738321
1738322
1738353
1738354
1738355
1738356
1738357
1738358
1738359
1738360
1738361
1738362
1738363
1738364
1738365
1738366
1738367
1738368
1738369
1738370
1738371
1738372
1738373
1738374
1738375
1738376
1738377
1738378
1738379
1738380
1738381
1738382
1738383
1738384
1738385
1738386
1738387
1738388
1738389
1738390
1738391
1738392
1738393
1738394
1738395
1738396
1738397
1739022
1739024
1739080
1739081
1739082
1739083
1739084
1739085
1739086
1739087
1739088
1739089
1739491
1739492
1739530
1739531
1739532
1739533
1739534
1739810
1739811
1739812
1739813
1310817
1311826
1311827
1311828
1311829
1315850
1315851
1315852
1318340
1318375
1318376
1319817
1319818
1319819
1319843
1319864
1319881
1319882
1910817
1911410
1911411
1911412
1911413
1911414
1911415
1911416
1911417
1911418
1911419
1911420
1911421
1911422
1911423
1911424
1911425
1911426
1911427
1911428
1911429
1913003
1915058
1915059
1916048
1916049
1916055
1916056
1916057
1916058
1916059
1916100
1916101
1916102
1916103
1916104
1916105
1916106
1916107
1916108
1916109
1916110
1916111
1916112
1916113
1916114
1916115
1916116
1916117
1916118
1916119
1916120
1916121
1916122
1916123
1916124
1916125
1916126
1916127
1916128
1916129
1916130
1916131
1916132
1916133
1916134
1916135
1916136
1916137
1916138
1916139
1916140
1916141
1918030
1918031
1918375
1918376
1918377
1918378
1918379
1320812
1320823
1321910
1321911
1321912
1321913
1321914
1321915
1321940
1322825
1322826
1322845
1325840
1325841
1328143
1328190
1328191
1328192
1328193
1328194
1328195
1650020
1650817
1651506
1651817
1652775
1652776
1656136
1980817
1980820
1981286
1984873
1984874
1984875
1984876
1988170
1988171
1988172
1988173
1988174
1988175
1988176
1988177
1988178
1988179
1570817
1572960
1572961
1576048
1576049
1576055
1576056
1576057
1576058
1576059
1577548
1577549
1577580
1577581
1577582
1577583
1577584
1577585
1577586
1577587
1577588
1577589
1848170
1848171
1848172
1848173
1848174
1848175
1848176
1848177
1848178
1848179
1848282
1848283
1848284
1848285
1848286
1848287
1848288
1848289
1811101
1811102
1811103
1811390
1811391
1811392
1811393
1812180
1812181
1812182
1812190
1812191
1812192
1812193
1812194
1814027
1814133
1814134
1814135
1814136
1814429
1814503
1814504
1814505
1814506
1814507
1814811
1816018
1816144
1816145
1816146
1818017
1818106
1818107
1818108
1818109
1818110
1818111
1818112
1818113
1818839
1818842
1818843
1522810
1522811
1522812
1522813
1522814
1522815
1522816
1528170
1528171
1528172
1528173
1528174
1528175
1528176
1528177
1528178
1528179
1529820
1529821
1529822
1529823
1529824
1472687
1472688
1472689
1478073
1478074
1478075
1478146
1478147
1478170
1478171
1478172
1478173
1478174
1478175
1478176
1478177
1478178
1478179
1370097
1370827
1377818
1377819
1377846
1379599
1880082
1880083
1880084
1880085
1880086
1880087
1880088
1880089
1880817
1882848
1882849
1888170
1888171
1888172
1888173
1888174
1888175
1888176
1888177
1888178
1888179
1888230
1888231
1888232
1888233
1888234
1750817
1750819
1758132
1758133
1758134
1758135
1758136
1758137
1758138
1758139
1758171
1758172
1758173
1758174
1758175
1758176
1758177
1758178
1758179
1758192
1758193
1758194
1758195
1758196
1758197
1758198
1758199
1300282
1301812
1303656
1303820
1303821
1305642
1305643
1306430
1306431
1308433
1308636
1308637
1308813
1308819
1309282
1309613
1309614
1930827
1726086
1390907
1398030
1398031
1398918
1398919
1399070
1399071
1399072
1399073
1399074
1399075
1399076
1399077
1399078
1399079
1399080
1399081
1399082
1399083
1399084
1399085
1399086
1399087
1399088
1399089
1671817
1672817
1672835
1672836
1672837
1672839
1673817
1860817
1860819
1860820
1868170
1868171
1868172
1868173
1868174
1868175
1868176
1868177
1868178
1868179
1868258
1868406
1868407
1550810
1550811
1550812
1550813
1550814
1550815
1550817
1552040
1552041
1552042
1552085
1552086
1552087
1552088
1552089
1552860
1552861
1552880
1552881
1552882
1552883
1552884
1552885
1558361
1508247
1508248
1508249
1508275
1508276
1508277
1508278
1508279
1834980
1834981
1834982
1834983
1834984
1834985
1834986
1834987
1834988
1834989
1838070
1838071
1838072
1838073
1838074
1838075
1838076
1838077
1838078
1838079
1838170
1838171
1838172
1838173
1838174
1838175
1838176
1838177
1838178
1838179
1838290
1838291
1838292
1838293
1838294
1838295
1838296
1838297
1838298
1838299
1838405
1838406
1838407
1838408
1838409
1839845
1839846
1350808
1350809
1350827
1351828
1351829
1354058
1354059
1354093
1354094
1354095
1354744
1354755
1354756
1354757
1354758
1354759
1355058
1355059
1355168
1355191
1356860
1356861
1452817
1452824
1453803
1453804
1453805
1453806
1453807
1453808
1453809
1453817
1453818
1453819
1453848
1453849
1454565
1454873
1457209
1590827
1590837
1590847
1598375
1598376
1598377
1598378
1598379
1598480
1598481
1598482
1598483
1598484
1598485
1598486
1598487
1598488
1598489
1771141
1771380
1771381
1771382
1771383
1771643
1771644
1771645
1771686
1772180
1772181
1772182
1772192
1772193
1772194
1772630
1772631
1772632
1772633
1772634
1772635
1772636
1772637
1772638
1772639
1772986
1772988
1773689
1773820
1773821
1773822
1773823
1773875
1773876
1773877
1773878
1773879
1773884
1774015
1774016
1774027
1774098
1774329
1774333
1774334
1774432
1774547
1774548
1774670
1774671
1774672
1774673
1774674
1774806
1774817
1774840
1774841
1774846
1776000
1776005
1776049
1776064
1776104
1776105
1776106
1776118
1776550
1776551
1776552
1776553
1776554
1776555
1776556
1776557
1776558
1776559
1776678
1777838
1777848
1777857
1777866
1778017
1778090
1778091
1778092
1778110
1778111
1778112
1778113
1778114
1778115
1778120
1778127
1778128
1778129
1778867
1778869
1779018
1779019
1779048
1779049
1779050
1779051
1779052
1890907
1898030
1898031
1898918
1898919
1899070
1899071
1899072
1899073
1899074
1899075
1899076
1899077
1899078
1899079
1899080
1899081
1899082
1899083
1899084
1899085
1899086
1899087
1899088
1899089
1361905
1362809
1362905
1364905
1365905
1365908
1367828
1368822
1368823
1369600
1369601
1369602
1369620
1369621
1369622
1369623
1369624
1369828
1369829
1369966
1369967
1369968
1369969
1800817
1801168
1801169
1803479
1804044
1804840
1804841
1804866
1804867
1804882
1804883
1804895
1804896
1805470
1805471
1805472
1808030
1808031
1808032
1808033
1808034
1808035
1808154
1808155
1808156
1808157
1808158
1808159
1808690
1808691
1808692
1809054
1809055
1809056
1809057
1809058
1809059
1530907
1532841
1532842
1532843
1532844
1532885
1532886
1532887
1532888
1532889
1534823
1535126
1535127
1535144
1537838
1537839
1537848
1538760
1538761
1538762
1538763
1538764
1539028
1539029
1539049
1560827
1560907
1568015
1568030
1568031
1568103
1568104
1568105
1568106
1568107
1568108
1568109
1568139
1568215
1568216
1568217
1568218
1568219
1568240
1568241
1568242
1568243
1568244
1569282
1569404
1782875
1782876
1782877
1782878
1782879
1784493
1784494
1786705
1788330
1788331
1788332
1788333
1788334
1788335
1788345
1788844
1850817
1858170
1858171
1858172
1858173
1858174
1858211
1858212
1858213
1858214
1858215
1858216
1858217
1858218
1858219
1858220
1858221
1858222
1858223
1858224
1858225
1858226
1858227
1858228
1858229
1858262
1858263
1858411
1858421
1858422
1858423
1858424
1858429
1859991
1991590
1991592
1991593
1993098
1993852
1993853
1993875
1993876
1993877
1993878
1994093
1994980
1994981
1994982
1994983
1994984
1994985
1994986
1994987
1994988
1994989
1995058
1995059
1996048
1996049
1996055
1996056
1996057
1996058
1996059
1996080
1996081
1996082
1996083
1996084
1996085
1996086
1996087
1996088
1996089
1998030
1998031
1998281
1998282
1998283
1998284
1998285
1998286
1998287
1998288
1712481
1713817
1715817
1716817
1717145
1717814
1717817
1717819
1717820
1330907
1332076
1332077
1333076
1333077
1334076
1334077
1335025
1335026
1335027
1335040
1335063
1335064
1335065
1335066
1337818
1337824
1338822
1338823
1339841
1339842
