1300177
1300277
1301177
1301178
1301274
1302177
1302277
1304400
1304401
1304402
1305380
1305381
1305382
1305383
1305384
1305385
1305386
1305387
1305388
1305389
1308147
1308277
1390538
1390548
1395380
1395381
1395382
1395383
1395384
1395385
1395386
1395387
1395388
1395389
1395480
1395481
1395482
1395483
1395484
1395485
1395486
1395487
1395488
1395489
1671538
1672538
1673538
1673748
1673749
1673807
1673808
1673809
1673820
1673821
1673822
1673823
1673824
1673825
1673826
1673827
1673828
1673829
1673840
1673841
1860538
1860548
1861538
1865359
1865380
1865381
1865382
1865383
1865384
1865385
1865386
1865387
1865388
1865389
1866082
1866083
1866084
1866085
1866086
1866087
1866088
1866089
1866130
1866131
1866132
1866133
1866134
1866135
1866136
1550538
1550548
1555080
1555081
1555082
1555083
1555084
1555085
1555086
1555087
1555088
1555089
1555265
1555280
1555281
1555282
1555283
1555284
1555380
1555381
1556480
1556481
1556482
1556483
1556484
1558850
1558851
1558852
1558853
1558854
1558855
1558856
1558857
1558858
1558859
1500538
1500548
1502080
1502081
1502082
1502083
1502084
1505380
1505381
1505382
1505383
1505384
1505385
1505386
1505387
1505388
1505389
1505480
1506416
1506418
1506419
1506538
1506548
1506580
1506581
1506582
1506583
1506584
1506671
1506672
1506673
1506674
1506980
1506981
1506982
1506983
1506984
1506985
1506986
1506987
1506988
1506989
1509280
1509281
1509282
1509283
1509284
1509285
1509477
1509478
1509479
1509480
1509481
1830538
1830548
1831548
1832548
1835380
1835381
1835382
1835383
1835384
1835385
1835386
1835387
1835388
1835389
1835480
1835481
1835482
1835483
1835484
1835485
1835486
1835487
1835488
1835489
1836480
1836481
1836482
1836483
1836484
1836485
1836486
1836487
1836488
1836489
1836660
1836661
1836662
1836663
1836664
1836665
1837548
1452529
1452538
1452548
1454350
1454768
1457008
1457359
1457360
1457361
1457759
1458591
1458592
1458593
1458594
1350538
1350548
1351538
1351548
1351868
1356175
1356176
1356177
1356178
1356179
1356280
1356281
1356282
1356283
1356284
1356285
1356286
1356287
1356288
1356289
1356380
1356381
1356382
1356383
1356384
1358113
1358114
1358119
1358380
1358381
1358382
1358383
1358384
1358385
1358386
1358387
1358388
1358389
1590538
1590548
1590809
1594979
1594980
1594981
1594982
1595380
1595381
1595382
1595383
1595384
1595385
1595476
1596315
1596538
1596548
1596600
1596601
1596602
1596603
1596604
1599874
1770538
1770548
1775380
1775381
1775382
1775383
1775387
1775388
1775389
1890538
1890548
1895380
1895381
1895382
1895383
1895384
1895386
1895387
1895388
1895389
1895485
1895486
1895487
1895488
1895489
1360538
1360548
1361538
1361548
1362538
1362548
1364538
1364548
1365538
1365548
1366538
1366548
1366868
1367538
1367548
1367868
1368538
1368548
1369538
1369548
1800538
1800548
1805380
1805381
1805382
1805384
1530538
1530548
1531408
1531409
1531527
1531528
1531529
1531538
1531548
1531810
1531811
1531812
1531813
1531814
1531815
1533538
1533548
1533990
1534538
1537620
1537621
1537622
1537638
1560538
1560548
1561030
1561031
1561032
1561033
1561034
1561035
1561036
1561037
1561038
1561039
1561069
1561538
1561548
1561554
1561558
1561564
1561568
1561574
1561578
1562131
1562132
1562133
1562134
1562135
1562136
1562137
1562138
1562139
1562152
1562153
1562154
1562155
1562156
1562157
1562158
1562159
1565022
1565380
1566200
1566201
1566202
1566203
1566204
1566205
1566206
1566207
1566208
1566209
1566444
1566445
1566608
1566625
1566659
1566676
1566693
1566694
1568476
1568477
1568882
1568967
1569812
1569813
1850538
1850548
1855380
1855381
1855382
1855383
1855384
1855385
1855386
1855387
1855388
1855389
1855417
1855419
1855420
1855421
1855422
1855423
1856228
1856229
1856230
1856231
1856232
1856233
1856234
1856235
1856236
1856237
1856238
1859528
1859529
1780538
1780548
1780638
1785208
1785229
1785238
1785248
1785278
1785380
1785381
1785382
1785383
1785384
1785385
1785386
1785387
1785388
1785389
1785480
1785481
1785482
1785483
1785484
1785485
1785486
1785487
1785488
1785489
1786048
1786150
1786151
1786152
1786153
1786154
1786155
1786156
1786380
1786381
1786382
1786383
1786384
1786385
1786386
1786387
1786388
1786389
1786480
1786481
1786482
1786483
1786484
1786485
1786486
1786487
1786488
1786489
1786538
1786548
1786670
1786671
1786672
1786718
1788838
1789538
1789548
1990538
1990548
1995386
1995387
1995388
1995389
1995403
1330538
1330548
1332527
1332528
1332529
1333527
1333528
1333529
1334527
1334528
1334529
1335538
1335548
1335682
1336538
1336548
1337060
1337061
1337062
1337100
1337101
1337102
1337103
1337538
1337548
1337562
1337563
1338538
1338548
1339538
1339548
1580538
1580548
1585380
1585381
1585382
1585383
1585386
1585387
1585388
1585389
1585480
1585481
1585482
1585483
1585484
1585485
1585486
1585487
1586475
1586476
1586477
1586538
1586600
1586601
1586602
1586603
1586604
1760538
1760548
1761538
1766025
1766026
1766053
1766120
1766121
1766122
1766123
1766235
1766236
1766237
1766238
1766239
1766250
1766251
1766252
1766253
1766254
1766255
1766256
1766257
1766258
1766259
1766260
1766261
1766262
1766263
1766264
1766265
1766266
1766267
1766268
1766269
1766439
1766440
1766441
1766442
1766443
1766444
1766445
1766446
1766447
1766448
1766449
1766450
1766451
1766452
1768624
1768625
1768626
1768627
1768628
1768629
1340538
1340548
1340620
1340621
1340622
1345538
1345548
1345573
1345580
1345581
1345582
1346538
1346548
1346800
1346801
1346802
1346803
1346804
1346805
1346806
1346807
1347538
1347548
1510538
1510548
1515380
1515381
1515382
1515383
1515384
1515385
1515386
1515387
1515388
1515389
1516380
1516381
1516382
1516383
1516384
1516385
1516386
1516387
1516388
1516389
1516538
1516548
1516648
1516980
1516981
1516982
1516983
1516984
1516985
1516986
1516987
1516988
1516989
1519437
1519438
1519439
1820538
1820548
1820638
1825380
1825381
1825382
1825383
1825384
1825385
1825386
1825387
1825388
1825389
1825480
1825481
1825482
1825483
1825484
1825485
1825486
1825487
1825488
1825489
1826380
1826381
1826382
1826383
1826384
1826385
1826386
1826387
1826388
1826389
1826480
1826481
1826482
1826483
1826484
1826485
1826486
1826487
1826488
1826489
1826538
1826548
1826650
1826651
1826652
1826667
1870538
1870548
1870638
1875380
1875381
1875382
1875383
1875384
1875385
1875386
1875387
1875388
1875389
1875480
1875481
1875482
1875483
1875484
1875485
1875486
1875487
1875488
1875489
1876380
1876381
1876382
1876383
1876384
1876385
1876386
1876387
1876388
1876389
1876480
1876481
1876482
1876483
1876484
1876485
1876486
1876487
1876488
1876489
1876538
1876548
1876664
1876665
1876980
1876981
1876982
1876983
1876984
1876985
1876986
1876987
1876988
1876989
1380538
1380548
1385380
1385381
1385382
1385383
1385384
1385385
1385386
1385387
1385388
1385389
1385480
1385481
1385482
1385483
1385484
1385485
1385486
1385487
1385488
1385489
1388475
1388476
1660538
1660548
1665289
1665290
1665291
1665380
1665381
1665382
1665383
1665384
1665385
1665386
1665387
1665388
1665389
1665426
1730538
1730548
1735388
1735389
1310538
1310548
1312727
1312728
1314538
1315384
1315385
1315386
1315387
1315388
1315389
1315697
1316538
1317338
1317348
1317612
1317613
1317654
1317682
1317683
1318177
1318178
1318179
1318180
1318181
1318182
1318183
1318184
1910042
1910538
1910548
1915380
1915381
1915382
1915383
1916341
1320538
1321061
1321062
1321069
1322061
1322062
1322538
1322548
1323538
1324538
1325538
1325548
1327538
1327548
1328538
1328548
1328734
1328760
1328761
1328762
1328763
1328764
1329012
1329013
1329538
1329548
1703046
1703047
1703048
1703049
1703905
1703906
1703907
1980538
1980548
1980628
1980629
1980638
1981254
1981492
1981922
1981923
1981924
1981925
1985380
1985381
1985382
1985383
1985384
1985385
1985386
1985387
1985388
1985389
1986090
1986091
1986092
1986093
1986248
1986380
1986381
1986382
1986383
1986384
1986385
1986386
1986387
1986388
1986389
1650067
1650172
1650286
1650384
1650538
1650548
1650638
1650982
1651037
1651224
1651239
1651263
1651380
1651538
1651785
1652063
1652257
1652279
1652300
1652305
1652306
1652307
1652308
1652309
1652398
1652538
1652604
1652626
1652984
1653100
1653198
1653336
1653337
1653377
1653538
1653580
1653581
1653592
1653626
1653638
1653691
1653695
1653782
1653838
1653973
1655013
1655178
1655380
1655381
1655382
1655383
1655384
1655385
1655386
1655387
1655388
1655389
1655538
1655619
1655638
1655738
1655755
1655775
1655812
1656038
1656189
1656234
1656280
1656281
1656282
1656283
1656286
1656287
1656289
1656388
1656483
1656538
1656584
1656598
1656601
1656877
1656922
1656938
1656948
1657119
1657234
1657509
1657519
1657538
1657548
1657638
1570538
1570548
1570648
1571538
1571548
1572528
1572538
1572548
1572583
1572584
1572585
1575380
1575381
1575382
1575383
1575384
1575385
1575386
1575387
1575388
1575389
1840538
1840548
1840638
1845380
1845381
1845382
1845383
1845384
1845385
1845386
1845387
1845388
1845389
1845480
1845481
1845482
1845483
1846480
1846481
1846482
1846483
1846484
1846485
1846486
1846487
1846488
1846489
1810538
1810548
1520538
1520548
1521538
1521548
1524410
1524411
1524412
1524413
1524414
1525380
1525381
1525382
1525383
1525384
1525385
1525386
1525387
1525388
1525389
1525480
1525481
1525482
1525483
1525484
1525485
1525486
1525487
1525488
1525489
1526306
1526307
1526308
1526309
1526480
1526481
1526482
1526483
1526484
1526485
1526486
1526487
1526488
1526489
1526538
1526548
1526968
1526969
1526980
1526981
1526982
1526983
1526984
1526985
1526986
1526987
1526988
1526989
1527538
1527548
1528890
1528891
1528892
1370538
1370548
1373440
1373441
1373442
1373443
1379210
1379211
1379212
1379213
1379214
1379380
1379381
1379382
1379383
1379384
1470538
1475380
1475381
1475382
1475383
1475384
1475385
1475386
1475387
1475388
1476842
1476843
1750538
1750548
1751525
1751526
1751527
1751528
1751529
1751538
1751548
1752890
1752891
1752892
1752893
1752894
1752895
1752896
1752897
1752898
1752899
1755380
1755381
1755382
1755383
1755384
1755385
1755386
1755387
1755388
1755389
1755538
1755548
1756029
1756080
1756081
1756082
1756083
1756084
1756085
1756086
1756087
1756088
1756089
1756280
1756281
1756282
1756283
1756284
1756285
1756286
1756287
1756288
1756289
1756432
1756433
1756434
1756435
1756436
1756437
1756438
1756439
1756440
1756441
1756442
1756443
1756444
1756785
1756786
1756787
1756788
1756789
1758822
1759880
1759881
1759882
1759883
1759884
1759885
1759886
1759887
1759888
1759889
1759890
1759891
1759892
1759893
1759894
1759895
1759896
1759897
1759898
1759899
1880538
1880548
1881538
1885380
1885381
1885382
1885383
1885384
1885385
1885386
1885387
1885388
1885389
1885480
1885481
1885482
1885483
1885484
1885485
1885486
1885487
1885488
1885489
1886480
1886481
1886482
1886483
1886484
1886548
1888825
1888826
1888827
1888828
