1521860
1521861
1521862
1521863
1521864
1521865
1521866
1521867
1521868
1521869
1521936
1521937
1521938
1521960
1521961
1521962
1521963
1810764
1812260
1812261
1812262
1812263
1812264
1812265
1812266
1812267
1812268
1812269
1812443
1812594
1812595
1812596
1812597
1812831
1812832
1812833
1812834
1816346
1471479
1471527
1471545
1471589
1471622
1471808
1471826
1471829
1471830
1471831
1471832
1471837
1471840
1471846
1471847
1471850
1372930
1372931
1372932
1372933
1372934
1372935
1372936
1372937
1372938
1372939
1372940
1372941
1372942
1372943
1372944
1372945
1372946
1372947
1372948
1372949
1375165
1375166
1375167
1375168
1375169
1376055
1376056
1376057
1376058
1376059
1750623
1751190
1751191
1751192
1751193
1751194
1751195
1751196
1751197
1751198
1751199
1752060
1752061
1752062
1752063
1752064
1757670
1757671
1757672
1757673
1757674
1757675
1757676
1757677
1757678
1757679
1880663
1881189
1882290
1882291
1882292
1882293
1882294
1882353
1882354
1882355
1882356
1882443
1882444
1882565
1882566
1882567
1882568
1882569
1889867
1889984
1320220
1320221
1320222
1320223
1320224
1320255
1320256
1320257
1320258
1320259
1322615
1322616
1322617
1322618
1322619
1322917
1322918
1322919
1324225
1324226
1324227
1324228
1324229
1324690
1324691
1325044
1325045
1325066
1328810
1328811
1328850
1328851
1328852
1328853
1328854
1328855
1328856
1328857
1328858
1328859
1910309
1910663
1912573
1912574
1912575
1980649
1980663
1981210
1981448
1982052
1982053
1982054
1982089
1983006
1983017
1983044
1983089
1983580
1984211
1984913
1984940
1984956
1984982
1986009
1986022
1986088
1986400
1986421
1986450
1986461
1986515
1986540
1986549
1986572
1986644
1986645
1986646
1986687
1986706
1986707
1986709
1986714
1986717
1986724
1986727
1986734
1986739
1986824
1986871
1986872
1986873
1987519
1987531
1987654
1987657
1987663
1987676
1987681
1987816
1987818
1987819
1987820
1987821
1987823
1987825
1987826
1988602
1988619
1988635
1989681
1989805
1650663
1842038
1847510
1847511
1847512
1847524
1570663
1571837
1572413
1572831
1572882
1576612
1576613
1576615
1576632
1576664
1576673
1576675
1576676
1576677
1576679
1576688
1576689
1576699
1577509
1870754
1870768
1871807
1871823
1871826
1871828
1871845
1871846
1871860
1871861
1871862
1871899
1660663
1660665
1660666
1662673
1662674
1662675
1662676
1662677
1662678
1662679
1662680
1662681
1662682
1662683
1662684
1662685
1662686
1662687
1662697
1662698
1662699
1667504
1667505
1667506
1380231
1380232
1382200
1382201
1382202
1382203
1382204
1382205
1382206
1382207
1382208
1382209
1382290
1382291
1382292
1382293
1382294
1382295
1382296
1382297
1382298
1382299
1382810
1382811
1382812
1382813
1382814
1382815
1382816
1382817
1382818
1382819
1730308
1730663
1730827
1732247
1732287
1732297
1732578
1732595
1732596
1732597
1732598
1732599
1733610
1733611
1733612
1733613
1733614
1734282
1734283
1310693
1310694
1311210
1311211
1311212
1311213
1311214
1311215
1311216
1311217
1311218
1311219
1312830
1312831
1312832
1312833
1312834
1312835
1312836
1312837
1312838
1312839
1314407
1314408
1314409
1316925
1316926
1316927
1316928
1316929
1317206
1317280
1317281
1317282
1317283
1317284
1318480
1318481
1318482
1318483
1318484
1319290
1319291
1319292
1319293
1319294
1319295
1319296
1319297
1319298
1319299
1760663
1766690
1766691
1766692
1766693
1766694
1766695
1766696
1766697
1768806
1580767
1581350
1581351
1581352
1581353
1581354
1581355
1581356
1581357
1581358
1581359
1581954
1581955
1581956
1581957
1581958
1581959
1581960
1581961
1581962
1581963
1581964
1581965
1581966
1581967
1581968
1581969
1587519
1588910
1588911
1588912
1588913
1588914
1588915
1588916
1588917
1588918
1588919
1588980
1341390
1341391
1341392
1341393
1341394
1341395
1341396
1341397
1341398
1341399
1341480
1341481
1341482
1341483
1341484
1341760
1341761
1341762
1341763
1341764
1341765
1341766
1341767
1341768
1341769
1342110
1342111
1342112
1342113
1342114
1342115
1342116
1342117
1342118
1342119
1343000
1343001
1343002
1343003
1343004
1343005
1343006
1343007
1343008
1343009
1343490
1343491
1343492
1343493
1343494
1343495
1343496
1343497
1343498
1343499
1348030
1348031
1348032
1348033
1348034
1820091
1820663
1820669
1821158
1821823
1821831
1821862
1821915
1511375
1511376
1511377
1511890
1511939
1850663
1850666
1851261
1852900
1852901
1852902
1852903
1852904
1852905
1852968
1857868
1857869
1780663
1781140
1781708
1781719
1781729
1781764
1781802
1781862
1781882
1781915
1781926
1782026
1782027
1782275
1782276
1782278
1782526
1782527
1782528
1782529
1782530
1782531
1782532
1782533
1782750
1782751
1782752
1782753
1782754
1782755
1782756
1783390
1783391
1783392
1783393
1783394
1783395
1783396
1783397
1783398
1783399
1784695
1784696
1784698
1786801
1786802
1787511
1787515
1787545
1787576
1787596
1787608
1787637
1787652
1787663
1787665
1787675
1788050
1788066
1788071
1788074
1788867
1789660
1560275
1560276
1560308
1562267
1562268
1562518
1562519
1562560
1562561
1562562
1562563
1562564
1562565
1562566
1562567
1562568
1562569
1562700
1562701
1562702
1562703
1562704
1562705
1562706
1562707
1562708
1562709
1562793
1562794
1562798
1569765
1990270
1990271
1990305
1992670
1992671
1992672
1992673
1992674
1992675
1992676
1992677
1992678
1992685
1992686
1992687
1992688
1992689
1992864
1992865
1330275
1330276
1331817
1331818
1331819
1332275
1332276
1335270
1335271
1335272
1335273
1335274
1336038
1336039
1336078
1336079
1337651
1337652
1337653
1337654
1337663
1338055
1338056
1338057
1338058
1338059
1890275
1890276
1890308
1892267
1892268
1892353
1892354
1892355
1892356
1892444
1892560
1892561
1892562
1892563
1892564
1892565
1892566
1892567
1892568
1892569
1892705
1892706
1892707
1892708
1892709
1893311
1893312
1893409
1893834
1894836
1894837
1894838
1894845
1899825
1899826
1899827
1360011
1361242
1361243
1362026
1362027
1362028
1362029
1362273
1364035
1364036
1364037
1364038
1364229
1364246
1364247
1365295
1365296
1365297
1367055
1367056
1367057
1367058
1367059
1368270
1368271
1368272
1368273
1368274
1368275
1368276
1368277
1368278
1368279
1368280
1368281
1368282
1368283
1368284
1368745
1368746
1368747
1368748
1368749
1369510
1369511
1369512
1369513
1369514
1530250
1530251
1530252
1530253
1530254
1530255
1530256
1530257
1530258
1530259
1532320
1532321
1532322
1534750
1534751
1536120
1536121
1536122
1536123
1536124
1800094
1800095
1800764
1802250
1802251
1802252
1802253
1802254
1802255
1802256
1802257
1802258
1802259
1802499
1802600
1802601
1802602
1802603
1802604
1802605
1802606
1802607
1802608
1802609
1802670
1802671
1802672
1802673
1802674
1802994
1802995
1802996
1808887
1830011
1830015
1830663
1831208
1831219
1831221
1831230
1831231
1831232
1831235
1831243
1831244
1831274
1831281
1831665
1831671
1831672
1831673
1831804
1831807
1831814
1831830
1831832
1831835
1831842
1831843
1831885
1832050
1832051
1832052
1832053
1832054
1832055
1832056
1832057
1832058
1832059
1834410
1834412
1834413
1834424
1501447
1501448
1501458
1501459
1501652
1501653
1501654
1501655
1501656
1501657
1501821
1501822
1501823
1501824
1501825
1501826
1501827
1501828
1501829
1508935
1508936
1508937
1508938
1508939
1508944
1509983
1350015
1350016
1350143
1350144
1350251
1350256
1350260
1350265
1350266
1350267
1350268
1350269
1350903
1350904
1353190
1353191
1353192
1353193
1353194
1353195
1353196
1353197
1353198
1353199
1353450
1353451
1353452
1353453
1353454
1353925
1353926
1353927
1353928
1353929
1354220
1354221
1354222
1354223
1354224
1354390
1354391
1354392
1354393
1354394
1354395
1354396
1354397
1354398
1354399
1358015
1358016
1358017
1358018
1358019
1358020
1358021
1358022
1358023
1358024
1358025
1358026
1358027
1358028
1358029
1359290
1359291
1359292
1359293
1359294
1452978
1452979
1454826
1459075
1459076
1459077
1459078
1459079
1770767
1771882
1771883
1772218
1772225
1772297
1772411
1772412
1772575
1772585
1772594
1772595
1772596
1772825
1772826
1772839
1772842
1772886
1591493
1591494
1591560
1591561
1591562
1591563
1591564
1591565
1591566
1591567
1591568
1591569
1591719
1591720
1591721
1591722
1591795
1591796
1591797
1591798
1591799
1597510
1597511
1597512
1597513
1597514
1597515
1597516
1597517
1597518
1597519
1597520
1597521
1597522
1597523
1597524
1598690
1598691
1599250
1599251
1599252
1599253
1599254
1599255
1599256
1599257
1599258
1599259
1300526
1300527
1301669
1302526
1302527
1304923
1304924
1304925
1304926
1304927
1304928
1304929
1305844
1305845
1306055
1306056
1306057
1306058
1306059
1307650
1307651
1307652
1307653
1307654
1307655
1307656
1307657
1307658
1307659
1726667
1390275
1390276
1390308
1392267
1392268
1392353
1392354
1392355
1392356
1392443
1392444
1392560
1392561
1392562
1392563
1392564
1392565
1392566
1392567
1392568
1392569
1392700
1392701
1392702
1392703
1392704
1392705
1392706
1392707
1392708
1392709
1552188
1552192
1552193
1552194
1552195
1860765
1866552
1866630
1866631
1866632
1866633
1866634
1867549
1867591
1868012
1868013
1868014
1868804
1868806
