1720290
1720291
1720292
1720293
1720294
1300820
1300828
1301082
1301988
1301989
1301990
1302820
1302828
1304381
1304382
1305075
1305076
1305077
1305078
1305079
1306535
1306536
1306537
1306538
1306539
1308175
1308176
1308177
1308178
1550419
1554295
1860419
1860499
1862419
1862446
1862469
1864070
1864190
1864191
1864192
1864193
1864194
1864195
1864196
1864197
1864198
1864199
1869826
1869827
1869828
1869876
1671419
1672419
1673419
1674419
1390027
1390037
1390038
1390039
1390041
1390419
1390499
1394190
1394191
1394192
1394193
1394194
1394195
1394196
1394197
1394198
1394199
1830419
1834090
1834091
1834092
1834093
1834094
1834095
1834096
1834097
1834098
1834099
1834190
1834191
1834192
1834193
1834194
1834195
1834196
1834197
1834198
1834199
1500419
1504190
1504191
1504192
1504193
1504194
1504195
1504196
1504197
1504198
1504199
1621389
1621390
1621391
1622419
1770419
1774190
1774191
1774192
1774219
1779096
1590246
1590247
1590249
1590419
1590420
1590499
1594190
1594191
1594192
1594193
1594194
1594195
1594196
1594197
1594198
1594199
1450419
1450583
1450584
1450585
1450586
1452419
1453439
1453444
1454298
1350049
1350419
1350420
1351419
1355572
1355574
1355575
1355590
1359190
1359191
1359192
1359193
1360419
1360499
1361099
1361419
1361499
1362419
1362497
1362499
1363499
1364419
1365419
1365427
1367419
1367421
1890419
1890499
1894190
1894191
1894192
1894193
1894194
1894195
1894196
1894197
1894198
1894199
1530409
1530419
1532625
1533094
1533117
1535099
1800419
1800499
1804190
1804191
1804192
1990409
1990419
1990499
1850249
1850419
1852401
1852419
1852472
1852473
1852474
1852475
1852476
1852477
1852478
1852479
1852480
1852525
1852526
1852527
1854196
1854197
1780419
1782419
1782439
1782465
1782466
1782467
1784608
1784609
1784610
1784796
1560419
1560499
1564190
1564191
1564192
1564193
1564194
1564195
1564196
1564197
1564198
1564199
1564200
1564201
1566368
1566369
1569419
1569874
1330419
1330499
1331405
1331419
1332233
1332234
1332419
1333233
1333234
1334233
1334234
1335233
1335234
1335419
1335870
1336419
1337294
1338419
1338780
1338781
1339023
1339049
1339419
1712610
1712611
1712612
1712613
1712614
1712615
1712616
1712617
1712618
1712619
1346480
1347038
1347039
1760419
1761419
1762419
1764052
1764053
1580419
1580420
1580422
1580423
1580497
1580498
1580499
1580980
1580981
1580982
1580983
1580984
1580985
1584190
1584191
1584192
1584193
1584194
1584195
1584196
1584197
1584198
1584199
1820419
1824190
1824191
1824192
1824193
1824194
1824195
1824196
1824197
1824198
1824199
1824280
1824281
1824282
1824283
1824284
1510246
1510247
1510248
1510249
1510419
1513407
1513408
1513409
1514094
1514095
1514096
1514097
1514098
1514099
1514190
1514191
1514192
1514193
1514194
1517419
1518419
1660419
1662419
1664190
1664191
1664192
1664193
1664194
1664195
1664196
1664197
1664198
1664199
1380419
1384190
1384191
1384192
1384193
1384194
1384195
1384196
1384197
1384198
1384199
1389824
1389825
1389826
1389827
1870419
1874020
1874021
1874022
1874023
1874190
1874191
1874192
1874193
1874194
1874195
1874196
1874197
1874198
1874199
1310419
1312419
1312567
1312568
1312569
1313070
1313071
1313072
1313073
1313074
1313075
1313076
1313419
1314795
1314979
1315419
1318845
1318846
1318847
1318848
1318849
1318860
1318861
1318862
1318863
1318864
1319419
1730419
1734119
1704710
1704711
1704712
1704713
1704714
1704715
1704716
1704717
1704718
1704719
1320419
1321419
1322419
1323419
1323424
1323696
1323812
1323893
1324395
1324396
1327419
1328419
1910419
1840419
1570419
1571409
1571419
1572430
1572431
1980419
1981369
1982419
1982448
1982449
1982488
1982489
1982490
1982491
1982492
1650038
1650255
1650419
1650499
1650679
1650783
1651170
1651315
1651347
1651419
1651975
1652183
1652941
1653419
1655419
1655481
1656049
1657019
1657325
1657419
1657489
1657528
1657764
1524195
1524196
1524197
1524198
1524199
1810419
1810499
1814109
1750419
1750499
1752419
1754190
1754191
1754192
1754193
1754194
1754195
1754196
1754197
1754198
1754199
1880419
1884190
1884191
1884192
1884193
1884194
1884195
1884196
1884197
1884198
1884199
1370419
1370499
1374190
1374191
1374192
1374193
1374194
1374195
1374196
1374197
1374198
1374199
1374200
1374201
1374202
1374203
1374204
1374205
1374206
1374207
1374208
1374209
1470419
1474060
1474061
1474062
1474063
1474064
1474065
1474066
1474067
1474068
1474069
1474139
