1760906
1769145
1769906
1580906
1820906
1820907
1824092
1829090
1829091
1829092
1829093
1829094
1829976
1510906
1519950
1519951
1519952
1519953
1519954
1660906
1380996
1389940
1389941
1389942
1870906
1871990
1871991
1871992
1874265
1874266
1879901
1879902
1879903
1879904
1311905
1311906
1313979
1313983
1319979
1739482
1739483
1739484
1739782
1739906
1739958
1320906
1328906
1910906
1919048
1840906
1844932
1844940
1844941
1570090
1570906
1570907
1571490
1571901
1980906
1981409
1989026
1520904
1520905
1529938
1529939
1529941
1529970
1529971
1811904
1811905
1811906
1812904
1812905
1812906
1815488
1816767
1816768
1819906
1819960
1819961
1819962
1819963
1819964
1880906
1889291
1889900
1889940
1750906
1759495
1759906
1759919
1470905
1470906
1377905
1377938
1377939
1304059
1307032
1307033
1309400
1550906
1860906
1869060
1869061
1869064
1869926
1399945
1399978
1399979
1830906
1500906
1500907
1502282
1509931
1776761
1779483
1779498
1779786
1779906
1779907
1590906
1356517
1356518
1356579
1357918
1357919
1450985
1450986
1450987
1450988
1452796
1454550
1364991
1369993
1369994
1893582
1893589
1899751
1899752
1899778
1899779
1899945
1899978
1899979
1534996
1535261
1538990
1803486
1804073
1808285
1808397
1809586
1809594
1809750
1809751
1809752
1809754
1809755
1809906
1809929
1809976
1991514
1999044
1999064
1999065
1999066
1999673
1784444
1786751
1788120
1788177
1850905
1850906
1859056
1568485
1569906
1331906
1331976
1334531
1336486
1336906
1339906
1339974
1500160
1500992
1502289
1502629
1509920
1509921
1351994
1351995
1356556
1356557
1356572
1357915
1357916
1357917
1452782
1453792
1454546
1590992
1599948
1599949
1770992
1776747
1779942
1303131
1304053
1307049
1309403
1309508
1390003
1399970
1399971
1399972
1860992
1869095
1550992
1560992
1780992
1789992
1859054
1999048
1330992
1331992
1332565
1336495
1336496
1336992
1337972
1339492
1339992
1893585
1893586
1893587
1899770
1899771
1899772
1899970
1899971
1899972
1364998
1367750
1367751
1367752
1804084
1530992
1533798
1535269
1535270
1870992
1879912
1879926
1380992
1389954
1389955
1660992
1730992
1313992
1315037
1317992
1319992
1580992
1589928
1760992
1769912
1769992
1510992
1519995
1519997
1520992
1529932
1529933
1529942
1529981
1529982
1529983
1470992
1479905
1479906
1370992
1377906
1377908
1377909
1880992
1889902
1889962
1759992
1320900
1323902
1323975
1323992
1327992
1328992
1980992
1571909
1573973
1840980
1840981
1844994
1844996
1330993
1331993
1332566
1334546
1336497
1336498
1336981
1336993
1339493
1339993
1990993
1991433
1991434
1991523
1999026
1999086
1999948
1999959
1999979
1850993
1859053
1859923
1859963
1780993
1784449
1784846
1786759
1788125
1789993
1560993
1569932
1569933
1530993
1535260
1535273
1800993
1803482
1804083
1808390
1808394
1809480
1809598
1809753
1809758
1809772
1809904
1809993
1364999
1367753
1367754
1367755
1367756
1890993
1893570
1893571
1893581
1896382
1899773
1899788
1899789
1899932
1899933
1899953
1899973
1770993
1771695
1776745
1779486
1779793
1779943
1779993
1590993
1598170
1599929
1450993
1452783
1454551
1459686
1459687
1459688
1459689
1351992
1351993
1356554
1356555
1356573
1357945
1357974
1357975
1357976
1357977
1830993
1839982
1839983
1500161
1500162
1500163
1500164
1500993
1502622
1502623
1502624
1550993
1860993
1869928
1869930
1869931
1869932
1869933
1869934
1869959
1390993
1399932
1399933
1399953
1399973
1302961
1303132
1303133
1304054
1307009
1309404
1309509
1750993
1759039
1759093
1759977
1759978
1759993
1880993
1889299
1889953
1889959
1889961
1370993
1377920
1377921
1377935
1377959
1377970
1470993
1471983
1471984
1479900
1479901
1520993
1527630
1527631
1527648
1529943
1529990
1529991
1529992
1529993
1529994
1529995
1529996
1810993
1811684
1811699
1811924
1811925
1811926
1811927
1811928
1811929
1813925
1813926
1813927
1813928
1813942
1814646
1814993
1819965
1819966
1819967
1819968
1819969
1819993
1840907
1840993
1844939
1844997
1844998
1844999
1570097
1570098
1570993
1571991
1572993
1573930
1573931
1573932
1573933
1573934
1573972
1980901
1980993
1989013
1989900
1320109
1323903
1323993
1327993
1328993
1910993
1919024
1919912
1311993
1313993
1315040
1317993
1319993
1730993
1734993
1660901
1660993
1669904
1669916
1669943
1669953
1389950
1389951
1389952
1389953
1870308
1870309
1870993
1874291
1874292
1879907
1879927
1879928
1879929
1879973
1879974
1879975
1879976
1820905
1820993
1824093
1829073
1829074
1829075
1829076
1829077
1829907
1829908
1829909
1829937
1829938
1510993
1519938
1519957
1519958
1519959
1760993
1769056
1769057
1769058
1769059
1769913
1769943
1769953
1769973
1769993
1580993
1588693
1589929
1364996
1367998
1367999
1893580
1893596
1899948
1899949
1899974
1899975
1534994
1535254
1535259
1538998
1808281
1809493
1809901
1809930
1809931
1809932
1809971
1999029
1999913
1999914
1999915
1784841
1788126
1788161
1850901
1859051
1859931
1568480
1569901
1331901
1331975
1334530
1336483
1336901
1339901
1339973
1304058
1307030
1307031
1309514
1550901
1860901
1869010
1869011
1869012
1869929
1869935
1399948
1399949
1399974
1399975
1830901
1839980
1839981
1502280
1509930
1779484
1779493
1779788
1779901
1590901
1598171
1450980
1450981
1450982
1450983
1450984
1452791
1454553
1356527
1356528
1356529
1356578
1357978
1357979
1320901
1910901
1840901
1844990
1844991
1570900
1570901
1571992
1572992
1573906
1981411
1989021
1520901
1527687
1527688
1527689
1527697
1527698
1527699
1529984
1529985
1529986
1810644
1810645
1812901
1813943
1816754
1816755
1819756
1819757
1819758
1819759
1819901
1819941
1880901
1889090
1889293
1889937
1889945
1889946
1889947
1889948
1889949
1750901
1759494
1759911
1377922
1470900
1470901
1344299
1760901
1769901
1580901
1820901
1510901
1516080
1669941
1669961
1380090
1380997
1389937
1389938
1389939
1870304
1870901
1874274
1874289
1879900
1879970
1879971
1879972
1311901
1313978
1313982
1315022
1319978
1739480
1739481
1739485
1739486
1739487
1739771
1739772
1739773
1739774
1739775
1739776
1739779
1739781
1739901
1739940
1739941
1739943
1739944
1520908
1527680
1527681
1529972
1812908
1812918
1819484
1819970
1819971
1819972
1377903
1377960
1377961
1470908
1479904
1880908
1889290
1889941
1320908
1327908
1328908
1980908
1840908
1844933
1844942
1844943
1570099
1570908
1571491
1571902
1573978
1870908
1871993
1874267
1879910
1660908
1380998
1389948
1389949
1311908
1317986
1319975
1760908
1769908
1769986
1769987
1580908
1820908
1829970
1829971
1516086
1788121
1788130
1788158
1788159
1789928
1789929
1850907
1850908
1569908
1999042
1999049
1331908
1334537
1336908
1336984
1337970
1339490
1899750
1899769
1364993
1366759
1534997
1538993
1538997
1809499
1809791
1809908
1809978
1830908
1839903
1839973
1839974
1839975
1502284
1450965
1450966
1450967
1450968
1452798
1454552
1457058
1357956
1357957
1779495
1779908
1590908
1304047
1307006
1550908
1860908
1869080
1869083
1869084
1360990
1360991
1360992
1360993
1360995
1360996
1360997
1360998
1360999
1361990
1361991
1361992
1361993
1361994
1362990
1362991
1362992
1362993
1362994
1363990
1363991
1363992
1363993
1363994
1363995
1363996
1363997
1365990
1365991
1365992
1365993
1365994
1365995
1365996
1365997
1365998
1365999
1366990
1366991
1366992
1366993
1366994
1366995
1366996
1366997
1366998
1366999
1369935
1369936
1369937
1369938
1369939
1369995
1369996
1369997
1369998
1369999
1890991
1890992
1893590
1893591
1893592
1893593
1893594
1893599
1896380
1896381
1896386
1899790
1899791
1899792
1899793
1899794
1899795
1899796
1899797
1899798
1899799
1899910
1899911
1899912
1899913
1899914
1899915
1899916
1899917
1899918
1899919
1899920
1899921
1899922
1899923
1899924
1899925
1899926
1899927
1899928
1899929
1899940
1899941
1899942
1899980
1899981
1899982
1899983
1899984
1899985
1899986
1899987
1899988
1899989
1899990
1899991
1899992
1899993
1899994
1899995
1899996
1899997
1899998
1899999
1800991
1801682
1801683
1801684
1801685
1801686
1801687
1801688
1801689
1803488
1804075
1804076
1804077
1804078
1804079
1804081
1804082
1804090
1804091
1804092
1808287
1808288
1808289
1809487
1809490
1809491
1809492
1809595
1809596
1809599
1809760
1809761
1809762
1809763
1809764
1809765
1809766
1809767
1809768
1809769
1809776
1809778
1809910
1809911
1809912
1809913
1809914
1809915
1809916
1809917
1809918
1809919
1809920
1809921
1809922
1809923
1809924
1809925
1809926
1809927
1809947
1809948
1809960
1809961
1809962
1809963
1809964
1809966
1809967
1809968
1809969
1809991
1530991
1533793
1534991
1534993
1534998
1534999
1535250
1535251
1535262
1535271
1538991
1990991
1991524
1991525
1991526
1994580
1994581
1994582
1994583
1994584
1994585
1999010
1999011
1999012
1999013
1999014
1999015
1999020
1999021
1999030
1999031
1999034
1999040
1999041
1999060
1999061
1999062
1999080
1999081
1999082
1999678
1999910
1999911
1999912
1999920
1999921
1999949
1560991
1569910
1569911
1569912
1569913
1569914
1569915
1569916
1569917
1569918
1569919
1569920
1569921
1569922
1780991
1784445
1786754
1786755
1788110
1788111
1788112
1788113
1788114
1788115
1788116
1788117
1788118
1788119
1788152
1788153
1788162
1788163
1789236
1789237
1789238
1789239
1789240
1789991
1850991
1859047
1859048
1859900
1859901
1859902
1859903
1859904
1859905
1859906
1859907
1859908
1859909
1859910
1859911
1859912
1859913
1859914
1859915
1859916
1859917
1859918
1859919
1859921
1859934
1859941
1859943
1859944
1859945
1859966
1330991
1331904
1331980
1331981
1331982
1331983
1331984
1331985
1331986
1331987
1331988
1331989
1331991
1332553
1332554
1332555
1332556
1332557
1332558
1332559
1332560
1332561
1332562
1332563
1332564
1334544
1336476
1336477
1336478
1336479
1336960
1336961
1336962
1336963
1336964
1336965
1336966
1336967
1336968
1336969
1336991
1337977
1337978
1337979
1339491
1339991
1718440
1718441
1718442
1718443
1718444
1718445
1718446
1718447
1718448
1718449
1300096
1300961
1300962
1300963
1300964
1300965
1300966
1300967
1300968
1300969
1301096
1302964
1302965
1302966
1302967
1303943
1303944
1303945
1303946
1303947
1303948
1303949
1307040
1307041
1307042
1307043
1307044
1307045
1307990
1307991
1307992
1307993
1307994
1307995
1307996
1307997
1307998
1307999
1309500
1309501
1309502
1309503
1309518
1860900
1860991
1869013
1869014
1869015
1869016
1869017
1869018
1869019
1869021
1869023
1869025
1869026
1869027
1869028
1869029
1869031
1869032
1869058
1869062
1869063
1869078
1869081
1869082
1869088
1869089
1869096
1869097
1869098
1869099
1869905
1869906
1869907
1869908
1869909
1869910
1869911
1869912
1869913
1869914
1869915
1869916
1869917
1869918
1869919
1869957
1550991
1390000
1390991
1390992
1399910
1399911
1399912
1399913
1399914
1399915
1399916
1399917
1399918
1399919
1399920
1399921
1399922
1399923
1399924
1399925
1399926
1399927
1399928
1399929
1399940
1399941
1399942
1399980
1399981
1399982
1399983
1399984
1399985
1399986
1399987
1399988
1399989
1399990
1399991
1399992
1399993
1399994
1399995
1399996
1399997
1399998
1399999
1500900
1500901
1500991
1502290
1502291
1502292
1502293
1502294
1502295
1502296
1502297
1502298
1502299
1502600
1502601
1502602
1502603
1502604
1502605
1502606
1502607
1502608
1502609
1509903
1509904
1509905
1509906
1509907
1509908
1509909
1509910
1509911
1509912
1509913
1509914
1509915
1509916
1509917
1509918
1509919
1509932
1509933
1509934
1509935
1509936
1509937
1509950
1509951
1509952
1509953
1509954
1509955
1509956
1509957
1509958
1509959
1509960
1509961
1509962
1509963
1509964
1509965
1509966
1509967
1509968
1509969
1830991
1832400
1832401
1839966
1839967
1839968
1839969
1839976
1590900
1590991
1598174
1598175
1598176
1598177
1598178
1598179
1599910
1599911
1599912
1599913
1599914
1599915
1599916
1599917
1599918
1599919
1599944
1599945
1770490
1770491
1770492
1770493
1770494
1770495
1770496
1770497
1770498
1770499
1770991
1771690
1771691
1771692
1771693
1771694
1772670
1772671
1772672
1772673
1772674
1772675
1772676
1772677
1772678
1772679
1772680
1772681
1772682
1772683
1772684
1772685
1772686
1772687
1772688
1772689
1776740
1776741
1776768
1776769
1779781
1779782
1779783
1779784
1779910
1779911
1779912
1779913
1779914
1779915
1779916
1779917
1779918
1779919
1779920
1779921
1779922
1779923
1779924
1779925
1779926
1779927
1779928
1779929
1779930
1779931
1779932
1779960
1779961
1779962
1779963
1779964
1779965
1779966
1779967
1779968
1779969
1779970
1779971
1779972
1779973
1779974
1779975
1779976
1779977
1779978
1779979
1779991
1450969
1450979
1450991
1452781
1452790
1453790
1453791
1453795
1453796
1453797
1453798
1453799
1454548
1454556
1457050
1457051
1459694
1459695
1459696
1459697
1459698
1459699
1459772
1459773
1459785
1459786
1459787
1459798
1459799
1356540
1356541
1356542
1356543
1356544
1356580
1356581
1356582
1356583
1356584
1356585
1356586
1356587
1356588
1356589
1356590
1356591
1356592
1356593
1356594
1356595
1356596
1356597
1356598
1356599
1357920
1357921
1357922
1357923
1357924
1357925
1357926
1357927
1357928
1357929
1357940
1357941
1357942
1357943
1357980
1357981
1357982
1357983
1357984
1357985
1357986
1357987
1357988
1357989
1357990
1357991
1357992
1357993
1357994
1357995
1357996
1357997
1357998
1357999
1700990
1700991
1701960
1701961
1701962
1701963
1701964
1701965
1703410
1703411
1703412
1703413
1703414
1703415
1703416
1703417
1703418
1703419
1705763
1708900
1708901
1708902
1708903
1708904
1708905
1708906
1708907
1708908
1708909
1709690
1709691
1709692
1709693
1709694
1709695
1709696
1709697
1709698
1709699
1910991
1919910
1919925
1320120
1320121
1320122
1320123
1320124
1320125
1320126
1320127
1320128
1320129
1320130
1320131
1320132
1320133
1320134
1320135
1320136
1320137
1320138
1320139
1320990
1320991
1320992
1320993
1320995
1320996
1320997
1320998
1320999
1323991
1327983
1327991
1328991
1570991
1570992
1571497
1571994
1571998
1571999
1572991
1572995
1573907
1573943
1573944
1573945
1573950
1573951
1573952
1573953
1573954
1573955
1573956
1573957
1573958
1573959
1579667
1840991
1844010
1844011
1844012
1844013
1844014
1844015
1844016
1844017
1844018
1844019
1844020
1844021
1844022
1844023
1844027
1844028
1844029
1844030
1844031
1844032
1844033
1844034
1844035
1844037
1844038
1844039
1844040
1844041
1844042
1844043
1844044
1844045
1844046
1844047
1844048
1844049
1844050
1844051
1844052
1844053
1844054
1844055
1844056
1844057
1844058
1844059
1844060
1844061
1844062
1844063
1844064
1844065
1844066
1844067
1844068
1844069
1844900
1844901
1844902
1844903
1844904
1844905
1844906
1844907
1844908
1844909
1844980
1844981
1844982
1844983
1844984
1844985
1844986
1844987
1844988
1844989
1849091
1849092
1849093
1849094
1849095
1849096
1849097
1849098
1849099
1652425
1980900
1980991
1981401
1988291
1988292
1988293
1989010
1989011
1989904
1989909
1810099
1810648
1810991
1811680
1811910
1811911
1811912
1811913
1811914
1811915
1811916
1811917
1811918
1811919
1812920
1812921
1812922
1812923
1812924
1812925
1812926
1812927
1812928
1812929
1812930
1812931
1812932
1812933
1812934
1812935
1812936
1812937
1812938
1812939
1812940
1812941
1812942
1812943
1812944
1812945
1812946
1812947
1812948
1812949
1813086
1813087
1813088
1813089
1813090
1813091
1813960
1813961
1813962
1813963
1813964
1813965
1813966
1813967
1813968
1813969
1814070
1814071
1814072
1814073
1814074
1814075
1814076
1814077
1814078
1814079
1814080
1814081
1814082
1814083
1814085
1814086
1814088
1814089
1814090
1814091
1814092
1814093
1814094
1814095
1814096
1814097
1814098
1814099
1814640
1814641
1814642
1814643
1814649
1814690
1814691
1814692
1814693
1814694
1814695
1814696
1814697
1814698
1814699
1814980
1814989
1814990
1814991
1815480
1815481
1815482
1815483
1815490
1815491
1815492
1815493
1816020
1816021
1816022
1816040
1816041
1816042
1816043
1816050
1816051
1816052
1816053
1816054
1816055
1816056
1816057
1816058
1816059
1816060
1816061
1816062
1816063
1816064
1816065
1816066
1816067
1816068
1816069
1816490
1816491
1816492
1816493
1816494
1816495
1816496
1816497
1816498
1816499
1816780
1816781
1816782
1816783
1816784
1816785
1816786
1816787
1816788
1816789
1816790
1816791
1816792
1816793
1816794
1816795
1816796
1816797
1816798
1816799
1819480
1819481
1819482
1819483
1819580
1819581
1819582
1819583
1819584
1819585
1819586
1819587
1819588
1819589
1819590
1819591
1819592
1819593
1819594
1819595
1819596
1819597
1819598
1819599
1819898
1819910
1819911
1819912
1819913
1819914
1819915
1819916
1819917
1819918
1819919
1819930
1819931
1819932
1819973
1819974
1819980
1819981
1819982
1819983
1819984
1819985
1819986
1819987
1819988
1819989
1819990
1819991
1819992
1819998
1819999
1520991
1521480
1521481
1521482
1521483
1521484
1527650
1527651
1527652
1527653
1527654
1527655
1527656
1527657
1527660
1527661
1527662
1527663
1527664
1527665
1527666
1527667
1527668
1527669
1527670
1527671
1527672
1527673
1527674
1527675
1527676
1527677
1527678
1527679
1527682
1527683
1527684
1527685
1527686
1529240
1529241
1529242
1529243
1529244
1529245
1529246
1529247
1529248
1529249
1529285
1529286
1529287
1529288
1529289
1529905
1529906
1529907
1529908
1529909
1529910
1529911
1529912
1529913
1529914
1529915
1529916
1529917
1529918
1529919
1529945
1529946
1529947
1529948
1529949
1880991
1889295
1889296
1889905
1889906
1889907
1889908
1889909
1889910
1889911
1889912
1889913
1889914
1889915
1889916
1889917
1889918
1889919
1889950
1889951
1889952
1750900
1750904
1750905
1750907
1750991
1759000
1759001
1759002
1759003
1759004
1759005
1759006
1759007
1759008
1759009
1759010
1759044
1759045
1759046
1759047
1759048
1759049
1759050
1759051
1759052
1759053
1759054
1759055
1759056
1759081
1759082
1759096
1759097
1759098
1759099
1759163
1759164
1759165
1759166
1759167
1759168
1759169
1759170
1759171
1759172
1759177
1759178
1759179
1759900
1759929
1759979
1759980
1759981
1759982
1759983
1759984
1759985
1759986
1759987
1759988
1759989
1759991
1370991
1377907
1470991
1470997
1470998
1470999
1471985
1471986
1471987
1471988
1471989
1476589
1479926
1479927
1479928
1479929
1479930
1479931
1479932
1479933
1479934
1479935
1479936
1479937
1479938
1479939
1479970
1479971
1479972
1479973
1479974
1344899
1580991
1589460
1589461
1589462
1589463
1589464
1589465
1589466
1589467
1589468
1589469
1589470
1589471
1589472
1589473
1589474
1589475
1589910
1589911
1589912
1589913
1589914
1589915
1589916
1589917
1589918
1589919
1589920
1589921
1589922
1589923
1589924
1589925
1589926
1589940
1589941
1589942
1589943
1589944
1589945
1589946
1589947
1589948
1589949
1760900
1760904
1760905
1760907
1760991
1769070
1769071
1769072
1769073
1769074
1769075
1769076
1769077
1769078
1769079
1769080
1769081
1769082
1769083
1769084
1769085
1769086
1769087
1769088
1769089
1769090
1769091
1769092
1769093
1769094
1769095
1769096
1769097
1769098
1769099
1769904
1769905
1769907
1769910
1769911
1769933
1769934
1769940
1769941
1769966
1769967
1769991
1510900
1510991
1516087
1516088
1516089
1516090
1516091
1516092
1516093
1516094
1516095
1516096
1516097
1516098
1516099
1519900
1519901
1519902
1519903
1519904
1519905
1519906
1519907
1519908
1519909
1519910
1519911
1519912
1519913
1519914
1519915
1519916
1519917
1519918
1519919
1519943
1519944
1519945
1519946
1519947
1519948
1519949
1519996
1820991
1824096
1824097
1824098
1824099
1829062
1829063
1829064
1829080
1829081
1829082
1829083
1829084
1829085
1829086
1829087
1829088
1829089
1829906
1829910
1829911
1829912
1829913
1829914
1829915
1829916
1829917
1829918
1829919
1829940
1829941
1829942
1829943
1829944
1829945
1829946
1829947
1829948
1829949
1829972
1829973
1829974
1829975
1380099
1380991
1380993
1380994
1380995
1389980
1389981
1389982
1389983
1389984
1389985
1389986
1389987
1389988
1389989
1389990
1389991
1389992
1389993
1389994
1389995
1389996
1389997
1389998
1389999
1660900
1660991
1669900
1669901
1669906
1669917
1669918
1669919
1669920
1669921
1669922
1669923
1669924
1669926
1669928
1669929
1669942
1669944
1669956
1669969
1870300
1870301
1870302
1870303
1870991
1874293
1874294
1874295
1874296
1874297
1879913
1879914
1879915
1879916
1879917
1879918
1879919
1310990
1310991
1310992
1310993
1310994
1310995
1310996
1310997
1310998
1310999
1311904
1311991
1313960
1313961
1313962
1313963
1313964
1313965
1313966
1313967
1313968
1313969
1313987
1313988
1313989
1313991
1315030
1315031
1315032
1315033
1315034
1315045
1315046
1315047
1315049
1317980
1317981
1317982
1317983
1317984
1317991
1319980
1319981
1319982
1319983
1319984
1319985
1319986
1319987
1319988
1319989
1319991
1730490
1730491
1730492
1730493
1730494
1730495
1730496
1730497
1730498
1730499
1730991
1734990
1734991
1734999
1739777
1860909
1869090
1869091
1869092
1869093
1869094
1550909
1399976
1399977
1303134
1303135
1304057
1309513
1590909
1599905
1599906
1779499
1779780
1779909
1351997
1356550
1356551
1356577
1357958
1357959
1450960
1450961
1450962
1450963
1450964
1452789
1454554
1500909
1502283
1502620
1502621
1830909
1801680
1801681
1809584
1809689
1809759
1809771
1809779
1809784
1809909
1809979
1530990
1535268
1364992
1367996
1367997
1893578
1899776
1899777
1899976
1899977
1331909
1331971
1334549
1336482
1336909
1336983
1339907
1339909
1339972
1569909
1788122
1850900
1850909
1859059
1510909
1519961
1519962
1820909
1580909
1589938
1760909
1769146
1769909
1769988
1769989
1311909
1313977
1313981
1315038
1315039
1319977
1739768
1739769
1739786
1739909
1380999
1389943
1389944
1660909
1870909
1874268
1874269
1879960
1879961
1879962
1879963
1570091
1570092
1570904
1570909
1571492
1571903
1573908
1573909
1840909
1844966
1844967
1980909
1320909
1323909
1328909
1880909
1889085
1889292
1750909
1470907
1470909
1479956
1479957
1479958
1479959
1377901
1377902
1811681
1811682
1811683
1812909
1812919
1814087
1815487
1816779
1520907
1520909
1529973
1529974
1529975
1580996
1588686
1589900
1589901
1589902
1589903
1589904
1760996
1769148
1769149
1769916
1769923
1769924
1769969
1769996
1510996
1519939
1519990
1519991
1519992
1519993
1519994
1820996
1829977
1829978
1829979
1829980
1829981
1829982
1829983
1829984
1870996
1874285
1874286
1874287
1874288
1879908
1879909
1879980
1879981
1879982
1879983
1879984
1879985
1879998
1389900
1389901
1389902
1389903
1389904
1389905
1389906
1389907
1389908
1389909
1660996
1730996
1734996
1734997
1739750
1739751
1739752
1739753
1739754
1739755
1739756
1739757
1739914
1739915
1311907
1311996
1313972
1313973
1313984
1313985
1313996
1315023
1315024
1315025
1315026
1317987
1317996
1319972
1319996
1320113
1320114
1320115
1320904
1323906
1323907
1323985
1323996
1327904
1327977
1327978
1327996
1328996
1980996
1570996
1571495
1571908
1571997
1573935
1573936
1573937
1573938
1573939
1573947
1573980
1573981
1573982
1573983
1573984
1573985
1573986
1573987
1573988
1573989
1840996
1844968
1844969
1844970
1844971
1844972
1844973
1844974
1810641
1810642
1810643
1810996
1811694
1813905
1813906
1813907
1813908
1813909
1813929
1813940
1813941
1814984
1814986
1814996
1816027
1816028
1816029
1816740
1816741
1816770
1819620
1819621
1819622
1819623
1819624
1819625
1819626
1819627
1819628
1819629
1819640
1819642
1819643
1819644
1819645
1819646
1819647
1819648
1819649
1819920
1819921
1819922
1819923
1819924
1819996
1520996
1527614
1527615
1527616
1527617
1527618
1527619
1527620
1527621
1527622
1527623
1527624
1527625
1527626
1527627
1527628
1527629
1527646
1527647
1529934
1529935
1529936
1529937
1370995
1370996
1377904
1377923
1377924
1377930
1377931
1377932
1377933
1377934
1377963
1377964
1377965
1377966
1377967
1377968
1377969
1470996
1479907
1479908
1479909
1479945
1479946
1479960
1479961
1479962
1479963
1479964
1479965
1479966
1479967
1479968
1479969
1880900
1880904
1880996
1889082
1889083
1889084
1889901
1889967
1889968
1889969
1750996
1302962
1303123
1303124
1303125
1304045
1307000
1307001
1309407
1309516
1390996
1399900
1399901
1399902
1399960
1399961
1399962
1860996
1869066
1869068
1869069
1869956
1869960
1869961
1869962
1869963
1869964
1869965
1869966
1869967
1869968
1869969
1550996
1500156
1500157
1500158
1500159
1509922
1509923
1509924
1509925
1509926
1509945
1509946
1509947
1509948
1509949
1830900
1830996
1839977
1839978
1839979
1450996
1452786
1452794
1454541
1454558
1459664
1459668
1459669
1459776
1459783
1459784
1459795
1459796
1459797
1356500
1356501
1356502
1356503
1356504
1356505
1356506
1356507
1356508
1356509
1356574
1356575
1356576
1357900
1357901
1357902
1357903
1357904
1357948
1357949
1590996
1599900
1599901
1599902
1599943
1770996
1776765
1776766
1776767
1779482
1779489
1779797
1779944
1779945
1779950
1779951
1890996
1893574
1893575
1896385
1899760
1899761
1899762
1899900
1899901
1899902
1899960
1899961
1899962
1361995
1362996
1363999
1366750
1366751
1366752
1366753
1366754
1366755
1366756
1369933
1369934
1800996
1803483
1804085
1804095
1808398
1808399
1809481
1809580
1809583
1809585
1809680
1809684
1809687
1809688
1809945
1809946
1809958
1809959
1809977
1809996
1530996
1533796
1535252
1535276
1560996
1568482
1568830
1569925
1569926
1569927
1569928
1569929
1569934
1780996
1789996
1850996
1859924
1859926
1859936
1859946
1859947
1330996
1331907
1331977
1331996
1332550
1334532
1334533
1334545
1336484
1336485
1336907
1336985
1336986
1336996
1337976
1339904
1339975
1339976
1339996
1520997
1527640
1527641
1529230
1529231
1529232
1529233
1529234
1529235
1529236
1529237
1529238
1529239
1529250
1529251
1529252
1529253
1529254
1529255
1529256
1529257
1529940
1529957
1529958
1529959
1529980
1810997
1811907
1812907
1812917
1813096
1813097
1813910
1813911
1813912
1813913
1813914
1813947
1814647
1814648
1814983
1814985
1814997
1815297
1815484
1815485
1816024
1816025
1816026
1816750
1816751
1816752
1816753
1816771
1819630
1819631
1819632
1819633
1819634
1819635
1819636
1819637
1819638
1819639
1819685
1819686
1819687
1819688
1819689
1819750
1819751
1819752
1819753
1819754
1819755
1819907
1819909
1819940
1819942
1819943
1819944
1819945
1819946
1819947
1819948
1819949
1819997
1880907
1880997
1889096
1889097
1889920
1889921
1889922
1889923
1889924
1750997
1759067
1759068
1759069
1759070
1759071
1759072
1759073
1759074
1759075
1759076
1759077
1759078
1759079
1759141
1759142
1759143
1759155
1759156
1759157
1759158
1759159
1759160
1759161
1759162
1759920
1759921
1759922
1759923
1759952
1759953
1759954
1759955
1759956
1759997
1370997
1377940
1377941
1377942
1377943
1377944
1377945
1377946
1377947
1377974
1377975
1377976
1377977
1377978
1377979
1377980
1377981
1377982
1377983
1471990
1471991
1471992
1471993
1471994
1471995
1471996
1471997
1471998
1471999
1479920
1479921
1479922
1479940
1479941
1479942
1479943
1479944
1479950
1479951
1479952
1479953
1320116
1320117
1320905
1323908
1323982
1323983
1323984
1323986
1323997
1327906
1327909
1327976
1327979
1327980
1327997
1328997
1910907
1910997
1840997
1844930
1844931
1844960
1844961
1844962
1844963
1844964
1844965
1570190
1570191
1570192
1570193
1570194
1570195
1570196
1570197
1570997
1571494
1571900
1572998
1573920
1573921
1573922
1573923
1573924
1573925
1573926
1573927
1573928
1573929
1573940
1573941
1573942
1573976
1573977
1577000
1577001
1577002
1577003
1577004
1577005
1577006
1577007
1577008
1577009
1980997
1981404
1988295
1988297
1989017
1989907
1660907
1660997
1669907
1669927
1669947
1669952
1669954
1669957
1669967
1389920
1389921
1389922
1389923
1389924
1389925
1389926
1389927
1389928
1389929
1870997
1874260
1874261
1874262
1874263
1874264
1879990
1879991
1879992
1879993
1879994
1879995
1310909
1311997
1313974
1313986
1313997
1315027
1315028
1315042
1315048
1317988
1317997
1319974
1319997
1730997
1739787
1739788
1760997
1769060
1769061
1769062
1769063
1769166
1769917
1769925
1769928
1769929
1769936
1769951
1769952
1769974
1769976
1769977
1769997
1580907
1580997
1588680
1588681
1588682
1588683
1588684
1588685
1589930
1589931
1589932
1589933
1589934
1589935
1589936
1589937
1820997
1824094
1824095
1829060
1829061
1829078
1829079
1829955
1829956
1829957
1829958
1829959
1829998
1829999
1510907
1510908
1510997
1519920
1519921
1519940
1519960
1990997
1991504
1991507
1999019
1999039
1999670
1999671
1999672
1999674
1999947
1999970
1999971
1999972
1999973
1999974
1999975
1999977
1780997
1784443
1786750
1788128
1788129
1788167
1788168
1789923
1789997
1850997
1859057
1859927
1560997
1568481
1569900
1569907
1569935
1569936
1569940
1569941
1569942
1330997
1331978
1331997
1332551
1334535
1334536
1336472
1336473
1336487
1336987
1336988
1336997
1337973
1339497
1339498
1339905
1339997
1364997
1365752
1365756
1365757
1365758
1365759
1890997
1893584
1896384
1896388
1899766
1899767
1899786
1899787
1899906
1899907
1899966
1899967
1530997
1535256
1535257
1535277
1538493
1538496
1538497
1800997
1803489
1804070
1804087
1804097
1808391
1808392
1808396
1809495
1809587
1809588
1809591
1809690
1809691
1809692
1809693
1809694
1809695
1809696
1809697
1809698
1809699
1809777
1809783
1809907
1809933
1809939
1809944
1809974
1809997
1830997
1839904
1839905
1839919
1839921
1839922
1839939
1839940
1839941
1839954
1839955
1839956
1839957
1839970
1839971
1500300
1500301
1500302
1500303
1500304
1500305
1500306
1500908
1500997
1502627
1502628
1502635
1502636
1502637
1502638
1502639
1509927
1509928
1509929
1770997
1776749
1776750
1776751
1776752
1776753
1779490
1779796
1779900
1779946
1779947
1779952
1779953
1779997
1590907
1590997
1599920
1599921
1599922
1599940
1599941
1599942
1450997
1452787
1452797
1453794
1454540
1454559
1459674
1459675
1459676
1459677
1459778
1459780
1459781
1356510
1356511
1356512
1356513
1356514
1356515
1356516
1356568
1356569
1357910
1357911
1357912
1357913
1357914
1357935
1357936
1357937
1357938
1357939
1303126
1303127
1304046
1307002
1307003
1309408
1309517
1550907
1550997
1556900
1556904
1556905
1556906
1556907
1556908
1556909
1556920
1556921
1556922
1556933
1556934
1556935
1556936
1556937
1556938
1556939
1559971
1559972
1559973
1559974
1559975
1559976
1559977
1559978
1559990
1559995
1559996
1559997
1860907
1860997
1869937
1869970
1869971
1869972
1869973
1869974
1869975
1869976
1869977
1869978
1869979
1390997
1399906
1399907
1399966
1399967
1980990
1981406
1989015
1989906
1570198
1570990
1571907
1571996
1573970
1573971
1840990
1844946
1844947
1910990
1919030
1919044
1919917
1320108
1323977
1323990
1328990
1370990
1470990
1471980
1479916
1479917
1479918
1479919
1750990
1759490
1759990
1880990
1889298
1889938
1889939
1889963
1810990
1812900
1815290
1815291
1815292
1815293
1816742
1816743
1816769
1819600
1819601
1819602
1819603
1520990
1529950
1529979
1529999
1519963
1820990
1580900
1580905
1580990
1589939
1760990
1769900
1344099
1730990
1739488
1739489
1739778
1739780
1739785
1739900
1311990
1313990
1317990
1319990
1870990
1879920
1879921
1879922
1879923
1879999
1389956
1389957
1389958
1389959
1660990
1800990
1804080
1809483
1809774
1809790
1809970
1809990
1534990
1535265
1535272
1890990
1893583
1899930
1899931
1899950
1899951
1899952
1361999
1362997
1368996
1368997
1368998
1368999
1330990
1331990
1332567
1332568
1334547
1336470
1336499
1336905
1336990
1339494
1339900
1339990
1560990
1850990
1859050
1859920
1780990
1784446
1784844
1784845
1788135
1788166
1990990
1994587
1994589
1999016
1999067
1999978
1390990
1399930
1399931
1399950
1399951
1399952
1860990
1869900
1869901
1869902
1869903
1869904
1550990
1303138
1303139
1304055
1307037
1307039
1307046
1309405
1309510
1450990
1452780
1454545
1459682
1459683
1459684
1459685
1459770
1459771
1459789
1351990
1351991
1356545
1356546
1357950
1357951
1357952
1357953
1590990
1599939
1770990
1779492
1779790
1779791
1779990
1500990
1502285
1502612
1830990
1990998
1991437
1991438
1991439
1991522
1991527
1991528
1991529
1994586
1994588
1999069
1999083
1999088
1999090
1999677
1999925
1999926
1999928
1999929
1999955
1999958
1780998
1784441
1786757
1788101
1788102
1788103
1788104
1788105
1788106
1788107
1788108
1788109
1788136
1788137
1788138
1788139
1788154
1788155
1788156
1788157
1788164
1788176
1788178
1788179
1789924
1789925
1789926
1789927
1789998
1850998
1859058
1859928
1859948
1560998
1568486
1568487
1568836
1568837
1569944
1569945
1569946
1569947
1330998
1331998
1332552
1334534
1336474
1336488
1336989
1336998
1337974
1337975
1339977
1339978
1339998
1361998
1362998
1365750
1365751
1365753
1365754
1365755
1890998
1893598
1899763
1899764
1899774
1899775
1899785
1899908
1899909
1899963
1899964
1530998
1533797
1535258
1535274
1535278
1538494
1538498
1538499
1800998
1803481
1803485
1804074
1804088
1804098
1809496
1809497
1809581
1809582
1809793
1809794
1809795
1809796
1809797
1809798
1809799
1809949
1809953
1809954
1809955
1809956
1809957
1809984
1809985
1809986
1809987
1809988
1809998
1830998
1832402
1839908
1839910
1839911
1839912
1839929
1839933
1839934
1839935
1839936
1839944
1839945
1839946
1839958
1839959
1839960
1839961
1839962
1839963
1839964
1839965
1500146
1500147
1500148
1500149
1500155
1500307
1500308
1500309
1500994
1500998
1500999
1502630
1502631
1502632
1502633
1502634
1509900
1509901
1509902
1509939
1770998
1776754
1776755
1776756
1779481
1779491
1779798
1779948
1779954
1779955
1779956
1779957
1590904
1590998
1599923
1599924
1599930
1599931
1599932
1356537
1356538
1356539
1356565
1356566
1356567
1357905
1357906
1357907
1357908
1357909
1357930
1357931
1357932
1357933
1357934
1450998
1452788
1454544
1457052
1457053
1459660
1459661
1459662
1459663
1459774
1459782
1459791
1459792
1459793
1302963
1303128
1303129
1304048
1307004
1307005
1309515
1309519
1550998
1556910
1556911
1556912
1556913
1556914
1556915
1556916
1556917
1556918
1556919
1556940
1556941
1556942
1556943
1556944
1556945
1556946
1556947
1556948
1556949
1556955
1556956
1556957
1556958
1556959
1559983
1559984
1559985
1559986
1559987
1559988
1559991
1559992
1559994
1559998
1860904
1860998
1869067
1869938
1869980
1869981
1869982
1869983
1869984
1869985
1869986
1869987
1869988
1869989
1390998
1399908
1399909
1399963
1399964
1520906
1520998
1521495
1521496
1521497
1521498
1521499
1527601
1527602
1527603
1527604
1527605
1527606
1527607
1527608
1527609
1527610
1527611
1527612
1527613
1527644
1527645
1527693
1527694
1527695
1529290
1529291
1529292
1529293
1529294
1529951
1529952
1529953
1810640
1810998
1812910
1812911
1812912
1812913
1812914
1812915
1812916
1813080
1813081
1813082
1813083
1813084
1813085
1813480
1813481
1813482
1813483
1813485
1813486
1813487
1813488
1813489
1813936
1813945
1813946
1813955
1813956
1813957
1813958
1813959
1814998
1815298
1815299
1815494
1815495
1815496
1815497
1816030
1816031
1816032
1816033
1816044
1816045
1816046
1816744
1816745
1816746
1816747
1816748
1816749
1816760
1816761
1816762
1816763
1816764
1816765
1816766
1819680
1819681
1819682
1819683
1819684
1819760
1819761
1819762
1819763
1819764
1819765
1819766
1819767
1819768
1819769
1819905
1819908
1819950
1819951
1819952
1819953
1819954
1819955
1819956
1819957
1819958
1819959
1880998
1889093
1889094
1889095
1889932
1889933
1889934
1889935
1889936
1750998
1759030
1759031
1759032
1759033
1759034
1759035
1759036
1759037
1759038
1759089
1759090
1759091
1759094
1759147
1759148
1759149
1759150
1759151
1759152
1759153
1759154
1759907
1759908
1759941
1759942
1759943
1759944
1759945
1759946
1759947
1759948
1759949
1759950
1759951
1759998
1479910
1479911
1479912
1479947
1479948
1479949
1479954
1479955
1479980
1479981
1479982
1479983
1479984
1479985
1479986
1479987
1479988
1479989
1370998
1377948
1377949
1377962
1377971
1377972
1377973
1377984
1377988
1377989
1320105
1320118
1320119
1320907
1323901
1323970
1323972
1323987
1323998
1327901
1327970
1327971
1327972
1327973
1327981
1327982
1327984
1327985
1327986
1327987
1327988
1327989
1327990
1327998
1328998
1910998
1919950
1840900
1840904
1840905
1840982
1840998
1844910
1844911
1844912
1844913
1844914
1844915
1844916
1844917
1844918
1844919
1844950
1844951
1844952
1844953
1844954
1844955
1844956
1844957
1844958
1844959
1570998
1571499
1571906
1572997
1573910
1573911
1573912
1573913
1573914
1573915
1573916
1573917
1573918
1573919
1573948
1573990
1573991
1573992
1573993
1573994
1573995
1573996
1573997
1573998
1573999
1577010
1577011
1577012
1577013
1577014
1577015
1577016
1577017
1577018
1577019
1980907
1980998
1981407
1988294
1988296
1988298
1989018
1989908
1660998
1669908
1669910
1669911
1669912
1669913
1669914
1669915
1669940
1669958
1669968
1389910
1389911
1389912
1389913
1389914
1389915
1389916
1389917
1389918
1389919
1870998
1874278
1874280
1874281
1874282
1874283
1879986
1879987
1879988
1879989
1311998
1312396
1313975
1313998
1315029
1315041
1315044
1317998
1319973
1319998
1730998
1734998
1739758
1739759
1739760
1739761
1739762
1739763
1739764
1739926
1739929
1739931
1739933
1739935
1739936
1760998
1769000
1769001
1769002
1769003
1769004
1769005
1769006
1769007
1769008
1769009
1769010
1769011
1769012
1769013
1769014
1769015
1769016
1769017
1769018
1769019
1769141
1769142
1769914
1769918
1769919
1769949
1769954
1769955
1769978
1769998
1580904
1580998
1588688
1588689
1589400
1589401
1589402
1589403
1589404
1589405
1589406
1589407
1589408
1820998
1829900
1829901
1829902
1829903
1829960
1829961
1829962
1829963
1829964
1829965
1829966
1829967
1829968
1829969
1829985
1829986
1829987
1829988
1829989
1510904
1510905
1510998
1519930
1519931
1519932
1519933
1519934
1519935
1519980
1519981
1519982
1519983
1519984
1519985
1519986
1519987
1519988
1519989
1500902
1502281
1502610
1502611
1830902
1830905
1839902
1839917
1839918
1839947
1839984
1839985
1839986
1839987
1839988
1839989
1356519
1356570
1357944
1357965
1357966
1357967
1450970
1450971
1450972
1450973
1450974
1452792
1454543
1590902
1599933
1599934
1776748
1779496
1779785
1779902
1779935
1779992
1303121
1303122
1304052
1307048
1309402
1309507
1399903
1399944
1399968
1860902
1869020
1869022
1869024
1869925
1869927
1869958
1550902
1556930
1556931
1568832
1568833
1569902
1784842
1788123
1789990
1850902
1859052
1859932
1991426
1991515
1991516
1999022
1999023
1999025
1331902
1331970
1334543
1336493
1336494
1336902
1337971
1339902
1339971
1899768
1899903
1899944
1899968
1364990
1367757
1367758
1367759
1809485
1809756
1809792
1809902
1809934
1809972
1534992
1535266
1538992
1870305
1870902
1874273
1879906
1879911
1879964
1879965
1879966
1380990
1389933
1389934
1389935
1389936
1660902
1660904
1669902
1669930
1739770
1739783
1739951
1311902
1313971
1315036
1319971
1580902
1760902
1769902
1769960
1769961
1344999
1510902
1519955
1519956
1820902
1820904
1829930
1829931
1829932
1829933
1829934
1829935
1829936
1829990
1829991
1829992
1829993
1829994
1811900
1811901
1811902
1811903
1812902
1813932
1813933
1813934
1814084
1815489
1816038
1816039
1816758
1816759
1819690
1819691
1819902
1819975
1819976
1819977
1819978
1819979
1520902
1527690
1527691
1527692
1529954
1529955
1529956
1529976
1529977
1529978
1470902
1479902
1377918
1377936
1377937
1880902
1889098
1889099
1889930
1889931
1889942
1889943
1750902
1759080
1759140
1759498
1759902
1759912
1910902
1919022
1919023
1919033
1919049
1919062
1919944
1320106
1320107
1320902
1323973
1327902
1328902
1980902
1981408
1989027
1570093
1570902
1571904
1572999
1573965
1573966
1573967
1573968
1573969
1840902
1844992
1844993
1820903
1510903
1510990
1519923
1519924
1519925
1519926
1519927
1519928
1519929
1519941
1519970
1519971
1519972
1519973
1519974
1519975
1519976
1519977
1519978
1519979
1760903
1769064
1769065
1769066
1769067
1769068
1769069
1769140
1769152
1769903
1769932
1769983
1769985
1580903
1588687
1589409
1344699
1739765
1739766
1739767
1739784
1739921
1739955
1311903
1313976
1315043
1317989
1319976
1870903
1871995
1871996
1871997
1871998
1871999
1874275
1874276
1874277
1879924
1879925
1879930
1879931
1879932
1879933
1879934
1879935
1879936
1879937
1879938
1879939
1879940
1879941
1879942
1879943
1879944
1879945
1879946
1879947
1879948
1879949
1879950
1879951
1879952
1879953
1879954
1879955
1879956
1879957
1879958
1879959
1660903
1669903
1669960
1669963
1669964
1389945
1389946
1389947
1980903
1981413
1989028
1840903
1844944
1844945
1570903
1571493
1571905
1320903
1323974
1323976
1323980
1323981
1327903
1328901
1328903
1328907
1910903
1919034
1919043
1919063
1919084
1919093
1919953
1919973
1470903
1470904
1377919
1377928
1377929
1750903
1759083
1759499
1759901
1759903
1759904
1759905
1759913
1759914
1759915
1759916
1759917
1759918
1880903
1889925
1889926
1889927
1889928
1889929
1889944
1520900
1520903
1521490
1521491
1521492
1521493
1521494
1527600
1527659
1529266
1529267
1529268
1529269
1529270
1529271
1529280
1529281
1529282
1529283
1529284
1529295
1529296
1529297
1529298
1529299
1810646
1810647
1810649
1812903
1813092
1813093
1813915
1813916
1813917
1813918
1813919
1813948
1813949
1814987
1814988
1815499
1819495
1819496
1819497
1819498
1819499
1819770
1819771
1819772
1819773
1819774
1819775
1819776
1819777
1819778
1819779
1819780
1819781
1819782
1819783
1819784
1819785
1819786
1819787
1819788
1819789
1819903
1819904
1819933
1819934
1819935
1819936
1819937
1819938
1819939
1399905
1399943
1399965
1550903
1550904
1550905
1556901
1556902
1556903
1559960
1559970
1559980
1559993
1860903
1869030
1869033
1869034
1869035
1869036
1869037
1869038
1869039
1304049
1307007
1307008
1309409
1356549
1356552
1356553
1357968
1357969
1450975
1450976
1450977
1450978
1452793
1454555
1457057
1459777
1776742
1776743
1776744
1779480
1779485
1779497
1779787
1779903
1779904
1779905
1779933
1779934
1590903
1599903
1599904
1599937
1599938
1830903
1832403
1839900
1839901
1839913
1839914
1839915
1839916
1839923
1839924
1839925
1839926
1839937
1839938
1839949
1839950
1839951
1839952
1839953
1500140
1500141
1500142
1500143
1500144
1500145
1500150
1500151
1500152
1500153
1500154
1500903
1500904
1500905
1502613
1502614
1534995
1535263
1535264
1538490
1538491
1538492
1538495
1538994
1538999
1801690
1801691
1801692
1801693
1801694
1801695
1801696
1801697
1801698
1801699
1803480
1803487
1804071
1804093
1804094
1808282
1808286
1809488
1809489
1809592
1809686
1809757
1809903
1809905
1809943
1809965
1809973
1809975
1893579
1893595
1896389
1899753
1899765
1899905
1899943
1899965
1364994
1366757
1366758
1369930
1369931
1369932
1331903
1331979
1334538
1336489
1336903
1339903
1339979
1850903
1850904
1784840
1786753
1788124
1788131
1788132
1788133
1788134
1788172
1789995
1569903
1569931
1569943
1991427
1991428
1991429
1991517
1991518
1991519
1991520
1991521
1999024
1999032
1999033
1999035
1999036
1999037
1999043
1999045
1999046
1999085
1760999
1769020
1769021
1769022
1769023
1769024
1769025
1769026
1769027
1769028
1769029
1769030
1769031
1769032
1769033
1769034
1769035
1769036
1769037
1769038
1769039
1769040
1769041
1769042
1769043
1769044
1769045
1769046
1769047
1769048
1769049
1769050
1769051
1769147
1769926
1769927
1769939
1769999
1580999
1588694
1588695
1588696
1588697
1588698
1588699
1589410
1589411
1589412
1589413
1589414
1589415
1589416
1589417
1589418
1589419
1820900
1820992
1820999
1824090
1824091
1829070
1829071
1829072
1829096
1829097
1829098
1829099
1829920
1829921
1829922
1829923
1829924
1829925
1829926
1829927
1829928
1829939
1829995
1829996
1829997
1510999
1519922
1519998
1519999
1870306
1870307
1870900
1870904
1870999
1874279
1874284
1874290
1874298
1874299
1879977
1879978
1879979
1879996
1879997
1660999
1669909
1669931
1669932
1669933
1669934
1669935
1669936
1669937
1669938
1669939
1669945
1669949
1669951
1669955
1669959
1389970
1389971
1389972
1389973
1389974
1389975
1389976
1389977
1389978
1389979
1730999
1734992
1739789
1739945
1739946
1739948
1739950
1310904
1310905
1310906
1310907
1310908
1311992
1311999
1313980
1313999
1315020
1315021
1317985
1317999
1319999
1320110
1320111
1320112
1323904
1323905
1323978
1323979
1323999
1327907
1327974
1327975
1327999
1328904
1328999
1910999
1919046
1919047
1919090
1919915
1919951
1919952
1980905
1980999
1981402
1988299
1989019
1989024
1989903
1840983
1840984
1840992
1840999
1844920
1844921
1844922
1844923
1844924
1844925
1844926
1844927
1844928
1844929
1844975
1844976
1844977
1844978
1844979
1844995
1570096
1570199
1570999
1571498
1571995
1572990
1573900
1573901
1573902
1573903
1573904
1573905
1573949
1573974
1573975
1576906
1576907
1576908
1576909
1520999
1521485
1521486
1521487
1521488
1521489
1527632
1527633
1527634
1527635
1527636
1527637
1527638
1527639
1527649
1527658
1529273
1529274
1529275
1529276
1529277
1529278
1529279
1529900
1529901
1529902
1529903
1529904
1529920
1529921
1529922
1529923
1529924
1529925
1529926
1529927
1529928
1529929
1810992
1810999
1811685
1811686
1811687
1811688
1811689
1811690
1811691
1811692
1811693
1811697
1811698
1811908
1811909
1811920
1811921
1811922
1811923
1813094
1813095
1813098
1813099
1813920
1813921
1813922
1813923
1813924
1813935
1813937
1813938
1813939
1813950
1813951
1813952
1813953
1813954
1814992
1814999
1815498
1816034
1816035
1816036
1816037
1816756
1816757
1819490
1819491
1819492
1819493
1819494
1819641
1819692
1819693
1819694
1819695
1819696
1819697
1819698
1819699
1819790
1819791
1819792
1819793
1819794
1819795
1819796
1819797
1819798
1819799
1471981
1479923
1479924
1479925
1479990
1479991
1479992
1479993
1479994
1479995
1479996
1479997
1479998
1479999
1370999
1377910
1377911
1377912
1377913
1377914
1377915
1377916
1377917
1377950
1377951
1377952
1377953
1377954
1377955
1377956
1377957
1377958
1750999
1759057
1759058
1759059
1759060
1759061
1759062
1759063
1759064
1759065
1759066
1759144
1759145
1759146
1759173
1759174
1759175
1759176
1759930
1759931
1759932
1759933
1759934
1759935
1759936
1759937
1759938
1759939
1759940
1759960
1759961
1759962
1759963
1759964
1759965
1759966
1759967
1759968
1759969
1759999
1880999
1889080
1889081
1889092
1889297
1889954
1889955
1889956
1889957
1889958
1303130
1303136
1303137
1304056
1307035
1307036
1307047
1309406
1309511
1309512
1390999
1399937
1399938
1399939
1399957
1399958
1399959
1550999
1556923
1556924
1556925
1556926
1556927
1556928
1556929
1556953
1556954
1559962
1559963
1559964
1559965
1559966
1559967
1559968
1559969
1559999
1860905
1860999
1869920
1869921
1869922
1869923
1869924
1869939
1869990
1869991
1869992
1869993
1869994
1869995
1869996
1869997
1869998
1869999
1830904
1830992
1830999
1839906
1839907
1839927
1839928
1839930
1839931
1839942
1839943
1839972
1502288
1509938
1509940
1509941
1509942
1509943
1509944
1351998
1351999
1356520
1356521
1356522
1356523
1356524
1356525
1356526
1356547
1356548
1357970
1357971
1357972
1357973
1450992
1450999
1452799
1454549
1454557
1457056
1459670
1459671
1459672
1459673
1459678
1459679
1459680
1459681
1459779
1459790
1770999
1776757
1776758
1776759
1776760
1779494
1779789
1779792
1779936
1779937
1779938
1779939
1779949
1590999
1598172
1598173
1599925
1599926
1599927
1599928
1599946
1599947
1890999
1893576
1893577
1893588
1893597
1896387
1899757
1899758
1899759
1899783
1899784
1899937
1899938
1899939
1899957
1899958
1899959
1361997
1362999
1367990
1367991
1367992
1367993
1367994
1367995
1530999
1535253
1535255
1535275
1535279
1800992
1800999
1803484
1804072
1804089
1804096
1804099
1808283
1808393
1809482
1809494
1809498
1809589
1809593
1809770
1809773
1809780
1809785
1809786
1809787
1809788
1809789
1809940
1809941
1809942
1809950
1809951
1809952
1809980
1809981
1809982
1809983
1809989
1809992
1809999
1850992
1850999
1859922
1859929
1859935
1859937
1859938
1859939
1859942
1859949
1780999
1784440
1784849
1786756
1788127
1788150
1788151
1788171
1788174
1788175
1789920
1789921
1789999
1560999
1568483
1568484
1568838
1568839
1569937
1569938
1569939
1569948
1569949
1990999
1991435
1991436
1999017
1999018
1999084
1999087
1999091
1999092
1999093
1999096
1999097
1999099
1999923
1999924
1999927
1330999
1331972
1331973
1331974
1331999
1332569
1334548
1336471
1336480
1336481
1336904
1336982
1336999
1339499
1339999
1450989
1450994
1452784
1452795
1453793
1454542
1457054
1457055
1459665
1459666
1459667
1459775
1459794
1351996
1356530
1356531
1356532
1356533
1356534
1356535
1356536
1356560
1356561
1356562
1356563
1356564
1357946
1357947
1357960
1357961
1357962
1357963
1357964
1590905
1590994
1599907
1599908
1599909
1599935
1599936
1770994
1771696
1771697
1771698
1771699
1776762
1776763
1776764
1779487
1779794
1779799
1779940
1779941
1779958
1779959
1779994
1500165
1500166
1500167
1500168
1500169
1502615
1502616
1502617
1502618
1502619
1830994
1832404
1832405
1832406
1832407
1832408
1832409
1839990
1839991
1839992
1839993
1839994
1839995
1839996
1839997
1839998
1839999
1390994
1399934
1399935
1399936
1399954
1399955
1399956
1860994
1869085
1869086
1869087
1869936
1869940
1869941
1869942
1869943
1869944
1869945
1869946
1869947
1869948
1869949
1869955
1550900
1550994
1559961
1559979
1559981
1559982
1559989
1300960
1302960
1303940
1303941
1303942
1304050
1307038
1309000
1309401
1309505
1309506
1330994
1331900
1331905
1331994
1334539
1334540
1334541
1336475
1336490
1336491
1336900
1336980
1336994
1339496
1339908
1339970
1339994
1560994
1568488
1568489
1568834
1568835
1569904
1569905
1569923
1569924
1569930
1850994
1859930
1859933
1859940
1780994
1784442
1786758
1788100
1788169
1788170
1789922
1789994
1990994
1991420
1991421
1991422
1991500
1991501
1991502
1991503
1991505
1991506
1999038
1999047
1999675
1999679
1999940
1999941
1999942
1999943
1999944
1999945
1800994
1808280
1808284
1808395
1809484
1809590
1809597
1809681
1809682
1809683
1809685
1809781
1809782
1809900
1809935
1809936
1809937
1809938
1809994
1530994
1538996
1890994
1893572
1893573
1896383
1899754
1899755
1899756
1899780
1899781
1899782
1899934
1899935
1899936
1899954
1899955
1899956
1360994
1361996
1362995
1363998
1368990
1368991
1368992
1368993
1368994
1368995
1730994
1734994
1310900
1310901
1310902
1311900
1311994
1313970
1313994
1315035
1317994
1319970
1319994
1870905
1870994
1874270
1874271
1874272
1879905
1879967
1879968
1879969
1389960
1389961
1389962
1389963
1389964
1389965
1389966
1389967
1389968
1389969
1660994
1510994
1519936
1519937
1519942
1519964
1519965
1519966
1519967
1519968
1519969
1820994
1829065
1829066
1829067
1829068
1829069
1829950
1829951
1829952
1829953
1580994
1588690
1588691
1588692
1589476
1589477
1589478
1589479
1589905
1589906
1589907
1589908
1589909
1589927
1760994
1769052
1769053
1769054
1769055
1769143
1769144
1769920
1769921
1769922
1769994
1370994
1377925
1377926
1377927
1377985
1377986
1377987
1470994
1479913
1479914
1479915
1479975
1479976
1479977
1479978
1479979
1750994
1759014
1759015
1759016
1759017
1759018
1759019
1759020
1759021
1759022
1759023
1759024
1759025
1759026
1759027
1759028
1759029
1759497
1759924
1759925
1759970
1759971
1759972
1759973
1759974
1759975
1759976
1759994
1880905
1880994
1889086
1889087
1889088
1889089
1889903
1889904
1889964
1889965
1889966
1810994
1813900
1813901
1813902
1813903
1813904
1813944
1814644
1814645
1814981
1814982
1814994
1815486
1816047
1816048
1816049
1816772
1816773
1816774
1816775
1816776
1816777
1816778
1819485
1819486
1819487
1819488
1819489
1819610
1819611
1819612
1819613
1819614
1819615
1819616
1819617
1819618
1819619
1819900
1819925
1819926
1819927
1819928
1819929
1819994
1819995
1520994
1527642
1527643
1529258
1529259
1529260
1529261
1529262
1529263
1529264
1529265
1529960
1529961
1529962
1529963
1529964
1529965
1529966
1529967
1529968
1529969
1529997
1529998
1980904
1980994
1981403
1989012
1989014
1989022
1989905
1570994
1571496
1571990
1572996
1573946
1573960
1573961
1573962
1573963
1573964
1573979
1576900
1576901
1576902
1576903
1576904
1576905
1840985
1840986
1840987
1840988
1840989
1840994
1844000
1844001
1844002
1844003
1844004
1844005
1844006
1844007
1844008
1844009
1844934
1844935
1844936
1844937
1844938
1910904
1910905
1910994
1919010
1919011
1919012
1919013
1919014
1919020
1919021
1919045
1919060
1919061
1919911
1919914
1919918
1919919
1919940
1919941
1919942
1919943
1919945
1919970
1919971
1919972
1320100
1320101
1320102
1320103
1320994
1323900
1323988
1323989
1323994
1327900
1327905
1327994
1328900
1328905
1328994
1860995
1869065
1869950
1869951
1869952
1869953
1869954
1550995
1556932
1556950
1556951
1556952
1390995
1399904
1399946
1399947
1399969
1303120
1304051
1307034
1309504
1590995
1770995
1776746
1779488
1779795
1779995
1450995
1452785
1454547
1459690
1459691
1459692
1459693
1356558
1356559
1356571
1357954
1357955
1500995
1500996
1502286
1502287
1502625
1502626
1830907
1830995
1839909
1839920
1839932
1839948
1800995
1804086
1809486
1809775
1809928
1809995
1530995
1535267
1538995
1364995
1369990
1369991
1369992
1890995
1899904
1899946
1899947
1899969
1330995
1331995
1334542
1336492
1336995
1339495
1339995
1990995
1991431
1999095
1999950
1999951
1999952
1999953
1999954
1560995
1568831
1850995
1859055
1859925
1780995
1784843
1788173
1510995
1516081
1516082
1516083
1516084
1516085
1820995
1829095
1829904
1829905
1829929
1829954
1580995
1760995
1769915
1769964
1310903
1311995
1313995
1317995
1319995
1730995
1734995
1389930
1389931
1389932
1660905
1660995
1669905
1669925
1669965
1870907
1870995
1871994
1570094
1570095
1570905
1570995
1571993
1572994
1840995
1844948
1844949
1980995
1981412
1989025
1910995
1919954
1320104
1323971
1323995
1327995
1328995
1750995
1759040
1759041
1759042
1759043
1759095
1759957
1759958
1759995
1880995
1889091
1889294
1889960
1377900
1470995
1471982
1479903
1810995
1811695
1811696
1813484
1813930
1813931
1814995
1815294
1815295
1815296
1816023
1819604
1819605
1819606
1819607
1819608
1819609
1520995
1527696
1529272
1529930
1529931
1529944
1529987
1529988
1529989
