1320418
1321418
1322418
1323418
1323670
1323671
1323811
1323821
1327418
1328418
1910418
1704700
1704701
1704702
1704703
1704704
1704705
1704706
1704707
1704708
1704709
1650090
1650187
1650418
1650498
1650649
1650997
1651418
1651529
1651809
1652013
1652092
1652120
1652180
1652418
1652745
1653042
1653212
1653282
1653418
1655418
1655503
1656048
1656418
1657418
1980418
1981366
1982418
1982446
1982447
1982483
1982484
1982485
1982486
1982487
1840418
1570418
1571408
1571418
1572448
1572449
1524185
1524186
1524187
1524188
1524189
1810418
1810498
1814108
1814180
1814181
1370418
1370498
1374180
1374181
1374182
1374183
1374184
1374185
1374186
1374187
1374188
1374189
1379500
1379501
1379502
1379507
1379508
1379509
1470418
1474080
1474081
1474082
1474083
1474084
1474085
1474086
1474087
1474088
1474089
1474138
1880418
1884180
1884181
1884182
1884183
1884184
1884185
1884186
1884187
1884188
1884189
1750418
1750498
1752418
1754180
1754181
1754182
1754183
1754184
1754185
1754186
1754187
1754188
1754189
1760418
1761418
1762418
1764050
1764051
1580418
1584180
1584181
1584182
1584183
1584184
1584185
1584186
1584187
1584188
1584189
1346481
1346482
1346483
1346484
1346485
1346486
1346487
1346488
1346489
1347030
1347031
1347032
1347033
1347034
1347035
1347036
1347037
1820418
1824180
1824181
1824182
1824183
1824184
1824185
1824186
1824187
1824188
1824189
1824285
1824286
1824287
1824288
1824289
1510418
1513400
1513401
1513402
1513403
1513404
1513405
1513406
1514088
1514089
1514090
1514091
1514092
1514180
1514181
1514182
1514183
1514184
1518418
1870418
1874015
1874016
1874017
1874018
1874019
1874080
1874081
1874083
1874084
1874085
1874087
1874180
1874181
1874182
1874183
1874184
1874185
1874186
1874187
1874188
1874189
1660418
1662418
1664180
1664181
1664182
1664183
1664184
1664185
1664186
1664187
1664188
1664189
1380418
1384180
1384181
1384182
1384183
1384184
1384185
1384186
1384187
1384188
1384189
1389854
1389855
1389856
1730418
1734118
1310418
1310428
1312418
1312565
1312566
1313067
1313068
1313069
1313087
1313418
1314794
1314975
1315418
1318830
1318831
1318832
1318833
1318834
1319027
1319028
1319029
1319418
1890418
1890498
1894180
1894181
1894182
1894183
1894184
1894185
1894186
1360498
1361418
1361498
1362418
1364418
1530408
1530418
1532624
1533093
1535098
1800418
1800498
1804180
1804181
1804182
1804183
1804184
1804185
1804186
1804187
1804188
1804189
1780418
1782418
1782438
1782462
1782463
1782464
1784607
1788756
1789628
1850418
1852418
1852428
1852467
1852468
1852469
1852470
1852471
1560418
1560498
1564180
1564181
1564182
1564183
1564184
1564185
1564186
1564187
1564188
1564189
1566361
1566362
1566363
1566364
1566365
1566366
1569418
1569873
1990408
1990418
1990428
1990498
1712620
1712621
1712622
1712623
1712624
1712625
1712626
1712627
1712628
1712629
1330418
1330498
1331418
1332232
1332418
1333232
1334232
1335232
1335418
1335871
1335872
1336418
1337295
1338418
1338428
1339048
1339418
1339428
1300821
1300829
1301986
1301987
1302038
1302821
1302829
1304380
1305070
1305071
1305072
1305073
1305074
1306530
1306531
1306532
1306533
1306534
1308174
1720285
1720286
1720287
1720288
1720289
1671418
1672418
1673418
1674418
1390418
1390498
1394180
1394181
1394182
1394183
1394184
1394185
1394186
1394187
1394188
1394189
1550418
1554180
1554181
1554182
1554288
1554289
1860418
1860498
1862418
1862445
1862466
1862467
1862468
1864180
1864181
1864182
1864183
1864184
1864185
1864186
1864187
1864188
1864189
1864243
1864244
1869875
1621348
1621349
1621354
1622418
1830418
1834180
1834181
1834182
1834183
1834184
1834185
1834186
1834187
1834188
1834189
1834280
1834281
1834282
1834283
1834284
1834285
1834286
1834287
1834288
1834289
1500418
1504180
1504181
1504182
1504183
1504184
1504185
1504186
1504187
1504188
1504189
1504250
1504251
1504252
1504253
1504254
1504255
1504256
1504257
1504258
1504259
1450418
1450535
1450580
1450581
1450582
1452418
1454297
1350048
1351418
1770418
1774148
1774168
1774169
1774180
1774181
1774182
1774183
1774184
1779085
1590418
1590422
1590423
1590498
1594180
1594181
1594182
1594183
1594184
1594185
1594186
1594187
1594188
1594189
