1340535
1340545
1340643
1340644
1340645
1340650
1340651
1340652
1340653
1340654
1340655
1340656
1340657
1340658
1340659
1345550
1345551
1345552
1345553
1345554
1345555
1345556
1345557
1346535
1346545
1346550
1346551
1346552
1346553
1346554
1346555
1346556
1346557
1346558
1346559
1346560
1346561
1346562
1346843
1346844
1346845
1347535
1347545
1580535
1580545
1580638
1580644
1580645
1582005
1585350
1585351
1585352
1585353
1585354
1585355
1585356
1585357
1585358
1585359
1585450
1585451
1585452
1585453
1585454
1585455
1585456
1585457
1585458
1585459
1586380
1586381
1586382
1586383
1586384
1586405
1586406
1586407
1586408
1586409
1586535
1586560
1586561
1586562
1586563
1586564
1586635
1586636
1586637
1586638
1586645
1586646
1586647
1586648
1586649
1589896
1760535
1760545
1760638
1760645
1761535
1761600
1761601
1761602
1761603
1761604
1761605
1761606
1761607
1761608
1761609
1761610
1761611
1761612
1761613
1761614
1761615
1761616
1761617
1761618
1761619
1761620
1761621
1761622
1761623
1761624
1761625
1761626
1761627
1761628
1761629
1761638
1765350
1765353
1765354
1765355
1766046
1766047
1766082
1766083
1766084
1766085
1766086
1766087
1766088
1766089
1766384
1766385
1766388
1766410
1766411
1766412
1766413
1766414
1766415
1766416
1766417
1766418
1766419
1766420
1766421
1766422
1766423
1766424
1766425
1766426
1766427
1766428
1766429
1766430
1766431
1766432
1766433
1766434
1766435
1766436
1766437
1766438
1766710
1766711
1766712
1766713
1766714
1766715
1766720
1766721
1766722
1766723
1766724
1766725
1766726
1766727
1766728
1766729
1766890
1766891
1766892
1766893
1766894
1766895
1766896
1766897
1766898
1766899
1768548
1768549
1768600
1768601
1768602
1768603
1768604
1768605
1768606
1768607
1768608
1768609
1768648
1768649
1769420
1769421
1769422
1769423
1769424
1510535
1510545
1510638
1510644
1510645
1510646
1510648
1510650
1510651
1510652
1510653
1510654
1510655
1510656
1510657
1510658
1510659
1515350
1515351
1515352
1515353
1515354
1515355
1515356
1515357
1515358
1515359
1515450
1515451
1515452
1515453
1515454
1515455
1515456
1515457
1515458
1515459
1516535
1516545
1516570
1516571
1516572
1516573
1516574
1516575
1516576
1516577
1516578
1516579
1516638
1516682
1516683
1516684
1516685
1516686
1516687
1516688
1516689
1519220
1519221
1519222
1519223
1519224
1519225
1519226
1519227
1519228
1519229
1519230
1519231
1519232
1519233
1519234
1519235
1519236
1519237
1519238
1519239
1519240
1519435
1519436
1820535
1820545
1825350
1825351
1825352
1825353
1825354
1825355
1825356
1825357
1825358
1825359
1825450
1825451
1825452
1825453
1825454
1825455
1825456
1825457
1825458
1825459
1826535
1826545
1826638
1826645
1380053
1380535
1380545
1380638
1380645
1380890
1380891
1385350
1385351
1385352
1385353
1385354
1385355
1385356
1385357
1385358
1385359
1385450
1385451
1385452
1385453
1385454
1385455
1385456
1385457
1385458
1385459
1386380
1386381
1386382
1386383
1386384
1386385
1386386
1386387
1386388
1386389
1386450
1386451
1386452
1386453
1386454
1386455
1386456
1386457
1386458
1386459
1388464
1388465
1388466
1388467
1388493
1660535
1660545
1665280
1665281
1665282
1665350
1665351
1665352
1665353
1665354
1665355
1665356
1665357
1665358
1665359
1665425
1668817
1668818
1668819
1870535
1870545
1870645
1875350
1875351
1875352
1875353
1875354
1875355
1875356
1875357
1875358
1875359
1875450
1875451
1875452
1875453
1875454
1875455
1875456
1875457
1875458
1875459
1876506
1876507
1876535
1876545
1876638
1876645
1876650
1876651
1876652
1876653
1876654
1876655
1876656
1876657
1876658
1876659
1876668
1876669
1876940
1876941
1876942
1876943
1876944
1310520
1310521
1310522
1310523
1310524
1310525
1310526
1310527
1310528
1310529
1310535
1310545
1312707
1312708
1314535
1315350
1315351
1315352
1315353
1315354
1315645
1315690
1315691
1315692
1315693
1315694
1315695
1316535
1316545
1317638
1317645
1317690
1317691
1317692
1317693
1317694
1318150
1318151
1318152
1318153
1318154
1318160
1318161
1318162
1318163
1318164
1318400
1318401
1318402
1318403
1318404
1318405
1318876
1318877
1318878
1318879
1730535
1730545
1735350
1735351
1735352
1735353
1735355
1735356
1735357
1735358
1735359
1736210
1736211
1736212
1736213
1700535
1700543
1700544
1700636
1700656
1700657
1700663
1700664
1700725
1700726
1701164
1701165
1701166
1701167
1701168
1701169
1702130
1702131
1702132
1702133
1702134
1702135
1702136
1702137
1702138
1702139
1703013
1703014
1703015
1703016
1703017
1703018
1703019
1703020
1703021
1703022
1703023
1703024
1703025
1703886
1703887
1703888
1703889
1703890
1703891
1703892
1704843
1704844
1704845
1704846
1704847
1704848
1704849
1704850
1704851
1704852
1704853
1704854
1704855
1704856
1704857
1704858
1704859
1704860
1704861
1704862
1704863
1704864
1704865
1705392
1705546
1705674
1705689
1705892
1705893
1707533
1707534
1707535
1707649
1708533
1708534
1708535
1708658
1708659
1708660
1708661
1708662
1708663
1708664
1708665
1708666
1708667
1708668
1708669
1709610
1709611
1709612
1709613
1709614
1709615
1709616
1709617
1709646
1709647
1910535
1910545
1910645
1915350
1915351
1915352
1915353
1915354
1915356
1915357
1915446
1915447
1320535
1320544
1320545
1321091
1321092
1321093
1321094
1322091
1322092
1322093
1322094
1322535
1322545
1323535
1324535
1325535
1325545
1325550
1325551
1325552
1325553
1325554
1325638
1325645
1325648
1325662
1325690
1325691
1325692
1325693
1325694
1325695
1325696
1325697
1325698
1325699
1327535
1327545
1327638
1327645
1328090
1328091
1328092
1328093
1328094
1328095
1328096
1328097
1328098
1328099
1328535
1328545
1328742
1328743
1328744
1328745
1328746
1328795
1328796
1328797
1328798
1328799
1329018
1329036
1329535
1329545
1329638
1329645
1570535
1570545
1570638
1570645
1571535
1571545
1572535
1572545
1572550
1572551
1572552
1572553
1572554
1572638
1572645
1572655
1572656
1572657
1575350
1575351
1575352
1575353
1575354
1575355
1575356
1575357
1575358
1575359
1576220
1576221
1576222
1576223
1576224
1576270
1576271
1576272
1576273
1576274
1576275
1576276
1576277
1576278
1576279
1576380
1576381
1576382
1576383
1576384
1576385
1576386
1576387
1576388
1576389
1840535
1840545
1845350
1845351
1845352
1845353
1845354
1845355
1845356
1845357
1845358
1845359
1845450
1845451
1845452
1845453
1845454
1845455
1845456
1845457
1845458
1845459
1846215
1846216
1846217
1846218
1846219
1846450
1846451
1846452
1846453
1846454
1650065
1650171
1650173
1650367
1650390
1650535
1650545
1650781
1651340
1651365
1651480
1651535
1653326
1653423
1653424
1653535
1653555
1653835
1653865
1653868
1655166
1655167
1655168
1655175
1655177
1655288
1655350
1655351
1655352
1655353
1655354
1655355
1655356
1655357
1655358
1655359
1655535
1655583
1655585
1655614
1655617
1655808
1655818
1656082
1656424
1656535
1656808
1657129
1657443
1657535
1980535
1980545
1980617
1980618
1980619
1980620
1981250
1981488
1981870
1981871
1981872
1981873
1981874
1981875
1981876
1981877
1981878
1981879
1981920
1981926
1981927
1981928
1981947
1981980
1985350
1985351
1985352
1985353
1985354
1985355
1985356
1985357
1985358
1985359
1986110
1986111
1986112
1986150
1986151
1986152
1986153
1986154
1986155
1986244
1986245
1810535
1810545
1810638
1815350
1815351
1815352
1815353
1815354
1815355
1815356
1815357
1815358
1815359
1520535
1520545
1521535
1521545
1521638
1524450
1524451
1524452
1524453
1524454
1524455
1524456
1524457
1524458
1524459
1525350
1525351
1525352
1525353
1525354
1525355
1525356
1525357
1525358
1525359
1525450
1525451
1525452
1525453
1525454
1525455
1525456
1525457
1525458
1525459
1526450
1526451
1526452
1526453
1526454
1526455
1526456
1526457
1526458
1526459
1526535
1526650
1526651
1526652
1526653
1526654
1526655
1526656
1526657
1526658
1526659
1526950
1526951
1526952
1526953
1526954
1526955
1526956
1526957
1526958
1526959
1527535
1527545
1527550
1527551
1527552
1527553
1527554
1527555
1527556
1527557
1528876
1528877
1528878
1528879
1880535
1880545
1880638
1880645
1881535
1881638
1885350
1885351
1885352
1885353
1885354
1885355
1885356
1885357
1885358
1885359
1885450
1885451
1885452
1885453
1885454
1885455
1885456
1885457
1885458
1885459
1886380
1886381
1886382
1886383
1886384
1886385
1886386
1886387
1886388
1886389
1886542
1886543
1886544
1886545
1886546
1886550
1886551
1886552
1886553
1886554
1886555
1886556
1886557
1886558
1886559
1886560
1886561
1886562
1886563
1886564
1886565
1886566
1886567
1886568
1886569
1886638
1886645
1886665
1750535
1750545
1750638
1750645
1751535
1752880
1752881
1752882
1752883
1752884
1752885
1752886
1752887
1752888
1752889
1754675
1754676
1754677
1754678
1754679
1755350
1755351
1755352
1755353
1755354
1755355
1755356
1755357
1755358
1755359
1755535
1755545
1756013
1756100
1756101
1756102
1756103
1756104
1756105
1756106
1756107
1756108
1756109
1756110
1756111
1756112
1756113
1756114
1756115
1756116
1756117
1756118
1756119
1756120
1756121
1756122
1756123
1756124
1756125
1756126
1756127
1756128
1756129
1756130
1756131
1756132
1756133
1756134
1756135
1756136
1756137
1756138
1756139
1756160
1756161
1756162
1756163
1756164
1756380
1756381
1756382
1756383
1756384
1756385
1756386
1756387
1756388
1756389
1756451
1756452
1756453
1756454
1756455
1756456
1756457
1756458
1756459
1756460
1756461
1756462
1756463
1756464
1756465
1756466
1756467
1756468
1756469
1756790
1756791
1756792
1756793
1756794
1756795
1756796
1756797
1756798
1756799
1756990
1756991
1756992
1756993
1756994
1756995
1756996
1756997
1756998
1756999
1758820
1758821
1370535
1370545
1370645
1370890
1370891
1372394
1372395
1372396
1372397
1372398
1378090
1378091
1378092
1378093
1378094
1378095
1378096
1378097
1378098
1378099
1379115
1379116
1379117
1379118
1379119
1379120
1379121
1379122
1379123
1379124
1379125
1379126
1379127
1379128
1379129
1379250
1379251
1379252
1379253
1379254
1379255
1379256
1379257
1379258
1379259
1379350
1379351
1379352
1379353
1379354
1379355
1379356
1379357
1379358
1379359
1470535
1470545
1470638
1470644
1470645
1475350
1475351
1475352
1475353
1475354
1475355
1475356
1475357
1475358
1475359
1476302
1476303
1476304
1300016
1300027
1300160
1300161
1300162
1300272
1300273
1300274
1300275
1301016
1301256
1301257
1301258
1301259
1302160
1302161
1302162
1302272
1302273
1302274
1302275
1303160
1303161
1303162
1303163
1303164
1303165
1304640
1304641
1304642
1304749
1305350
1305351
1305352
1305353
1305354
1305355
1305356
1305357
1305358
1305359
1305450
1305451
1305452
1305453
1305454
1305455
1305456
1305457
1305458
1305459
1308160
1308161
1308162
1308163
1308164
1860535
1860545
1861500
1861501
1861502
1861503
1861504
1861505
1861506
1861507
1861535
1861593
1861594
1861595
1861596
1861597
1865350
1865356
1865357
1865358
1865480
1865481
1865482
1865489
1865490
1865491
1866000
1866001
1866002
1866003
1866004
1866005
1866006
1866007
1866008
1866009
1866048
1866049
1866050
1866051
1866052
1866053
1866054
1866055
1866056
1866057
1866058
1866059
1866380
1866381
1866382
1866383
1866384
1866385
1866386
1866387
1866388
1866389
1550535
1550545
1550638
1550647
1550648
1550649
1550657
1550658
1550659
1550663
1550664
1550665
1550666
1555220
1555221
1555222
1555223
1555224
1555225
1555226
1555227
1555228
1555229
1555243
1555244
1555245
1555246
1555342
1555343
1555344
1555345
1555350
1555351
1555352
1555353
1555354
1555355
1555356
1555357
1555358
1555359
1555369
1556380
1556381
1556382
1556383
1556384
1556385
1556386
1556387
1556388
1556389
1556418
1556419
1556450
1556451
1556452
1556453
1556454
1556455
1556456
1558950
1558951
1558952
1558953
1558954
1558955
1558956
1558957
1558958
1558959
1558960
1558961
1558962
1390535
1390545
1390638
1390645
1395350
1395351
1395352
1395353
1395354
1395355
1395356
1395357
1395358
1395359
1395450
1395451
1395452
1395453
1395454
1395455
1395456
1395457
1395458
1395459
1396380
1396381
1396382
1396383
1396384
1396385
1396386
1396387
1396388
1396389
1396450
1396451
1396452
1396453
1396454
1396455
1396456
1396457
1396458
1396459
1671535
1672535
1673535
1673620
1673621
1673622
1673623
1673624
1673625
1673626
1673627
1673628
1673629
1673640
1673641
1673642
1673643
1673644
1673645
1673646
1673647
1673648
1673649
1673650
1673651
1673652
1673653
1673654
1673655
1673656
1673657
1673658
1673659
1673660
1673661
1673662
1673663
1673664
1673665
1673666
1673667
1673668
1673669
1673670
1673671
1673672
1673673
1673674
1673675
1500535
1500545
1500645
1500650
1500655
1505350
1505351
1505352
1505353
1505354
1505355
1505356
1505357
1505358
1505359
1505450
1505451
1505452
1505453
1505454
1505455
1505456
1506380
1506381
1506382
1506383
1506384
1506385
1506386
1506387
1506388
1506389
1506450
1506451
1506452
1506453
1506454
1506455
1506456
1506457
1506458
1506459
1506535
1506545
1506570
1506571
1506572
1506573
1506574
1506575
1506576
1506577
1506578
1506579
1506638
1506675
1506676
1506677
1506678
1509845
1509846
1509847
1509848
1509849
1509850
1509851
1509852
1509853
1509854
1509855
1509856
1509857
1509858
1509859
1509860
1509861
1509862
1509863
1509864
1509865
1509866
1509867
1509868
1830050
1830051
1830052
1830053
1830054
1830055
1830535
1830545
1830638
1830645
1831545
1832545
1835350
1835351
1835352
1835353
1835354
1835355
1835356
1835357
1835358
1835359
1835450
1835451
1835452
1835453
1835454
1835455
1835456
1835457
1835458
1835459
1836380
1836381
1836382
1836383
1836384
1836385
1836386
1836387
1836388
1836389
1836440
1836441
1836442
1836443
1836444
1836445
1836446
1836447
1836448
1836449
1836450
1836451
1836452
1836453
1836454
1836455
1836456
1836457
1836458
1836459
1837545
1839660
1839661
1839662
1839663
1839664
1839665
1839666
1839667
1839668
1839669
1621535
1590535
1590545
1590638
1590890
1590891
1591002
1591003
1594971
1594987
1594988
1594989
1594996
1594997
1595350
1595351
1595352
1595353
1595354
1595355
1595356
1595357
1595358
1595359
1595450
1595451
1595452
1595453
1595454
1595459
1595469
1595495
1595496
1595497
1595498
1595499
1596314
1596350
1596351
1596352
1596353
1596354
1596355
1596356
1596357
1596358
1596359
1596513
1596514
1596515
1596516
1596517
1596518
1596519
1596535
1596644
1596645
1596646
1596647
1596648
1596649
1596650
1596651
1596652
1596653
1596654
1596655
1596656
1596657
1596658
1596659
1596965
1596966
1770535
1770545
1775350
1775351
1775352
1775353
1775354
1775355
1775356
1775357
1775358
1775359
1776209
1776325
1452513
1452514
1452515
1452535
1452545
1454346
1454347
1457005
1457006
1457007
1457351
1457352
1457353
1457753
1457754
1457755
1458495
1458496
1458497
1458498
1458499
1459712
1459713
1459714
1459715
1350535
1350545
1350645
1351535
1351545
1355310
1355311
1355312
1355313
1355314
1356250
1356251
1356252
1356253
1356254
1356255
1356256
1356257
1356258
1356259
1357350
1357351
1357352
1357353
1357354
1357355
1357356
1357357
1357358
1357359
1358350
1358351
1358352
1358353
1358354
1358355
1358356
1358357
1358358
1358359
1358975
1358976
1358977
1358978
1358979
1358980
1358981
1358982
1358983
1358984
1358985
1358986
1358987
1358988
1358989
1360535
1360545
1360638
1360644
1360645
1361535
1361544
1361545
1361645
1362535
1362544
1362545
1362645
1364535
1364544
1364545
1364645
1365535
1365544
1365545
1365645
1366535
1366544
1366545
1366865
1367535
1367544
1367545
1367865
1368535
1368544
1368545
1368638
1368865
1368866
1368867
1368868
1368869
1369535
1369544
1369545
1369638
1369760
1369761
1369762
1369763
1369764
1369784
1369785
1369786
1369787
1369788
1369789
1890535
1890545
1890638
1890645
1895350
1895351
1895352
1895353
1895354
1895355
1895356
1895357
1895358
1895359
1895455
1895456
1895457
1895458
1895459
1895470
1895471
1895472
1895473
1895474
1800535
1800545
1800645
1805350
1805351
1805352
1805353
1805354
1805355
1805356
1805357
1805358
1805359
1805387
1530535
1530545
1530638
1530645
1531446
1531447
1531448
1531449
1531514
1531515
1531516
1531535
1531545
1531862
1531863
1531864
1531865
1531866
1531867
1531868
1531869
1533535
1533545
1533638
1533645
1534535
1537645
1537658
1537659
1537660
1537661
1537662
1537695
1537696
1537697
1537698
1537699
1990535
1990545
1990645
1991257
1991264
1995350
1995351
1995352
1995353
1995354
1995355
1995356
1995357
1995358
1995359
1995404
1995405
1995449
1996312
1996313
1996366
1996367
1996368
1996369
1996384
1560535
1560545
1560645
1561508
1561535
1561545
1561555
1561565
1561575
1561585
1561595
1565350
1565351
1565352
1565353
1565354
1565355
1565356
1565357
1565358
1565359
1565381
1565382
1565383
1565384
1565385
1565386
1565387
1565388
1565389
1566605
1566645
1566654
1566655
1566658
1566664
1566681
1566690
1566801
1566805
1566806
1568400
1568401
1568402
1568403
1568404
1568405
1568406
1568407
1568408
1568409
1568410
1568411
1568412
1568413
1568414
1568415
1568416
1568417
1568418
1568419
1568850
1568851
1568852
1568853
1568854
1568855
1568856
1568857
1568858
1568859
1568860
1568861
1568862
1568863
1568864
1568865
1569235
1569817
1569818
1780535
1780545
1785205
1785217
1785235
1785244
1785253
1785261
1785275
1785350
1785351
1785352
1785353
1785354
1785355
1785356
1785357
1785358
1785359
1785450
1785451
1785452
1785453
1785454
1785455
1785456
1785457
1785458
1785459
1786034
1786035
1786036
1786037
1786038
1786039
1786045
1786110
1786111
1786112
1786113
1786114
1786115
1786116
1786117
1786118
1786119
1786145
1786280
1786281
1786282
1786283
1786284
1786285
1786286
1786287
1786288
1786289
1786535
1786545
1786552
1786553
1786554
1786555
1786556
1786557
1786558
1786559
1786665
1786715
1788835
1789535
1789545
1850535
1850545
1850638
1855350
1855351
1855352
1855353
1855354
1855355
1855356
1855357
1855358
1855359
1855402
1855403
1855404
1855405
1855406
1855407
1855411
1855449
1855481
1856100
1856101
1856102
1856103
1856104
1856105
1856106
1856107
1856108
1856109
1856110
1856111
1856112
1856216
1856217
1856218
1856219
1856220
1856221
1856222
1856223
1856224
1856225
1856226
1856227
1856380
1856381
1856382
1856383
1856384
1856385
1856386
1856387
1856388
1856389
1856422
1856423
1856424
1856425
1856426
1856470
1859610
1859611
1859612
1859613
1859614
1859615
1859616
1859617
1859618
1859619
1859629
1859630
1859639
1330535
1330545
1330638
1330645
1332514
1332515
1332516
1332638
1333638
1334514
1334515
1334516
1334638
1335535
1335545
1335638
1335690
1335691
1335692
1335693
1335694
1335695
1335696
1335697
1335698
1335699
1336130
1336131
1336132
1336133
1336134
1336135
1336136
1336137
1336138
1336139
1336535
1336545
1337091
1337092
1337093
1337094
1337135
1337136
1337137
1337138
1337139
1337535
1337545
1337638
1337645
1338535
1338545
1338638
1338645
1339535
1339545
1339638
1339645
1711640
1712517
1712518
1712519
1712520
1712521
1712522
1712523
1712524
1712525
1712526
1712527
1712528
1712529
1712530
1712531
1712532
1712533
1712534
1712535
1712536
1713535
1715535
1716534
1716535
1716538
1716540
1716541
1716542
1716543
1716544
1716545
1716546
1716601
1716602
1716603
1716605
1716606
1716607
1716608
1716609
1716610
1716612
1716613
1716615
1716616
1716617
1716618
1716619
1716670
1716671
1716672
1716673
1716675
1717535
1718535
1719463
1719464
1719465
1719466
1719467
1719468
1719469
1719534
1719535
1719615
1719616
1719617
1719618
1719619
1719670
1719671
1719672
1719673
1719675
