1760999
1769020
1769021
1769022
1769023
1769024
1769025
1769026
1769027
1769028
1769029
1769030
1769031
1769032
1769033
1769034
1769035
1769036
1769037
1769038
1769039
1769040
1769041
1769042
1769043
1769044
1769045
1769046
1769047
1769048
1769049
1769050
1769051
1769147
1769926
1769927
1769939
1769999
1580999
1588694
1588695
1588696
1588697
1588698
1588699
1589410
1589411
1589412
1589413
1589414
1589415
1589416
1589417
1589418
1589419
1820900
1820992
1820999
1824090
1824091
1829070
1829071
1829072
1829096
1829097
1829098
1829099
1829920
1829921
1829922
1829923
1829924
1829925
1829926
1829927
1829928
1829939
1829995
1829996
1829997
1510999
1519922
1519998
1519999
1870306
1870307
1870900
1870904
1870999
1874279
1874284
1874290
1874298
1874299
1879977
1879978
1879979
1879996
1879997
1660999
1669909
1669931
1669932
1669933
1669934
1669935
1669936
1669937
1669938
1669939
1669945
1669949
1669951
1669955
1669959
1389970
1389971
1389972
1389973
1389974
1389975
1389976
1389977
1389978
1389979
1730999
1734992
1739789
1739945
1739946
1739948
1739950
1310904
1310905
1310906
1310907
1310908
1311992
1311999
1313980
1313999
1315020
1315021
1317985
1317999
1319999
1320110
1320111
1320112
1323904
1323905
1323978
1323979
1323999
1327907
1327974
1327975
1327999
1328904
1328999
1910999
1919046
1919047
1919090
1919915
1919951
1919952
1980905
1980999
1981402
1988299
1989019
1989024
1989903
1840983
1840984
1840992
1840999
1844920
1844921
1844922
1844923
1844924
1844925
1844926
1844927
1844928
1844929
1844975
1844976
1844977
1844978
1844979
1844995
1570096
1570199
1570999
1571498
1571995
1572990
1573900
1573901
1573902
1573903
1573904
1573905
1573949
1573974
1573975
1576906
1576907
1576908
1576909
1520999
1521485
1521486
1521487
1521488
1521489
1527632
1527633
1527634
1527635
1527636
1527637
1527638
1527639
1527649
1527658
1529273
1529274
1529275
1529276
1529277
1529278
1529279
1529900
1529901
1529902
1529903
1529904
1529920
1529921
1529922
1529923
1529924
1529925
1529926
1529927
1529928
1529929
1810992
1810999
1811685
1811686
1811687
1811688
1811689
1811690
1811691
1811692
1811693
1811697
1811698
1811908
1811909
1811920
1811921
1811922
1811923
1813094
1813095
1813098
1813099
1813920
1813921
1813922
1813923
1813924
1813935
1813937
1813938
1813939
1813950
1813951
1813952
1813953
1813954
1814992
1814999
1815498
1816034
1816035
1816036
1816037
1816756
1816757
1819490
1819491
1819492
1819493
1819494
1819641
1819692
1819693
1819694
1819695
1819696
1819697
1819698
1819699
1819790
1819791
1819792
1819793
1819794
1819795
1819796
1819797
1819798
1819799
1471981
1479923
1479924
1479925
1479990
1479991
1479992
1479993
1479994
1479995
1479996
1479997
1479998
1479999
1370999
1377910
1377911
1377912
1377913
1377914
1377915
1377916
1377917
1377950
1377951
1377952
1377953
1377954
1377955
1377956
1377957
1377958
1750999
1759057
1759058
1759059
1759060
1759061
1759062
1759063
1759064
1759065
1759066
1759144
1759145
1759146
1759173
1759174
1759175
1759176
1759930
1759931
1759932
1759933
1759934
1759935
1759936
1759937
1759938
1759939
1759940
1759960
1759961
1759962
1759963
1759964
1759965
1759966
1759967
1759968
1759969
1759999
1880999
1889080
1889081
1889092
1889297
1889954
1889955
1889956
1889957
1889958
1303130
1303136
1303137
1304056
1307035
1307036
1307047
1309406
1309511
1309512
1390999
1399937
1399938
1399939
1399957
1399958
1399959
1550999
1556923
1556924
1556925
1556926
1556927
1556928
1556929
1556953
1556954
1559962
1559963
1559964
1559965
1559966
1559967
1559968
1559969
1559999
1860905
1860999
1869920
1869921
1869922
1869923
1869924
1869939
1869990
1869991
1869992
1869993
1869994
1869995
1869996
1869997
1869998
1869999
1830904
1830992
1830999
1839906
1839907
1839927
1839928
1839930
1839931
1839942
1839943
1839972
1502288
1509938
1509940
1509941
1509942
1509943
1509944
1351998
1351999
1356520
1356521
1356522
1356523
1356524
1356525
1356526
1356547
1356548
1357970
1357971
1357972
1357973
1450992
1450999
1452799
1454549
1454557
1457056
1459670
1459671
1459672
1459673
1459678
1459679
1459680
1459681
1459779
1459790
1770999
1776757
1776758
1776759
1776760
1779494
1779789
1779792
1779936
1779937
1779938
1779939
1779949
1590999
1598172
1598173
1599925
1599926
1599927
1599928
1599946
1599947
1890999
1893576
1893577
1893588
1893597
1896387
1899757
1899758
1899759
1899783
1899784
1899937
1899938
1899939
1899957
1899958
1899959
1361997
1362999
1367990
1367991
1367992
1367993
1367994
1367995
1530999
1535253
1535255
1535275
1535279
1800992
1800999
1803484
1804072
1804089
1804096
1804099
1808283
1808393
1809482
1809494
1809498
1809589
1809593
1809770
1809773
1809780
1809785
1809786
1809787
1809788
1809789
1809940
1809941
1809942
1809950
1809951
1809952
1809980
1809981
1809982
1809983
1809989
1809992
1809999
1850992
1850999
1859922
1859929
1859935
1859937
1859938
1859939
1859942
1859949
1780999
1784440
1784849
1786756
1788127
1788150
1788151
1788171
1788174
1788175
1789920
1789921
1789999
1560999
1568483
1568484
1568838
1568839
1569937
1569938
1569939
1569948
1569949
1990999
1991435
1991436
1999017
1999018
1999084
1999087
1999091
1999092
1999093
1999096
1999097
1999099
1999923
1999924
1999927
1330999
1331972
1331973
1331974
1331999
1332569
1334548
1336471
1336480
1336481
1336904
1336982
1336999
1339499
1339999
