1820931
1821510
1821511
1821512
1821513
1821514
1821515
1821516
1821517
1821518
1821519
1821961
1821971
1821981
1821991
1829310
1829311
1829312
1829313
1829314
1829315
1829316
1829317
1829318
1829319
1829440
1829441
1829442
1829443
1829444
1829445
1829446
1829447
1829448
1829449
1829830
1829831
1829832
1829833
1829834
1829835
1829836
1829837
1829838
1829839
1829840
1829841
1829842
1829843
1829844
1829845
1829846
1829847
1829848
1829849
1510120
1510121
1510122
1510123
1510124
1510125
1510126
1510127
1510128
1510129
1510130
1510131
1510132
1510133
1510134
1510931
1511700
1511701
1511702
1511703
1511704
1511705
1511706
1511707
1511708
1511709
1511710
1511711
1511712
1511713
1511714
1511715
1511716
1511717
1511718
1511719
1511720
1511721
1511722
1511723
1511724
1511725
1511726
1511727
1511728
1511729
1519310
1519311
1519312
1519313
1519314
1519315
1519316
1519317
1519318
1519319
1760931
1760944
1769310
1769311
1769312
1769313
1769314
1769315
1769316
1769317
1769318
1769319
1769321
1769322
1769323
1769324
1769325
1769329
1769340
1769341
1769342
1769343
1769344
1769345
1769346
1769347
1769348
1769349
1769450
1769453
1769455
1769457
1769458
1580931
1344194
1730931
1730940
1730942
1730944
1730946
1730948
1730949
1731870
1731871
1731872
1731873
1731874
1731875
1731876
1731877
1731878
1731879
1732500
1732501
1732502
1732503
1732504
1732505
1732506
1732507
1732508
1732509
1733980
1733981
1733982
1733983
1733984
1733985
1733986
1733987
1733988
1733989
1733990
1733991
1733992
1733993
1734414
1735200
1735201
1735203
1735205
1735207
1735208
1735209
1735210
1735211
1735212
1735213
1735214
1735215
1735216
1735217
1735218
1735219
1735220
1735221
1735222
1735223
1735224
1735225
1735226
1735227
1735228
1735229
1736155
1736156
1736157
1736158
1736159
1736160
1736161
1736162
1736163
1736164
1736165
1736166
1736167
1736168
1736169
1739310
1739311
1739312
1739313
1739314
1739315
1739316
1739317
1739318
1739319
1739444
1739600
1310930
1310931
1310932
1310933
1310935
1310936
1310937
1310938
1310939
1310940
1310941
1310942
1310943
1310948
1310949
1311930
1311931
1311940
1311941
1311942
1311943
1311944
1313920
1313921
1313922
1313923
1313924
1313925
1313926
1313927
1313928
1313929
1313931
1313940
1315001
1315002
1319583
1870931
1870940
1870942
1870944
1870946
1870948
1870949
1871978
1871979
1871980
1871981
1871982
1879310
1879311
1879312
1879313
1879314
1879315
1879316
1879317
1879318
1879319
1879420
1879421
1879422
1879423
1879424
1879475
1879476
1879477
1879478
1879479
1879480
1879481
1879482
1879483
1879484
1879485
1879486
1879487
1879488
1879489
1660931
1660940
1660944
1660948
1660949
1669310
1669311
1669312
1669313
1669314
1669315
1669316
1669317
1669318
1669319
1669354
1669355
1669356
1669357
1669358
1669359
1669400
1669401
1669402
1669403
1669404
1669405
1669406
1669407
1669408
1669409
1380931
1389310
1389311
1389312
1389313
1389314
1389315
1389316
1389317
1389318
1389319
1389320
1389321
1389322
1389323
1389324
1389325
1389326
1389327
1389328
1389329
1389330
1389331
1389332
1389333
1389334
1389335
1389336
1389337
1389338
1389339
1389340
1389341
1389342
1389343
1389344
1389345
1389346
1389347
1389348
1389349
1389360
1389361
1389362
1389363
1389364
1389365
1389366
1389367
1389368
1389369
1650931
1651931
1652585
1653304
1980931
1980949
1981586
1989310
1989311
1989312
1989313
1989314
1989315
1989316
1989317
1989318
1989319
1989614
1989615
1989616
1840931
1840944
1840948
1840949
1841820
1841821
1841822
1841823
1841824
1841825
1841826
1841827
1841828
1841829
1841830
1841831
1841832
1841833
1841834
1841835
1841836
1841837
1841838
1841839
1841840
1841841
1841842
1841843
1841844
1841845
1841846
1841847
1841848
1841849
1841850
1841851
1841852
1841853
1841854
1841855
1841856
1841857
1841858
1841859
1841860
1841861
1841862
1841863
1841864
1841865
1841866
1841867
1841868
1841869
1841906
1841914
1841915
1841916
1841921
1841922
1841937
1841938
1841944
1841951
1841961
1841970
1841971
1841981
1846191
1849001
1849002
1849003
1849004
1849005
1849006
1849007
1849008
1849009
1849010
1849012
1570175
1570931
1570944
1571931
1571932
1571933
1571934
1571961
1573097
1573098
1575194
1576934
1576939
1576941
1579119
1579191
1320040
1320044
1320045
1320046
1320048
1320931
1320946
1322040
1322045
1322046
1322048
1323931
1323962
1323963
1323964
1323965
1323966
1323967
1323968
1323969
1329931
1910080
1910931
1910940
1911930
1911931
1911932
1911933
1911934
1911935
1911936
1911937
1919310
1919311
1919312
1919313
1919314
1919315
1919316
1919317
1919318
1919319
1919329
1919333
1919349
1919415
1919416
1919417
1919418
1700930
1700931
1700932
1700933
1700934
1701930
1701931
1701932
1701933
1701934
1701935
1702930
1702931
1702932
1702933
1702934
1702935
1702936
1702937
1702938
1702939
1705795
1706200
1706201
1706202
1706203
1706204
1706205
1706206
1706207
1706208
1706209
1706210
1706211
1707930
1707931
1707932
1707933
1707934
1707935
1707936
1707937
1707938
1707939
1470930
1470931
1470932
1470933
1470934
1470947
1470948
1471704
1471705
1471706
1471940
1471941
1471942
1471943
1471944
1476583
1476640
1476641
1373931
1880931
1880940
1880942
1880944
1880946
1880948
1880949
1889310
1889311
1889312
1889313
1889314
1889315
1889316
1889317
1889318
1889319
1889345
1889346
1889347
1889348
1889349
1889370
1889371
1889372
1889379
1889381
1889382
1889384
1889391
1889400
1889401
1889402
1889403
1889404
1889431
1889432
1889433
1889449
1889457
1750931
1750940
1750942
1750944
1750946
1750948
1750949
1759310
1759311
1759312
1759313
1759314
1759315
1759316
1759317
1759318
1759319
1759354
1759355
1759356
1759357
1759358
1759359
1759367
1759368
1759369
1520931
1521401
1521402
1521403
1521404
1521405
1521406
1521407
1521408
1521409
1529310
1529311
1529312
1529313
1529314
1529315
1529316
1529317
1529318
1529319
1529411
1529412
1529413
1529414
1529415
1529416
1529417
1529418
1529419
1529420
1529421
1529422
1529423
1529424
1810093
1810094
1810931
1810940
1810942
1810944
1810946
1810948
1810949
1811930
1811931
1811934
1811935
1811937
1811938
1811940
1811941
1811942
1811944
1811945
1811946
1811947
1811948
1811949
1813999
1814375
1814376
1814377
1814378
1814379
1815200
1815201
1815202
1815203
1815204
1815205
1815206
1815207
1815208
1815209
1815210
1815211
1815212
1815213
1815214
1815215
1815360
1815361
1815362
1815363
1815364
1815365
1815366
1815367
1815368
1815369
1815395
1815396
1815397
1815398
1815399
1818931
1818950
1818951
1818952
1818953
1818954
1818955
1818956
1818957
1818958
1818959
1818965
1818966
1818967
1818968
1818969
1819310
1819311
1819312
1819313
1819314
1819315
1819316
1819317
1819318
1819319
1819419
1819421
1819422
1819423
1819424
1819425
1819426
1819427
1819428
1819429
1819800
1819801
1671931
1672931
1672936
1672937
1672939
1673930
1673931
1673932
1673933
1673935
1673936
1673937
1673939
1390094
1390931
1390940
1390942
1390944
1390946
1390948
1390949
1391900
1391901
1391902
1391903
1391904
1391905
1391906
1391907
1391908
1391909
1391910
1391911
1391912
1391913
1391914
1391915
1391916
1391917
1391918
1391919
1391920
1391921
1391922
1391923
1391924
1391925
1391926
1391927
1391928
1391929
1391930
1391931
1391932
1391933
1391934
1391935
1391936
1391937
1391938
1391939
1391940
1391941
1391942
1391943
1391944
1391945
1391946
1391947
1391948
1391949
1391976
1391977
1391978
1391979
1391980
1391981
1391982
1391983
1391984
1391985
1391986
1391987
1391988
1391989
1391990
1391991
1391992
1391993
1391994
1391995
1391996
1391997
1391998
1391999
1399310
1399311
1399312
1399313
1399314
1399315
1399316
1399317
1399318
1399319
1550931
1550948
1550949
1556960
1556999
1559310
1559311
1559312
1559313
1559314
1559315
1559316
1559317
1559318
1559319
1559394
1860931
1860940
1860944
1860948
1860949
1869305
1869306
1869307
1869308
1869309
1869310
1869311
1869312
1869313
1869314
1869315
1869316
1869317
1869318
1869319
1869325
1869326
1869327
1869328
1869329
1869339
1869369
1869388
1869399
1869415
1869416
1869417
1869418
1869419
1869439
1931299
1935770
1935771
1935885
1935887
1935888
1939300
1939312
1939540
1939674
1939679
1300087
1300870
1300871
1300872
1300873
1300874
1300875
1300876
1300877
1300878
1300879
1301087
1301414
1302870
1302871
1302879
1303870
1303871
1303872
1303873
1303874
1303875
1303876
1303877
1303878
1303879
1308870
1308871
1308872
1308873
1308874
1308875
1308876
1308877
1308878
1308879
1309910
1309911
1309912
1309913
1309914
1309915
1309916
1309917
1309918
1309919
1309920
1309921
1309922
1309923
1309924
1309925
1309926
1720149
1351931
1351940
1351944
1351949
1351960
1351961
1351962
1351963
1351964
1351965
1351966
1351967
1351968
1351969
1452855
1452856
1452857
1452858
1452859
1454580
1454581
1454588
1454589
1459610
1459611
1459612
1459613
1459614
1459615
1459616
1770931
1770940
1770942
1770944
1770946
1770948
1770949
1772690
1772691
1772692
1772693
1772694
1772695
1772696
1772697
1772698
1772699
1773980
1773981
1773982
1773983
1773984
1773985
1773986
1773987
1773988
1773989
1773990
1773991
1773992
1773993
1773994
1773995
1773996
1773997
1773998
1773999
1774885
1774886
1774887
1774888
1774889
1775210
1775211
1775212
1775213
1775214
1778960
1778961
1778962
1778963
1778964
1778965
1778966
1778967
1779310
1779311
1779312
1779313
1779314
1779315
1779316
1779317
1779318
1779319
1779420
1779421
1779422
1779423
1779424
1779425
1779426
1779427
1779428
1779429
1779750
1779751
1779752
1779753
1779754
1779755
1779756
1779757
1779758
1779759
1779760
1779761
1779762
1779763
1779764
1779765
1779766
1779767
1779768
1779769
1830931
1830946
1830947
1836891
1839310
1839341
1839371
1839381
1839391
1839400
1839401
1839402
1839403
1839413
1839414
1839415
1839416
1839417
1839418
1839428
1839433
1839441
1839442
1839443
1839448
1839449
1839451
1839452
1839453
1839459
1839466
1839467
1839473
1839479
1839481
1500250
1500251
1500252
1500253
1500254
1500255
1500256
1500257
1500258
1500259
1500260
1500261
1500262
1500263
1500264
1500265
1500266
1500267
1500268
1500269
1500931
1500942
1500946
1509530
1509531
1509532
1509533
1509534
1509535
1509536
1509537
1509538
1509539
1509540
1509541
1509542
1509543
1530931
1533794
1533799
1533931
1533944
1533980
1533981
1533982
1533983
1533984
1533985
1533986
1534360
1534361
1534362
1534498
1534499
1534671
1534681
1534800
1534801
1534931
1535201
1535202
1535230
1535231
1537900
1537901
1537902
1537903
1537904
1537905
1537906
1537907
1537908
1537909
1539066
1539310
1539311
1539312
1539313
1539314
1539315
1539316
1539317
1800931
1800940
1800944
1800946
1800948
1800949
1805416
1805417
1805418
1805419
1808931
1808938
1809310
1809311
1809315
1809316
1809317
1809318
1809319
1890931
1890940
1890942
1890944
1890946
1890948
1890949
1891900
1891901
1891902
1891903
1891904
1891905
1891906
1891907
1891908
1891909
1891910
1891911
1891912
1891913
1891914
1891915
1891916
1891917
1891918
1891919
1891931
1891980
1891981
1891982
1891983
1891984
1891985
1891986
1891987
1891988
1891989
1891990
1891991
1891992
1891993
1891994
1891995
1891996
1891997
1891998
1891999
1899303
1899304
1899305
1899306
1899307
1899308
1899309
1899310
1899311
1899312
1899313
1899314
1899315
1899316
1899317
1899318
1899319
1899329
1899389
1950931
1952499
1952500
1360930
1360931
1360932
1360933
1360934
1360935
1360936
1360937
1360938
1360939
1361931
1361932
1361933
1361934
1361936
1361939
1363931
1363932
1363933
1363934
1363936
1363939
1364931
1365931
1365932
1365940
1365941
1365942
1365943
1365944
1365945
1365946
1365947
1365948
1365949
1366930
1366931
1366932
1366933
1366934
1366935
1366936
1366937
1366938
1366939
1367940
1367941
1367942
1367943
1367944
1367945
1367946
1367947
1367948
1367949
1713930
1713931
1713932
1713933
1713935
1713936
1713939
1713940
1713941
1713942
1713944
1713945
1715930
1715931
1715932
1715933
1715935
1715936
1715939
1716930
1716931
1716932
1716933
1716935
1716936
1716939
1717930
1717931
1717932
1717933
1718930
1718931
1718932
1718933
1718934
1718935
1718936
1718937
1718938
1718939
1330931
1330940
1330941
1330942
1330944
1330946
1330948
1330949
1332120
1332121
1332122
1332128
1332131
1332133
1335931
1335940
1335941
1335942
1335943
1335944
1335945
1335946
1335947
1335948
1335949
1336931
1336943
1336944
1336945
1336946
1336948
1336949
1338931
1338933
1338936
1338940
1338944
1339931
1339946
1903960
1903963
1780931
1780940
1780944
1783431
1783444
1783445
1783446
1783447
1783448
1783449
1784881
1786612
1786613
1788081
1789250
1789251
1789252
1789253
1789254
1789255
1789256
1789257
1789258
1789259
1789931
1850931
1850948
1859308
1859309
1560931
1560941
1568274
1568275
1568276
1568277
1568278
1568279
1568280
1568281
1568282
1568283
1568284
1568285
1568286
1568287
1568288
1568289
1569305
1569307
1569310
1569311
1569312
1569313
1569314
1569315
1569316
1569317
1569318
1569319
1569325
1569327
1569331
1569332
1569333
1569334
1569342
1569344
1569347
1569382
1569385
1569387
1569391
1990931
1990940
1990942
1990944
1990946
1990948
1990949
1991390
1991391
1991392
1991393
1991394
1991395
1991396
1991397
1991398
1991399
1994410
1994411
1994412
1994413
1994414
1994415
1994416
1994417
1994418
1994419
1999306
1999307
1999308
1999309
1999310
1999311
1999312
1999313
1999314
1999315
1999316
1999317
1999318
1999319
1999377
1999416
1999417
1999418
1999419
1999436
1999437
1999438
1999439
1999560
1999561
1999562
1999563
1999564
1999565
1999566
1999567
1999568
1999569
