1870557
1870980
1870981
1871210
1871211
1871212
1871213
1871214
1871490
1871491
1871557
1872557
1872622
1872623
1872624
1872625
1872626
1872627
1872628
1872629
1872630
1872631
1872632
1872633
1872634
1872635
1872636
1872637
1872643
1873402
1873403
1875570
1875571
1875572
1875573
1875574
1875575
1875576
1875577
1875578
1875579
1380557
1385570
1385571
1385572
1385573
1385574
1385575
1385576
1385577
1385578
1385579
1386557
1386649
1386654
1386655
1386658
1386659
1386669
1386686
1386687
1660557
1660567
1665507
1665517
1665570
1665571
1665572
1665573
1665574
1665575
1665576
1665577
1665578
1665579
1730557
1733070
1733071
1733450
1733451
1733452
1733453
1733454
1733455
1733456
1734402
1735570
1735571
1735572
1735573
1735574
1735575
1735576
1735577
1735578
1735579
1735800
1735801
1736080
1736081
1736082
1736083
1736084
1736085
1736086
1736087
1736088
1736089
1313557
1314557
1314560
1315557
1316777
1317007
1317021
1319557
1580557
1585530
1585531
1585532
1585533
1585534
1585535
1585536
1585537
1585538
1585539
1585557
1585570
1585571
1585572
1585573
1585620
1585621
1585622
1585623
1585624
1585625
1585626
1585627
1585628
1585629
1585670
1585671
1760557
1760567
1765577
1767250
1767251
1767252
1767253
1767254
1767255
1767256
1767257
1767258
1767259
1768100
1768101
1768102
1768270
1768271
1768272
1768273
1768274
1768275
1768276
1768277
1768278
1768279
1768335
1768336
1768337
1768338
1768339
1768340
1768341
1768342
1768343
1768344
1347071
1347082
1347083
1347094
1348557
1348582
1348583
1348584
1510557
1515545
1515546
1515547
1515570
1515571
1515572
1515573
1515574
1515575
1515576
1515577
1515578
1515579
1515665
1517820
1517821
1517822
1517823
1517824
1517825
1517826
1517827
1517828
1517829
1820557
1821485
1822557
1822595
1822596
1822597
1822598
1822599
1822600
1822601
1822602
1822603
1822643
1825570
1825571
1825572
1825573
1825574
1825575
1825576
1825577
1825578
1825579
1829745
1829763
1829764
1829765
1829766
1829767
1829803
1829804
1829805
1829806
1829807
1829808
1829809
1810557
1811043
1811044
1811070
1811071
1811072
1811073
1811955
1811956
1811957
1811958
1811959
1813042
1813062
1813063
1813064
1813065
1813066
1813067
1813320
1813321
1813322
1813323
1813324
1813325
1813326
1813327
1813328
1813329
1813370
1813371
1813372
1813373
1813374
1813375
1813376
1813377
1813378
1813379
1813460
1813461
1815413
1815570
1815571
1815572
1815573
1815574
1815575
1815576
1815577
1815578
1815579
1815623
1815624
1815625
1815896
1816432
1817546
1520557
1521247
1521250
1521251
1521252
1521253
1521254
1521255
1521256
1521257
1521258
1521557
1522297
1524007
1525557
1525570
1525571
1525572
1525573
1525574
1525575
1525576
1525577
1525578
1525579
1470025
1470026
1470027
1470028
1470029
1470557
1475570
1475571
1475572
1475573
1475574
1475575
1475576
1475577
1475578
1475579
1479071
1479072
1479073
1479074
1479075
1479076
1479077
1479078
1479079
1479092
1479238
1479239
1479240
1479241
1370557
1372125
1372126
1372127
1372128
1372129
1373307
1373308
1373309
1880557
1881557
1885570
1885571
1885572
1885573
1885574
1885575
1885576
1885577
1885578
1885579
1889570
1889571
1889572
1889573
1889574
1889575
1889576
1889577
1889578
1889579
1750557
1755507
1755570
1755571
1755572
1755573
1755574
1755575
1755576
1755577
1755578
1755579
1755660
1755661
1755662
1755663
1755664
1755665
1755666
1755667
1755668
1755669
1755670
1755671
1755672
1755673
1755674
1755675
1755676
1755677
1755678
1755679
1755707
1755709
1755807
1757250
1757251
1757252
1757253
1757254
1757255
1757256
1757257
1757258
1757259
1910557
1914257
1914268
1914269
1915570
1915571
1915572
1915573
1915574
1915575
1915576
1915577
1915578
1915579
1916540
1916557
1916670
1916671
1916672
1916673
1916674
1916675
1916676
1320557
1321557
1322557
1322577
1327557
1328557
1328566
1329557
1701260
1701261
1650036
1650557
1650705
1651087
1651557
1652080
1652121
1652160
1652601
1652625
1653055
1653223
1655570
1655571
1655572
1655573
1655574
1655575
1655576
1655578
1655579
1657557
1980557
1981082
1981083
1981344
1982642
1982643
1982644
1984007
1984186
1984187
1985507
1985570
1985571
1985572
1985573
1985574
1985577
1985578
1985579
1985596
1985597
1985598
1985600
1985603
1985604
1985605
1985606
1985607
1985608
1570557
1571557
1572057
1575570
1575571
1575572
1575573
1575574
1575575
1575576
1575577
1575578
1575579
1840557
1845570
1845571
1845572
1845573
1845574
1845575
1845576
1845577
1845578
1845579
1500557
1505535
1505536
1505537
1505538
1505539
1505571
1505572
1505573
1505574
1505670
1505671
1505672
1505673
1505674
1830557
1832490
1832491
1832492
1832493
1832494
1832570
1832571
1832572
1832573
1832574
1832575
1832576
1832577
1832578
1832579
1832697
1832698
1832699
1835570
1835571
1835572
1835573
1835574
1835575
1835576
1835577
1835578
1835579
1350058
1350557
1351494
1452087
1454117
1457227
1458110
1458111
1458112
1458113
1458114
1590557
1592245
1592246
1592247
1592248
1592249
1595557
1595570
1595571
1595572
1595573
1595574
1595575
1595576
1595577
1595578
1595579
1595600
1595601
1595602
1770557
1771930
1771931
1771932
1771933
1771934
1773038
1773042
1773334
1775403
1775413
1775425
1775426
1775487
1775570
1775571
1775572
1775573
1775574
1775575
1775576
1775577
1775578
1775579
1775691
1776080
1776081
1777506
1777507
1777508
1301400
1301401
1302609
1303400
1303401
1303500
1305300
1305301
1306340
1308302
1308400
1308401
1308501
1308557
1309356
1309357
1309358
1309359
1309557
1930557
1720153
1720163
1720172
1720186
1390557
1390567
1395570
1395571
1395572
1395573
1395574
1395575
1395576
1395577
1395578
1395579
1395683
1395684
1395685
1395686
1395687
1395688
1396530
1396531
1396532
1396533
1396534
1396535
1396536
1860557
1860567
1865407
1865408
1865409
1865570
1865571
1865572
1865573
1865574
1865576
1865577
1865578
1865579
1865680
1865681
1865682
1865684
1869756
1869757
1869758
1869759
1550557
1555110
1555111
1555112
1555113
1555114
1555115
1555116
1555117
1555157
1555570
1555571
1555572
1555573
1555574
1555575
1555576
1555577
1555578
1555579
1555590
1555591
1555592
1555593
1555594
1555620
1555621
1555622
1555623
1555624
1555625
1555626
1555627
1555628
1555629
1560557
1565570
1565571
1565572
1565573
1565574
1565575
1565576
1565577
1565578
1565579
1565670
1565671
1565672
1565673
1565674
1565675
1565676
1565677
1565678
1565679
1566534
1566535
1566536
1566537
1566538
1566539
1566548
1566549
1566557
1567557
1569557
1780557
1780569
1785505
1785506
1785507
1785508
1785509
1785570
1785571
1785572
1785573
1785574
1785575
1785576
1785577
1785578
1785579
1785620
1785621
1785622
1785623
1785624
1785625
1785626
1785665
1785688
1788010
1788019
1788440
1788456
1788467
1789557
1850557
1855507
1855547
1855548
1855549
1855557
1990557
1993018
1994249
1994257
1994454
1994455
1995570
1995571
1995572
1995573
1995574
1995575
1995576
1995577
1995578
1995579
1996529
1996557
1996570
1996571
1996572
1996573
1996574
1996575
1996576
1996577
1330557
1330567
1332907
1332917
1333557
1333907
1334557
1335557
1335907
1336557
1336577
1339557
1339957
1890057
1890557
1894915
1894916
1894917
1894918
1894919
1894990
1894991
1894992
1894993
1894994
1894995
1894996
1894997
1894998
1894999
1895570
1895571
1895572
1895573
1895574
1895575
1895576
1895577
1895578
1895579
1360557
1361557
1362557
1363557
1363717
1363718
1364557
1365557
1366557
1367557
1368557
1369557
1369562
1369655
1369670
1369671
1800557
1805403
1805570
1805571
1805572
1805573
1805574
1805575
1805576
1805577
1805578
1805579
1805622
1805623
1805624
1805625
1805626
1805627
1805629
1807546
1809568
1809569
1809646
1809870
1809871
1809872
1809873
1530557
1532445
1533967
1534557
1537507
1537517
1537557
1538557
1538570
1538571
1538572
1538573
1538574
1538575
1538576
1538577
1538578
1538579
1539185
1539186
1539187
1539188
1539189
1539557
1539820
1539821
1539822
1539823
1539824
1539825
1539826
1539827
1539828
1539829
1539950
1539951
1539952
1539953
1539954
1539955
1539956
1539957
1539958
1539959
