1330314
1331314
1331328
1331338
1331587
1331588
1331589
1332314
1333314
1333339
1334314
1334338
1334339
1336314
1337314
1337358
1338314
1338364
1339314
1339866
1339867
1339868
1339869
1990314
1990324
1991218
1991219
1991305
1991306
1991307
1991308
1991309
1993028
1993029
1993037
1993044
1993105
1993106
1993107
1993108
1993109
1993147
1993148
1993149
1993234
1994844
1560314
1561245
1561246
1561247
1561248
1561249
1561265
1561266
1561267
1561268
1561269
1563240
1563241
1563242
1563243
1563244
1563245
1563246
1563247
1563248
1563249
1563314
1569008
1569009
1569490
1569494
1850314
1853140
1853141
1853142
1853143
1853144
1853145
1853146
1853147
1780314
1780324
1780338
1783115
1783143
1783144
1783204
1783214
1783224
1783234
1783244
1783254
1783260
1788874
1789744
1789745
1800314
1800324
1803140
1803141
1803142
1803147
1803148
1803149
1530314
1532406
1532416
1532426
1533314
1534314
1535072
1535404
1535414
1535424
1536908
1536909
1536910
1537314
1537375
1538314
1360314
1360334
1361314
1361324
1362314
1362324
1363314
1363324
1364314
1364324
1365314
1365324
1365334
1366314
1366334
1367314
1367324
1954204
1956817
1956818
1956819
1890314
1890324
1893140
1893141
1893142
1893285
1893286
1893287
1893288
1893289
1590314
1590324
1590334
1593008
1593009
1593099
1593140
1593240
1593241
1593314
1593365
1593366
1593367
1593368
1770324
1770328
1770338
1772556
1772557
1772558
1772559
1773058
1773237
1773238
1773288
1773289
1773695
1774360
1774361
1774610
1774611
1774612
1776909
1779692
1779693
1350314
1350334
1351314
1351324
1358242
1358286
1450243
1450244
1450245
1450246
1450314
1452140
1452141
1452142
1454134
1455706
1500314
1500324
1502853
1502854
1502855
1502892
1502893
1502894
1502895
1502896
1502897
1502898
1502899
1503130
1503131
1503163
1503165
1503166
1503167
1503168
1503169
1503314
1507549
1507635
1507636
1507637
1507689
1507690
1507691
1507692
1507693
1507694
1507695
1507696
1507697
1507698
1507699
1509780
1509781
1509782
1509783
1509785
1509786
1509787
1509788
1509789
1833140
1833141
1833142
1833143
1833144
1839570
1839571
1839572
1839573
1839574
1839575
1839576
1839577
1839578
1839579
1623140
1623141
1860314
1860324
1860334
1863140
1863141
1863142
1863143
1863144
1863145
1863146
1863147
1863148
1863149
1863240
1863241
1863242
1863243
1863244
1863245
1863246
1863247
1863248
1863249
1550304
1550305
1550306
1550314
1551236
1551237
1551238
1551239
1551248
1551249
1551290
1551291
1551292
1551293
1551294
1551295
1553140
1553141
1553142
1553143
1553144
1553145
1553146
1553147
1553148
1553149
1553314
1390314
1390324
1393140
1393141
1393142
1393240
1393241
1393242
1393243
1393244
1393245
1393246
1393247
1393248
1393249
1671314
1671507
1671508
1672314
1673314
1674061
1674062
1674063
1674064
1674314
1302089
1303140
1303141
1303142
1303209
1308189
1308459
1309133
1309135
1750314
1750334
1753140
1753141
1753142
1753143
1753144
1753145
1753146
1753147
1753148
1753149
1753240
1753241
1753242
1753243
1753244
1753245
1753314
1753390
1753391
1753392
1753393
1753394
1753395
1753396
1753397
1753398
1753399
1759240
1759241
1759242
1759243
1759244
1759245
1759246
1759247
1759248
1759249
1880304
1880314
1880324
1880334
1881204
1881214
1883040
1883041
1883042
1883043
1883044
1883140
1883141
1883142
1883143
1883144
1883145
1883146
1883147
1883148
1883149
1883240
1883241
1883242
1883243
1883244
1883245
1883246
1883247
1883248
1883249
1884934
1884944
1887562
1887563
1470314
1470324
1473025
1473026
1473027
1473028
1473029
1475634
1475635
1475636
1475644
1370314
1372236
1372240
1372241
1373014
1373024
1373034
1373140
1373141
1373142
1373143
1373144
1373324
1373334
1378445
1378453
1378537
1378538
1378539
1378544
1810314
1810324
1813140
1813141
1813142
1813143
1813144
1813145
1813146
1813147
1813148
1813149
1813187
1813188
1813189
1813404
1520314
1520324
1522789
1523087
1523088
1523089
1523140
1523141
1523142
1523143
1523144
1523145
1523146
1523147
1523148
1523149
1523168
1523169
1523309
1523314
1523324
1523340
1523341
1523342
1523343
1523344
1523345
1523346
1523347
1523348
1523349
1524335
1524336
1524337
1524338
1524339
1570314
1571304
1571314
1571324
1571334
1571694
1573140
1573141
1573142
1573143
1573144
1573145
1573146
1573147
1573148
1573149
1573240
1573241
1573242
1573243
1573244
1573245
1573246
1573247
1573248
1573249
1573394
1573395
1573396
1573397
1840304
1840314
1840324
1843220
1843221
1843222
1843223
1843224
1843225
1843226
1843227
1843228
1843229
1843284
1843296
1843297
1980314
1980324
1980334
1981310
1983140
1983141
1983142
1983143
1983144
1983148
1983224
1983234
1983244
1983256
1983263
1983340
1983341
1983342
1983343
1983344
1983345
1983346
1983347
1983348
1986884
1650110
1650314
1650750
1651926
1652314
1652870
1653142
1653145
1653314
1653348
1655126
1655127
1657092
1701338
1701339
1701344
1701345
1702360
1702361
1910314
1913123
1913140
1913148
1913357
1913359
1323140
1323141
1323142
1323143
1323144
1323145
1323146
1323147
1323148
1323149
1325317
1325318
1325319
1328335
1328336
1328337
1328338
1328339
1329320
1329321
1329322
1329323
1329324
1329325
1329326
1329327
1329328
1329329
1310304
1310314
1310324
1310334
1313140
1313141
1313142
1313143
1313144
1313145
1313146
1313147
1313148
1313149
1316552
1316650
1317160
1317161
1317162
1318010
1318011
1319163
1319189
1730314
1730323
1730324
1730325
1730334
1733014
1733251
1733252
1733253
1733254
1733255
1733498
1733638
1733639
1734849
1735878
1735879
1736304
1736314
1736747
1736748
1736749
1380314
1383140
1383141
1383142
1383143
1383144
1383145
1383146
1383147
1383148
1383149
1383240
1383241
1383242
1383243
1383244
1383245
1383246
1383247
1383248
1383249
1383340
1383341
1383342
1383343
1660314
1663033
1663034
1663035
1663140
1663141
1663142
1663143
1663144
1663145
1663146
1663147
1663148
1663149
1663240
1663241
1663242
1663243
1663244
1663245
1663246
1663247
1663248
1663249
1663340
1663341
1663342
1663343
1663344
1663345
1663346
1663347
1663348
1663349
1870314
1870324
1870334
1871340
1871341
1871342
1871343
1871344
1871345
1871346
1871347
1871348
1871349
1871590
1871591
1871592
1871593
1871594
1873040
1873041
1873042
1873043
1873044
1873045
1873046
1873047
1873048
1873049
1873140
1873141
1873142
1873143
1873144
1873145
1873146
1873147
1873148
1873149
1873240
1873241
1873242
1873243
1873244
1873245
1873246
1873247
1873248
1873249
1510314
1510324
1512855
1512856
1512857
1512858
1512859
1512860
1512861
1512862
1512863
1512864
1512893
1513148
1513168
1513169
1513380
1513381
1513382
1513383
1513384
1513385
1513386
1513387
1513388
1513389
1517674
1517675
1517676
1517677
1517678
1517679
1517680
1820314
1820324
1823004
1823014
1823036
1823140
1823141
1823142
1823143
1823144
1823145
1823146
1823147
1823148
1823149
1823220
1823221
1823222
1823223
1823224
1823225
1823226
1823227
1823228
1823229
1823240
1823241
1823242
1823243
1823244
1823260
1823261
1823262
1823263
1823264
1823380
1823381
1823382
1823383
1823384
1823385
1823386
1823387
1823388
1823389
1824455
1824466
1340314
1340324
1340334
1346314
1346334
1346348
1346349
1346365
1346366
1346367
1347206
1347207
1347208
1347209
1347314
1348386
1348387
1348388
1348389
1580314
1580324
1580334
1583140
1583141
1583142
1583143
1583145
1583146
1583148
1583149
1583240
1583241
1583242
1583243
1583288
1583289
1583314
1583324
1583326
1760314
1763140
1763141
1763142
1763143
1763144
1763145
1763146
1763147
1763210
1763211
1763212
1763213
1763214
1763215
1763216
1763217
1763218
1763219
1763314
1769244
