1880565
1885650
1885651
1885652
1885653
1885654
1885655
1885656
1885657
1885658
1885659
1370565
1373198
1470565
1524018
1524019
1525560
1525561
1525562
1525563
1525620
1525621
1525623
1525624
1525625
1525626
1525627
1525628
1525651
1571565
1320565
1322565
1327565
1329565
1315654
1315656
1315659
1316774
1319545
1386520
1386521
1386524
1386525
1386526
1386528
1386540
1386541
1386542
1386565
1386697
1386698
1386699
1870565
1871499
1871517
1871527
1871546
1872638
1872639
1872647
1872648
1875650
1875653
1875656
1875657
1879218
1879219
1822565
1822613
1822616
1822618
1822692
1825652
1825653
1825654
1825658
1826978
1826979
1510565
1515650
1515652
1515653
1515654
1515655
1515657
1515658
1515659
1515680
1515682
1347072
1348565
1348597
1330565
1332925
1333565
1333915
1334565
1334915
1334916
1334924
1335565
1338565
1339565
1339965
1565650
1565653
1565654
1530565
1534565
1534985
1535770
1535771
1535772
1535773
1535774
1535775
1535776
1537505
1537508
1537512
1538510
1538513
1538515
1538516
1538517
1539196
1539197
1539198
1539199
1539565
1805650
1805651
1805653
1805655
1360565
1361565
1362563
1362564
1363728
1363729
1364565
1368560
1368569
1369676
1369677
1369678
1369679
1890565
1894920
1894921
1894922
1894923
1894924
1895650
1895651
1895652
1895653
1895654
1895655
1895656
1895657
1895658
1895659
1896371
1595605
1595650
1595657
1595658
1595659
1452095
1350051
1350565
1830565
1500566
1505624
1505625
1505658
1550565
1555668
1860965
1865650
1865651
1865652
1865654
1865656
1865657
1865658
1865659
1390565
1395661
1395662
1395663
1395664
1395667
1396542
1396543
1396567
1396569
1396633
1396634
1396636
1396637
1396639
1300002
1300309
1303309
1305304
1306344
1306345
1308309
1308341
1308342
1308345
1309345
1309354
1309545
