1980630
1980631
1981258
1981496
1981960
1981966
1981967
1981968
1981969
1981982
1981983
1986135
1986136
1986156
1986157
1986158
1986159
1986229
1986310
1986311
1986312
1986313
1986314
1986315
1986316
1986317
1986318
1986319
1650182
1650631
1651631
1652083
1653426
1655170
1655171
1655281
1655855
1655856
1655857
1655859
1655942
1656313
1656315
1656316
1656631
1840630
1840631
1846300
1846301
1846310
1846311
1846312
1846313
1846314
1846315
1846316
1846317
1846318
1846319
1846455
1846456
1846457
1846458
1846459
1570631
1572500
1572501
1572560
1572561
1572630
1572631
1576310
1576311
1576312
1576313
1576314
1576315
1576316
1576317
1576318
1576319
1320630
1320631
1321090
1322082
1322083
1322084
1322090
1325564
1325565
1325566
1325567
1325630
1325631
1325680
1325681
1327630
1327631
1328780
1328781
1328782
1328783
1328784
1328785
1328786
1328787
1329017
1329630
1329631
1910630
1910631
1916310
1916311
1700545
1700631
1700632
1701135
1701136
1701137
1701138
1701139
1702127
1702128
1702129
1702170
1702171
1702172
1702173
1702174
1370631
1370649
1372192
1372193
1375460
1375461
1375462
1375463
1375464
1379270
1379271
1379272
1379273
1379274
1379275
1379276
1379277
1379278
1379279
1379335
1379336
1379337
1379338
1379339
1470631
1476310
1476311
1476312
1476313
1476314
1476315
1476316
1750630
1750631
1752870
1752871
1752872
1752873
1752874
1752875
1752876
1752877
1752878
1752879
1754570
1754571
1754572
1754573
1755428
1755429
1755450
1755451
1755452
1755453
1755454
1755455
1755456
1755457
1755458
1755459
1756020
1756150
1756151
1756152
1756153
1756154
1756155
1756156
1756157
1756158
1756159
1756260
1756261
1756262
1756263
1756264
1756265
1756266
1756267
1756268
1756269
1756303
1756304
1756305
1756310
1756311
1756312
1756313
1756314
1756315
1756316
1756317
1756318
1756319
1756762
1756763
1756764
1756765
1756766
1756767
1756885
1756886
1756887
1756888
1758803
1758804
1880630
1880631
1881630
1881631
1886305
1886306
1886310
1886311
1886312
1886313
1886314
1886315
1886316
1886317
1886318
1886319
1886630
1886631
1520631
1520641
1521630
1521631
1524400
1524401
1526310
1526311
1526312
1526313
1526314
1526315
1526316
1526317
1526318
1526319
1526441
1526610
1526611
1526612
1526613
1526614
1526615
1526631
1526641
1526698
1810630
1810631
1816200
1816201
1820631
1826310
1826311
1826312
1826313
1826314
1826315
1826316
1826317
1826318
1826319
1826630
1826631
1510631
1515400
1515401
1515402
1515403
1515404
1516310
1516311
1516312
1516313
1516314
1516315
1516316
1516317
1516318
1516319
1516611
1516612
1516613
1516614
1516615
1516616
1516631
1519280
1519431
1760624
1760625
1760626
1760627
1760630
1760631
1761542
1761630
1761631
1765863
1765865
1765867
1765869
1765875
1765876
1765879
1765883
1765884
1766051
1766052
1766079
1766199
1766200
1766201
1766202
1766270
1766271
1766272
1766273
1766274
1766275
1766276
1766277
1766278
1766279
1766311
1766313
1766314
1766316
1766317
1766318
1766319
1766700
1766701
1766702
1766703
1766704
1766705
1766706
1766707
1766708
1766709
1766933
1766934
1766935
1766936
1766937
1768490
1768491
1768492
1768493
1768494
1768495
1768496
1768497
1768498
1768499
1768630
1768631
1769443
1769444
1769445
1580630
1580631
1585464
1585465
1586310
1586630
1586631
1589897
1340630
1340631
1340649
1340670
1340671
1340672
1340673
1340674
1340675
1340676
1345583
1345584
1345585
1345586
1345587
1346510
1346511
1346512
1346513
1346514
1346520
1346521
1346522
1346523
1346524
1347510
1347511
1347512
1347513
1347514
1730630
1730631
1735331
1735462
1315330
1315331
1315340
1315357
1315608
1315609
1315630
1315631
1317330
1317331
1317340
1317624
1317630
1317631
1317680
1317681
1318110
1318111
1318112
1318113
1318114
1318187
1318188
1318189
1318418
1318419
1870631
1876310
1876311
1876312
1876313
1876314
1876315
1876316
1876317
1876318
1876319
1876630
1876631
1876910
1876911
1876912
1876913
1876914
1876915
1876916
1876917
1876918
1876919
1660631
1660640
1660641
1665206
1665207
1665208
1665209
1665427
1665428
1665429
1667880
1667881
1667882
1667883
1667884
1667885
1667886
1667887
1667888
1667889
1380630
1380631
1386300
1386301
1386302
1386303
1386304
1386305
1386306
1386307
1386308
1386309
1386310
1386311
1386312
1386313
1386314
1386315
1386316
1386317
1386318
1386319
1386900
1386901
1386902
1386903
1386904
1386905
1386906
1386907
1386908
1386909
1388479
1388480
1530630
1530631
1531403
1531404
1531405
1531406
1531824
1531825
1531826
1531827
1531828
1531829
1533630
1533631
1534547
1800630
1800631
1806310
1806311
1806312
1806314
1890630
1890631
1895385
1896310
1896311
1896312
1896313
1896314
1896315
1896316
1896317
1896318
1896319
1953079
1360631
1360649
1361630
1361631
1362630
1362631
1364630
1364631
1365630
1365631
1366630
1366631
1367631
1368631
1369631
1330630
1330631
1332624
1332630
1332631
1333624
1333630
1333631
1334624
1334630
1334631
1335630
1335631
1335680
1335681
1336114
1336115
1336116
1336117
1336118
1336119
1337090
1337114
1337115
1337116
1337117
1337118
1337119
1337630
1337631
1338630
1338631
1339624
1339630
1339631
1850630
1850631
1855426
1855427
1855428
1855429
1855450
1855641
1856125
1856126
1856127
1856128
1856129
1856310
1856311
1856312
1856313
1856314
1856315
1856316
1856317
1856318
1856319
1859600
1859601
1859602
1859604
1859605
1780630
1780631
1785222
1785262
1785263
1786007
1786008
1786009
1786097
1786106
1786107
1786108
1786109
1786270
1786271
1786272
1786300
1786301
1786302
1786303
1786304
1786305
1786306
1786307
1786308
1786309
1786310
1786311
1786312
1786313
1786314
1786315
1786316
1786317
1786318
1786319
1786468
1786469
1789631
1560630
1560631
1561075
1561076
1561079
1561501
1561511
1561581
1563430
1563431
1563433
1563440
1563441
1566230
1566231
1566232
1566233
1566234
1566235
1566236
1566237
1566238
1566239
1566609
1566611
1566626
1566630
1566631
1566660
1568450
1568451
1568452
1568453
1568454
1568455
1568456
1568457
1568458
1568459
1568866
1568867
1568868
1568869
1568870
1568871
1568872
1568873
1568874
1568949
1569820
1569821
1990630
1990631
1996316
1996317
1996318
1996319
1671631
1672540
1672541
1672542
1672631
1673631
1673879
1673880
1673881
1673882
1675631
1390630
1390631
1396310
1396311
1396312
1396313
1396314
1396315
1396316
1396317
1396318
1396319
1550631
1555063
1555064
1555065
1555066
1555067
1555068
1555069
1555386
1555387
1555388
1556210
1556211
1556212
1556213
1556214
1556215
1556216
1556310
1556457
1556458
1556459
1558830
1558831
1558832
1558833
1558834
1558835
1558836
1558837
1558838
1558839
1558840
1558841
1558842
1558843
1558844
1860630
1860631
1860641
1861516
1865354
1866031
1866032
1866033
1866034
1866035
1866036
1866037
1866038
1866310
1866311
1866312
1866313
1866314
1866315
1866316
1866317
1866318
1866319
1866933
1866934
1866935
1866936
1866937
1866938
1866939
1300163
1300164
1300165
1301273
1301357
1301358
1302163
1302164
1302165
1303456
1303457
1303458
1303459
1304643
1304644
1304645
1306110
1306111
1306112
1306113
1306114
1306115
1306116
1306117
1306118
1306119
1308149
1308267
1308268
1452507
1452508
1452509
1453533
1454355
1454366
1454761
1454776
1457015
1457016
1457346
1457347
1457760
1457761
1458599
1458690
1458691
1458692
1458693
1458694
1458695
1459716
1459717
1350630
1350631
1350891
1351631
1356180
1356181
1356182
1356183
1356184
1356185
1356186
1356187
1356188
1356189
1356210
1356211
1356212
1356213
1356214
1356215
1356216
1356217
1356218
1356219
1356310
1356311
1356312
1356313
1356314
1356315
1356316
1356317
1356318
1356319
1357370
1357371
1357372
1357373
1357374
1770630
1770631
1776310
1776311
1776312
1776313
1776314
1776315
1776316
1590630
1590631
1594984
1595386
1595387
1595388
1595389
1595403
1595404
1595405
1595406
1596559
1596678
1596679
1622520
1622524
1830630
1830631
1836310
1836311
1836312
1836313
1836314
1836315
1836316
1836317
1836318
1836319
1836916
1836917
1836918
1836919
1838910
1838911
1838912
1838913
1838914
1838915
1838916
1838917
1838918
1838919
1500631
1506310
1506311
1506312
1506313
1506314
1506315
1506316
1506317
1506318
1506319
1506510
1506511
1506512
1506513
1506514
1506515
1506516
1506517
1506518
1506519
1506550
1506551
1506630
1506631
1506940
1506941
1506942
1506943
1506944
1506945
1509259
1509490
1509491
1509492
1509810
1509811
1509812
1509813
1509814
1509815
1509816
