1770915
1771969
1772915
1772923
1772924
1772925
1772952
1773464
1774247
1776472
1776473
1776474
1777290
1777291
1777292
1777293
1777294
1777295
1777296
1777297
1777298
1777299
1778923
1778924
1779117
1779405
1590915
1590917
1592900
1592909
1592915
1592945
1592951
1592952
1592953
1592954
1592958
1599105
1599114
1599115
1599118
1599119
1599131
1599132
1599133
1599144
1599148
1599195
1452695
1453673
1454475
1459469
1459470
1459471
1459573
1459574
1350915
1357142
1357143
1357144
1357145
1357146
1830915
1832945
1832950
1832951
1832952
1832953
1832954
1832955
1832986
1839150
1839151
1839152
1839153
1839154
1839155
1839156
1839157
1500915
1502934
1502945
1502959
1502970
1502978
1502985
1509145
1509151
1509155
1550915
1550925
1550926
1550927
1550928
1550929
1552915
1559149
1559150
1559151
1559152
1559153
1559154
1559155
1559156
1559157
1559158
1559159
1559426
1559427
1559428
1559429
1559450
1559451
1559452
1559453
1559454
1559455
1559456
1559457
1559612
1559613
1860915
1862854
1869049
1869050
1869051
1869055
1869056
1869150
1869151
1869153
1869154
1869156
1869158
1869159
1869448
1671915
1672915
1673915
1390915
1399151
1399152
1399153
1399155
1399250
1399251
1399252
1399253
1399254
1399255
1399256
1399257
1399258
1399259
1303890
1303891
1303892
1308480
1308481
1309800
1309801
1309802
1309803
1330915
1331095
1331915
1332463
1332464
1332465
1332535
1334749
1335915
1337915
1337935
1337941
1337945
1337959
1338915
1339915
1339925
1713915
1715915
1716915
1717901
1717915
1990915
1991610
1991611
1991612
1991613
1994535
1994536
1994556
1994557
1994558
1999150
1999151
1999152
1999153
1999154
1999155
1780295
1780685
1780915
1780925
1782905
1782915
1782925
1782935
1782945
1782955
1782965
1782995
1784765
1784775
1786735
1786825
1786835
1786845
1786865
1786875
1786885
1789915
1850915
1859000
1859092
1859093
1859094
1859095
1859096
1859150
1859242
1560915
1561915
1561996
1561997
1566785
1566786
1566787
1566788
1566789
1569155
1569156
1569157
1569158
1569159
1530915
1531969
1531980
1531981
1531982
1531983
1531984
1531985
1531986
1531987
1533264
1533265
1533266
1533267
1533268
1533269
1533626
1533627
1533628
1533629
1534915
1535325
1535326
1535327
1535345
1535392
1535393
1538455
1538465
1538915
1538950
1538951
1539415
1539915
1539936
1539937
1800915
1804915
1809150
1809151
1809152
1809153
1809154
1809155
1809156
1809157
1959125
1361915
1362915
1362925
1364915
1365915
1366915
1367915
1368915
1890915
1899151
1899152
1899153
1899155
1899250
1899251
1899252
1899253
1899254
1899255
1899256
1899257
1899258
1899259
1310926
1310927
1310928
1310929
1314915
1315403
1315404
1315405
1315493
1316576
1318627
1318628
1318629
1730915
1731953
1731954
1731955
1734928
1734939
1734944
1734945
1734946
1734947
1738252
1738253
1739240
1739241
1660915
1389150
1389151
1389152
1389153
1389154
1389155
1389156
1389157
1389158
1389159
1870050
1870051
1870052
1870053
1870054
1870055
1870915
1871065
1871745
1871755
1871756
1871757
1872915
1872945
1872985
1872995
1874055
1874065
1874075
1879145
1879155
1879156
1879157
1879158
1820915
1822045
1824085
1829150
1829151
1829152
1829153
1829154
1829155
1829156
1829157
1829158
1829250
1829251
1829252
1829253
1829254
1829255
1510915
1511495
1512915
1512935
1512947
1512964
1512968
1512970
1512996
1519150
1519151
1519152
1519153
1519154
1519155
1519156
1340915
1342975
1344690
1347420
1348469
1348820
1760915
1760925
1760928
1769125
1769138
1580915
1582945
1582985
1587735
1587749
1587763
1589145
1589155
1880915
1882915
1882945
1882965
1882975
1884035
1889145
1889155
1889168
1889169
1889179
1889184
1889185
1750915
1370025
1370915
1377222
1377223
1377224
1377296
1377297
1377298
1470915
1472785
1472795
1472915
1472984
1472985
1472993
1472995
1479150
1479151
1479152
1479153
1479154
1479155
1520915
1522915
1522945
1522955
1522965
1522974
1522986
1522999
1524915
1528925
1529150
1529151
1529152
1529153
1529154
1529155
1810915
1814685
1816175
1816505
1819159
1840915
1840925
1842905
1842915
1842925
1570915
1570925
1571045
1571915
1576099
1576915
1576925
1577165
1577185
1650915
1651915
1655707
1655915
1655918
1656915
1980915
1981526
1982905
1982915
1982945
1988895
1989085
1989095
1989150
1989151
1989152
1989153
1989154
1989155
1989156
1989157
1989484
1989485
1989486
1989487
1989875
1320915
1323915
1325915
1325939
1328915
1329915
1910915
1919110
1919111
1919112
1919113
1919114
1919115
1919116
1919117
1919118
1919119
1919140
1919141
1919142
1919143
1919144
1919150
1919151
1919152
1919153
1919154
