1528150
1528151
1528152
1528153
1528154
1528370
1528371
1528372
1811132
1811175
1816137
1816149
1818037
1819025
1819026
1880837
1882880
1882881
1888290
1888291
1888292
1888293
1888294
1750837
1478124
1478125
1478126
1377847
1377869
1379579
1320814
1321984
1910837
1911391
1911392
1911393
1911394
1913045
1913046
1913047
1918370
1918371
1918372
1840837
1840838
1570837
1572977
1575698
1575699
1651837
1980837
1981300
1988100
1988101
1988102
1660837
1388248
1388249
1872820
1872821
1872822
1872823
1872824
1878370
1878371
1878372
1878373
1878374
1878375
1878376
1878377
1878378
1878379
1878435
1878436
1310837
1311180
1315440
1315841
1731100
1731101
1733680
1733681
1733682
1733683
1733684
1733890
1733891
1733892
1733893
1734004
1734005
1734551
1734552
1734553
1734554
1734816
1736697
1736698
1738130
1738131
1340837
1343879
1344017
1760837
1768307
1580837
1588407
1588408
1588409
1822770
1822771
1822772
1828370
1828371
1828372
1828373
1828374
1828375
1828376
1828377
1828378
1828379
1510816
1510817
1518370
1518371
1518372
1519620
1519621
1990904
1991557
1991558
1991559
1993094
1993096
1993412
1993413
1993879
1998160
1998161
1780810
1780837
1782850
1784450
1850837
1858279
1858342
1560904
1568257
1569298
1330904
1332067
1335044
1361814
1367837
1368439
1369817
1890904
1894282
1899040
1899041
1899042
1899043
1899044
1530904
1535143
1537837
1538767
1538768
1538845
1539010
1801126
1801576
1801577
1804800
1809022
1809023
1809024
1809043
1809070
1809071
1809639
1838370
1838371
1838372
1838373
1838374
1838375
1838376
1838377
1838378
1838379
1839828
1839829
1508250
1508251
1621837
1622808
1771126
1771379
1774500
1776060
1776149
1776673
1777854
1778037
1778107
1778130
1779057
1598370
1598371
1598372
1598470
1598471
1598472
1351843
1354099
1354156
1354157
1354773
1354838
1354839
1355148
1355165
1355177
1355857
1355858
1355859
1356878
1356879
1452837
1453825
1453826
1453827
1453828
1453829
1454879
1726876
1305646
1305647
1308653
1558305
1558306
1558307
1558308
1558309
1860837
1868370
1868373
1868374
1390090
1390904
1399040
1399041
1399042
1399043
1399044
