1810464
1814540
1814541
1818276
1520464
1521464
1521465
1524640
1524641
1750464
1754640
1880464
1881464
1884640
1370457
1470464
1474567
1478464
1479464
1910367
1910464
1320464
1321464
1325164
1325859
1326356
1327464
1328464
1328492
1570464
1571464
1573464
1575464
1576464
1577464
1840384
1840462
1840463
1840464
1840465
1980464
1981561
1984522
1984557
1984627
1988982
1650160
1650407
1650464
1650787
1650994
1651235
1651464
1651573
1652384
1652464
1653464
1653659
1653683
1656464
1656640
1657464
1380487
1384640
1384641
1384642
1384643
1384644
1384645
1384646
1384647
1384648
1384649
1660464
1664640
1664641
1664642
1664643
1870464
1871464
1872464
1874640
1874641
1874649
1310464
1311464
1313679
1314464
1314964
1315996
1319923
1319924
1734563
1739066
1580464
1580465
1584539
1584549
1584619
1584640
1584641
1760464
1761464
1764564
1514562
1514563
1514564
1514565
1514566
1514569
1514648
1514649
1518460
1518461
1820464
1824646
1824649
1824939
1990367
1990464
1994595
1560464
1563658
1563659
1564557
1564558
1564559
1567270
1569964
1850463
1850464
1854570
1854571
1854670
1784533
1784578
1788416
1788424
1330467
1331464
1332932
1333932
1334932
1335114
1335124
1335126
1335979
1338464
1360457
1361467
1362464
1366464
1890464
1894464
1894547
1894549
1894557
1894558
1894559
1800464
1804572
1804578
1530467
1532651
1534464
1504525
1504640
1504641
1504685
1830460
1830464
1830465
1830466
1834577
1622744
1590464
1594640
1594641
1594642
1594643
1594644
1770363
1771335
1774533
1452464
1453464
1453465
1453466
1453467
1454311
1454312
1454313
1454314
1454962
1454963
1350488
1300996
1301979
1302979
1303979
1304537
1304538
1305435
1306984
1306985
1308953
1308954
1308955
1860464
1864640
1864641
1864642
1864643
1864644
1864645
1864646
1864647
1864648
1864649
1550464
1554536
1556198
1558198
1390367
1394557
1394558
1394559
1394650
1394651
1394652
1394653
1394654
1394655
1394656
1394657
1394658
1394659
1671464
1672112
1672121
1672464
1673464
1674387
1674388
1674464
1674494
1674499
