1890814
1898034
1898035
1898230
1898231
1898232
1898233
1898234
1898235
1898236
1898237
1898238
1898239
1361816
1362816
1364816
1367820
1368425
1368426
1368427
1368428
1368429
1369820
1369821
1800829
1801100
1804843
1806491
1808077
1808078
1808079
1808170
1808171
1808172
1808173
1808174
1808694
1808957
1808958
1808959
1809040
1809041
1809630
1530814
1532814
1532898
1532899
1537836
1538769
1538849
1539031
1560814
1567690
1567691
1568034
1568035
1568127
1568128
1568129
1569408
1850812
1858200
1858389
1858427
1858428
1780819
1782894
1782895
1786602
1788283
1788284
1990802
1995090
1998034
1998035
1998230
1998231
1998232
1998233
1998234
1998235
1998236
1998237
1998238
1998239
1330814
1332071
1332072
1333071
1333072
1334071
1334072
1335054
1335055
1337839
1338831
1339846
1300281
1301811
1303770
1303771
1303772
1303773
1306013
1308439
1308836
1309281
1309455
1309456
1309603
1309609
1309624
1930814
1726098
1726874
1390814
1398034
1398035
1398230
1398231
1398232
1398233
1398234
1398235
1398236
1398237
1398238
1398239
1860812
1868120
1868121
1868123
1868128
1558353
1558355
1508236
1508237
1508238
1508239
1838120
1838121
1838122
1838123
1838124
1838125
1838126
1838127
1838128
1838129
1839834
1839835
1350822
1350823
1351841
1354050
1354051
1354760
1354761
1354762
1354763
1354764
1354820
1354821
1355090
1355091
1355092
1355093
1355094
1355095
1355174
1355175
1355898
1356864
1452812
1454579
1459245
1459246
1459247
1459248
1459249
1598355
1598356
1598357
1598358
1598359
1598455
1598456
1598457
1598458
1598459
1771352
1772346
1773882
1774812
1776061
1776091
1776138
1776146
1776491
1777836
1777865
1778012
1778162
1778163
1778177
1779038
1779047
1910812
1910814
1915090
1915091
1915092
1915898
1918034
1918035
1918230
1918231
1918232
1918233
1918234
1918235
1918236
1918237
1918238
1918239
1320820
1321979
1321980
1321981
1980812
1981298
1982739
1984862
1988124
1988125
1988126
1988127
1988128
1650812
1570812
1572982
1572983
1575694
1575695
1840812
1840813
1811153
1811386
1811387
1811651
1811652
1811653
1811654
1814819
1816010
1818011
1818012
1818846
1522857
1522858
1522859
1528120
1528121
1528122
1528123
1528124
1478127
1478128
1478129
1750812
1880814
1880819
1882882
1882883
1882884
1888120
1888121
1888122
1888123
1888124
1580810
1580811
1580812
1588125
1588126
1588127
1588128
1588129
1589256
1589257
1589258
1760812
1768312
1971995
1340812
1340829
1341932
1341933
1343852
1343853
1344002
1345810
1345811
1345812
1518125
1518126
1518127
1518128
1518129
1518270
1518271
1518272
1518273
1518274
1519650
1519651
1822777
1822778
1822779
1828120
1828121
1828122
1828123
1828124
1828125
1828126
1828127
1828128
1828129
1828215
1828216
1828217
1828218
1828219
1878230
1878231
1878232
1878233
1878234
1878235
1878236
1878237
1878238
1878239
1878437
1878438
1380081
1380814
1388230
1388231
1388232
1388233
1388234
1388235
1388236
1388237
1388238
1388239
1660812
1662812
1730812
1730814
1732180
1732181
1732182
1732183
1732184
1734539
1734540
1737492
1737883
1738078
1738079
1739037
1739038
1739962
1310812
1311830
1311831
1315490
1315491
1315856
1315879
1318349
1318370
1318371
1319494
1319838
1319839
1319848
1319860
1319861
