1520804
1528904
1528914
1810894
1814147
1814324
1818494
1818497
1818994
1750984
1758904
1888904
1889809
1471894
1472894
1478904
1322894
1329894
1910894
1840894
1848914
1848924
1570804
1572674
1572894
1981434
1988910
1988924
1989954
1668904
1388904
1870804
1879894
1730894
1735454
1738994
1739714
1768904
1768914
1768954
1588904
1820804
1828904
1828914
1990894
1990898
1998924
1998934
1998944
1858914
1858918
1780894
1786764
1788904
1788928
1788938
1788964
1789144
1789904
1560894
1569264
1330894
1332254
1339804
1361894
1362894
1363894
1364894
1365894
1365959
1890894
1898904
1898994
1534894
1800894
1807694
1808904
1808994
1830804
1838904
1770894
1771194
1774074
1775844
1778904
1778908
1778994
1452394
1454264
1459434
1459534
1351894
1354904
1868904
1868914
1390894
1398904
1398994
