1622740
1622741
1623375
1500457
1500458
1500459
1504587
1504588
1504589
1504590
1504591
1504592
1504593
1504594
1504595
1504596
1504597
1504598
1504599
1504688
1504689
1830459
1832459
1834540
1834541
1834542
1834543
1834544
1834550
1834551
1834552
1834553
1834554
1834555
1834556
1834557
1834558
1834559
1834590
1834591
1834592
1834593
1834594
1834595
1834596
1834597
1834598
1834599
1834660
1834661
1834662
1834663
1834664
1834665
1834666
1834667
1834668
1834669
1450640
1450641
1450642
1450643
1450644
1452459
1452470
1452471
1452472
1454308
1454309
1350459
1350465
1350466
1350467
1350489
1355549
1355550
1355551
1355552
1355553
1355554
1355555
1355556
1355557
1590459
1594590
1594591
1594592
1770365
1770450
1770459
1771339
1774525
1774526
1774529
1774535
1774553
1774554
1774555
1774556
1774557
1774558
1774559
1775884
1300981
1300982
1300983
1300990
1301907
1301908
1301977
1302981
1302982
1302983
1302990
1303980
1303981
1303982
1303983
1303984
1303985
1303986
1303987
1303988
1304539
1304549
1305420
1305421
1305422
1305423
1305904
1305905
1305906
1305907
1305908
1305909
1306960
1306961
1306962
1306964
1306965
1306966
1306967
1306969
1306974
1308900
1308901
1308902
1308903
1308904
1308905
1308906
1308907
1308908
1309140
1309141
1309142
1309166
1309167
1309168
1309169
1390369
1390459
1390469
1390486
1390489
1393670
1393671
1393672
1393673
1393674
1393675
1393676
1393677
1393678
1393679
1393680
1393681
1393682
1393683
1393684
1393685
1393686
1393687
1393688
1393689
1393690
1393691
1393692
1393693
1393694
1393695
1393696
1393697
1393698
1393699
1394560
1394561
1394562
1394590
1394591
1394592
1394593
1394594
1394595
1394596
1394597
1394598
1394599
1394690
1394691
1394692
1394693
1394694
1394695
1394696
1394697
1394698
1394699
1671459
1672036
1672037
1672038
1672039
1672050
1672051
1672052
1672053
1672055
1672056
1672057
1672058
1672059
1672060
1672061
1672062
1672063
1672065
1672066
1672067
1672068
1672069
1672070
1672071
1672072
1672073
1672075
1672076
1672077
1672078
1672079
1672080
1672081
1672125
1672129
1672130
1672133
1672138
1672139
1672459
1673459
1674403
1674404
1674405
1674406
1674407
1674408
1674409
1674440
1674441
1674442
1674443
1674444
1674445
1674446
1674447
1674448
1674449
1674450
1674459
1674460
1674461
1674462
1674463
1674465
1674466
1674470
1674471
1860367
1860369
1860459
1864402
1864523
1864524
1864529
1864590
1864591
1864592
1864593
1864594
1864595
1864596
1864597
1864598
1864599
1864665
1864666
1864667
1864668
1864669
1550459
1554509
1560369
1560459
1560486
1560489
1563697
1563698
1563699
1564560
1564561
1564562
1564590
1564591
1564592
1564593
1564594
1564595
1564596
1564597
1564598
1564599
1567285
1567293
1567298
1569459
1569965
1780459
1784509
1784535
1784536
1784537
1784538
1784539
1784587
1784588
1784589
1788418
1788419
1788429
1788709
1789179
1789709
1850459
1854505
1854506
1854507
1854534
1854572
1854573
1854574
1854575
1854576
1854577
1854578
1854579
1854590
1854591
1854592
1854593
1854594
1854595
1854596
1854597
1854598
1854599
1854658
1854664
1854665
1854666
1854667
1854668
1854669
1854693
1854695
1854696
1854697
1854698
1854699
1990369
1990459
1990486
1990488
1990489
1994590
1994591
1994598
1994599
1996976
1996977
1997579
1710715
1710728
1712439
1712440
1712441
1712442
1712443
1712444
1712445
1712446
1712447
1712448
1712449
1712450
1712452
1712453
1712454
1712455
1712456
1712457
1712458
1712459
1712460
1712461
1712462
1712463
1712464
1713459
1715171
1715172
1715173
1715175
1715176
1715177
1715178
1715179
1715180
1715181
1715459
1716459
1717174
1717184
1717450
1717452
1717453
1717455
1717456
1717457
1717459
1718170
1718172
1718173
1718175
1718459
1719455
1719456
1719457
1719458
1719459
1330369
1330459
1330469
1330486
1330489
1331459
1332939
1332947
1332949
1332950
1332959
1333939
1333947
1333949
1333950
1333959
1334939
1334947
1334949
1334950
1334959
1335109
1335118
1335119
1335129
1335139
1335149
1335169
1335174
1335175
1335179
1335184
1335185
1335189
1335199
1335259
1335459
1335950
1335959
1335960
1335961
1335980
1335981
1335982
1335983
1338459
1339459
1339463
1339464
1339465
1339466
1890367
1890369
1890459
1890486
1890489
1894457
1894458
1894459
1894525
1894526
1894527
1894529
1894560
1894561
1894562
1894590
1894591
1894592
1894593
1894594
1894595
1894596
1894597
1894598
1894599
1360459
1360464
1360465
1360466
1360467
1360489
1361459
1361464
1361465
1361466
1362459
1362466
1363457
1363459
1363466
1363489
1364459
1364469
1366459
1366466
1367459
1368459
1369459
1369460
1953597
1800369
1800459
1804553
1804570
1804583
1804584
1804590
1804591
1804592
1804593
1804594
1804595
1804596
1804597
1804598
1804599
1808871
1808879
1530369
1530459
1530469
1530486
1530489
1532659
1532667
1533190
1533199
1534459
1870459
1874590
1874591
1874592
1874593
1874594
1874595
1874596
1874597
1874598
1874599
1874660
1874661
1874662
1874663
1874664
1874665
1874666
1874667
1874668
1380464
1380465
1380466
1380467
1380468
1380469
1383670
1383671
1383672
1383673
1383674
1383675
1383676
1383677
1383678
1383679
1383680
1383681
1383682
1383683
1383684
1383685
1383686
1383687
1383688
1383689
1383690
1383691
1383692
1383693
1383694
1383695
1383696
1383697
1383698
1383699
1384590
1384591
1384592
1384593
1384594
1384595
1384596
1384597
1384598
1384599
1660459
1660460
1664539
1664540
1664541
1664542
1664546
1664547
1664548
1664549
1664565
1664566
1664567
1664568
1664569
1664590
1664591
1664592
1664597
1664598
1664599
1664679
1730367
1730369
1730459
1734566
1738279
1738283
1738289
1739063
1310089
1310159
1310164
1310409
1310459
1311459
1311539
1311542
1311543
1311544
1311549
1311559
1311567
1312459
1312594
1312599
1313459
1313680
1313681
1313682
1313683
1313684
1313685
1314459
1314465
1314959
1314965
1315459
1315981
1315982
1315983
1315994
1315999
1316352
1316353
1316354
1316355
1319459
1319904
1319905
1319906
1319907
1319908
1319909
1319940
1319941
1580459
1584529
1584580
1584581
1584582
1584583
1584584
1584585
1584586
1584587
1584588
1584589
1584590
1584591
1584592
1584593
1584594
1584595
1584596
1584597
1584598
1584599
1584616
1584617
1584618
1584689
1584690
1584691
1584692
1584693
1584694
1584695
1584696
1760459
1760465
1761459
1764546
1764547
1764548
1764549
1764585
1764586
1764587
1764588
1764589
1764591
1764592
1764593
1764594
1764595
1764596
1764599
1767860
1767861
1767862
1767863
1767864
1767865
1767866
1767867
1767868
1767869
1514592
1514593
1514594
1514595
1514596
1514597
1514598
1514599
1514634
1514635
1514636
1514637
1516452
1516453
1516454
1516455
1516456
1516457
1516458
1516459
1820457
1820459
1824569
1824570
1824571
1824572
1824573
1824574
1824575
1824576
1824577
1824578
1824579
1824580
1824588
1824590
1824591
1824592
1824593
1824594
1824595
1824596
1824597
1824598
1824599
1824667
1824678
1824679
1824683
1824684
1824691
1824692
1824693
1824694
1824695
1824955
1824956
1824957
1824958
1824960
1824961
1824962
1824963
1824964
1824965
1824966
1824967
1824968
1824969
1824984
1810459
1810463
1810465
1810466
1814592
1814593
1814594
1814595
1814596
1814597
1814598
1814599
1818273
1818289
1520459
1521459
1521460
1521461
1524590
1524591
1524592
1524593
1524594
1524595
1524596
1524597
1524598
1524599
1524600
1524601
1524602
1524603
1524604
1524605
1524606
1524607
1524608
1524609
1524610
1524611
1524612
1524613
1524614
1524615
1524616
1524617
1524618
1524619
1370459
1370465
1370466
1370467
1370489
1373455
1373456
1373457
1373458
1373459
1374590
1374591
1374592
1374593
1374594
1374595
1374596
1374597
1374598
1374599
1376650
1376677
1376678
1376679
1379659
1379698
1379699
1470459
1474598
1474599
1478459
1479459
1880459
1881459
1881461
1881476
1881479
1884590
1884591
1884592
1884593
1884594
1884595
1884596
1884597
1884598
1884599
1884628
1884629
1884648
1884649
1884660
1884661
1884662
1884663
1884664
1884665
1884666
1884667
1884668
1884669
1750459
1754528
1754529
1754590
1754591
1754592
1754593
1754594
1754595
1754596
1754597
1754598
1754599
1754600
1754601
1754602
1754603
1754604
1754605
1754606
1754607
1754608
1754609
1754610
1754611
1754612
1754613
1754614
1754615
1754616
1754617
1754618
1754619
1754620
1754621
1754622
1754623
1754624
1754625
1754626
1754627
1754628
1754629
1754630
1754631
1754632
1754633
1754634
1754635
1754636
1754637
1754690
1754691
1754692
1754693
1754694
1754695
1754696
1754697
1754698
1754699
1910369
1910459
1910463
1320459
1320680
1320681
1320682
1320683
1320684
1320685
1320844
1320845
1320846
1320847
1320848
1321289
1321459
1322457
1322458
1322459
1323459
1323490
1323491
1323492
1324459
1324469
1325159
1325166
1325863
1325864
1325865
1326358
1326359
1326364
1326365
1327459
1327465
1328409
1328459
1328466
1328490
1329877
1700459
1701460
1701461
1701462
1701463
1701464
1702440
1702441
1702442
1702443
1702940
1702941
1703676
1703677
1703678
1703679
1703680
1704459
1704460
1704461
1704462
1704463
1704464
1704465
1704466
1704467
1704468
1704469
1704470
1704471
1704472
1704473
1704474
1704475
1704476
1704477
1704478
1704479
1704480
1704481
1704482
1704483
1704484
1704485
1704486
1704487
1704488
1705576
1705745
1705866
1706738
1706739
1706740
1706741
1706742
1708452
1708453
1708454
1708455
1708456
1708457
1708458
1708459
1650192
1650459
1650644
1650740
1650749
1651443
1651459
1651702
1651945
1652097
1653459
1655459
1656459
1656940
1657061
1657062
1657063
1657064
1980459
1980465
1981552
1984527
1984529
1984531
1984532
1984590
1984591
1984592
1984593
1984594
1984595
1984596
1984597
1984637
1984648
1984649
1988996
1570459
1571459
1571461
1573459
1573465
1573466
1575459
1576459
1576465
1576466
1576580
1576581
1576582
1576583
1576584
1576585
1576586
1576587
1576588
1576589
1576590
1576595
1576596
1576597
1576598
1577459
1577610
1577611
1577612
1577613
1577614
1577615
1577616
1577617
1577618
1577619
1577650
1577651
1577652
1577653
1577654
1577655
1577656
1577657
1577658
1577659
1840383
