1364996
1367998
1367999
1893580
1893596
1899948
1899949
1899974
1899975
1534994
1535254
1535259
1538998
1808281
1809493
1809901
1809930
1809931
1809932
1809971
1999029
1999913
1999914
1999915
1784841
1788126
1788161
1850901
1859051
1859931
1568480
1569901
1331901
1331975
1334530
1336483
1336901
1339901
1339973
1304058
1307030
1307031
1309514
1550901
1860901
1869010
1869011
1869012
1869929
1869935
1399948
1399949
1399974
1399975
1830901
1839980
1839981
1502280
1509930
1779484
1779493
1779788
1779901
1590901
1598171
1450980
1450981
1450982
1450983
1450984
1452791
1454553
1356527
1356528
1356529
1356578
1357978
1357979
1320901
1910901
1840901
1844990
1844991
1570900
1570901
1571992
1572992
1573906
1981411
1989021
1520901
1527687
1527688
1527689
1527697
1527698
1527699
1529984
1529985
1529986
1810644
1810645
1812901
1813943
1816754
1816755
1819756
1819757
1819758
1819759
1819901
1819941
1880901
1889090
1889293
1889937
1889945
1889946
1889947
1889948
1889949
1750901
1759494
1759911
1377922
1470900
1470901
1344299
1760901
1769901
1580901
1820901
1510901
1516080
1669941
1669961
1380090
1380997
1389937
1389938
1389939
1870304
1870901
1874274
1874289
1879900
1879970
1879971
1879972
1311901
1313978
1313982
1315022
1319978
1739480
1739481
1739485
1739486
1739487
1739771
1739772
1739773
1739774
1739775
1739776
1739779
1739781
1739901
1739940
1739941
1739943
1739944
