1309973
1860973
1869783
1550071
1550072
1550973
1559733
1559756
1390973
1399743
1500973
1830973
1839703
1839717
1839718
1839719
1590973
1770973
1771608
1779472
1779703
1779732
1779733
1452863
1454603
1459543
1459553
1459653
1361973
1363973
1890973
1893553
1893563
1899743
1800973
1809573
1809703
1809713
1530973
1535293
1990973
1999743
1560973
1569533
1780973
1784833
1788783
1789973
1850973
1859703
1330973
1336973
1338973
1580973
1589703
1760973
1769703
1769769
1510973
1820973
1829723
1829728
1389703
1389713
1389753
1660973
1870973
1879723
1311973
1313913
1730973
1739453
1739703
1910973
1919713
1320973
1329973
1570972
1570973
1572233
1650973
1989717
1810973
1814637
1814638
1819470
1819742
1819743
1819744
1520973
1529703
1880973
1889723
1750973
1479703
1479757
1479758
