1580932
1580946
1580947
1582581
1582582
1760932
1769302
1769320
1769355
1769356
1769357
1769358
1769359
1769360
1769393
1510177
1510178
1510179
1510180
1510181
1510182
1510183
1510932
1519320
1519321
1519322
1519323
1519324
1519325
1519326
1519327
1519328
1519329
1519347
1519348
1820932
1820942
1821520
1821521
1821522
1821523
1821524
1821525
1821526
1821527
1821528
1821529
1821962
1821972
1821982
1821992
1829304
1829305
1829306
1829320
1829321
1829322
1829323
1829324
1829325
1829326
1829327
1829328
1829329
1829402
1870932
1871961
1871962
1871963
1871964
1871965
1871966
1871967
1871968
1871969
1874092
1874093
1879320
1879321
1879322
1879323
1879324
1879325
1879326
1879327
1879328
1879329
1879425
1879426
1879427
1879428
1879429
1380932
1383020
1383021
1383022
1383023
1383024
1383025
1383026
1383027
1383028
1383029
1660932
1660942
1669302
1669320
1669321
1669322
1669323
1669324
1669325
1669326
1669327
1669328
1669329
1730932
1732515
1732516
1732517
1732518
1732519
1734416
1735810
1735811
1735812
1738933
1738934
1739320
1739321
1739322
1739323
1739324
1739325
1739326
1739327
1739328
1739329
1739603
1310944
1311932
1313932
1313942
1314175
1314176
1314194
1315010
1315011
1319582
1910932
1911987
1919320
1919321
1919322
1919323
1919324
1919325
1919326
1919327
1919328
1320932
1323932
1323942
1329107
1650932
1656704
1656932
1980932
1981590
1989320
1989321
1989322
1989323
1989324
1989325
1989326
1989327
1989328
1989329
1989600
1989601
1989602
1989603
1570172
1570932
1571962
1576932
1576942
1840932
1840946
1841802
1841803
1841804
1841805
1841806
1841807
1841808
1841809
1841909
1841910
1841911
1841912
1841913
1841924
1841925
1841942
1841952
1841962
1841972
1841987
1841992
1841993
1841994
1841999
1810932
1811932
1813989
1813990
1813991
1814152
1814372
1815220
1815221
1815222
1815392
1818932
1819320
1819321
1819322
1819323
1819324
1819325
1819326
1819327
1819328
1819329
1819449
1819802
1520932
1521392
1521393
1521394
1521395
1521396
1521397
1521398
1521399
1529320
1529321
1529322
1529323
1529324
1529325
1529425
1529426
1529427
1529428
1529429
1373932
1470942
1471702
1471703
1471910
1471911
1471912
1471913
1471914
1471915
1471916
1471917
1479330
1479331
1479332
1479333
1479334
1479335
1479336
1479372
1479373
1880932
1889320
1889321
1889322
1889323
1889324
1889392
1889412
1889422
1889436
1889444
1750932
1759320
1759321
1759322
1759323
1759324
1759325
1759326
1759327
1759328
1759329
1759371
1759372
1759373
1759374
1759375
1302876
1303414
1304294
1307934
1307936
1939320
1939321
1939322
1939323
1939324
1939325
1939326
1939327
1939328
1939329
1390932
1391968
1391969
1391970
1391971
1391972
1399320
1399321
1399322
1399323
1399324
1399325
1399326
1399327
1399328
1399329
1860932
1869320
1869321
1869322
1869323
1869324
1869436
1550932
1556962
1556963
1556964
1556965
1556966
1559320
1559321
1559322
1559323
1559324
1559325
1559326
1559327
1559328
1500932
1502583
1502584
1502585
1502586
1502591
1502592
1509546
1509547
1509548
1509549
1509550
1830932
1830942
1839320
1839321
1839322
1839323
1839324
1839325
1839326
1839327
1839328
1839329
1839332
1839342
1839372
1839392
1839419
1839424
1839425
1839426
1839427
1839440
1839471
1839472
1839483
1839492
1452842
1453853
1453854
1453855
1351902
1351932
1770440
1770932
1771870
1771871
1771872
1774880
1774881
1774882
1774883
1774884
1775200
1775201
1775202
1775203
1775225
1775226
1775227
1778951
1778952
1779320
1779321
1779322
1779323
1779324
1779325
1779326
1779327
1779328
1779329
1890932
1891932
1899320
1899321
1899322
1899323
1899324
1899325
1899326
1899327
1899328
1362932
1364932
1367931
1367932
1800932
1803468
1808932
1809320
1809321
1809322
1809323
1809324
1809325
1809326
1809327
1809328
1809329
1530932
1533606
1533607
1533932
1533972
1534369
1534672
1534682
1534692
1534802
1534932
1534942
1535203
1535204
1535232
1537442
1537910
1537911
1537912
1537913
1537914
1537915
1537916
1537922
1539052
1539320
1539321
1539322
1539323
1539324
1560932
1560942
1568297
1568298
1569320
1569321
1569322
1569323
1569324
1569326
1569328
1569329
1780932
1780942
1783420
1783421
1783422
1783429
1783432
1784882
1786610
1788082
1789932
1850932
1850942
1859062
1990932
1994424
1994425
1995869
1996875
1996876
1996877
1996878
1996879
1999320
1999321
1999322
1999323
1999324
1999325
1999326
1999327
1999328
1999329
1999570
1999571
1999572
1999573
1999574
1999575
1999576
1999577
1999578
1999579
1330932
1332132
1336932
1338932
1338942
1339932
